14
7
1
2
14
18
3
8
19
17
14
7
13
17
10
12
10
6
9
4
-2
-5
0
6
5
-2
1
1
0
-1
1
4
1
-7
-11
-9
1
-8
-22
-19
-11
-8
-19
-24
-30
-26
-22
-20
-16
-18
-20
-14
-18
-29
-26
-18
-13
-11
-18
-13
-7
-10
-15
-11
-11
-15
-17
-10
-6
-9
-7
-11
-13
-14
-6
-13
-20
-17
-11
-6
-10
-13
-14
-10
-14
-21
-19
-15
-20
-23
-21
-22
-19
-19
-19
-21
-20
-14
-5
-8
-14
-7
-3
-5
-6
-4
3
4
1
1
3
10
6
1
3
7
10
13
11
7
12
15
15
12
13
11
8
10
13
12
10
5
5
5
8
9
6
9
13
13
13
15
11
10
15
9
10
14
14
14
15
19
19
18
18
13
13
23
26
27
27
29
34
31
31
30
34
28
21
23
24
25
24
23
20
21
14
19
18
13
10
14
9
7
6
4
-1
-9
-5
-4
-5
-11
-12
-16
-18
-12
-12
-12
-12
-17
-13
-11
-11
-10
-10
-9
-14
-14
-12
-12
-13
-12
-12
-12
-11
-16
-12
-11
-14
-11
-8
-11
-6
-15
-13
-14
-17
-12
-14
-13
-14
-19
-17
-20
-25
-27
-24
-22
-23
-23
-16
-16
-18
-15
-18
-16
-14
-14
-17
-13
-9
-7
-15
-12
-8
-10
-11
-9
-7
-7
-2
5
0
3
6
5
8
3
4
3
1
4
3
0
4
3
0
4
6
2
-2
3
9
2
2
1
2
3
1
0
-3
3
4
0
0
-5
-1
4
-7
-2
-2
1
1
-4
0
1
3
0
-2
2
0
5
8
4
5
8
3
2
4
8
9
6
13
14
20
23
21
18
21
20
15
13
21
20
22
21
20
17
13
20
20
16
12
19
20
17
17
11
19
12
18
16
11
13
12
17
14
13
4
2
8
5
0
1
1
2
-2
5
2
-1
4
6
3
-1
5
4
-1
-1
-4
-4
-1
1
2
-2
-6
-1
-5
-5
-4
-4
-7
-9
-6
-6
-9
-9
-6
-8
-10
-7
-8
-14
-12
-15
-22
-22
-24
-21
-21
-25
-21
-18
-20
-21
-22
-24
-18
-20
-15
-12
-11
-12
-16
-14
-12
-8
-14
-16
-12
-5
-3
-5
-6
-12
-6
3
-2
-9
-8
-6
-3
-8
-7
-10
-14
-10
-10
-13
-12
-6
-4
-7
-6
-7
-10
-6
-5
-1
-7
-8
-7
-4
-1
-9
-8
-3
-1
5
1
0
3
5
10
8
3
0
7
6
3
6
0
4
3
0
10
12
10
15
11
13
16
12
14
13
12
15
11
11
11
13
10
12
12
13
16
13
13
15
12
17
16
8
7
6
11
9
12
10
9
9
13
14
13
15
16
16
15
28
24
18
19
19
16
15
16
18
20
21
15
8
15
16
11
5
6
6
7
6
3
-2
-6
-4
-3
-3
-4
-4
-6
-9
-9
-7
-4
-7
-11
-8
-11
-6
-9
-8
-6
-9
-11
-10
-9
-4
-4
-4
-5
-4
-2
-9
-8
-6
-6
-5
-7
-10
-10
-8
-10
-8
-11
-14
-16
-12
-13
-16
-12
-13
-14
-18
-16
-17
-18
-20
-19
-16
-16
-22
-23
-21
-19
-22
-21
-21
-19
-19
-19
-20
-20
-19
-15
-21
-21
-19
-17
-16
-17
-15
-9
-11
-12
-14
-14
-7
-8
-6
-5
-5
-7
-7
-4
-4
1
-1
2
-1
0
7
-2
-2
3
2
1
2
5
9
11
12
15
13
9
13
16
16
22
20
21
23
23
25
25
27
31
32
28
29
26
23
28
28
24
19
23
22
25
22
15
14
20
20
17
18
14
19
19
23
22
16
14
9
11
13
18
10
12
14
12
10
8
11
10
10
8
9
7
6
5
2
5
2
-1
1
3
0
-1
3
-2
-8
-6
-8
-7
-10
-14
-14
-22
-19
-13
-17
-15
-18
-18
-18
-16
-8
-13
-17
-17
-6
-4
-15
-16
-17
-10
-13
-17
-14
-14
-15
-15
-14
-16
-14
-9
-7
-6
-8
-12
-11
-12
-14
-11
-12
-14
-16
-17
-12
-10
-12
-14
-13
-17
-23
-23
-17
-13
-14
-14
-14
-16
-10
-6
-11
-12
-14
-4
3
-2
-2
1
4
1
4
3
3
2
0
2
1
0
8
3
-4
-1
-6
-2
-1
-1
0
0
0
-2
1
-5
-8
-6
-3
-5
-3
-1
-5
-3
2
5
2
2
2
5
7
7
10
8
11
9
8
18
19
21
19
15
22
27
25
20
22
21
23
21
21
24
20
22
20
14
15
22
17
13
16
17
12
6
4
11
12
8
10
6
5
7
9
2
1
6
9
4
-2
7
5
4
6
4
2
7
6
3
6
9
11
6
11
10
13
14
10
5
9
8
7
4
5
8
4
-1
-2
1
-3
-5
-11
-10
-8
-12
-15
-16
-18
-14
-19
-18
-18
-17
-19
-22
-20
-25
-22
-23
-22
-23
-18
-18
-19
-23
-21
-14
-15
-16
-16
-13
-10
-10
-12
-13
-10
-11
-8
-10
-9
-6
-7
-8
-9
-6
-10
-11
-12
-10
-3
-3
-6
-8
-6
-5
-8
-13
-12
-5
-5
-5
-3
-4
-5
-6
-9
-8
-6
-6
-6
-11
-7
-9
-8
-2
-6
-5
-2
3
3
-5
3
3
3
0
0
9
7
8
4
4
7
6
4
7
7
11
9
4
4
10
13
8
10
9
12
13
11
13
9
13
11
14
13
11
12
9
11
12
15
16
14
18
15
17
15
14
12
20
17
10
13
16
17
16
16
19
19
18
24
20
21
19
18
22
17
19
18
11
12
8
9
10
12
8
3
6
1
4
2
-1
-1
-1
-1
-3
0
-6
-6
-5
-6
-4
-8
-10
-9
-9
-5
-3
-5
-7
-7
-10
-9
-10
-10
-12
-13
-14
-13
-13
-12
-13
-15
-13
-12
-11
-12
-12
-12
-10
-15
-12
-10
-11
-7
-12
-12
-16
-13
-15
-14
-13
-16
-12
-14
-15
-10
-11
-13
-13
-17
-10
-8
-14
-15
-11
-10
-10
-10
-9
-13
-14
-13
-11
-11
-9
-7
-15
-14
-16
-13
-10
-8
-5
-5
-1
1
-1
1
4
2
3
0
4
6
7
5
3
2
6
3
-3
-5
-4
0
-3
-6
-4
-1
0
5
-1
-3
-1
2
0
-1
2
2
2
3
6
8
8
8
9
8
12
15
14
15
15
17
16
15
20
20
22
17
20
17
17
25
20
19
23
24
22
19
17
21
22
20
20
19
21
21
13
14
13
13
9
8
4
6
6
3
1
-1
3
0
3
3
5
3
1
3
0
0
-4
-1
-3
4
2
0
3
-1
-1
-3
1
1
-2
3
1
0
1
5
0
-1
0
-3
-1
-7
-9
-8
-11
-15
-14
-14
-17
-12
-16
-14
-15
-18
-16
-17
-17
-17
-18
-19
-13
-15
-18
-16
-20
-19
-21
-18
-14
-14
-11
-8
-10
-13
-13
-9
-9
-9
-10
-13
-9
-6
-8
-7
-8
-6
-8
-8
-2
-10
-10
-6
-9
-11
-13
-10
-13
-15
-10
-7
-3
-7
-8
-2
-3
-1
-3
-5
-1
-1
0
0
-2
3
2
0
-3
2
3
4
10
9
10
12
11
8
8
12
12
11
14
14
17
13
16
16
9
9
8
10
11
12
15
11
13
14
13
15
10
12
12
13
9
6
11
10
10
9
8
14
10
11
9
6
8
9
4
9
9
10
13
6
9
4
6
4
6
3
3
7
1
2
0
0
-4
-1
-2
-3
-1
0
-3
-2
-8
-8
-4
-10
-2
-2
-8
-9
-4
-3
2
3
-2
4
6
3
4
-1
5
4
0
4
1
2
5
3
2
6
3
1
-1
3
3
1
0
-1
-2
-3
-4
-2
-6
-4
-7
-10
-10
-13
-9
-15
-15
-17
-10
-8
-10
-7
-12
-9
-9
-8
-7
-3
-5
-6
-4
-9
-9
-8
-6
-5
-3
-3
-6
-9
-10
-5
-6
-9
-13
-10
-16
-17
-14
-13
-10
-13
-12
-17
-16
-16
-19
-21
-17
-20
-17
-15
-13
-13
-17
-13
-15
-14
-5
-4
-6
-9
-5
0
0
3
4
5
7
9
10
12
11
14
16
20
17
13
17
18
18
18
15
14
14
20
16
14
15
15
13
11
11
14
16
9
10
13
12
11
11
11
13
13
12
14
13
13
17
13
13
14
17
19
15
16
17
10
13
13
15
15
11
14
9
8
9
8
10
9
6
8
3
4
6
2
2
4
1
-4
-2
-6
-8
-5
-6
-7
-10
-5
-6
-11
-6
-8
-7
-6
-7
-9
-6
-12
-11
-6
-8
-3
-6
-8
-7
-6
-6
-3
-3
-5
-3
0
0
-4
-7
-9
-9
-9
-5
-5
-8
-10
-11
-11
-14
-15
-12
-16
-16
-15
-14
-16
-22
-19
-18
-20
-20
-19
-21
-20
-17
-16
-12
-13
-12
-10
-13
-10
-13
-11
-10
-8
-8
-9
-9
-10
-9
-7
-3
-5
-8
-3
0
-3
-5
2
-3
0
0
0
-1
0
2
0
1
2
3
1
0
-1
0
-2
-2
7
9
6
7
7
7
5
9
5
4
10
12
11
9
12
11
14
16
16
11
15
23
22
21
20
25
23
26
28
28
26
20
22
20
22
20
18
13
14
13
11
12
14
13
16
11
9
11
12
10
9
9
7
9
12
6
8
3
-2
0
1
3
-1
1
-2
-4
0
1
-7
-5
-10
-5
-5
-7
-2
1
-2
-4
-4
-7
-6
-8
-4
-4
-4
-3
-5
-8
-10
-4
-6
-10
-11
-10
-6
-3
-8
-9
-11
-13
-17
-18
-15
-14
-12
-19
-17
-13
-15
-17
-15
-12
-11
-11
-15
-11
-10
-11
-9
-10
-12
-11
-11
-15
-13
-11
-13
-12
-15
-10
-11
-6
-11
-11
-6
-11
-7
-8
-8
-4
-3
-2
-2
-8
-7
-2
-4
-10
-8
-9
-7
-1
-1
-2
1
1
2
1
1
0
-2
0
0
4
1
0
-1
1
2
4
1
-1
2
4
7
4
5
6
9
11
9
11
15
17
20
15
15
20
13
17
20
22
21
17
16
15
19
15
21
18
11
15
14
10
11
8
6
4
3
5
4
7
3
4
2
2
1
-2
6
5
6
4
1
6
6
6
8
3
5
7
5
3
2
2
3
3
-1
2
4
3
3
1
0
-1
1
3
2
0
0
-3
-1
-3
-5
-5
-1
-5
-5
-5
-5
-7
-9
-4
-2
-6
-7
-2
-9
-11
-11
-8
-9
-10
-8
-8
-9
-11
-4
-9
-12
-8
-2
-5
-3
-5
0
-3
-3
1
-4
0
1
0
1
0
-2
-6
-8
-4
-1
-4
-4
-10
-12
-12
-9
-9
-11
-8
-10
-7
-11
-10
-7
-12
-16
-11
-9
-12
-11
-15
-11
-11
-10
-9
-11
-6
-5
-6
-9
-4
-3
-2
-3
-3
-6
-4
-3
-5
-5
-2
-4
-6
-3
-2
0
0
3
2
2
5
1
4
4
4
3
4
3
6
6
8
6
3
10
8
7
4
5
9
8
10
7
9
13
13
18
14
16
13
9
15
14
12
17
19
19
18
23
20
13
14
16
17
16
17
17
17
16
16
17
11
12
12
10
12
9
6
5
8
7
3
5
5
1
2
4
6
4
0
-1
-4
-5
0
-2
-2
0
-7
-6
-7
-9
-6
-11
-10
-12
-5
-8
-10
-8
-10
-14
-13
-11
-8
-13
-6
-5
-4
-3
-13
-13
-8
-8
-11
-7
-7
-4
-5
-6
-4
-6
-10
-12
-13
-13
-9
-10
-15
-11
-12
-14
-17
-17
-14
-11
-7
-7
-11
-10
-8
-10
-11
-9
-8
-9
-11
-9
-7
-8
-7
-9
-10
-6
-3
-2
-5
-10
-7
-6
-6
-4
-4
-1
-6
2
3
-2
0
-1
0
4
6
12
7
6
8
3
3
0
0
-1
-1
-1
-1
1
0
1
5
7
7
7
9
5
3
5
9
6
6
6
5
5
2
5
1
0
1
1
2
9
16
16
17
16
19
16
18
23
25
26
26
21
21
23
21
22
15
16
15
18
22
22
19
16
14
8
3
4
7
4
1
-2
-3
-2
-4
-6
-1
-10
-7
-7
-7
0
-4
-3
-3
-1
0
-2
-3
0
2
1
4
2
3
8
10
9
5
2
5
8
7
3
5
1
5
3
-2
-4
-6
-4
-6
-8
-8
-7
-9
-12
-10
-15
-17
-23
-23
-25
-30
-33
-32
-29
-32
-31
-33
-30
-30
-29
-24
-25
-26
-27
-25
-21
-26
-20
-15
-16
-18
-20
-15
-16
-14
-4
-1
3
6
5
5
7
10
12
10
9
10
6
8
8
2
4
0
0
-2
-6
-3
-5
-7
-4
-4
-4
-7
-6
-6
-11
-5
-5
-8
-9
-11
-12
-12
-10
-11
-11
-7
-5
-4
7
12
14
16
17
20
18
22
25
27
25
31
34
34
31
31
37
34
36
36
38
38
31
32
36
32
27
33
35
35
34
32
29
28
25
26
21
16
12
10
13
2
2
-2
-6
-2
-3
-6
-5
-4
-2
-2
3
7
1
-4
-7
-10
-10
-7
-10
-13
-17
-19
-19
-19
-17
-18
-20
-22
-23
-24
-19
-19
-18
-28
-29
-23
-28
-35
-35
-35
-44
-49
-46
-49
-46
-41
-33
-28
-20
-3
3
7
9
7
3
2
9
13
18
22
33
45
59
68
78
71
68
64
48
33
17
6
-5
-2
0
9
17
18
28
30
29
28
23
6
-14
-37
-52
-65
-70
-75
-69
-58
-59
-56
-54
-54
-48
-51
-57
-57
-64
-63
-68
-61
-65
-71
-63
-60
-62
-69
-73
-76
-67
-56
-56
-58
-68
-64
-58
-51
-46
-40
-34
-23
1
27
49
64
80
98
129
149
163
181
195
213
213
186
161
129
122
121
125
146
164
184
189
183
163
122
74
26
0
-6
-16
-27
-34
-14
20
32
29
13
-13
-33
-66
-121
-173
-215
-243
-261
-272
-256
-220
-166
-102
-63
-41
-12
-14
-41
-81
-120
-155
-189
-199
-189
-155
-103
-44
6
58
88
109
111
104
104
81
62
51
65
84
104
123
126
131
135
132
109
71
23
-19
-47
-50
-40
-32
-3
31
71
99
126
134
120
105
85
83
60
44
19
10
12
10
27
29
52
76
66
58
46
43
28
37
59
55
60
63
58
49
33
30
1
-21
-40
-69
-84
-103
-127
-171
-196
-197
-198
-204
-212
-201
-183
-153
-113
-101
-90
-95
-115
-168
-226
-277
-312
-332
-329
-319
-285
-223
-145
-107
-89
-51
-6
12
0
-22
-37
-53
-75
-94
-121
-125
-96
-46
26
100
162
204
249
273
290
270
205
149
147
206
313
405
488
625
785
900
910
917
875
740
527
256
13
-236
-446
-606
-693
-552
-297
-38
237
478
756
987
989
793
456
162
-98
-435
-795
-1127
-1269
-1245
-1221
-1144
-971
-711
-463
-272
-161
-110
-25
-9
-89
-165
-179
-149
-146
-116
-64
-68
-116
-235
-371
-513
-643
-770
-800
-674
-444
-133
175
579
1010
1333
1487
1469
1364
1127
783
400
-43
-417
-662
-814
-793
-637
-388
-49
267
569
852
1032
1076
1010
897
741
515
237
6
-159
-251
-332
-450
-461
-397
-315
-259
-173
-35
39
34
-29
-48
-91
-76
-63
-137
-74
123
366
525
546
574
627
579
472
273
-24
-306
-573
-721
-876
-1140
-1237
-1160
-984
-591
-230
27
300
606
846
766
464
102
-235
-509
-771
-1012
-1189
-1223
-1073
-870
-729
-641
-494
-243
3
168
248
360
376
263
63
-134
-382
-740
-904
-859
-750
-607
-497
-296
17
372
670
696
702
841
1038
1122
929
728
523
391
236
-2
-171
-182
-49
30
90
209
400
567
620
602
642
687
657
501
457
738
1109
1330
1374
1550
1925
2245
2446
2186
1483
811
232
-368
-1352
-2450
-2978
-2987
-2333
-1661
-1235
-430
670
1911
2677
2476
2007
1426
932
183
-1203
-2566
-3565
-3886
-3986
-4119
-3902
-3241
-2286
-1305
-547
-62
403
959
1282
1334
1182
976
819
762
726
454
259
3
-278
-637
-1214
-1678
-1949
-1952
-1653
-1229
-355
1036
2359
3702
4596
5028
5229
4901
3930
2380
762
-674
-1952
-3133
-4007
-4144
-3643
-3023
-2239
-1322
-91
1215
2018
2311
2047
1938
1523
469
-631
-1689
-2500
-2776
-2496
-1801
-753
592
2059
3360
4467
5375
5213
3843
2058
522
-884
-2870
-4939
-5905
-5500
-3647
-1584
-96
1512
3461
5726
6742
5915
4136
2062
483
-1154
-3637
-5977
-7272
-7118
-6197
-5626
-4714
-3228
-1231
496
1085
985
667
573
262
-569
-1126
-1280
-1103
-295
839
1373
1279
620
-70
-727
-1757
-2898
-4206
-4271
-2708
-972
571
2080
4047
6198
7533
7814
6753
5349
4064
2317
131
-2464
-4261
-4746
-4597
-3833
-2845
-1253
935
3046
4545
5021
5136
4500
3224
1876
450
-1102
-2209
-2120
-1280
-311
852
2008
3834
6180
6998
5677
3478
1926
494
-2224
-5555
-7978
-8258
-6239
-4028
-2580
-892
2044
5630
7498
6863
4933
2887
1356
-595
-3825
-7319
-9245
-8903
-8082
-7558
-6175
-4002
-1354
1110
2563
2835
2652
2381
1563
244
-945
-1980
-2783
-2510
-821
954
1675
1945
2174
2179
1705
-7
-2344
-4010
-3944
-2626
-1559
-63
2174
4493
6838
8205
7937
6401
4358
2216
-284
-2953
-5413
-7148
-7379
-6145
-4363
-2419
-67
2585
4982
6359
6409
5488
4094
2473
593
-1710
-3933
-5022
-4700
-3652
-2053
-232
1807
4862
7931
9015
7693
5334
3560
1428
-2022
-5691
-8683
-8972
-6548
-4027
-2055
34
3341
7236
9186
8525
6175
3729
1989
-615
-4567
-8536
-10468
-9943
-9166
-8500
-7029
-4532
-1171
1722
3062
3155
2986
2861
1663
-246
-1799
-3119
-3833
-3302
-1432
145
885
1225
1810
2399
2084
172
-2512
-3854
-3260
-2525
-2358
-1454
767
3717
6566
8138
7776
6688
5669
4364
2040
-1192
-4083
-5842
-6062
-5018
-3953
-2685
-503
2665
5411
6376
6241
5565
4858
3846
1812
-822
-2989
-3566
-3065
-2258
-1216
346
3614
7459
9220
8313
6259
4824
2780
-1215
-5717
-9481
-10461
-8517
-6715
-4899
-2316
1659
6612
9262
9645
8159
6022
4575
1552
-3050
-7797
-10647
-10899
-10821
-10252
-8353
-5305
-1293
1856
3450
4129
4766
4400
2203
-255
-2065
-3665
-4949
-4978
-3428
-1206
457
1482
2150
3003
3287
1295
-1822
-3841
-3870
-2987
-2689
-1923
522
3883
7205
9027
8870
7604
6014
4112
1133
-2420
-5636
-7400
-7476
-6405
-4948
-3097
-468
2842
5798
7244
7331
6687
5844
4519
2065
-892
-3575
-4705
-4352
-3927
-2904
-392
3679
7529
8707
7853
6545
5357
2649
-2234
-6975
-9841
-9629
-8052
-6789
-4538
-1013
3939
8106
9325
9026
7681
6297
4150
-181
-5248
-9423
-11361
-11902
-12341
-11427
-8840
-4770
-687
2152
3971
5256
6147
5482
3013
447
-1576
-3466
-4993
-4881
-3229
-2225
-1506
-355
504
1088
421
-1804
-3808
-4124
-2260
-1363
-1056
1497
4920
8426
10684
10655
9439
7555
5920
2763
-1723
-5241
-7384
-7805
-7393
-6412
-4296
-1234
2790
6189
8063
8762
8996
8553
6774
4480
1612
-1632
-3889
-4095
-3736
-3237
-1115
2392
5894
8030
7872
6199
4288
1891
-2313
-7180
-10660
-11007
-9497
-7664
-5065
-1525
3324
8121
10247
10050
8803
7606
5368
956
-4191
-8750
-11434
-12366
-12921
-12687
-10544
-6283
-1680
1546
3976
5737
6923
6883
5009
2319
-36
-2081
-3586
-3704
-2571
-1649
-1320
-555
685
940
-370
-3012
-5638
-6111
-5179
-4582
-3789
-1458
2857
7655
10847
11981
11726
10907
9154
5488
396
-4575
-8051
-10011
-10720
-10231
-8371
-4786
-287
3839
6641
8649
9926
9652
8160
5765
2904
-437
-3097
-3819
-3527
-2338
64
3496
7187
8966
8822
7341
4897
1412
-3770
-8776
-12057
-12601
-11266
-9652
-6531
-1755
3890
9116
11381
11623
11052
9828
7070
1729
-4072
-8805
-11922
-13608
-14665
-14326
-11941
-7818
-3510
-191
2682
4968
6448
6430
4982
3101
1144
-922
-2230
-2192
-1512
-638
-489
-290
478
108
-1620
-4484
-6100
-5761
-5669
-5089
-3374
-351
4224
8347
11226
12634
13156
12954
10339
5993
1228
-3303
-7164
-10004
-10852
-10112
-7625
-3509
679
4551
7641
10184
10942
9801
8183
5559
2137
-916
-3083
-3908
-3288
-792
2393
5367
8160
9197
8409
6676
3316
-1981
-7613
-11658
-13219
-13473
-12485
-9798
-5630
366
6334
9886
11261
11761
11617
9392
4641
-1040
-6377
-10309
-12704
-14601
-15119
-13109
-9383
-5433
-2173
816
3852
6087
6766
5849
4236
2604
1210
-368
-1523
-1613
-1195
-347
131
277
-219
-1323
-2839
-4678
-5704
-6160
-6036
-4713
-2375
1055
4866
7958
10408
12137
12910
11925
8917
4965
613
-3769
-7567
-10167
-11072
-10252
-7661
-3862
104
3779
7108
9390
10055
9572
8143
5307
1725
-1100
-2865
-3115
-890
2496
4996
6805
8616
9640
8729
4674
-1384
-6709
-10156
-11720
-13427
-14662
-12436
-7082
-521
4461
7268
9736
12123
13765
12005
6741
1073
-3680
-7756
-11770
-15202
-16303
-14466
-10756
-7059
-4144
-1014
2302
4879
5865
5214
3831
2298
989
172
-177
-337
-193
236
1320
2226
1547
-665
-3097
-4491
-5138
-6269
-7143
-6325
-3706
-116
3340
6533
9436
11644
12835
12867
10931
7425
3158
-1338
-5171
-7923
-9753
-10570
-9536
-5892
-1076
2815
5841
8461
10533
11255
9762
6238
2409
253
-272
-14
1557
4114
6357
8107
9703
9780
7011
2114
-2965
-7177
-9909
-11673
-13744
-13986
-10428
-4683
474
3479
5983
9122
12005
12883
9554
3995
-448
-3893
-8143
-13214
-16396
-16287
-13548
-9816
-6808
-4043
-521
3319
5205
4692
3545
2270
673
-637
-1233
-1234
-499
848
2343
3495
3621
2130
-558
-3182
-4996
-6252
-7075
-6992
-5221
-1840
2010
5585
8449
10642
12128
12611
11620
9215
5662
1867
-1755
-4976
-7606
-9779
-10221
-8356
-4669
-580
2880
6170
9130
11046
10826
8741
5611
2083
117
33
1267
3427
5042
6370
8078
9375
8204
3230
-2794
-7220
-9391
-10774
-12792
-13800
-11579
-5824
283
3540
5029
7086
10086
11716
9752
4886
-164
-3655
-6860
-11319
-15615
-17002
-15023
-11456
-7934
-4820
-1470
2333
5249
5934
4608
2618
540
-1630
-2969
-3027
-2387
-1304
575
2843
4447
4480
2516
-548
-3333
-4951
-6099
-6927
-5989
-3323
550
4701
8136
10618
11716
12074
11793
10192
7191
3281
-320
-2956
-4904
-6613
-8002
-7791
-5036
-1105
2352
5004
7242
9269
10335
8999
6202
3036
728
435
1964
4417
6080
7145
8904
10641
10340
6053
-684
-6241
-9169
-10725
-12917
-14673
-13327
-7939
-1047
3441
5112
6777
9851
12152
10721
6013
765
-2962
-5953
-9958
-14595
-17222
-16078
-12667
-9294
-6437
-3185
834
4274
5648
5002
3075
809
-1385
-3410
-4081
-3204
-2215
-868
1440
3943
5236
4079
1442
-1661
-3944
-4529
-5568
-6380
-4885
-1622
3047
7178
9370
10306
10674
11643
10769
7502
3654
289
-1678
-3454
-5561
-7052
-7028
-4563
-1308
1357
3918
6831
9129
9463
8106
5843
2976
747
1159
2840
4647
6109
7041
8982
10645
9672
5103
-1466
-5675
-7677
-10042
-13007
-15069
-12680
-6393
-600
2460
3860
6767
10656
11892
8913
3678
-541
-3492
-7113
-11888
-15988
-16876
-14848
-12003
-9239
-5980
-1790
2035
4500
5430
5048
3552
1027
-1675
-3667
-4239
-4595
-5194
-4038
-1350
1306
2215
1691
1519
1387
1079
-13
-1567
-1248
9
1515
3638
5341
6581
7340
7976
8267
7179
5007
2345
419
-658
-2215
-4217
-5440
-4361
-1502
988
2541
4778
8183
10731
10309
7533
4663
3029
3528
4714
4433
4464
6207
9165
11296
9667
5412
591
-2622
-4442
-7540
-11410
-13812
-12146
-6620
-1722
293
1279
4372
9280
11692
9367
4405
818
-993
-4115
-9705
-15316
-17216
-15232
-12909
-11622
-9621
-5458
17
4049
5454
5383
4909
3992
2266
-361
-3325
-6304
-8685
-9120
-7738
-6021
-5140
-4021
-713
3719
6550
6478
5624
6362
7603
7299
4448
1071
-206
-42
-84
-922
-1346
-362
1753
4053
5020
4546
4195
3990
3313
2306
1145
280
378
1839
3446
3257
2588
4729
9576
13071
12490
10132
9718
11777
11327
4961
-3104
-6990
-5791
-5258
-8836
-12415
-11478
-4423
2704
3845
1917
2011
6117
9503
7043
1075
-3491
-4368
-4719
-7910
-12385
-14624
-13184
-10457
-9437
-9978
-9258
-6284
-3361
-2027
-1530
-1243
-710
349
1267
1307
28
-2183
-3414
-3517
-4070
-5720
-7933
-8179
-5477
-2309
-356
1080
4064
8195
11410
12883
12309
10780
9415
7049
3038
-1661
-5172
-6892
-7199
-5777
-3452
-390
3422
7156
9677
9920
8803
7503
5508
3354
1257
-1194
-3060
-1835
3455
8047
9034
8902
10670
14370
14997
9714
1556
-4033
-3883
-3738
-8278
-13192
-13763
-7651
254
2872
1749
1828
6751
12011
10366
3978
-1737
-3462
-3833
-7575
-12883
-15759
-14033
-10048
-8129
-8260
-7158
-4041
-1535
-1039
-1613
-1960
-2328
-2622
-2209
-1653
-1775
-3032
-3919
-3390
-2697
-3245
-5546
-6756
-4941
-2573
-1413
-1161
815
5129
8759
10588
10771
10863
11375
10439
7442
3003
-1129
-4108
-6454
-7619
-7626
-6207
-3004
1359
5642
8764
10680
11178
10691
9420
6658
2559
-1678
-3887
-2212
1730
4175
4733
6448
10948
14919
13622
8099
2360
-567
-783
-3704
-9445
-13002
-11091
-4241
710
1203
561
2276
7840
11072
7577
1339
-2599
-2966
-4321
-9036
-14129
-15871
-12939
-9345
-8348
-8520
-6636
-2756
-725
-879
-1537
-2081
-2185
-2224
-2106
-2179
-2795
-3666
-4564
-4493
-3882
-4625
-6506
-6933
-4811
-2264
-1203
-475
1837
5824
9767
11267
10896
10865
11180
9919
6602
2498
-1159
-3671
-5355
-6364
-6441
-4725
-1557
1889
5332
7977
9728
10640
10557
10085
7707
3048
-1532
-3333
-1017
2192
3026
2850
5336
11364
15428
12730
6655
2146
1246
815
-3706
-9788
-12819
-9471
-2321
1276
836
503
3754
9401
11113
7148
863
-2953
-3250
-5104
-10428
-15703
-16719
-13098
-8989
-7446
-7182
-4837
-324
2981
2999
1132
-411
-1135
-1793
-2671
-3937
-5718
-6926
-6725
-5890
-5003
-5154
-6490
-6583
-4554
-1049
632
633
2636
5998
9880
12426
11703
9892
8680
8453
6763
2124
-2169
-4604
-5094
-5000
-5371
-5050
-3231
647
4372
6154
6744
7876
9655
9575
7783
4588
991
-817
249
2559
3349
3866
5994
9835
13765
13615
9106
3431
56
-719
-3983
-9778
-13980
-13256
-6683
-503
948
548
2964
9256
13411
11100
5107
515
-485
-2202
-8070
-15026
-18105
-15786
-12435
-11439
-10933
-7973
-2368
2781
4347
3489
2801
2515
1703
-147
-2834
-5869
-8383
-8652
-7292
-6314
-6503
-7395
-6327
-2896
51
851
257
1773
5922
9129
9995
8983
7948
8225
8418
6700
3141
-356
-2115
-2081
-1810
-2247
-2724
-2384
-188
3002
4833
5068
5067
6632
8649
8693
6313
2550
-21
103
2529
4493
4509
4885
7566
12397
14969
12071
6337
1438
211
-944
-6168
-12282
-15071
-11360
-4195
-1051
-1566
-892
4511
11858
13671
9147
3766
2033
1972
-2073
-10188
-16940
-17827
-14969
-13407
-13849
-13150
-7664
-175
3969
4504
3980
4618
5277
3846
254
-4289
-7384
-8086
-7978
-8006
-8460
-8399
-6633
-3294
40
1339
1166
2144
5394
8302
8790
7207
5771
6265
7083
6063
3052
-108
-1069
-436
231
-247
-1433
-1244
381
2754
3822
3096
2826
4245
6845
8026
6428
3695
1486
944
2272
4012
5084
5714
7285
10567
13678
13630
9555
3720
-74
-1467
-4252
-9454
-14352
-14789
-9307
-3242
-1588
-2013
607
7529
13098
12110
6806
2981
2686
1353
-4989
-13288
-17684
-16998
-15105
-15092
-15319
-11946
-5003
1079
3201
3373
4410
5467
4654
1685
-1520
-3495
-4694
-5538
-6644
-7248
-6905
-6791
-6386
-5211
-3370
-1627
-158
2714
5882
7916
9293
9663
9410
8722
7588
5679
2689
268
-1236
-1897
-2155
-2827
-2845
-1523
891
3451
4466
4483
5448
7673
8873
7560
4404
1595
242
152
1441
3211
5107
7147
9652
13121
15074
12975
7605
1989
-1179
-3593
-8025
-13527
-16495
-13502
-6685
-2363
-1788
-506
5163
12466
14663
10247
4626
2687
2099
-2590
-10748
-17038
-17866
-15283
-13823
-13796
-11917
-6203
216
3189
3331
3803
4557
3861
1695
-1155
-3315
-4922
-6511
-7323
-6903
-5754
-5645
-5823
-4099
-1157
705
891
1827
4606
7038
7906
7417
6644
6636
6661
5160
2049
-630
-1596
-1990
-2405
-2561
-1960
224
2660
4496
5794
6148
6343
6731
6716
5780
3524
911
-1153
-1822
-42
2861
5194
7001
9303
13074
15933
14831
9911
3773
-108
-2781
-6966
-11952
-15645
-14735
-8879
-3200
-1160
-652
2986
9774
13507
10851
4944
1163
715
-1477
-8364
-15673
-18003
-15155
-12143
-11850
-11474
-7585
-1114
3528
3856
2476
2206
2522
1643
-1225
-4372
-6369
-7428
-7329
-6920
-6871
-6798
-6237
-3812
-574
1443
2123
2747
5091
7506
8119
7345
6037
5458
5025
3695
1098
-1978
-3300
-3114
-2731
-2192
-1150
1500
4469
6547
8047
8463
8081
7158
6216
5036
2571
-533
-2898
-2234
1926
5557
6407
7006
10181
15013
16159
11642
5121
629
-156
-2190
-8134
-13462
-14298
-9228
-3102
-1082
-1211
110
5643
11446
11019
5825
775
-913
-1244
-4825
-11323
-16304
-16038
-12209
-9907
-10295
-9693
-5571
-200
3168
3030
1121
225
701
1045
-851
-4514
-7329
-7753
-6384
-5612
-6924
-8693
-7980
-4199
-131
1624
1984
3493
6873
10272
10893
8838
6770
5926
5035
2734
-1037
-4640
-6115
-5690
-4418
-3234
-1657
1682
5879
9134
10760
11110
10686
9475
7836
5193
961
-2704
-2509
821
3459
4028
4906
8914
13793
15060
11543
5445
2050
1982
-285
-5988
-11698
-12420
-6859
-1856
-1402
-2358
-276
5792
9967
8139
3249
-320
-1478
-3533
-7935
-12592
-15079
-14319
-12253
-10724
-9676
-7721
-4937
-2561
-406
1175
1252
-196
-1268
-610
-277
-2252
-6180
-8660
-7758
-6309
-7353
-10357
-10835
-7205
-2841
-180
1064
3309
7663
11865
13397
11710
9547
8589
6549
2519
-1910
-5386
-7665
-8183
-7004
-5240
-2478
1304
5398
9143
11605
12879
12649
11309
9483
6352
2297
121
1351
2912
2525
2041
4257
8554
10859
9300
5570
3603
4988
4651
48
-5163
-6853
-3672
101
191
-1831
-2107
2092
6674
5473
910
-2138
-2451
-3004
-6556
-10975
-13243
-12008
-9100
-8690
-9923
-8862
-5369
-2709
-2991
-3936
-3084
-1230
134
111
-884
-1635
-2301
-3527
-5677
-7444
-8234
-9413
-10038
-9261
-7224
-4791
-2908
241
4671
8871
11951
12478
12089
12172
11274
7912
2176
-2457
-5137
-6973
-8233
-8913
-7091
-2944
2065
6030
8191
10903
13288
13642
11887
8719
5322
2515
2729
4618
4089
2364
2455
5510
8429
7730
4106
255
675
3890
3201
-1658
-5485
-3430
2759
5413
2971
-308
1087
6456
7267
1915
-3995
-6003
-5186
-6665
-10815
-13840
-13023
-9189
-6274
-6271
-6638
-4783
-2441
-2066
-3328
-4947
-5732
-5423
-4329
-2553
-1436
-1758
-2335
-2036
-1583
-2731
-6213
-9520
-10023
-8516
-7488
-7839
-7008
-3034
2514
7156
9537
10338
11884
13693
13006
9033
3940
-3
-3291
-6044
-7649
-8496
-7858
-4716
124
4283
7450
10051
11558
12481
11876
9174
5463
3903
5791
6592
4919
3295
4408
7427
7521
4346
95
-1319
1482
2378
-197
-3146
-2879
2238
6109
5350
2476
2040
6350
8596
4837
-1108
-4614
-4725
-6241
-10363
-13677
-13858
-10719
-7394
-6246
-5763
-3448
-602
-236
-2153
-3900
-4638
-5597
-6577
-6519
-5438
-4246
-3449
-2483
-1731
-1631
-2632
-5181
-6994
-6489
-5455
-6010
-6751
-4840
-1024
2908
5282
5737
6746
9276
11109
9123
4856
2111
747
-914
-3137
-4903
-4929
-2742
214
2104
3889
6561
8688
9408
8798
7709
6414
5887
7508
8682
7465
5997
6577
8002
7067
3476
-1135
-3852
-2189
-149
-1666
-4180
-3296
3036
8973
9050
5952
4426
7382
10024
6392
-1071
-6342
-6657
-6674
-10253
-14199
-14657
-11155
-6793
-5003
-5009
-3548
-204
1605
-119
-2932
-4320
-4958
-5848
-6264
-5776
-5275
-5304
-4440
-2771
-1762
-2525
-5438
-7610
-6557
-4318
-4283
-5970
-5143
-778
3705
5958
5542
4556
5999
8316
7233
2639
-989
-1944
-2033
-2484
-3431
-3784
-2286
1341
4816
5923
6428
7537
8083
7440
5758
3502
1815
3458
7487
9051
8263
8464
10458
11486
8324
2373
-3346
-5227
-3764
-4476
-7019
-7855
-3544
4903
9794
9796
8296
9043
12625
11993
5546
-1954
-6501
-7874
-10396
-14082
-15930
-14606
-10089
-5584
-3525
-2218
347
2880
2676
217
-2272
-4220
-6080
-7091
-6644
-5767
-5384
-5243
-4394
-2659
-1167
-1859
-4613
-5960
-4235
-2168
-2673
-4170
-3241
357
4394
5866
4377
3670
5345
6710
4808
598
-2389
-3273
-3190
-2843
-2766
-2057
315
3695
6251
7626
8308
7800
6630
5355
3568
1257
490
3277
6638
7948
8665
10382
12675
12116
8293
2713
-2195
-3325
-3995
-7016
-9770
-8847
-2536
3964
6491
6986
7966
11798
14339
10979
4334
-1180
-3697
-6925
-12261
-15882
-16355
-13757
-9757
-7081
-5138
-1918
2133
3708
2065
42
-1249
-3325
-5792
-7113
-7211
-6433
-5736
-5071
-3840
-2264
-1257
-2397
-4042
-3566
-2463
-2476
-3223
-3254
-1263
1833
4092
4194
3438
4172
5224
4411
1608
-978
-2318
-3205
-3579
-3770
-3255
-1339
1354
3802
5307
6965
7994
7518
6358
4538
2474
417
805
3914
6241
7340
8369
10630
12902
11969
8037
2564
-1120
-1793
-3483
-7042
-9921
-8460
-2043
3473
5018
4801
6893
11855
14017
10336
4135
-163
-2144
-5593
-10774
-14809
-15893
-13622
-10389
-8362
-6434
-3148
449
1696
647
-56
-667
-2457
-4046
-4661
-4805
-4893
-5171
-5349
-5137
-4091
-3631
-5011
-5433
-3286
-951
-350
-594
346
2448
4594
5314
3788
2379
2691
2974
1050
-1854
-3138
-3287
-2827
-1942
-1514
-613
1836
4680
5968
6043
6240
5978
4937
3483
1552
-959
-2160
872
5544
8003
8830
10028
13143
15117
12818
7332
957
-1785
-1693
-3887
-7874
-10376
-7201
329
5142
5599
4689
6956
11977
12876
7936
1654
-1770
-3179
-6122
-10184
-13180
-13585
-11186
-8298
-6746
-5611
-3282
-1150
-1185
-2102
-2619
-3667
-5166
-5706
-5099
-3936
-3060
-3121
-3315
-3017
-2510
-3454
-5805
-6715
-6234
-4803
-2842
-1532
300
3052
6123
8251
7680
6218
4723
2430
-3
-2540
-4983
-6602
-5960
-3708
-2057
-264
2613
5691
7707
8386
7581
5584
4093
2644
-22
-3483
-4609
-885
4297
7442
8616
9989
13542
15945
13779
7811
1188
-1701
-2135
-4498
-8715
-11408
-8150
-458
4539
4926
4280
6929
11720
12255
7199
857
-2558
-3461
-5573
-9244
-12122
-11982
-8949
-6242
-5440
-5104
-3536
-2096
-2512
-3519
-4215
-5013
-5523
-5009
-3691
-2534
-2049
-2586
-3225
-2793
-2785
-4652
-6773
-6733
-4758
-3179
-2401
-863
1709
5080
7525
7424
6268
5936
5514
2587
-1683
-4528
-5743
-5765
-4946
-3725
-1896
1704
5927
8441
9157
8952
7935
5746
3245
638
-2505
-5304
-4668
362
5362
7884
9261
11241
14601
15823
12436
5636
-459
-1675
-1776
-4799
-8720
-9926
-5121
2419
6194
5544
4798
7954
11987
10522
4278
-2055
-4945
-5382
-7040
-10104
-12160
-10288
-5913
-2935
-2594
-2881
-2188
-1884
-2997
-5038
-6730
-7427
-7539
-6723
-4970
-2658
-988
-1080
-1377
-1185
-1902
-3943
-6479
-7805
-7116
-5265
-3525
-2046
870
5221
8506
9229
8381
7489
6337
3391
-1031
-5234
-7703
-7958
-6978
-5937
-4156
151
5221
8680
10142
10009
9054
7394
5169
1818
-2526
-5824
-5649
-1374
3515
6187
7470
9694
13871
15995
12567
5806
-281
-1971
-1393
-4111
-8732
-10602
-5943
2707
6731
5913
5020
7638
12476
11850
5179
-1923
-5204
-5453
-7477
-11249
-13419
-12002
-7553
-3772
-2735
-2698
-2035
-1301
-1973
-3778
-5122
-6196
-6568
-5252
-3576
-2315
-2203
-2761
-2631
-2725
-3580
-5349
-7241
-7014
-5461
-4007
-2453
-475
2906
6480
8385
8802
8316
7706
6198
2477
-1683
-4784
-6556
-6878
-6500
-5378
-2887
1270
5613
8370
9546
9300
8370
6880
4598
1746
-1695
-4405
-4344
-374
4893
7662
8295
9577
13144
15460
12156
5180
-1255
-3258
-2045
-3799
-7749
-9495
-5615
3063
8179
7831
6134
6880
11004
11289
5492
-1440
-5324
-5714
-7199
-10060
-12073
-11885
-8536
-4941
-3443
-3216
-2897
-2425
-3109
-4234
-4725
-5430
-5983
-5004
-2707
-581
-310
-1594
-2511
-3344
-4431
-6325
-8907
-9908
-8749
-6056
-3429
-823
3024
6513
8680
10062
10316
9490
6843
2632
-1308
-4360
-6129
-7499
-8485
-7096
-3469
882
4343
6604
8316
9085
9012
7545
4542
1712
-390
-2475
-3619
-626
5172
8595
9058
9840
12755
14818
11975
5177
-2293
-5042
-3673
-5137
-8487
-9627
-5527
3034
8729
9334
7423
7635
11493
11036
4900
-1656
-5569
-6542
-8253
-10417
-12166
-12512
-9290
-5804
-4413
-4000
-3235
-2426
-2980
-3742
-4208
-4888
-4728
-3538
-2211
-829
219
-198
-2013
-3899
-5104
-6647
-8711
-10103
-10075
-8140
-4394
-491
2927
5908
8768
11455
12510
11521
8402
3833
272
-2231
-4902
-7526
-9037
-7832
-4517
-527
2960
5060
6667
7936
8465
7485
5175
3188
1498
-334
-1479
367
4998
8247
8906
9180
11257
13946
12456
6461
-200
-4206
-4211
-4695
-7594
-9358
-7346
-96
7212
9289
8108
7342
9963
11710
7741
1156
-4162
-6338
-7167
-9128
-11985
-13673
-11505
-7379
-4912
-4560
-4490
-3159
-1748
-1568
-2415
-3417
-3466
-2399
-1701
-1442
-1067
-1785
-3401
-5490
-6954
-7311
-8558
-9653
-9294
-7186
-3165
372
3021
5281
7504
10375
11421
9927
7067
3577
965
-1356
-4092
-6678
-7910
-6440
-3697
-834
1958
3939
5417
6222
6454
5960
4697
3819
2726
715
-600
907
5353
8533
8477
8268
9758
12564
12113
6582
141
-3939
-3704
-3064
-5443
-7571
-6943
-921
7123
9478
7433
5187
6881
10277
7922
1527
-4642
-7149
-6312
-7180
-10476
-13444
-12520
-8280
-5319
-5136
-5926
-4935
-2527
-1187
-1016
-1245
-1221
-727
-618
-887
-1408
-3391
-6211
-8562
-9517
-8982
-9235
-9556
-8585
-5835
-1056
2445
4387
6165
7938
10218
10650
8711
5848
2385
-43
-1841
-4239
-6193
-6571
-4755
-1984
618
2953
4560
5302
5570
5316
4255
2937
2334
1667
448
306
3454
8478
10995
10407
9589
11002
12826
10185
3602
-3235
-6226
-4245
-3528
-5680
-7337
-4601
3739
10363
11016
7907
5860
8716
10292
5360
-2273
-7549
-8268
-8029
-9464
-11393
-12260
-9733
-5509
-3302
-3259
-3323
-2430
-2054
-2565
-2268
-1758
-2248
-2557
-2119
-963
-343
-2063
-5125
-7727
-8188
-8035
-9649
-10914
-10143
-6886
-2292
1336
3947
6287
9167
11806
12002
9937
6908
3480
75
-2868
-5640
-7834
-8187
-6568
-3883
-1000
1906
4634
6232
6678
6616
5731
4608
3649
2127
248
-641
2272
7032
9044
9092
9105
11049
12967
10267
4325
-2272
-5247
-3491
-3623
-5840
-7169
-4412
3516
9524
10040
7149
5713
8959
10007
4714
-2694
-7742
-8473
-8851
-10994
-13208
-13814
-10448
-5864
-3934
-3339
-2158
-345
328
-820
-1298
-1061
-1737
-2540
-3144
-2748
-2103
-3462
-5837
-8135
-8659
-7908
-8876
-9522
-8289
-5442
-1397
2016
4781
7068
8998
10374
9935
8310
6304
3407
-227
-3342
-5317
-6641
-6878
-5837
-4063
-1402
1842
4528
5751
5975
6189
6042
5538
4584
2697
452
-191
2776
6978
8268
7753
8015
10139
12106
9610
3596
-2391
-4366
-2154
-2200
-4754
-6219
-3101
5155
10461
9816
6664
5774
9548
10168
4414
-2991
-7569
-7732
-8367
-11040
-13515
-13936
-10477
-6015
-3893
-3245
-1870
261
974
306
-83
-607
-1714
-2231
-2173
-2583
-3437
-4783
-6543
-7941
-8563
-8761
-9303
-8826
-6698
-4305
-1446
1892
5146
7676
9061
9410
8667
7489
6009
2868
-1059
-3629
-4953
-5734
-5513
-4327
-2984
-867
2037
4552
5756
5581
5370
5335
5274
4790
2821
40
-317
3558
7968
8680
7434
7522
9939
11491
8184
1563
-4258
-4682
-1927
-2375
-5102
-6110
-1700
6529
10629
9002
5611
5642
9351
8663
2139
-4805
-8195
-8369
-9453
-11904
-13840
-13500
-9795
-5903
-4248
-3151
-1285
410
625
295
190
-498
-1794
-2444
-2522
-2671
-3710
-5550
-7210
-8313
-8699
-9432
-9753
-8269
-5738
-3406
-776
2831
6450
8771
9331
8579
7625
6767
4977
1279
-2926
-4832
-5075
-5219
-4837
-3805
-1870
925
3859
5849
6045
5424
5024
4669
4395
3579
1334
-873
539
5792
9840
9511
8193
9260
11779
11760
6766
-1076
-5880
-4317
-2073
-3772
-6620
-5681
1599
9356
11050
8171
5813
8056
10660
7177
-333
-6231
-7983
-8359
-10311
-12593
-13342
-11378
-7323
-4245
-3123
-1732
-36
641
136
-588
-937
-1981
-3110
-3056
-2575
-2691
-3620
-4865
-5847
-6539
-7568
-8799
-9194
-7814
-5311
-3351
-1154
2473
6177
8865
9639
8717
7533
6391
4576
733
-3772
-6020
-6569
-6153
-5118
-4152
-2189
1166
4988
7307
7174
6318
5724
5409
4782
2913
-202
-2342
257
5736
8634
8203
7786
10091
12421
11155
5771
-1836
-5206
-3262
-2368
-4728
-7273
-4820
3059
9387
9925
6899
6049
9153
10194
5248
-2101
-6672
-7944
-9044
-11323
-13432
-13315
-10276
-6441
-4349
-3392
-1449
474
620
-391
-1371
-1886
-2451
-2806
-2734
-2937
-3653
-4789
-5574
-6071
-7226
-9221
-10114
-8428
-5424
-2990
-1874
194
4344
8509
10224
8463
5862
5372
5340
3040
-1768
-5910
-6670
-5723
-4385
-3509
-2663
338
4503
7711
8558
7642
6565
5464
4347
2967
727
-2139
-2655
1552
6972
9499
9348
9290
11535
13182
10630
3582
-3709
-5547
-3810
-3827
-6387
-7635
-3151
5060
10285
9606
6971
7578
9864
8557
2528
-4385
-8047
-9332
-10845
-12568
-13142
-11337
-7743
-4337
-2434
-898
773
1219
229
-1368
-2462
-3204
-4294
-4706
-4079
-3384
-3515
-4144
-4337
-4489
-5439
-7277
-8218
-7129
-4648
-2645
-1872
272
4516
8554
9860
7817
5796
5667
5268
2296
-2823
-6566
-7102
-5855
-4611
-3872
-2300
1376
5863
8589
9089
8435
7353
6144
4479
2281
-349
-3337
-3812
164
5322
8191
8417
9208
12220
13988
11406
4437
-2618
-4361
-3025
-3844
-6865
-8356
-3894
4105
8768
8175
6047
7024
9617
8352
2463
-3976
-7493
-8827
-10448
-12402
-13181
-11632
-8134
-4811
-2580
-882
786
1436
708
-593
-2088
-3466
-4755
-5163
-4632
-4291
-4664
-4824
-4627
-4682
-5653
-7176
-7457
-5994
-3799
-2179
-1252
1030
5068
8451
9107
7030
5168
5141
4273
478
-4045
-6627
-6765
-5726
-4799
-3904
-1942
1995
6472
8744
8887
8385
7551
6335
4479
2113
-768
-3547
-3310
1015
5847
8374
8621
9582
12635
14108
10852
3552
-2852
-4246
-3256
-4273
-7266
-8253
-3295
4585
9069
8443
6485
7408
9399
7681
1968
-4378
-8157
-9601
-10870
-12113
-12599
-11340
-7925
-4361
-1796
-236
424
470
-104
-883
-2048
-3730
-5002
-5124
-3854
-2821
-3033
-3265
-3485
-3627
-4607
-6335
-7027
-6949
-5331
-3283
-1820
1064
4940
8408
9741
8914
7757
6608
4502
476
-3920
-6578
-7599
-7376
-6437
-4982
-2029
2262
6500
9060
9788
9476
8620
7250
5020
2339
-675
-3522
-4200
-852
4356
7251
7855
9179
12518
14800
12283
5879
-1039
-3606
-2997
-4446
-7472
-9186
-5622
2103
7361
8200
6512
6711
9318
8675
3705
-2815
-7366
-9023
-10421
-11633
-12874
-12702
-9542
-5703
-2869
-1276
-463
97
-111
-795
-1742
-3310
-4408
-4408
-3867
-3547
-3621
-4065
-4596
-5077
-5681
-6403
-6795
-6087
-4354
-2402
-560
1961
5233
7748
8556
7914
6846
6002
3799
-152
-3840
-6182
-6947
-6862
-6193
-4514
-1480
3023
7108
9131
9487
9021
8290
6734
4245
1686
-1053
-3656
-4173
-1089
3749
6905
7936
8982
12157
14622
12407
6294
-249
-3077
-3130
-4375
-7065
-9015
-6239
1214
6952
8221
6734
6424
8642
8679
4630
-1718
-6649
-8481
-9559
-10624
-11845
-12015
-9635
-6023
-2953
-1676
-1384
-818
-654
-1099
-1918
-2911
-3650
-4080
-3793
-2686
-1973
-2365
-3252
-4399
-4998
-5139
-5750
-6541
-6765
-4766
-1438
1412
4488
6673
8049
9366
9646
8314
4572
461
-2115
-4468
-6444
-7694
-7810
-5851
-2331
1924
5247
7632
9354
9688
8958
7530
5629
3224
721
-1943
-4009
-2859
1946
6173
7166
7980
10915
14138
13851
9119
2380
-2584
-3295
-3408
-6097
-8996
-8609
-2640
4763
8071
7124
5240
7132
9793
7401
1100
-4934
-7501
-8085
-9297
-11422
-13206
-11945
-8049
-4481
-3348
-3313
-2312
-1242
-1220
-1656
-2140
-2901
-3067
-2826
-2219
-1492
-2202
-3726
-5505
-6322
-5888
-6600
-7501
-7235
-5401
-1883
1236
3802
5744
7060
8953
9497
8081
4980
1082
-1440
-3571
-5577
-7146
-7802
-5976
-2545
1321
4746
7030
8255
8646
8542
7280
5094
2913
972
-1075
-2675
-1887
1439
5428
7625
8284
10014
12612
13431
9899
3775
-1103
-3430
-3574
-4910
-7543
-8076
-4308
3062
7805
7360
5571
5648
8113
7903
2846
-3148
-7145
-7570
-7679
-9757
-11833
-12024
-9068
-5285
-3735
-4027
-3979
-2903
-2184
-1893
-1741
-2112
-2628
-2665
-1500
-237
-589
-2594
-5104
-5987
-5357
-5539
-7403
-8841
-7209
-3268
591
3017
4485
6356
8959
10884
10166
6870
3008
355
-1552
-3817
-6127
-7436
-6538
-3388
244
3254
5584
6964
7844
8300
8009
6390
4028
2283
496
-1146
-1462
232
3831
6537
7937
9635
11284
12441
10546
5519
536
-2784
-3358
-3960
-6264
-7278
-5494
135
5828
6638
5099
4327
6218
7342
3824
-1285
-5576
-7083
-6951
-8405
-10644
-11707
-9729
-6486
-4826
-4730
-4787
-3938
-3296
-2793
-2064
-1786
-2162
-2531
-1811
-526
-159
-1975
-5205
-6701
-5989
-5449
-6679
-8374
-7722
-4112
493
3014
3924
5274
7625
9940
9602
6781
3286
537
-1086
-2816
-4832
-6226
-5925
-3425
-313
2662
4985
5928
6431
7060
7505
6667
4655
2628
956
199
453
1206
3375
6032
7739
9089
9894
10386
9144
5164
1156
-2110
-3261
-3143
-4613
-5342
-3981
53
5112
6146
4743
3582
4113
5390
2847
-1638
-5196
-6859
-6788
-7864
-9532
-10314
-9212
-6438
-4739
-4428
-4333
-4055
-3835
-3572
-2696
-2133
-2681
-3017
-1999
-424
357
-976
-4074
-6023
-5706
-5160
-6382
-8590
-8420
-5114
-585
2618
3736
5032
7478
10074
10577
8140
4822
1735
-521
-2214
-4346
-5856
-6048
-4253
-1154
1788
4622
6239
6654
7152
7789
7655
6010
3834
2027
599
478
1421
3137
5328
7041
8427
9517
10398
9697
5654
1489
-1047
-2152
-2309
-3817
-4640
-3462
-54
4859
5915
4404
3641
3801
4571
2305
-1890
-5175
-7068
-7189
-8061
-9580
-9778
-8596
-6504
-4884
-4028
-3920
-3956
-3444
-3217
-3089
-2659
-2944
-3470
-2844
-1382
-544
-1542
-3975
-5849
-6218
-5690
-6259
-8272
-8668
-5879
-1812
1604
3406
4578
6678
9236
10522
8646
5355
2355
-20
-1722
-3774
-5468
-6049
-4824
-2006
706
3223
5007
5744
6513
7338
7712
6665
4486
2673
1272
602
1244
3038
5259
6657
7891
9233
10242
9670
6106
1996
-911
-2017
-1769
-3112
-4372
-3249
105
4703
5996
4340
3221
3398
4473
2699
-1837
-5465
-7178
-7035
-7778
-9508
-10068
-9002
-6216
-4136
-3607
-3489
-3584
-3245
-3117
-3319
-3168
-3561
-3967
-3345
-2244
-1166
-1718
-4140
-6082
-6400
-5612
-5857
-7506
-7894
-5619
-1422
2277
3624
4148
5781
8171
9465
8123
5184
2176
-62
-1163
-2502
-4060
-4819
-3931
-1244
1474
3696
5219
5721
6249
7053
7492
6378
4083
2352
1361
1331
2467
4703
6744
7853
8952
9851
10237
8400
4212
591
-1960
-2321
-2067
-3266
-3073
-1214
2448
6483
6970
5370
3810
3707
3932
811
-3701
-7017
-8489
-8216
-8651
-9516
-9547
-7889
-4835
-2979
-2423
-2478
-2899
-2848
-3219
-4014
-4366
-4911
-5218
-4626
-3312
-1711
-1600
-3134
-4728
-5425
-5185
-5965
-7853
-8741
-7056
-3111
793
2987
4264
6250
8951
10191
8714
5830
2746
44
-1642
-3014
-4502
-5440
-4565
-1850
728
3094
5073
5974
6426
6869
7347
6449
4346
2604
1106
530
1530
4062
6311
7439
8929
9971
10534
9504
5246
998
-1996
-2991
-2870
-4225
-4225
-2397
1030
5761
7173
5683
4388
4293
4640
1992
-2717
-6653
-8824
-8767
-9183
-10177
-10166
-8549
-5276
-2874
-1904
-1663
-2072
-2323
-2748
-3800
-4420
-4734
-5081
-4715
-3627
-2207
-2017
-3639
-4997
-5736
-5668
-5630
-6742
-7190
-5631
-2041
1873
3791
4540
5770
7362
8307
7318
4798
1872
-627
-1869
-2566
-3533
-4035
-3019
-515
2077
4307
5692
6183
6380
6313
6097
4916
2941
1187
310
684
2628
5902
8228
9387
10350
11037
11244
8671
3838
-559
-3610
-3776
-3606
-4480
-3684
-1087
3762
8138
8725
7206
5270
4969
4493
401
-4864
-8865
-10216
-9881
-10244
-10237
-9223
-6675
-3260
-1259
-646
-718
-1119
-2057
-3722
-5386
-5978
-6222
-6340
-5730
-4236
-2243
-1298
-2052
-3287
-4347
-4796
-5596
-7166
-7777
-6940
-3760
359
2932
4451
6098
8103
9113
8138
5796
2600
-370
-2232
-3303
-4366
-5210
-3997
-1125
1540
3960
5787
6836
7150
6954
6412
4813
2607
762
-329
-444
1452
5128
7945
9466
10793
11675
11796
9420
4542
-340
-3899
-4588
-4785
-5861
-5216
-2526
2472
7413
8635
7537
5942
5814
5603
1432
-4137
-8460
-10313
-10352
-10953
-11093
-9831
-7142
-3513
-1148
-309
-127
-603
-1625
-3468
-5370
-6256
-6862
-7126
-6376
-4667
-2656
-1729
-2106
-2924
-3591
-4166
-5111
-6497
-7298
-6334
-3689
-363
2415
4180
5758
7458
8474
7751
5575
2780
-84
-2130
-3277
-4227
-4830
-3766
-1024
1791
4193
6030
7095
7680
7433
6551
4993
2864
918
-317
-478
770
4152
7631
9480
10927
11863
12422
10924
6603
1760
-2588
-4176
-4337
-5637
-5558
-3742
624
6257
8472
8077
6322
5783
6316
3304
-1974
-6879
-9446
-9747
-10415
-10846
-10325
-8489
-4968
-1999
-628
-116
-329
-1062
-2551
-4183
-5075
-6165
-6950
-6536
-5240
-3356
-2530
-3043
-3765
-4360
-4303
-4626
-5718
-6306
-5738
-3140
-19
2196
3852
4831
6092
7279
6708
4682
1940
-560
-2054
-2947
-3578
-4064
-3041
-234
2535
4517
5718
6571
6964
6491
5634
4110
2232
999
128
-82
844
3935
7752
9757
10903
11386
11738
10721
6725
1928
-2772
-4987
-4756
-5646
-5718
-4541
-655
5172
7826
7828
5993
5000
5779
3488
-1284
-6101
-8869
-9078
-9661
-10051
-9761
-8514
-5608
-3026
-1805
-1709
-2083
-2340
-3314
-4159
-4542
-5532
-6126
-5513
-4058
-2248
-1577
-2172
-2913
-3746
-4170
-4979
-6713
-7531
-7018
-4636
-1239
1257
3577
5514
7160
8524
7979
6021
2991
-130
-1981
-3275
-4259
-4769
-3765
-1177
1766
4283
5832
6858
7244
6862
5824
4020
2376
1000
-46
-164
839
3735
7619
10264
11433
11712
12480
12172
8573
3473
-1633
-4526
-4818
-5775
-6580
-5949
-2696
3380
7090
7741
6631
5738
6733
5458
1176
-3896
-7235
-7941
-8924
-9960
-10127
-9325
-6761
-4279
-2690
-2156
-2517
-2404
-3004
-3984
-4373
-5279
-5768
-5077
-3937
-2449
-1969
-2480
-3119
-4026
-4513
-5292
-6527
-6873
-6194
-4232
-1407
993
3241
4991
6065
6904
6789
5606
3377
575
-1585
-2770
-3285
-3527
-3088
-1248
1476
4150
5818
6583
6764
6389
5694
4322
2693
1265
139
337
1502
4148
7617
9744
10895
11291
11864
11220
7500
2610
-1806
-4026
-4288
-5025
-5654
-4916
-1713
3450
6684
6995
5632
4762
5251
4054
287
-4103
-6873
-7447
-8061
-8929
-9285
-8790
-6728
-4529
-3241
-3073
-3662
-3815
-4083
-4552
-4477
-4846
-5118
-4406
-3133
-1671
-1383
-2194
-3384
-4847
-5429
-5933
-7201
-7827
-7034
-4632
-1478
1311
3708
5609
6925
7719
7345
5460
2729
-282
-2506
-3763
-4312
-4204
-3147
-953
1788
4505
6319
7016
6809
6022
5128
3807
2176
898
57
155
1518
4430
7957
10247
11312
11720
12107
11389
7724
2722
-1858
-4349
-4761
-5200
-5616
-4773
-1348
3851
7385
7799
6445
5329
5553
4581
713
-3888
-6849
-7604
-7933
-8477
-8529
-7981
-6119
-3829
-2688
-2738
-3559
-4003
-4501
-5179
-5016
-5007
-5043
-3927
-2377
-905
-544
-1277
-2468
-4263
-5282
-6113
-7609
-8069
-6987
-4981
-1925
1331
3992
5875
6788
7390
7089
5487
3106
-198
-3012
-4029
-4178
-3973
-3181
-1157
1588
4466
6760
7444
6887
5825
4854
3571
1818
567
-320
-285
1715
5110
8703
10600
11333
11695
11756
10640
6688
1177
-3207
-4948
-4788
-4984
-4989
-3684
-121
5247
8452
8390
6426
4993
4824
3096
-970
-5622
-8508
-8838
-8677
-8664
-8378
-7679
-5505
-3085
-2051
-2444
-3670
-4435
-5071
-5906
-6047
-5935
-5780
-4316
-2303
-574
3
-806
-1966
-3747
-5128
-6297
-7850
-8493
-7721
-5406
-2190
1059
4093
6186
7571
8455
8020
6182
3373
162
-2722
-4484
-5029
-4902
-3819
-1530
1433
4341
6462
7456
7180
6128
4883
3520
1928
432
-393
-330
1319
4856
8485
10310
10933
11329
11600
10150
6098
899
-3693
-5210
-4616
-4565
-4383
-2787
1282
6443
9356
9210
7123
5576
5309
3345
-1128
-5917
-8574
-8815
-8749
-8643
-8060
-7033
-4662
-2146
-1208
-1661
-2798
-3564
-4484
-5721
-6050
-6228
-6000
-4561
-2623
-708
19
-590
-1610
-3469
-5165
-6817
-8788
-9253
-8429
-6043
-2223
1226
4627
7323
8751
9529
8639
6149
2864
-698
-3613
-5423
-5941
-5594
-4269
-1697
1440
4608
7016
8230
8065
6946
5620
3861
1914
162
-978
-912
1195
5238
8746
10371
11059
11714
11920
9762
4994
-623
-4740
-5702
-5252
-5228
-4745
-2521
2593
8185
10391
9597
7750
6683
5842
2613
-2653
-7628
-10283
-10601
-10624
-10397
-9291
-7199
-4280
-1594
-419
-932
-1976
-2922
-4392
-5871
-6219
-6236
-5981
-4826
-2974
-1194
-570
-1100
-2355
-4431
-6158
-7248
-8428
-8675
-7621
-5039
-1178
2701
6057
8011
8629
9031
8213
5671
2182
-1587
-4450
-5831
-5860
-5326
-3956
-1041
2436
5508
7504
8221
7726
6439
5062
2989
787
-794
-1467
-726
1823
6052
9396
10797
11522
12121
11496
8324
3280
-2040
-5645
-6334
-5769
-5249
-3875
-443
5094
9934
11460
10422
8554
7187
5177
705
-4837
-9054
-10952
-11260
-10972
-9905
-7963
-5324
-2381
-281
480
19
-1120
-2667
-4798
-6517
-7026
-6830
-6164
-4777
-2659
-569
119
-434
-1823
-4158
-6455
-8236
-9328
-9350
-7982
-4689
-579
3658
7580
9704
10099
9753
8414
5235
1091
-2810
-5942
-7451
-7382
-6332
-4094
-740
3390
6972
9137
10023
9416
7763
5148
2235
-222
-2009
-2667
-1540
1886
6167
9682
11655
12385
12737
11182
7137
1797
-3458
-6493
-7353
-6853
-5678
-3592
942
6889
11132
12156
11337
10028
7952
4441
-885
-6658
-10809
-12738
-13184
-12694
-10713
-7518
-3911
-718
1381
2208
1705
200
-2053
-4899
-6700
-7064
-7111
-6579
-5157
-3133
-1837
-1476
-1834
-3303
-5258
-7036
-8052
-8417
-7607
-5384
-2543
1013
4903
8037
9531
9142
7913
5949
2824
-793
-4501
-7281
-8011
-7210
-5225
-2370
1293
5051
8229
10264
10418
9058
6612
3636
567
-1838
-3093
-3078
-822
3369
7454
10346
12057
12947
11948
8808
4437
-884
-5213
-7373
-7774
-7060
-5247
-1218
4080
8759
11683
12071
11288
9816
6564
1544
-4279
-8944
-11942
-13692
-13653
-12011
-8974
-4982
-1157
1572
2975
3572
2868
446
-2613
-5518
-7411
-7820
-7419
-6228
-4401
-2261
-279
450
-63
-1812
-4630
-6999
-8143
-8317
-7655
-5785
-2382
2170
6641
9890
10910
10038
8746
6607
2656
-2161
-6210
-8531
-9075
-8074
-5860
-2564
1614
6107
9780
11456
11555
10258
7405
3706
133
-2564
-4232
-4126
-1353
2707
6577
9891
12131
13084
12194
9070
4358
-887
-4816
-7184
-8124
-7387
-5378
-1179
4230
8492
10883
11620
11674
10200
6228
973
-4574
-9112
-12239
-14193
-14308
-12607
-9229
-4933
-1277
1485
3223
3925
3158
634
-2474
-5118
-6706
-7168
-7004
-6149
-4683
-3246
-1912
-1391
-2038
-3512
-5554
-6766
-7068
-6763
-5335
-3580
-700
3248
6718
9171
9454
8325
6715
4351
981
-3403
-6823
-8440
-8445
-6962
-4355
-852
3011
7052
10168
11327
10653
8530
5519
2128
-952
-2995
-3627
-2193
971
4669
7932
10621
12302
11813
9294
5587
1294
-2802
-5853
-7609
-7912
-6488
-2699
2364
6366
9286
11259
12181
11504
8215
2962
-2662
-7268
-10689
-13567
-14829
-13660
-10569
-6306
-2248
831
2836
4179
4436
2711
-376
-3630
-6132
-7428
-7335
-5963
-4463
-3206
-1461
-24
121
-1220
-3777
-6499
-8005
-7542
-6543
-5667
-3202
898
5577
9590
11125
10296
8500
6863
4204
-621
-5720
-9044
-10234
-9445
-7266
-4232
-396
4367
9217
12135
12511
11107
8511
4963
1218
-1924
-4464
-4990
-2233
1665
5010
8374
11382
12688
11816
9444
5349
245
-3417
-5916
-7610
-7819
-5992
-1705
3172
7228
9865
11157
12198
11285
7217
1571
-3893
-8225
-11943
-14260
-14665
-13504
-10148
-5421
-1355
1321
3228
4420
3666
1328
-1356
-4245
-6592
-7631
-7315
-6273
-4898
-3476
-2207
-1412
-1232
-2168
-4386
-6247
-6901
-6588
-5579
-4103
-1603
1988
5866
8925
9954
9236
7734
5431
2085
-2147
-6044
-8580
-9418
-8332
-5864
-2665
1337
5749
9469
11615
11818
10072
6918
3291
-24
-2900
-4642
-3796
-960
2397
5798
9025
11510
12021
10376
7385
3263
-589
-3639
-6165
-7409
-7137
-4337
385
4450
7320
9388
11279
12095
9961
5381
-213
-5020
-8729
-12108
-13964
-13958
-12080
-8300
-4036
-476
1991
3598
4234
3035
414
-2370
-5155
-7360
-7835
-6733
-4798
-3124
-1749
-326
130
-389
-2509
-5799
-8130
-8765
-7792
-6482
-4745
-1070
3617
8095
11027
11316
10064
8092
5493
1303
-3783
-7781
-10190
-10453
-8926
-6244
-2477
2136
7156
11007
12868
12697
10593
7364
3443
-270
-3601
-5485
-4226
-854
2903
6237
9688
12529
12863
11245
7913
3093
-1172
-4195
-6571
-8229
-8010
-4596
299
4504
7549
9450
11252
12073
9802
4767
-981
-5662
-9495
-12742
-14245
-14013
-11900
-7872
-3345
81
2326
3828
4027
2314
-183
-2384
-5034
-7105
-7462
-6433
-4612
-3308
-2294
-1647
-1437
-1310
-2686
-5117
-6774
-7043
-5933
-4563
-2945
-237
3109
6807
9348
9510
8281
6330
3651
-11
-4028
-7420
-9539
-9361
-7417
-4589
-1084
3259
7564
10549
11928
11147
8517
4994
1629
-1247
-3630
-3630
-1503
1325
4476
7725
10681
11565
10499
8183
4388
708
-2362
-5033
-6851
-7302
-5028
-934
3023
6128
8033
9978
11561
10480
6660
1378
-3513
-7389
-10910
-13350
-14033
-12943
-9544
-5212
-1519
1186
3260
4360
3376
951
-1793
-4578
-6875
-7587
-6672
-5045
-3166
-1471
-338
243
-81
-1995
-5160
-7585
-8200
-7777
-6691
-4841
-1967
2317
6986
10063
10741
9969
8827
6383
2238
-2356
-6396
-9438
-10559
-9534
-7376
-4158
640
6007
9847
12005
12729
11359
8190
4418
830
-2704
-4901
-3774
-970
2187
5627
8861
11499
12383
11331
8145
3316
-498
-3243
-5625
-7344
-7631
-4868
-205
4213
7146
8665
10435
11658
9974
5527
-122
-5061
-9057
-12181
-13867
-14217
-12480
-8694
-4394
-909
1645
3459
3771
2425
385
-1852
-4235
-6152
-6951
-6599
-5215
-3432
-2316
-1954
-1532
-1274
-2357
-4304
-5880
-6505
-5898
-4525
-2638
-408
2694
6334
8722
9479
8799
6855
4032
620
-2722
-6115
-8716
-9158
-7782
-5387
-2130
1974
5857
8941
10978
11018
8875
5775
2936
290
-1894
-2051
-627
1341
3823
6681
9024
9422
8648
6804
3453
455
-2067
-4160
-5508
-6026
-3957
-343
3260
6165
7876
9544
10570
9459
6022
1076
-3425
-7412
-10949
-12969
-13798
-12857
-9785
-5910
-2484
131
2490
3781
2964
933
-1539
-3980
-5828
-6921
-7009
-6080
-4107
-1982
-1039
-761
-1035
-2173
-3804
-5436
-6832
-7279
-6144
-3881
-1218
1791
5191
8213
9847
9962
8723
6260
2853
-765
-4081
-6978
-8538
-8279
-6473
-3518
48
4138
7638
9974
11161
10214
7970
5165
2368
121
-970
-322
1113
2978
5254
7673
8858
8157
6752
4259
1265
-1395
-3614
-4784
-5551
-4350
-1106
1955
5041
7378
9126
10474
9762
7173
2817
-1846
-5852
-9943
-12610
-13642
-13331
-10967
-7284
-3657
-994
1498
3419
3296
1766
-356
-2511
-4165
-5274
-5955
-6004
-4831
-2952
-1816
-1605
-1899
-2634
-3699
-4743
-5560
-6336
-5959
-4060
-1469
1321
3945
6342
8070
8952
8541
6427
3278
-105
-3248
-5898
-7708
-8182
-7297
-4922
-1345
2537
5806
8419
9926
9612
7983
5772
3129
960
199
606
1521
2723
4738
6596
7423
6854
5162
3087
956
-879
-2895
-4357
-4496
-3107
-315
2489
4856
6897
8883
10322
9469
6426
2491
-1419
-5283
-9165
-12175
-13538
-13235
-11190
-7914
-4678
-1794
1046
3066
3336
2111
-24
-2407
-4442
-5746
-6394
-6410
-5236
-3280
-1600
-745
-980
-1918
-3247
-4571
-5481
-6372
-6335
-4764
-2416
629
3598
5921
7789
8744
8648
7181
4666
1569
-1817
-4527
-6520
-7435
-6989
-5525
-2851
660
4279
7376
9271
9573
8644
7211
5172
2928
1664
1455
1734
2583
4106
5640
6421
6144
4722
2694
1023
-468
-2367
-3839
-4011
-2663
-85
2711
4764
6400
8432
10310
10033
7153
3436
-324
-3865
-7535
-10888
-12798
-12948
-11132
-8336
-5577
-3016
-405
1793
2768
2487
931
-1239
-2938
-4293
-5355
-5624
-5348
-4656
-3445
-2159
-1582
-2056
-2859
-3721
-4553
-4597
-4582
-4372
-3131
-667
2305
4388
5838
6794
6854
6420
5098
2501
-631
-3301
-4796
-5734
-5755
-4860
-3304
-617
2623
5660
7341
7594
7250
6313
5189
4141
3114
2408
2496
3314
4155
4888
4983
4053
2665
1505
585
-743
-2020
-2533
-2632
-1274
970
2685
4099
5500
7255
8342
7884
5785
2345
-878
-3609
-6613
-9610
-11428
-11366
-10289
-8281
-5705
-3710
-1674
392
1379
1081
56
-1018
-2362
-3737
-4269
-4467
-4466
-4012
-3425
-2945
-2723
-2793
-3173
-4155
-4350
-3407
-2848
-2094
-909
578
2625
4462
5359
5041
4435
4183
3150
1373
-752
-2797
-3719
-3648
-3002
-2258
-1239
677
3136
5099
6063
5968
5435
5289
5191
5132
4863
4433
4485
4824
5355
4945
3407
1611
103
-579
-1146
-1854
-2148
-1884
-293
2289
4172
5185
5819
6907
7962
7382
5355
2409
-740
-3453
-5974
-8189
-9871
-10315
-8964
-7015
-5328
-3626
-1906
-711
-110
-78
-800
-1997
-2920
-3389
-4136
-4638
-4677
-4671
-4248
-3514
-2828
-2694
-2983
-2740
-2438
-2355
-1937
-1623
-1059
15
1290
2445
2974
3188
3295
3213
2942
1850
383
-687
-1361
-1584
-1619
-1267
-520
678
2009
3092
3919
4403
4848
5203
5739
6201
6098
5697
5119
4561
3917
2614
952
-730
-1634
-1789
-1985
-1754
-813
576
2760
4616
5425
5790
6054
6527
5854
3961
1685
-830
-2716
-4360
-6166
-7329
-7512
-6754
-5510
-4292
-3102
-2299
-1637
-1057
-1178
-1706
-2178
-2743
-3430
-4052
-4457
-4995
-5581
-5437
-5083
-4581
-3782
-2902
-2122
-1723
-920
-63
2
95
545
1057
1380
1568
1554
1051
702
636
125
-495
-652
-449
-114
534
1144
1269
1661
2550
3010
2603
2251
2680
3413
4515
5809
6411
6561
6470
6102
4974
2545
293
-1420
-2545
-2702
-2678
-2327
-1189
675
3381
5529
6535
6929
6751
7017
6335
3934
1297
-1104
-2938
-4481
-5933
-6578
-6448
-5275
-3674
-2722
-1923
-1001
-313
-365
-1208
-2007
-2684
-3486
-3837
-4273
-4922
-5235
-5495
-5777
-5628
-5063
-4432
-3990
-2993
-1263
287
1142
1452
1843
2368
2536
2082
1063
22
-566
-1013
-1582
-2285
-2663
-2040
-747
522
1443
2260
3367
4212
4378
4164
3465
2431
2006
2488
3621
4794
5443
6088
6156
5731
4710
2131
-844
-3150
-4048
-3857
-3368
-2419
-925
1874
5239
7402
8053
8050
7968
7338
5803
3249
-119
-3218
-5089
-6262
-7323
-7553
-6506
-4642
-2500
-424
869
1222
1170
1011
248
-1270
-2762
-3912
-4407
-4516
-4827
-5458
-6282
-6468
-6205
-6318
-6347
-5859
-4624
-2817
-727
1298
2729
3865
4726
4802
4009
2593
692
-1180
-2638
-3653
-4473
-4976
-4651
-3395
-1457
398
1792
3142
4523
5528
5700
4893
3381
2422
2731
3555
4063
4217
4782
5324
5375
4315
1478
-1504
-3638
-4832
-5084
-5091
-3953
-1302
2470
6467
8920
10105
10419
10097
9220
6646
2938
-872
-3946
-5925
-7529
-8554
-8308
-6673
-4018
-1392
587
1855
2671
3348
3046
1296
-687
-2124
-3186
-4088
-4869
-5456
-6134
-6369
-6124
-6253
-6402
-6308
-5828
-4754
-3244
-1310
349
1910
4024
5679
6467
5880
4431
2719
671
-1208
-3134
-4804
-5330
-4801
-3593
-2005
-70
2030
3533
4769
5403
5086
4579
4213
4219
4651
5242
5707
5840
5858
5651
4398
1866
-1216
-3829
-5909
-7120
-7330
-6801
-4707
-1196
3054
6820
9431
11434
12298
11971
10018
6273
2007
-2107
-5718
-8634
-10392
-10532
-9329
-6979
-3955
-1052
1513
3354
4294
4006
2824
1494
-87
-1772
-3099
-3817
-4319
-4834
-5517
-6000
-6326
-6627
-6817
-7085
-6875
-5881
-4373
-2650
-1020
901
3167
4844
5857
5935
5189
3886
1980
-265
-2710
-4618
-5473
-5507
-4567
-2954
-1041
1063
2960
4396
4846
4454
3909
3686
4308
5331
5752
5948
6210
6500
6077
4078
1059
-2008
-4391
-5608
-6534
-7335
-7090
-4878
-1064
2700
5571
7808
10014
11845
12355
10521
6896
3085
-536
-4298
-7582
-9973
-10693
-9531
-7149
-4163
-1557
763
2986
4446
4678
3811
2296
548
-980
-1961
-3021
-4110
-4822
-5070
-4798
-4776
-5104
-5266
-5359
-4906
-4242
-3599
-2866
-1755
52
1664
2829
3621
4089
4171
3895
3269
1972
407
-809
-1642
-2117
-2475
-2234
-1448
-325
902
1643
2305
2640
3064
4249
5681
6641
6896
7178
7354
6648
4818
1937
-1153
-3728
-5344
-6082
-6811
-6848
-5167
-2211
570
2475
3941
5445
7068
8166
7684
5953
4039
2383
416
-2062
-4472
-6322
-6771
-6072
-5139
-4125
-3121
-1688
-334
437
1120
1095
939
955
940
851
-130
-1356
-2687
-3896
-4514
-5208
-5869
-6178
-5659
-4271
-2831
-1831
-1202
-312
779
1423
1395
751
272
140
237
440
333
440
868
1399
1888
1786
1548
1487
1180
897
255
-508
-737
167
2017
3848
5192
6271
7337
7898
7449
5265
2018
-1042
-3358
-4755
-5888
-6614
-6012
-3862
-537
2149
3419
4223
5057
5759
5337
3825
2071
318
-641
-1244
-2032
-2574
-2766
-2147
-1796
-1779
-1681
-1707
-1729
-2062
-2238
-2152
-2096
-1572
-842
-336
319
653
290
-608
-1775
-2839
-3788
-4503
-4574
-4263
-3456
-1984
-687
467
1202
1199
869
143
-846
-1802
-2617
-2708
-2246
-1123
465
2068
3691
4940
5554
5484
4627
3123
1288
-688
-2172
-2645
-1735
141
2202
4335
6349
7613
7815
6623
4168
1107
-1851
-3914
-5259
-5988
-5304
-3446
-670
2268
4151
5212
5612
5569
4664
2394
-92
-2329
-3776
-4338
-4468
-3800
-2334
-277
1864
3043
3259
2812
1674
-33
-2282
-4305
-5590
-5866
-5193
-4025
-2469
-721
689
1509
1493
611
-648
-2045
-3118
-3839
-4133
-3315
-1912
-562
827
1694
1979
1586
595
-751
-2482
-3751
-4252
-4205
-3444
-1855
344
2599
4727
6679
7598
7472
6439
4549
2289
148
-1077
-1297
-971
2
1484
3130
4321
4651
4005
2406
329
-1285
-2449
-3372
-3522
-2695
-856
1472
3269
4280
4545
4388
3683
2009
-321
-2879
-4878
-6085
-6717
-6348
-5042
-2926
-460
1916
3807
4619
4612
3665
1509
-1133
-3568
-5286
-6235
-6584
-5984
-4767
-3206
-1575
-216
421
431
337
46
-453
-991
-1129
-826
-384
582
1356
1602
1608
1118
294
-1125
-2544
-3556
-4252
-4167
-3423
-2189
-525
1506
3910
5714
6804
7293
6954
6022
4728
3531
2623
1909
1382
1007
837
868
727
258
-552
-1360
-1860
-1899
-1529
-961
68
1655
3475
4705
4997
4646
4003
3080
1561
-474
-2712
-4483
-5370
-5833
-5881
-5330
-4096
-2253
-472
1149
2212
2622
2697
2068
888
-375
-1547
-2370
-2961
-3287
-3437
-3507
-3389
-3266
-3204
-3093
-2818
-2346
-1637
-684
581
1819
2744
3359
3647
3389
2575
1617
320
-1162
-2514
-3449
-3783
-3686
-3039
-2270
-1252
77
1549
2772
3721
4508
4873
4826
4669
4714
5010
5233
5002
4526
3692
2603
1118
-1036
-3245
-4843
-5602
-5435
-4802
-3312
-892
1933
4859
6705
7229
6922
5977
4346
1729
-1220
-3874
-5799
-6700
-7011
-6699
-5598
-3836
-1820
-291
666
1001
779
374
-588
-1888
-2762
-2877
-2411
-1818
-1252
-805
-577
-799
-1328
-2396
-3755
-4678
-5113
-4878
-3851
-2285
-181
2073
4119
5698
6089
5709
4663
2958
899
-1309
-3074
-4185
-4367
-3805
-2845
-1528
53
1781
3197
4058
4461
4310
3967
3718
3659
4209
4912
5371
5696
5633
5255
3854
1386
-1273
-4020
-6085
-7085
-7200
-6126
-3949
-574
3233
6042
7941
8711
8402
6935
4155
802
-2761
-5557
-7100
-8026
-7879
-6624
-4446
-1872
231
1781
2245
1811
1023
-521
-2493
-4019
-4744
-4561
-3579
-2012
-288
969
1758
2112
1376
-258
-2070
-3773
-5037
-5422
-4913
-3585
-1620
850
3543
5381
6383
6663
5981
4321
2122
-131
-2182
-3594
-4190
-4091
-3277
-1755
110
1903
3336
4232
4490
4375
4041
3569
3406
3438
3466
3511
3694
3906
3286
1981
449
-1335
-2964
-4230
-5110
-5162
-4447
-2513
55
2100
3927
5193
5878
5702
4186
1961
-719
-3126
-4809
-6235
-6838
-6442
-5240
-3461
-1651
-172
556
663
402
-574
-2116
-3449
-4437
-4787
-4406
-3439
-2121
-888
340
1294
1452
929
-95
-1229
-2327
-3130
-3332
-3250
-2451
-941
948
2843
4308
5492
5882
5446
4416
2795
913
-879
-2177
-2913
-3034
-2367
-1155
244
1783
3127
4193
4895
5197
5316
4905
4260
3497
2689
1954
825
-244
-1008
-1507
-1623
-1811
-1875
-1509
-978
-42
839
1350
1802
2201
2628
2409
1457
345
-867
-1845
-2577
-2981
-3147
-2955
-2286
-1515
-873
-615
-715
-997
-1482
-2014
-2621
-3425
-3866
-3828
-3290
-2655
-2069
-1547
-1176
-687
-420
-611
-1143
-1464
-1485
-1386
-1177
-919
-394
507
1561
2506
2996
3226
3462
3315
2800
1924
927
306
33
69
166
330
884
1465
2102
2563
2772
2939
3184
3697
3952
3899
3627
3053
2460
1491
243
-915
-2028
-2417
-2376
-2299
-1761
-1125
42
1417
2358
2863
2783
2715
2411
1353
-235
-2104
-3472
-4200
-4529
-4345
-3831
-2709
-1234
25
726
615
205
-459
-1505
-2678
-3849
-4601
-4701
-4255
-3600
-3010
-2349
-1590
-1154
-994
-1177
-1656
-2112
-2352
-2254
-1885
-1353
-517
722
2132
3423
4249
4538
4312
3763
2847
1598
173
-1119
-1634
-1345
-518
490
1768
3088
4135
4916
5174
4734
3921
3383
2970
2339
1547
886
614
319
-70
-445
-991
-1283
-1225
-1064
-1069
-1304
-997
-290
417
1203
1691
2009
2205
2116
1489
75
-1388
-2667
-3746
-4409
-4552
-4211
-3520
-2260
-894
89
732
1045
852
166
-756
-1723
-2796
-3677
-4169
-4288
-4106
-3577
-2964
-2502
-1864
-1378
-1083
-967
-1101
-1122
-1017
-713
-135
610
1683
2731
3646
4315
4372
4090
3388
2180
957
-140
-748
-760
-283
707
1854
3080
4307
5218
5777
5763
5340
4869
4094
2963
1653
449
-512
-1395
-1907
-2171
-2331
-1827
-1136
-569
-160
-12
486
828
851
793
651
703
666
428
-91
-935
-1571
-2185
-2810
-3239
-3437
-3313
-3011
-2476
-1876
-1366
-875
-528
-335
-304
-466
-791
-1307
-1903
-2499
-2930
-3260
-3586
-3677
-3465
-3054
-2573
-2035
-1525
-1025
-578
-224
151
618
1259
1911
2466
2890
3067
3071
2819
2240
1585
1020
596
457
678
1262
2019
2739
3461
4084
4622
4977
4946
4636
4113
3454
2526
1312
98
-1073
-1896
-2305
-2552
-2549
-2205
-1487
-716
-189
356
784
996
1165
1095
733
100
-564
-1157
-1784
-2450
-2910
-3152
-3099
-2838
-2363
-1953
-1647
-1216
-873
-839
-958
-1056
-1049
-1102
-1261
-1573
-1963
-2254
-2366
-2438
-2705
-2747
-2511
-2221
-1893
-1576
-1389
-1179
-1002
-777
-570
-186
469
1141
1784
2227
2433
2526
2413
2035
1601
1324
1273
1434
1887
2456
3125
3802
4370
4670
4779
4817
4649
4295
3837
3267
2489
1628
703
-65
-723
-1293
-1693
-1882
-1750
-1384
-853
-352
-39
363
875
1085
1034
771
525
146
-506
-1250
-2235
-3041
-3436
-3584
-3517
-3331
-2739
-1861
-1079
-353
35
206
278
202
-151
-846
-1543
-2065
-2524
-2856
-3082
-3201
-2946
-2402
-1812
-1384
-1036
-714
-578
-541
-588
-815
-806
-588
-37
669
1154
1478
1700
1759
1508
1025
573
341
484
976
1542
2298
3201
4213
5119
5635
5838
5704
5213
4475
3476
2370
1185
67
-836
-1515
-1885
-2010
-1913
-1651
-1176
-565
-172
57
376
710
848
701
271
-198
-485
-771
-1298
-2072
-2790
-3096
-3242
-3368
-3565
-3546
-3125
-2472
-1682
-1108
-557
7
528
665
284
-336
-1072
-1794
-2430
-3081
-3621
-3799
-3447
-2678
-1884
-1145
-483
100
424
607
524
161
-194
-223
-6
220
394
562
788
970
1089
1010
816
861
1151
1626
2129
2723
3429
4210
5024
5619
5973
5972
5619
4921
3998
2856
1590
476
-455
-1089
-1366
-1475
-1220
-847
-457
189
595
872
1150
1140
1061
953
666
262
-269
-732
-1262
-1949
-2553
-3040
-3386
-3635
-3764
-3713
-3525
-3002
-2239
-1498
-818
-111
517
698
475
6
-750
-1692
-2568
-3258
-3707
-3871
-3578
-2941
-2114
-1239
-432
279
732
929
994
813
466
251
179
197
246
363
457
574
762
866
859
876
981
1253
1621
2095
2689
3314
3967
4659
5236
5452
5246
4718
3981
2993
1808
550
-593
-1509
-1852
-1911
-1798
-1436
-875
-44
677
1133
1200
1056
1032
756
279
-374
-1133
-1533
-1814
-2174
-2716
-3105
-3192
-3141
-2972
-2841
-2725
-2470
-1977
-1490
-1159
-890
-726
-684
-754
-946
-1378
-2015
-2560
-2827
-2985
-2976
-2827
-2450
-1919
-1287
-539
-114
128
392
603
609
469
416
382
465
702
852
938
1016
1150
1256
1311
1301
1264
1364
1687
2108
2602
3138
3609
4188
4646
4807
4746
4287
3636
2948
2178
1299
426
-211
-591
-735
-613
-423
-107
380
865
1176
1128
928
613
211
-293
-869
-1508
-1921
-2057
-2096
-2132
-2137
-1967
-1714
-1583
-1561
-1630
-1694
-1651
-1588
-1538
-1564
-1575
-1532
-1470
-1495
-1632
-1824
-1902
-1975
-2058
-2106
-2185
-2107
-1805
-1348
-967
-609
-238
92
403
615
733
787
888
926
1067
1160
1081
1087
1065
1104
1177
1232
1279
1347
1582
1940
2225
2530
2861
3130
3317
3410
3365
3077
2782
2410
1941
1473
1033
660
330
183
170
141
117
156
202
307
368
194
-138
-545
-947
-1291
-1725
-2091
-2240
-2242
-2086
-1847
-1605
-1381
-1097
-823
-787
-1029
-1314
-1615
-1793
-1995
-2206
-2361
-2475
-2378
-2291
-2194
-2146
-2126
-2022
-1883
-1795
-1786
-1706
-1507
-1274
-1059
-888
-698
-427
-91
319
578
801
1135
1410
1615
1619
1542
1407
1289
1286
1218
1205
1306
1512
1920
2295
2614
2917
3103
3267
3198
2895
2538
2152
1800
1467
1213
1060
1054
1175
1243
1194
1056
943
992
838
608
290
-119
-390
-711
-1035
-1359
-1768
-2008
-2039
-2043
-1884
-1766
-1534
-1229
-966
-678
-576
-634
-726
-879
-1060
-1361
-1645
-1927
-2216
-2347
-2449
-2530
-2561
-2500
-2376
-2185
-1939
-1599
-1246
-934
-611
-423
-378
-352
-290
-156
7
220
600
998
1400
1697
1895
1953
1852
1783
1638
1391
1219
1226
1312
1466
1749
2134
2398
2566
2816
2833
2651
2445
2054
1624
1263
907
714
743
914
1124
1317
1631
1911
1985
1842
1573
1146
674
155
-533
-1150
-1646
-1845
-1948
-2048
-2103
-1928
-1551
-1263
-1013
-840
-650
-542
-497
-575
-790
-1028
-1273
-1491
-1775
-2158
-2527
-2826
-3069
-3252
-3347
-3270
-3049
-2702
-2297
-1915
-1561
-1301
-1026
-810
-736
-727
-771
-628
-393
-130
244
450
834
1268
1608
1900
1950
1970
1878
1692
1471
1235
1105
1206
1372
1574
1861
2214
2464
2620
2603
2253
1806
1384
1051
687
370
256
331
620
1086
1516
1865
2171
2353
2269
1864
1240
517
-225
-916
-1505
-1972
-2166
-2115
-1823
-1354
-927
-514
-132
100
221
259
100
-212
-517
-736
-1012
-1289
-1635
-1938
-2183
-2400
-2626
-2850
-2936
-2929
-2857
-2740
-2573
-2324
-2007
-1677
-1350
-1076
-815
-577
-345
-207
-122
-66
-24
152
410
682
991
1282
1627
1912
1999
1966
1919
1924
1874
1742
1722
1794
1865
2036
2208
2186
2067
1914
1661
1427
1201
1058
962
972
1192
1460
1626
1826
2029
2047
1984
1832
1519
1055
576
100
-392
-869
-1213
-1429
-1446
-1334
-1051
-699
-353
-60
136
214
153
-28
-350
-741
-1051
-1221
-1420
-1614
-1823
-1991
-2121
-2312
-2471
-2631
-2823
-2902
-2990
-3042
-3033
-2803
-2414
-2043
-1700
-1369
-1031
-669
-394
-213
-127
-24
139
263
350
267
194
207
334
505
693
932
1347
1794
2139
2276
2170
2170
1996
1775
1495
1212
901
677
729
775
809
957
1198
1472
1660
1763
1826
1816
1777
1693
1480
1041
614
324
11
-190
-400
-605
-594
-386
-69
96
224
363
500
529
487
416
283
57
-247
-572
-1024
-1413
-1610
-1644
-1838
-2067
-2147
-2113
-2024
-1918
-2003
-2224
-2316
-2265
-2198
-2257
-2325
-2266
-2046
-1763
-1391
-1114
-836
-469
-59
281
392
402
368
356
265
148
135
236
495
820
1096
1287
1450
1664
1748
1630
1503
1289
1144
1153
1078
1005
1007
1108
1346
1527
1720
1862
1868
1925
1930
1805
1549
1317
1144
1030
853
682
642
580
541
592
525
470
508
532
539
571
653
805
914
1021
1015
799
513
105
-416
-906
-1448
-1878
-2129
-2321
-2382
-2406
-2348
-2187
-2015
-1925
-1906
-1935
-1950
-2016
-2088
-2190
-2238
-2147
-1903
-1630
-1336
-1100
-896
-641
-491
-449
-452
-375
-256
-103
83
221
435
661
832
880
846
693
519
300
58
-94
-155
-73
124
511
913
1356
1682
1905
2020
1926
1726
1370
993
640
336
103
-10
122
258
438
674
853
1058
1194
1215
1139
1046
1038
1059
1037
1003
978
1111
1210
1163
1033
847
564
260
-31
-473
-892
-1091
-1202
-1243
-1289
-1362
-1347
-1313
-1342
-1477
-1643
-1834
-1931
-1906
-1838
-1766
-1632
-1367
-1088
-933
-785
-668
-672
-622
-626
-697
-796
-798
-694
-556
-406
-284
-138
13
195
247
219
154
85
36
-35
-100
-62
89
350
688
949
1203
1444
1680
1753
1663
1512
1256
1020
815
633
427
287
347
430
545
719
923
1174
1430
1674
1780
1728
1733
1686
1530
1287
1080
968
873
775
676
516
431
333
163
-88
-410
-652
-902
-1051
-1216
-1390
-1438
-1450
-1378
-1215
-1084
-961
-872
-803
-717
-809
-921
-1069
-1181
-1251
-1269
-1251
-1226
-1050
-863
-681
-497
-460
-441
-419
-463
-542
-746
-898
-951
-966
-868
-712
-540
-345
-138
84
228
320
377
396
394
393
408
388
315
254
139
73
-23
-130
-159
-179
-76
68
278
589
954
1245
1512
1657
1700
1681
1471
1292
1027
824
671
600
708
822
921
974
1030
1000
825
567
286
-15
-217
-430
-571
-581
-473
-235
-48
164
321
333
261
94
-155
-478
-803
-1030
-1223
-1319
-1268
-1094
-880
-715
-653
-663
-796
-937
-1087
-1242
-1339
-1508
-1461
-1294
-1118
-837
-521
-182
13
96
116
22
-177
-350
-504
-601
-635
-585
-383
-181
35
203
307
398
371
303
211
148
149
222
390
572
788
1097
1313
1462
1528
1554
1539
1429
1310
1166
991
897
813
726
717
718
763
746
734
747
749
775
720
650
628
633
716
877
917
910
887
803
648
399
131
-185
-473
-671
-797
-851
-823
-760
-634
-478
-418
-416
-488
-654
-845
-1031
-1308
-1521
-1604
-1585
-1428
-1246
-1064
-879
-687
-554
-447
-446
-615
-812
-952
-1134
-1401
-1634
-1674
-1597
-1436
-1188
-913
-636
-320
-36
212
377
402
378
388
422
386
387
435
526
652
762
926
1045
1124
1155
1110
1016
885
741
650
497
442
480
596
802
915
1051
1167
1292
1342
1300
1212
1132
1049
857
733
607
445
330
262
183
85
-30
-149
-253
-384
-475
-579
-646
-687
-729
-733
-740
-771
-820
-799
-867
-963
-985
-1041
-1007
-1019
-1076
-1063
-1074
-1022
-1080
-1179
-1242
-1368
-1369
-1387
-1446
-1492
-1417
-1249
-1118
-945
-789
-509
-217
-4
191
313
356
436
465
547
531
520
587
668
797
854
867
876
922
897
828
764
711
766
896
1044
1238
1449
1687
1944
2073
2163
2170
2015
1842
1555
1270
1046
864
782
749
708
769
879
945
949
811
581
355
132
-161
-451
-691
-768
-764
-697
-614
-551
-487
-369
-322
-396
-491
-653
-847
-993
-1131
-1282
-1510
-1638
-1639
-1642
-1656
-1718
-1732
-1740
-1715
-1690
-1672
-1601
-1406
-1142
-868
-577
-429
-284
-136
-85
-122
-280
-389
-396
-346
-311
-282
-190
-72
82
205
250
270
288
282
342
337
456
670
820
1079
1272
1454
1629
1833
1955
1878
1717
1500
1281
1103
902
744
618
598
730
834
923
913
973
966
805
620
403
179
-1
-173
-286
-395
-424
-390
-342
-271
-237
-206
-245
-260
-340
-516
-727
-980
-1123
-1255
-1434
-1560
-1672
-1808
-1852
-1860
-1861
-1823
-1663
-1439
-1267
-1086
-966
-819
-681
-593
-557
-501
-469
-423
-361
-404
-465
-501
-500
-524
-511
-474
-416
-295
-101
177
411
678
938
1150
1345
1496
1567
1590
1617
1708
1802
1866
1913
1915
1848
1772
1656
1516
1417
1309
1207
1174
1155
1173
1252
1292
1372
1377
1271
1160
952
725
471
222
12
-188
-317
-296
-217
-113
5
69
136
99
-43
-265
-550
-937
-1204
-1460
-1789
-1982
-2035
-1975
-1899
-1746
-1626
-1486
-1366
-1320
-1236
-1160
-1153
-1156
-1104
-980
-945
-948
-900
-954
-972
-977
-1050
-1108
-1092
-1049
-1051
-1000
-838
-690
-506
-216
24
175
441
756
916
1060
1127
1202
1281
1341
1413
1365
1330
1321
1347
1310
1226
1209
1174
1216
1306
1343
1358
1410
1478
1539
1528
1460
1336
1171
1034
814
569
310
153
43
-10
26
2
68
157
212
194
143
-84
-318
-514
-866
-1204
-1508
-1706
-1775
-1831
-1812
-1729
-1583
-1354
-1190
-1148
-1158
-1133
-1157
-1110
-1122
-1106
-1111
-1057
-966
-946
-970
-1024
-1003
-998
-1009
-1058
-1079
-1038
-889
-742
-553
-341
-77
256
550
800
961
1060
1197
1269
1299
1226
1131
1058
977
933
920
965
1052
1178
1294
1431
1517
1571
1630
1626
1556
1444
1360
1264
1115
970
823
665
513
465
417
435
472
518
549
540
535
440
375
303
126
-45
-182
-341
-536
-770
-901
-972
-1014
-1054
-1054
-1082
-1104
-1108
-1101
-1121
-1137
-1096
-1073
-1047
-1032
-974
-976
-973
-1052
-1117
-1111
-1161
-1141
-1142
-1113
-1061
-1009
-917
-798
-681
-549
-398
-166
100
286
495
643
796
916
1009
1033
1007
1000
948
844
789
736
763
846
878
992
1122
1250
1355
1430
1383
1293
1177
996
821
635
414
272
224
192
177
242
347
402
398
368
326
269
148
-53
-224
-343
-436
-520
-587
-595
-612
-640
-665
-764
-878
-942
-983
-1052
-1093
-1055
-1024
-960
-904
-904
-887
-876
-894
-894
-957
-996
-995
-1023
-1019
-995
-936
-913
-861
-773
-656
-515
-415
-323
-233
-103
7
99
205
343
507
635
693
695
699
666
565
511
559
610
673
776
926
1098
1279
1354
1409
1392
1415
1342
1084
844
628
524
431
374
364
410
521
611
681
672
623
561
434
330
148
33
-57
-152
-199
-169
-67
-12
26
60
3
-58
-150
-266
-374
-461
-552
-652
-653
-618
-608
-532
-522
-521
-568
-646
-703
-784
-845
-837
-845
-824
-761
-667
-569
-532
-436
-385
-296
-242
-293
-293
-258
-257
-171
-87
-35
107
205
313
329
360
386
429
492
526
585
683
770
886
973
948
874
799
739
690
627
514
455
429
378
359
303
233
188
168
141
48
5
-28
-10
-70
-207
-291
-335
-359
-299
-296
-249
-163
-135
-129
-162
-269
-429
-545
-638
-756
-843
-869
-865
-803
-706
-673
-663
-584
-543
-488
-472
-468
-412
-381
-343
-310
-285
-240
-145
-99
-57
-37
-70
-129
-169
-158
-167
-154
-188
-66
-17
50
132
227
335
372
446
440
439
468
454
452
508
480
442
392
379
401
414
426
422
395
366
345
288
216
165
172
132
185
172
201
240
204
274
223
203
216
193
190
173
148
126
135
142
135
142
112
100
75
-3
-76
-165
-236
-270
-331
-389
-464
-429
-372
-343
-280
-218
-148
-102
-56
-13
34
24
48
27
12
-9
-73
-77
-131
-164
-169
-191
-216
-252
-259
-168
-80
25
123
221
371
467
523
527
546
492
500
456
370
337
264
195
155
151
64
32
32
-7
-22
-67
-82
-103
-167
-189
-197
-216
-195
-197
-246
-270
-250
-244
-210
-149
-107
-70
-55
-88
-116
-184
-313
-357
-377
-419
-387
-365
-344
-321
-321
-322
-385
-386
-391
-349
-270
-197
-64
23
126
177
148
141
119
75
93
31
10
75
82
58
70
47
17
39
31
25
2
4
73
100
100
151
167
226
322
348
381
407
402
385
313
242
174
47
-64
-130
-185
-231
-279
-250
-246
-245
-249
-244
-191
-214
-227
-179
-145
-68
-55
-16
42
82
150
93
72
87
50
-11
-47
-67
-34
-24
-32
5
70
119
90
108
103
80
86
59
29
29
75
157
195
226
267
284
337
311
242
190
147
104
68
69
102
99
37
49
68
52
67
90
135
158
201
230
235
270
282
268
279
269
245
193
155
93
19
-84
-177
-222
-295
-324
-377
-395
-388
-349
-308
-289
-309
-342
-407
-430
-421
-419
-391
-374
-285
-204
-100
-3
51
67
64
41
-6
-50
-87
-109
-161
-172
-114
-103
-33
79
165
216
215
273
302
353
339
302
264
247
198
175
185
179
148
146
166
150
171
127
144
140
122
141
129
115
46
-6
-60
-113
-108
-99
-114
-152
-143
-129
-51
-27
-34
-32
-44
-87
-124
-110
-149
-157
-239
-278
-323
-398
-421
-414
-390
-343
-283
-235
-178
-221
-188
-165
-154
-159
-122
-109
-131
-125
-124
-91
-140
-189
-198
-207
-241
-263
-201
-186
-154
-110
-138
-85
-25
3
49
79
105
125
184
212
210
211
217
256
232
281
309
290
295
321
294
284
328
352
372
395
396
417
474
458
440
466
440
424
440
397
359
319
255
207
181
101
24
31
-30
-15
-80
-100
-79
-143
-171
-213
-226
-208
-179
-168
-150
-176
-191
-164
-211
-226
-250
-285
-230
-241
-190
-174
-145
-92
-64
-16
3
5
-22
-19
-52
-34
-28
-18
-41
-66
-78
-120
-130
-103
-36
11
68
111
147
131
151
127
102
95
73
47
20
-4
-24
-12
-11
-13
-7
24
33
102
158
140
198
214
199
211
184
163
147
125
97
25
-43
-110
-149
-198
-243
-330
-342
-285
-244
-218
-219
-192
-179
-148
-121
-136
-177
-232
-275
-293
-315
-342
-381
-372
-338
-366
-359
-323
-290
-228
-207
-196
-183
-205
-203
-213
-214
-115
-53
-34
-5
-8
8
11
37
60
77
95
130
205
254
276
279
240
245
244
230
240
232
293
322
353
340
357
334
310
253
188
172
183
230
195
260
357
461
532
494
492
456
394
277
184
78
-49
-112
-213
-210
-188
-227
-188
-134
-70
18
52
27
28
32
60
9
-116
-171
-124
-112
-110
-130
-202
-226
-259
-262
-295
-315
-361
-324
-258
-204
-178
-154
-115
-114
-113
-129
-78
-22
-6
0
74
104
131
201
248
214
162
149
201
222
229
251
284
329
324
343
291
282
287
277
232
140
92
73
79
94
83
79
105
146
141
160
82
29
7
-74
-67
-110
-208
-295
-365
-392
-414
-432
-455
-445
-393
-345
-300
-262
-202
-192
-201
-171
-113
-101
-101
-149
-205
-262
-351
-381
-416
-444
-416
-449
-419
-342
-333
-326
-333
-320
-278
-250
-251
-231
-242
-232
-196
-148
-124
-103
-80
-57
-49
-12
55
89
175
246
285
316
358
370
355
387
398
387
351
321
343
344
342
330
353
381
443
489
522
540
550
567
568
551
527
498
434
359
271
208
123
60
-8
-62
-82
-119
-132
-100
-43
-51
-27
19
-1
-10
-38
-67
-99
-133
-155
-164
-155
-155
-121
-110
-80
-82
-132
-129
-184
-221
-232
-267
-289
-273
-240
-181
-140
-81
-48
-24
27
6
4
6
-2
-12
2
14
20
7
-10
16
27
20
13
33
71
75
81
86
84
133
160
160
168
169
180
156
137
131
113
100
52
82
64
56
87
81
68
68
13
-45
-80
-123
-184
-248
-235
-251
-216
-192
-160
-141
-158
-156
-156
-133
-177
-197
-179
-231
-209
-219
-238
-217
-214
-230
-241
-247
-261
-287
-309
-305
-335
-332
-319
-288
-245
-185
-149
-122
-78
-65
0
4
-38
-11
-28
-22
-11
9
52
77
130
164
194
190
200
206
219
288
268
278
265
290
330
326
361
344
363
355
332
361
352
317
276
234
172
111
92
59
19
31
54
45
47
61
62
49
-1
-23
29
-30
-75
-105
-163
-211
-198
-172
-168
-168
-141
-106
-116
-118
-144
-146
-160
-180
-190
-196
-223
-275
-260
-208
-199
-196
-148
-86
-23
8
21
41
83
76
77
146
153
129
147
161
125
81
55
40
18
22
58
98
135
174
194
252
278
278
315
345
336
321
310
269
279
218
189
201
171
156
171
144
131
165
170
153
144
176
149
167
175
150
132
56
9
-17
-73
-104
-179
-210
-153
-191
-198
-172
-205
-200
-200
-227
-219
-233
-244
-269
-320
-372
-417
-423
-418
-401
-399
-388
-366
-338
-287
-217
-192
-214
-211
-182
-174
-162
-143
-146
-148
-126
-84
-89
-90
-79
-89
-90
-87
-71
-31
-19
7
60
65
100
145
170
150
182
177
111
97
47
35
40
31
24
14
25
43
48
44
6
-22
-70
-109
-67
-69
-53
-13
-8
-11
-27
-33
-31
-54
-48
-42
-15
7
12
24
17
7
20
93
80
95
66
97
112
87
80
92
97
82
99
135
162
126
153
151
138
83
54
68
9
35
51
77
95
115
95
93
79
96
97
97
96
73
98
95
153
170
215
235
284
317
324
314
312
329
276
253
217
186
168
166
212
230
212
230
202
175
165
185
138
82
52
-5
-23
-65
-119
-147
-175
-222
-243
-213
-184
-195
-183
-179
-179
-141
-159
-155
-179
-242
-260
-301
-340
-348
-358
-339
-287
-260
-199
-160
-88
-45
6
-36
-24
-41
-82
-66
-108
-126
-133
-125
-140
-135
-140
-140
-125
-116
-105
-99
-71
-67
-71
-23
-13
-12
24
0
15
6
4
-37
-57
-63
-89
-85
-113
-95
-89
-113
-97
-57
-57
-36
-36
-74
-88
-65
-69
-84
-75
-74
-81
-73
-45
-99
-93
-101
-86
-35
12
54
86
111
113
100
27
17
-11
-44
-70
-91
-82
-45
-22
-6
24
39
56
102
97
120
146
143
139
130
152
147
108
123
136
169
183
187
183
133
144
91
80
110
92
112
90
138
207
240
281
289
255
230
208
201
205
176
174
183
137
134
159
116
71
44
17
41
83
79
68
114
142
139
104
99
61
50
17
-13
-7
-28
-40
-49
-30
-2
36
43
51
67
101
90
-13
-52
-55
-82
-124
-225
-285
-305
-229
-155
-114
-116
-107
-68
-83
-74
-78
-112
-154
-136
-125
-122
-125
-154
-202
-239
-255
-246
-219
-206
-142
-115
-126
-119
-71
-10
9
45
65
66
79
40
1
-21
-21
-39
-47
-57
-66
-24
-6
2
-22
-51
-18
-5
-20
-35
-63
-101
-163
-158
-136
-152
-175
-190
-190
-208
-171
-172
-175
-193
-147
-100
-114
-61
-30
-11
11
25
44
49
24
16
-27
21
79
53
32
79
83
123
136
141
176
160
187
207
193
176
135
105
95
76
79
70
13
-30
-70
-84
-67
-76
-35
-15
20
19
22
85
80
98
90
113
125
126
165
121
112
90
70
70
67
74
81
97
90
96
142
134
151
208
171
161
154
154
154
135
92
57
71
33
26
36
12
-20
-61
-59
-39
-74
-91
-62
-84
-85
-72
-73
-86
-106
-89
-58
-90
-83
-64
-48
-27
-18
11
45
51
85
135
115
140
68
67
60
19
12
-36
-15
-5
14
35
62
88
73
54
46
59
44
38
27
-7
-37
-49
-46
-16
16
11
24
10
-3
20
11
-16
-42
-66
-79
-129
-174
-193
-207
-184
-159
-156
-133
-109
-112
-98
-121
-128
-127
-113
-102
-103
-140
-160
-167
-174
-159
-197
-189
-179
-173
-115
-113
-92
-87
-86
-91
-73
-56
-55
-46
-47
-52
-93
-117
-91
-68
-32
-14
-5
30
39
70
82
56
38
8
14
24
15
23
38
69
74
57
56
63
54
60
36
53
66
43
82
93
127
167
152
123
126
137
130
113
86
42
35
31
-13
-16
7
16
40
85
118
137
111
78
61
32
38
30
25
30
17
44
29
15
-9
-33
-27
-48
-53
-60
-50
-6
-33
16
35
56
75
46
32
27
35
39
27
10
40
49
71
82
90
120
164
120
124
111
150
144
121
202
213
177
160
156
165
161
181
195
171
180
156
169
171
190
181
154
155
133
127
83
57
12
-46
-79
-148
-183
-195
-224
-217
-256
-267
-268
-265
-239
-253
-264
-254
-237
-165
-156
-194
-236
-227
-214
-230
-195
-212
-197
-192
-178
-126
-130
-113
-87
-67
-24
-12
-34
-16
-12
-29
-42
-72
-84
-101
-108
-135
-122
-95
-89
-66
-110
-141
-131
-135
-103
-93
-105
-77
-83
-82
-46
-17
1
7
19
28
41
62
106
110
95
135
147
114
102
82
80
63
26
38
2
2
-26
-8
-21
-50
-22
-9
-8
-18
-16
-2
7
-26
-30
-38
-26
-15
-28
-33
-25
-24
-37
-26
-21
-15
-18
-20
2
-7
47
35
41
73
75
97
112
115
135
181
180
178
191
186
189
249
268
259
264
261
286
259
264
255
210
178
175
210
198
209
235
220
226
258
207
170
185
169
158
137
140
124
111
64
77
73
52
63
27
9
-11
-24
-63
-95
-98
-127
-146
-135
-145
-174
-152
-159
-155
-154
-158
-181
-179
-213
-220
-220
-264
-238
-253
-258
-283
-264
-282
-307
-332
-324
-322
-295
-270
-217
-187
-173
-121
-139
-132
-163
-189
-172
-136
-114
-117
-119
-77
-92
-58
-32
-5
-1
4
27
55
87
45
49
42
43
57
78
87
85
82
116
174
165
192
160
185
206
185
213
185
175
158
153
135
140
85
45
5
-34
-58
-68
-56
-76
-95
-52
-29
-1
-9
34
-1
-28
-23
-65
-57
-63
-96
-109
-119
-142
-120
-132
-109
-116
-140
-148
-130
-108
-61
-54
-32
-17
-21
28
25
17
13
4
0
-18
-1
-15
-3
7
18
80
120
99
127
128
99
114
112
122
138
148
165
189
197
171
155
190
171
186
204
197
241
220
217
205
187
181
168
197
206
171
137
119
98
54
27
4
15
0
-39
-51
-66
-60
-47
-42
-35
-16
-35
-71
-83
-63
-75
-123
-127
-114
-76
-90
-101
-139
-127
-102
-125
-140
-124
-123
-149
-102
-105
-61
-64
-70
-94
-117
-102
-104
-92
-103
-67
-99
-124
-156
-146
-72
-84
-118
-117
-111
-98
-93
-76
-38
-33
-37
-40
3
23
17
33
48
90
117
155
169
145
145
141
110
133
109
122
143
113
69
49
22
-8
-11
-33
-62
-69
-95
-107
-93
-83
-81
-114
-109
-107
-120
-127
-124
-128
-110
-112
-110
-131
-122
-112
-129
-136
-143
-134
-104
-72
-53
-39
-35
-18
2
2
12
15
33
47
37
42
62
76
72
77
61
43
37
37
20
14
20
43
79
50
63
67
32
41
68
72
32
-13
29
12
23
96
96
132
118
124
160
175
164
144
139
109
121
112
118
146
174
155
180
213
189
211
188
189
206
186
183
165
127
109
70
59
47
29
10
-2
-21
-87
-97
-108
-147
-149
-162
-131
-129
-142
-141
-143
-142
-139
-139
-116
-119
-112
-108
-93
-94
-106
-88
-104
-114
-112
-90
-88
-68
-43
-39
-33
-49
-30
-29
-26
3
-9
0
-12
-9
9
4
31
35
49
53
57
38
11
19
-10
13
-20
-72
-52
-47
-45
-51
-44
-50
-65
-57
-47
-41
-27
-18
-15
-12
-8
-6
-34
-36
-25
-46
-57
-64
-57
-42
-63
-63
-51
-33
-5
-5
14
-9
-12
-21
9
19
16
-2
-16
-17
-32
-29
-40
-41
-31
-35
-60
-43
-73
-82
-75
-104
-97
-69
-71
-67
-66
-76
-60
-78
-55
-84
-80
-60
-11
32
44
69
41
22
35
59
93
89
107
140
133
167
144
113
137
134
160
207
191
222
209
191
155
143
144
121
147
149
130
129
128
109
68
37
30
14
26
11
27
18
17
73
43
63
76
55
43
9
57
53
74
47
37
71
57
19
32
15
-2
-6
-21
12
4
13
-15
-42
-56
-47
-55
-63
-77
-55
-65
-59
-82
-69
-39
-78
-89
-124
-130
-139
-113
-65
-73
-68
-26
-10
-35
-44
-31
-20
-24
-60
-47
-54
-85
-84
-82
-64
-54
-111
-123
-66
-61
-36
-49
-54
-37
-19
-9
-72
-136
-134
-85
-65
-48
-78
-104
-141
-147
-141
-109
-99
-160
-126
-105
-55
-28
-10
-41
-63
-48
-69
-36
-14
-10
-4
9
24
28
60
29
9
-32
17
57
61
52
32
43
19
53
36
20
0
19
14
23
21
-11
10
-15
-39
-48
-66
-59
-64
-40
-49
-60
-61
-73
-32
-9
0
37
18
-2
53
58
79
107
118
149
121
147
169
171
186
171
187
216
223
235
228
231
229
228
228
237
253
236
211
216
178
161
150
147
120
99
126
105
90
85
100
99
72
74
53
25
37
14
14
-7
-7
-34
-75
-65
-64
-54
-31
-48
-80
-79
-83
-53
-53
-63
-48
-93
-100
-81
-78
-83
-72
-88
-117
-97
-91
-90
-95
-133
-146
-144
-131
-132
-133
-148
-179
-199
-204
-201
-196
-221
-245
-229
-243
-227
-219
-228
-223
-192
-159
-141
-142
-121
-126
-128
-130
-121
-89
-80
-57
-55
-60
-64
-58
-36
-18
-13
-2
40
87
95
91
115
118
112
114
117
119
141
128
118
72
50
44
65
73
74
82
58
61
48
73
90
86
83
89
84
85
78
50
46
70
53
73
94
52
39
52
34
24
38
39
39
49
11
-7
16
29
50
51
26
27
22
12
7
24
16
2
-2
0
11
-4
17
-2
4
11
-25
-9
-28
-21
-11
-24
-23
-14
-4
0
22
28
35
68
72
41
59
66
78
104
82
94
67
35
49
12
8
8
-4
28
44
69
76
58
58
77
69
89
88
90
56
36
18
13
19
-13
-45
-11
-7
6
3
-18
-4
-32
-33
-42
-45
-52
-57
-32
-38
-55
-55
-79
-100
-100
-119
-131
-109
-107
-94
-96
-63
-111
-114
-84
-83
-78
-107
-120
-123
-138
-133
-97
-70
-92
-110
-127
-69
-47
-49
-7
11
45
19
92
120
78
83
113
139
91
53
52
34
14
7
11
15
26
35
79
124
140
108
42
17
39
57
68
34
-14
-31
-52
-45
-57
-65
-100
-120
-115
-123
-112
-99
-76
-75
-101
-115
-103
-78
-33
-21
-28
-9
-36
-53
-65
-55
-49
-66
-88
-78
-52
-86
-62
-55
-65
-71
-56
-48
-69
-69
-100
-84
-60
-65
-32
-18
-58
-27
-34
-57
-47
-2
43
60
52
80
96
100
118
129
115
135
163
174
165
153
157
152
177
191
214
194
219
234
235
220
249
230
241
271
262
274
235
225
203
213
205
196
182
157
131
106
96
87
43
7
4
-1
-28
-34
-60
-50
-56
-85
-64
-105
-118
-137
-166
-185
-155
-180
-167
-191
-169
-150
-159
-136
-156
-160
-152
-145
-118
-92
-106
-74
-84
-72
-102
-83
-80
-77
-96
-113
-78
-66
-58
-41
-37
-53
-52
-45
-30
-17
-45
-74
-83
-85
-47
-49
-32
-75
-89
-89
-94
-46
-30
-17
-37
-47
-43
-35
5
27
10
11
-28
-20
-1
-7
-39
-63
-64
-62
-35
3
7
0
-2
-7
-7
0
-6
-19
-19
-56
-53
-69
-89
-75
-75
-93
-52
-63
-98
-67
-52
-31
-36
-31
-58
-27
-33
-31
7
-17
-28
-50
-50
-30
-2
3
18
24
62
104
124
121
113
134
167
158
161
191
180
167
129
144
164
148
156
170
136
117
143
135
159
184
171
167
154
148
157
165
146
124
114
128
149
141
125
88
91
92
75
65
78
91
93
75
64
32
-11
-14
-7
-11
-27
-19
-29
-66
-56
-76
-92
-119
-121
-101
-101
-97
-98
-89
-112
-137
-109
-83
-77
-51
-77
-96
-106
-98
-86
-88
-72
-94
-107
-83
-75
-46
-48
-28
-5
-36
-60
-51
-50
-28
-59
-65
-51
-74
-91
-88
-71
-61
-53
-70
-60
-65
-49
-54
-68
-53
-34
-33
-17
-19
-30
-17
-14
-21
-28
-15
-20
-36
-39
-3
-15
-9
1
15
23
-1
26
59
44
34
50
5
-36
-22
-28
-48
-44
-33
-55
-56
-61
-47
-54
-73
-50
-52
-33
-25
-46
-47
-56
-63
-49
-34
-48
-30
-42
-45
-48
-60
-26
-20
-4
25
64
64
33
17
17
20
48
47
50
73
75
66
98
98
98
96
103
146
148
147
143
133
149
163
145
152
123
84
56
73
79
100
102
78
71
77
65
61
56
42
54
52
37
60
69
27
19
24
30
8
-17
-2
-19
-22
-14
1
9
-26
-28
-5
-13
-44
-21
-8
-5
-17
-42
-25
-12
-5
-35
-37
-60
-65
-27
-9
-17
-13
-19
-23
-29
-52
-49
-34
-28
-48
-42
-46
-46
-60
-47
-38
-49
-45
-26
-12
-5
7
6
11
-9
5
12
17
32
20
22
13
8
19
25
36
14
22
53
21
26
21
24
10
20
27
-2
-5
-27
-46
-67
-52
-65
-66
-70
-71
-93
-97
-92
-112
-106
-119
-121
-98
-103
-97
-105
-118
-133
-125
-93
-92
-102
-88
-104
-86
-63
-44
-39
-50
-48
-41
2
32
1
13
-2
12
35
10
43
42
26
23
39
20
37
14
-16
-6
4
20
25
32
15
4
-3
39
45
45
65
36
21
34
55
57
27
35
44
31
49
49
49
52
59
51
83
92
90
88
58
57
67
96
109
83
93
62
69
72
64
57
61
69
64
74
63
62
57
37
28
30
20
20
31
46
46
51
40
8
1
2
-6
-6
-24
-5
-8
-15
-9
-35
-40
-32
-20
-21
-14
-15
-25
-24
-26
-6
-5
-10
-6
-8
-36
-38
-13
17
11
-10
8
19
28
46
45
15
35
27
26
49
42
37
11
-6
2
1
-22
-35
-28
-38
-64
-63
-81
-79
-90
-100
-76
-76
-70
-72
-84
-59
-48
-50
-33
-38
-22
3
3
0
-21
-43
-45
-49
-25
-12
-21
-55
-47
-22
-7
-6
-51
-46
-49
-31
-11
-17
-31
-40
-21
-33
-41
-70
-53
-73
-90
-83
-62
-45
-65
-71
-64
-77
-87
-69
-57
-60
-62
-48
-20
-4
5
4
13
-14
-16
22
6
-32
-43
19
59
65
53
27
57
72
60
34
32
20
29
51
58
68
35
31
33
36
28
13
10
17
45
56
59
42
28
50
70
55
52
66
101
101
89
82
84
93
79
70
75
94
101
94
88
79
64
55
40
43
25
38
72
48
51
33
18
16
25
50
33
16
4
11
8
-8
6
-13
-7
0
-10
-15
-27
-27
-32
-20
-6
13
17
18
3
-4
-4
6
24
21
26
35
33
9
7
2
-13
-5
2
-13
-7
4
-15
-20
-31
-38
-34
-34
-38
-52
-66
-63
-70
-98
-91
-82
-77
-75
-69
-58
-59
-48
-60
-69
-58
-39
-46
-55
-50
-56
-63
-68
-55
-54
-59
-42
-37
-48
-38
-39
-26
-25
-39
-33
-13
-12
-23
-12
-16
-37
-34
-47
-67
-55
-65
-65
-58
-53
-57
-61
-64
-71
-66
-70
-63
-47
-34
-28
-18
-8
-18
-6
-6
-14
7
26
13
24
18
9
18
39
40
35
50
44
56
69
67
70
76
55
57
56
67
72
75
71
62
63
63
60
75
74
66
63
58
65
46
67
73
45
50
50
64
67
48
48
32
55
58
47
56
47
32
39
55
55
40
34
36
24
34
42
33
29
27
30
28
41
33
28
19
20
30
26
51
24
22
11
-7
-3
-2
0
-3
-7
-3
-20
-18
-10
-23
-25
-31
-20
-26
-37
-31
-35
-37
-32
-35
-50
-67
-69
-65
-67
-59
-54
-41
-47
-55
-59
-52
-48
-49
-42
-56
-58
-50
-37
-39
-23
-25
-25
-21
-19
-11
-12
-18
-11
-27
-38
-27
-44
-37
-22
-35
-43
-27
-17
-12
-8
-26
-21
-10
-13
-5
-15
-30
-35
-25
-27
-26
-20
-19
-19
-19
-9
-19
-36
-40
-39
-47
-33
-22
-21
-26
-37
-48
-47
-37
-39
-32
-22
-13
6
8
4
-2
-18
-5
6
5
19
9
11
27
41
38
35
51
55
58
52
52
41
36
35
50
49
46
67
68
75
79
70
52
59
51
61
67
59
56
52
33
30
17
15
18
16
33
26
27
22
6
4
-2
-6
9
-5
6
0
-17
7
20
22
36
45
43
48
53
38
36
36
24
31
35
36
20
-5
-5
-15
-27
-13
-1
3
20
34
30
22
17
7
-9
-30
-45
-63
-66
-68
-72
-52
-53
-31
-17
-14
14
12
11
4
-1
3
-7
0
1
-25
-24
-35
-36
-30
-25
-14
-19
-17
3
15
16
16
16
11
14
18
2
-14
-23
-34
-55
-72
-75
-75
-65
-71
-54
-36
-35
-28
-20
-9
-4
-5
-18
-24
-19
-21
-23
-10
-16
-20
-17
-19
-20
-32
-30
-25
-17
7
25
33
25
1
-13
-28
-44
-46
-32
-16
-28
-9
-14
-22
-19
-31
-18
-22
-26
-24
-24
-35
-49
-62
-63
-40
-27
-7
8
-1
-4
-13
-13
5
14
27
48
56
49
37
28
44
37
53
71
90
91
88
79
64
59
49
38
28
29
22
5
-2
-3
13
21
34
40
10
6
-2
-10
-10
-14
0
12
5
17
8
3
0
16
28
43
51
57
64
63
60
44
37
43
30
32
36
27
29
20
32
17
33
35
38
44
39
45
31
30
19
16
19
0
11
0
-16
-26
-44
-30
-22
-14
-6
-9
-5
-13
-32
-24
-24
-24
-24
-15
-8
-14
-20
-2
-1
2
3
-18
-23
-9
-2
-1
-12
-16
-21
-42
-62
-77
-87
-96
-87
-75
-58
-55
-22
-1
13
22
15
3
-31
-55
-75
-84
-90
-88
-67
-63
-67
-68
-91
-94
-87
-80
-69
-61
-51
-55
-50
-48
-38
-17
-2
4
13
18
6
18
17
4
0
11
30
20
2
7
-3
-5
-9
0
17
15
27
46
56
74
88
82
75
65
57
40
35
18
30
48
37
30
31
17
18
14
13
26
43
67
91
102
102
73
41
33
15
2
9
11
8
15
17
-3
-18
-22
7
34
45
59
48
35
26
13
-13
-41
-55
-45
-18
-17
-10
-2
-1
12
22
38
45
37
41
18
-2
4
8
-11
-14
-5
-3
8
31
55
59
62
54
43
47
36
4
-18
-44
-57
-71
-71
-68
-59
-47
-44
-35
-30
-8
18
39
36
22
-6
-26
-44
-63
-55
-41
-36
-45
-45
-45
-42
-39
-17
7
19
37
24
23
29
3
-3
-8
-17
-37
-32
-29
-18
-11
6
34
37
47
43
44
22
9
-9
-16
-25
-33
-27
-43
-53
-64
-72
-76
-71
-55
-46
-33
-26
-22
-34
-36
-38
-39
-27
-52
-65
-67
-66
-84
-89
-62
-33
-11
15
33
42
34
25
10
-15
-38
-50
-58
-45
-31
-25
-9
-5
0
5
17
51
89
120
131
127
111
99
77
49
41
7
-14
-32
-44
-39
-30
-8
12
47
64
69
76
81
78
60
47
56
43
35
22
16
19
18
40
46
37
42
50
60
54
46
39
27
-6
-29
-46
-53
-45
-45
-26
1
28
50
68
94
102
88
67
30
15
-6
-26
-30
-47
-59
-47
-44
-41
-25
-41
-25
-10
1
10
14
16
16
1
-15
-9
-18
-29
-43
-61
-59
-51
-26
-6
20
45
40
36
21
4
-17
-43
-53
-79
-90
-86
-97
-100
-97
-81
-69
-40
-6
9
22
34
34
24
16
11
-1
-12
-25
-49
-52
-51
-34
-11
18
32
38
53
53
56
48
38
24
-5
-29
-45
-49
-59
-71
-50
-30
-20
0
10
32
54
55
57
57
54
42
8
-12
-17
-37
-46
-48
-41
-14
-8
-22
-15
-11
-2
-6
-3
-7
-5
-2
-2
5
-4
-4
-9
-7
1
24
44
45
32
18
8
-13
-9
-13
-37
-48
-59
-77
-82
-64
-39
5
23
30
44
46
35
20
-1
-11
-2
-3
1
1
-8
-27
-43
-47
-27
-17
10
27
44
63
63
72
51
44
32
19
11
18
42
56
65
72
83
87
91
86
84
92
99
102
89
74
59
17
-7
-17
-21
-26
-17
-3
10
29
23
14
20
27
21
10
-15
-29
-61
-96
-128
-126
-105
-85
-60
-30
11
29
32
48
52
46
42
5
-25
-32
-42
-61
-78
-82
-74
-50
-25
-8
12
27
34
28
19
16
12
-6
-19
-18
-24
-36
-33
-28
-38
-48
-57
-54
-47
-33
-39
-35
-24
-17
-20
-28
-29
-38
-50
-53
-50
-40
-13
-10
7
31
37
38
20
16
14
8
1
-9
-13
-29
-45
-60
-65
-50
-45
-33
-3
29
54
71
75
71
46
22
10
-17
-32
-32
-44
-49
-60
-56
-33
-21
0
28
45
63
56
46
54
48
36
12
0
-10
-15
-28
-25
-20
-9
3
28
42
49
63
57
61
52
31
12
-7
-18
-21
-34
-29
-17
10
33
59
81
97
104
100
89
78
52
23
9
6
3
3
2
10
27
44
55
49
51
44
41
22
5
4
-4
-23
-40
-49
-60
-67
-74
-55
-27
-10
1
6
23
30
33
26
13
10
-3
-12
-25
-48
-71
-78
-75
-65
-48
-32
-20
-5
16
18
32
34
37
49
52
45
29
19
1
-36
-69
-79
-71
-64
-57
-50
-48
-45
-41
-32
-16
3
1
15
18
6
-12
-44
-48
-41
-28
-17
-14
-1
-10
-6
-16
-30
-15
1
13
5
-10
-24
-32
-30
-32
-13
7
12
9
2
-6
-5
4
-1
15
32
43
38
27
7
-23
-39
-37
-9
16
24
21
10
-4
-17
-22
-26
-21
-13
-24
-28
-32
-22
-20
-29
-26
-14
1
-3
-11
-4
-3
3
7
17
46
47
44
28
17
10
-4
-17
-12
2
11
17
10
23
40
52
40
46
72
69
50
27
8
5
-7
-13
0
37
70
60
54
54
58
37
15
33
47
48
28
13
6
-7
-32
-49
-39
-6
19
18
1
10
36
49
49
54
74
60
25
-8
-31
-27
-36
-55
-47
-26
-33
-56
-81
-76
-52
-41
-14
9
43
50
32
24
25
22
15
-1
-5
5
0
-16
-32
-34
-17
-3
0
14
31
26
-1
-10
-10
4
21
34
49
43
15
-26
-48
-48
-37
-32
-9
10
23
13
-22
-37
-39
-39
-50
-43
-34
-39
-57
-69
-60
-43
-29
-15
-4
3
9
-18
-37
-47
-37
-24
-25
-14
-4
-12
-45
-64
-61
-46
-35
-18
-5
10
15
-19
-28
-15
-3
0
-6
-5
-1
-11
-26
-42
-34
-8
-3
3
24
44
56
47
45
54
59
46
23
5
3
-15
-25
-37
-24
-1
1
15
31
42
34
21
20
21
19
19
11
8
2
-9
-26
-29
-15
1
9
10
17
20
25
19
16
32
36
22
-6
-9
-9
-24
-30
-21
-3
9
14
14
24
25
32
30
33
46
43
42
46
41
40
25
16
26
46
66
72
81
80
65
53
51
47
57
58
50
44
22
-1
-14
-17
-3
16
33
34
23
3
-21
-41
-45
-41
-29
-27
-26
-30
-40
-56
-74
-64
-44
-26
-16
-13
-18
-23
-42
-41
-29
-3
14
13
-11
-31
-40
-59
-54
-32
2
39
53
53
46
36
25
2
-8
-9
-2
-15
-30
-44
-63
-68
-72
-68
-40
-12
-10
-11
-20
-34
-33
-41
-37
-31
-27
-32
-41
-52
-67
-63
-61
-45
-20
-9
-11
-18
-30
-42
-37
-24
-23
-13
-6
-7
-14
-9
-4
-1
11
29
43
42
41
29
13
-3
-8
0
-6
-7
-2
-12
-25
-30
-24
-20
-7
12
30
31
15
17
11
10
9
20
32
32
26
16
19
19
22
14
14
28
40
37
20
-4
-7
-5
-2
11
24
31
20
18
8
18
27
27
39
49
47
38
38
44
41
42
35
34
41
38
22
17
16
23
34
31
45
48
48
39
25
14
9
4
7
11
18
26
24
13
1
1
0
0
-2
19
23
7
-6
-21
-15
-8
-15
-22
-8
-12
-30
-44
-46
-39
-33
-19
-1
18
30
23
6
2
-2
3
10
11
17
16
7
-4
-27
-31
-23
-14
0
-3
-4
-9
-26
-42
-43
-35
-35
-36
-31
-31
-33
-35
-47
-53
-52
-49
-52
-61
-65
-61
-59
-53
-36
-24
-9
-4
-2
-10
-19
-18
-8
2
3
4
3
7
-9
-27
-26
-11
11
12
21
38
46
35
10
3
0
-3
-9
-15
-24
-25
-32
-49
-55
-46
-25
-15
-12
-12
-3
-14
-28
-34
-32
-18
-10
-13
-15
-17
-30
-37
-42
-28
-7
1
12
27
39
50
38
34
46
42
42
33
25
24
34
43
50
63
71
75
68
66
60
52
57
57
52
43
43
38
31
18
-5
-9
-9
2
0
13
24
25
32
21
15
22
36
51
48
36
26
9
1
1
-1
4
12
22
21
26
25
18
20
16
21
17
9
-5
-16
-23
-28
-30
-29
-27
-19
-21
-9
7
18
21
17
9
13
5
-12
-26
-33
-36
-46
-52
-61
-53
-43
-38
-37
-25
-13
-8
-5
-5
1
9
2
-9
-19
-28
-24
-31
-37
-36
-40
-42
-41
-43
-36
-36
-32
-15
4
5
-3
-14
-23
-15
-26
-39
-35
-31
-21
-20
-34
-34
-30
-26
-33
-33
-16
-9
-7
-9
0
13
9
-1
1
-9
-6
-7
-16
-11
-3
0
1
15
27
24
9
3
5
5
3
7
11
22
25
15
5
13
22
16
24
24
31
35
19
4
-2
9
13
10
11
13
12
-8
-8
-2
1
-2
-5
15
22
24
16
16
26
34
27
19
34
38
30
26
32
43
48
29
20
20
20
2
-16
0
27
38
18
14
25
28
3
-18
3
13
13
9
9
26
19
-5
-35
-35
-5
1
-12
-8
12
10
-19
-41
-31
-4
14
6
10
20
11
-20
-42
-26
-12
-7
-8
2
10
17
7
0
5
16
11
-2
-3
6
10
-14
-32
-23
-6
1
-6
-17
-21
-36
-54
-53
-23
7
15
14
13
12
1
-10
-17
-4
6
9
15
24
29
13
-2
-17
-13
-5
-1
-3
2
11
6
-12
-6
9
7
-2
-4
-1
1
-17
-30
-24
-5
5
-5
-17
-25
-25
-43
-55
-56
-28
-11
-11
-13
-4
-8
-18
-27
-28
-10
-11
-6
-14
-15
-15
-37
-45
-31
-15
-5
-5
-3
4
-3
-13
-25
-16
-2
1
-5
-10
-6
-5
-21
-33
-22
-9
-3
-8
4
12
14
-6
-14
0
15
16
16
16
23
26
10
7
17
32
32
26
26
39
37
11
10
29
40
40
19
5
13
10
1
6
24
48
55
48
42
43
26
12
15
35
40
32
26
30
32
19
1
2
22
27
26
20
22
28
20
16
17
33
39
17
-4
-7
0
-8
-11
8
30
36
17
0
8
14
5
-9
7
37
29
5
0
0
-3
-20
-35
-28
-20
-21
-40
-53
-41
-24
-25
-34
-33
-20
-13
-30
-41
-31
-10
-7
-8
5
18
18
-1
-23
-27
-26
-40
-49
-43
-31
-28
-38
-41
-30
-24
-32
-37
-30
-24
-27
-40
-47
-39
-31
-37
-43
-30
-19
-30
-43
-39
-17
-9
-12
-3
19
25
8
2
-1
7
6
-9
-5
16
20
3
-13
-3
15
9
-2
-2
20
28
14
-2
11
32
31
18
18
30
27
11
-13
-15
-11
-17
-28
-25
-11
-14
-24
-34
-25
-12
2
7
6
14
22
16
3
15
31
32
27
28
41
39
22
6
13
27
23
14
19
31
34
14
3
22
34
35
27
24
37
28
9
4
24
43
41
28
28
39
23
0
4
20
30
28
23
32
30
10
-10
-16
4
15
7
-3
10
24
14
4
13
27
29
17
5
9
11
3
-14
-13
15
22
10
4
5
8
-10
-31
-20
-1
0
-11
-26
-9
-2
-24
-37
-28
-2
-3
-27
-30
-18
-13
-32
-52
-33
-18
-20
-50
-63
-56
-48
-59
-71
-42
-8
3
-24
-28
1
1
-24
-35
-21
9
6
-22
-23
-8
-9
-24
-34
-15
13
4
-14
-17
-6
-3
-14
-24
-11
0
-2
-17
-31
-20
-16
-30
-34
-15
7
8
-15
-13
3
-1
-15
-14
-1
5
4
-8
-3
17
15
10
19
21
25
13
-3
3
8
16
14
13
24
23
12
-8
-9
1
2
0
6
28
39
24
9
8
10
15
6
15
30
23
19
14
21
32
31
21
29
32
25
5
-13
-4
1
6
12
20
36
39
28
13
21
27
33
36
32
37
32
12
5
10
14
14
16
23
31
23
10
1
3
8
10
10
9
17
9
-5
-8
-4
5
10
-6
-12
-7
-13
-20
-31
-17
-5
-3
-6
-16
-10
-10
-18
-31
-27
-18
-21
-23
-30
-30
-25
-34
-37
-44
-32
-20
-14
-11
1
4
-9
-17
-18
-8
-18
-27
-28
-25
-28
-31
-25
-15
-11
-10
-9
-16
-16
-21
-23
-19
-14
-7
4
6
2
5
0
-10
-8
-1
5
8
4
17
21
16
6
6
12
7
-6
-8
5
11
14
13
26
41
40
28
22
21
16
-1
-8
-4
9
25
17
15
17
13
-9
-22
-22
-12
-11
-6
-9
-7
-1
-7
-11
-10
2
-5
-10
-24
-26
-27
-33
-24
-13
-3
4
0
0
-2
-7
-9
-9
5
13
20
27
21
14
0
-14
-12
-2
-1
4
10
14
17
16
11
13
21
22
17
4
7
17
13
12
19
34
35
21
10
2
2
-7
-15
-3
16
24
16
9
8
1
-2
-4
-9
-1
5
2
-6
-8
-2
3
1
13
27
38
34
13
10
9
8
13
17
20
22
12
2
-4
-4
-7
-4
-2
4
15
12
0
-8
-12
-12
-17
-8
-3
-6
-16
-19
-5
-11
-19
-19
-7
0
-6
-17
-21
-18
-13
-11
-14
-15
-18
-25
-42
-55
-51
-46
-40
-36
-25
-13
-15
-29
-39
-28
-19
-15
-10
1
12
15
4
-4
-5
-5
-10
-10
2
6
13
8
10
7
10
13
10
11
14
8
-9
-13
-6
-3
-7
1
9
3
-6
-14
-14
-17
-13
-11
-1
11
15
5
-4
-5
-8
-17
-24
-15
7
12
2
1
10
23
26
15
19
27
22
9
3
16
31
29
32
39
41
36
21
12
19
26
33
32
35
36
32
14
-3
1
9
5
-3
-1
0
-5
-21
-19
-11
-3
-7
-7
2
1
-10
-30
-25
-9
-7
-11
-5
4
-2
-13
-21
-16
-1
11
15
20
37
46
27
11
18
26
26
13
14
28
26
12
-5
9
24
23
10
7
12
9
-14
-25
-18
-5
-6
-22
-20
-9
-5
-26
-35
-22
-10
-14
-21
-20
-6
3
-16
-24
-10
2
-5
-19
-13
-1
-1
-17
-23
-2
12
3
-10
-11
-6
-19
-35
-32
-12
-7
-16
-26
-18
-12
-29
-40
-40
-20
-9
-20
-26
-20
-13
-23
-37
-29
-8
0
-5
-16
-4
11
-3
-17
-12
15
17
5
-4
2
14
3
1
13
34
33
14
7
20
29
14
6
17
33
25
10
-7
-8
-6
-13
-19
-12
6
-5
-18
-15
0
3
-9
-12
4
17
9
-10
-16
-6
-4
-15
-9
12
19
10
-7
-1
19
13
7
21
45
54
42
28
31
40
32
10
12
35
42
30
19
36
50
38
10
11
32
31
9
-9
-6
1
-10
-25
-26
-9
-3
-16
-25
-14
3
-4
-6
3
19
27
10
6
7
12
5
-17
-8
5
13
1
-5
7
15
13
5
7
13
15
8
-1
6
5
-6
-15
-13
-4
-11
-16
-12
-9
-2
-10
-3
8
5
-9
-20
-18
-5
-16
-32
-28
-12
-8
-30
-41
-21
-8
-14
-16
-13
2
5
-11
-24
-19
-13
-16
-21
-17
-4
-3
-22
-35
-34
-27
-29
-40
-35
-18
-4
-15
-34
-28
-22
-23
-33
-36
-23
-23
-31
-33
-24
-3
-4
-9
-9
0
15
7
0
0
15
22
15
15
24
36
19
-2
17
32
41
33
32
41
35
17
2
11
17
16
8
10
13
9
-9
-15
-2
6
8
-1
2
13
16
-1
-8
6
13
5
-3
4
12
2
-2
0
5
26
28
27
30
28
19
6
7
19
37
35
28
27
39
38
18
14
25
38
24
13
17
24
16
2
2
17
18
4
-2
-4
-2
-10
-27
-17
-2
1
-2
-10
-7
-10
-25
-29
-26
-16
-17
-20
-20
-15
-8
-21
-30
-22
-5
3
-2
-2
15
15
6
0
3
15
7
-4
-11
-4
-9
-21
-23
-16
-3
-1
-3
-2
0
-2
-13
-24
-19
-9
-8
-8
-10
-6
-18
-27
-25
-19
-7
-16
-26
-18
-11
-16
-21
-22
-8
-7
-16
-16
-10
1
-6
-13
0
18
19
17
22
27
23
10
-3
-7
-4
-5
-6
-12
-2
4
-9
-15
-11
10
5
-3
-5
1
1
-11
-12
-3
7
1
-9
-10
-7
-5
-17
-12
5
16
18
9
5
7
-4
-11
-11
-7
-1
-5
-6
-3
3
1
-9
-5
15
17
11
7
2
0
-3
-9
-1
12
19
6
-6
-4
2
-3
-10
-2
8
13
13
9
14
17
9
7
11
20
22
20
16
20
21
17
20
34
46
46
40
33
24
16
11
7
11
12
13
9
-1
0
1
0
5
15
15
13
6
6
8
10
5
4
4
1
1
-12
-15
-12
-14
-16
-6
6
10
7
4
-5
-15
-17
-10
-13
-15
-2
1
-8
-7
-1
-1
-3
-4
-1
6
12
4
-4
-6
-14
-18
-24
-18
-12
-20
-21
-24
-23
-23
-21
-17
-7
-4
-6
-8
-8
-10
-14
-9
-13
-13
-16
-21
-24
-23
-23
-20
-15
-11
-11
-21
-15
-16
-16
-11
-9
-9
-9
-9
-15
-16
-18
-24
-24
-27
-31
-20
-17
-10
-11
-21
-15
-14
-16
-18
-19
-7
-12
-23
-21
-10
4
7
6
17
23
21
12
11
23
24
22
14
28
37
37
30
25
30
29
25
15
25
29
21
8
11
24
33
24
22
25
26
20
11
19
26
32
23
18
16
17
13
4
-1
4
15
16
18
26
30
25
14
15
26
26
26
18
20
26
17
8
4
12
15
2
5
16
13
2
-9
-2
3
0
-5
-5
3
-4
-15
-24
-20
-15
-27
-29
-19
-5
-10
-21
-16
-7
-6
-14
-15
-5
9
-7
-28
-20
-10
-10
-20
-23
-10
-10
-25
-35
-29
-17
-18
-20
-16
-3
4
-8
-17
-5
5
-5
-23
-20
-7
-5
-11
-24
-13
6
1
-12
-10
-2
-3
-26
-38
-25
-11
-19
-29
-24
-9
-7
-19
-20
0
15
7
-2
6
20
17
3
3
12
16
3
-11
-5
7
1
-10
-9
7
20
10
2
4
7
0
-14
-11
-2
1
-7
-3
7
11
7
-1
-2
9
10
0
-3
3
4
-8
-5
-2
3
-1
-11
-9
-3
-3
-11
-13
-7
4
8
-1
6
8
9
-7
-7
1
9
12
0
7
12
13
6
6
18
23
25
19
19
32
34
24
16
21
21
15
13
9
14
19
10
9
16
28
28
24
21
22
18
5
0
3
3
-3
-6
-9
-8
-9
-15
-9
-2
7
11
10
5
-1
0
3
-3
-7
-4
1
3
-1
2
4
7
2
3
13
23
21
16
11
10
16
15
4
8
18
10
6
4
3
7
1
7
8
2
2
-2
-6
-15
-10
-9
-18
-20
-13
-14
-24
-22
-22
-25
-30
-25
-18
-18
-23
-29
-29
-27
-32
-35
-28
-22
-21
-33
-37
-29
-27
-23
-25
-22
-13
-14
-29
-29
-23
-15
-14
-18
-12
-2
0
-13
-22
-19
-11
-13
-17
-6
1
-1
-13
-19
-9
0
-4
-14
-5
4
3
-11
-13
-4
6
2
-1
4
4
8
1
-7
0
1
-4
-1
7
19
17
9
10
18
23
23
24
34
36
27
19
20
30
32
27
27
33
33
26
19
18
19
16
11
12
24
23
20
12
13
21
13
10
18
25
23
16
14
13
22
21
21
24
28
23
13
3
3
12
11
9
4
12
11
-5
-6
-4
0
2
-2
-1
4
3
-9
-16
-18
-8
-2
2
7
9
11
0
-4
-4
-4
-5
-4
-7
-2
-3
-8
-13
-11
-3
-4
-4
-8
-6
-6
-13
-19
-14
-9
-10
-12
-13
-16
-15
-12
-19
-13
-5
-1
-7
-7
3
0
-4
-17
-10
-4
-8
-13
-13
-3
-6
-15
-13
-10
-8
-14
-20
-16
-17
-19
-23
-26
-21
-17
-19
-23
-25
-23
-20
-27
-31
-27
-15
-12
-20
-22
-16
-13
-22
-28
-15
-2
-2
-5
-8
4
4
-1
-4
-2
12
10
4
3
16
22
11
1
1
13
15
-1
1
8
2
-4
-12
-1
11
4
-5
3
11
3
-3
-8
-4
9
6
6
12
21
13
6
10
16
22
15
6
14
13
15
19
18
25
33
25
19
31
42
40
31
37
49
51
39
32
31
33
28
25
23
30
33
23
15
14
13
2
-10
-3
1
3
0
-7
-4
-5
-12
-16
-8
-6
-1
-7
-6
1
-4
-12
-15
-7
-11
-11
-13
-11
-1
0
-7
-7
1
4
1
-6
0
3
1
-8
-12
-3
2
-9
-15
-18
-14
-16
-17
-12
-7
-10
-13
-16
-10
-10
-19
-22
-23
-11
-10
-16
-21
-23
-20
-24
-29
-32
-25
-14
-16
-19
-23
-18
-8
-9
-11
-8
4
-1
-11
-8
-6
-8
-6
-11
-8
-7
-9
-15
-16
-8
-15
-11
-3
5
2
-11
-8
-13
-12
-9
-8
-2
3
2
5
3
1
8
5
3
2
9
9
2
-7
-3
6
3
1
0
11
15
1
-2
-1
5
13
7
2
4
9
6
-3
-8
-4
4
2
-4
3
8
4
3
7
15
15
11
7
12
18
14
16
19
22
21
15
21
31
32
30
25
31
31
31
29
32
39
34
28
20
24
25
9
4
17
20
17
4
4
10
0
-11
-14
-2
-7
-14
-22
-18
-7
-5
-13
-16
-6
8
6
-4
2
12
16
-1
0
8
19
10
-10
-13
-2
0
-8
-10
-3
9
8
4
2
11
10
2
2
-1
4
0
-10
-8
-13
-14
-18
-24
-21
-18
-22
-31
-24
-24
-23
-26
-25
-22
-13
-28
-35
-27
-24
-21
-27
-23
-16
-20
-25
-20
-14
-5
-6
-11
-5
-3
-4
-12
-20
-13
-10
-11
-13
-6
4
3
-9
-15
-2
4
-5
-10
-5
0
-5
-14
-5
4
8
4
-1
-2
1
1
-7
-8
-5
2
3
-3
0
3
0
-10
-8
-6
-5
-8
-3
4
5
4
6
10
17
13
10
20
24
21
16
20
25
22
20
19
23
16
19
14
12
20
20
24
22
27
31
19
14
10
12
8
0
2
12
6
-2
-2
2
4
4
0
-1
1
6
4
-1
1
4
2
-1
-3
5
4
0
1
7
15
15
7
9
14
11
9
1
2
7
11
5
7
13
13
10
3
1
9
4
-3
0
1
8
-1
-9
-5
-6
-7
-13
-17
-8
-13
-22
-18
-11
0
-5
-5
-7
-7
-2
-9
-9
-3
0
-6
-11
-8
-6
-12
-15
-11
0
-3
-6
4
9
12
4
-6
-9
-1
-1
-7
-7
-5
-6
-5
-10
-11
-4
0
-11
-16
-8
-11
-22
-26
-20
-10
-23
-28
-25
-19
-10
-11
-14
-11
-10
-12
-5
-7
-3
-6
-9
-15
-7
-4
-11
-10
-20
-18
-11
-16
-14
-9
-5
-11
-14
-4
-1
-3
-2
-2
4
4
4
0
1
11
9
2
-1
3
5
-3
6
10
13
10
1
9
13
14
10
7
17
21
22
14
13
17
17
15
12
22
20
26
16
9
20
26
15
8
13
14
11
8
14
21
22
13
10
10
10
13
10
8
16
21
20
12
12
19
17
12
10
22
28
8
2
0
-8
-12
-10
-6
1
1
-4
-4
-8
-4
-6
-11
-11
-9
-6
-3
-7
-1
9
6
-4
-3
11
20
17
8
12
22
18
7
9
11
15
5
-14
-16
-11
-12
-12
-7
0
2
-1
-11
-8
4
-7
-9
-8
-9
-4
-7
-20
-26
-16
-24
-38
-35
-30
-24
-31
-41
-25
-14
-26
-23
-21
-20
-22
-33
-36
-37
-33
-29
-28
-30
-21
-26
-30
-22
-17
-12
-6
-8
-5
1
-6
-8
-6
-3
7
5
-4
2
13
5
1
5
22
21
11
12
14
13
12
0
-8
-2
3
9
-1
-3
13
10
-5
0
11
10
10
12
16
17
16
11
14
14
9
4
5
19
26
24
21
24
30
30
26
22
24
20
18
18
11
20
27
12
14
12
10
8
2
6
20
26
17
21
17
13
10
0
-2
5
5
3
11
13
9
4
7
6
3
1
-12
-14
-7
-4
-3
-16
-23
-21
-19
-23
-22
-16
-21
-14
-11
-15
-4
9
6
0
3
2
0
-2
-9
-7
-1
-7
0
6
-2
-1
-3
2
1
7
9
4
9
12
9
8
13
7
1
-2
-5
-6
-14
-21
-15
-8
-12
-5
-9
-18
-10
-15
-28
-29
-19
-20
-26
-23
-12
-8
-16
-15
-17
-14
-14
-8
-9
-13
-5
-3
-13
-4
6
-8
-4
-4
-3
-1
1
0
3
10
4
0
0
-3
-8
-9
-14
-17
-7
0
-8
-1
1
-4
8
11
1
-8
-2
0
-6
-5
-13
-16
-15
-13
-18
-21
-8
-4
-13
-8
-2
6
3
9
25
13
8
18
17
5
20
29
13
17
31
22
7
16
20
23
19
25
31
19
20
19
11
14
16
17
14
16
23
8
-1
7
14
12
5
4
6
2
-2
-3
-3
1
-5
-9
-2
3
15
14
8
19
27
22
18
13
10
20
20
7
7
20
7
-2
6
14
18
-2
-11
6
10
-13
-15
-5
-9
-8
-26
-31
-22
-21
-18
-22
-20
-9
-8
-22
-21
-6
-9
-22
-23
-11
-11
-23
-24
-24
-15
-17
-23
-18
-4
3
-2
-8
3
18
19
10
8
14
13
1
-15
0
10
-4
-19
-19
-15
-7
-5
-10
-4
-1
-2
-16
-22
-5
2
-14
-30
-17
-14
-31
-35
-24
-15
-13
-15
-15
-13
-12
-7
-18
-12
-1
-9
-21
-12
5
2
4
12
7
20
24
10
10
19
29
24
18
16
30
21
2
1
19
16
-2
-1
2
13
7
8
19
21
16
9
-7
-5
15
5
-6
3
0
2
-5
-15
3
3
-5
4
6
8
13
10
6
9
15
7
0
7
8
-1
-9
2
15
19
18
14
7
6
8
1
6
19
14
-4
-3
2
5
-1
-5
5
14
-4
-11
2
5
0
1
-2
-6
0
0
-13
-12
9
0
-5
-1
-3
-5
-6
4
-7
1
6
-4
-6
5
12
18
15
15
18
18
11
9
18
22
27
19
13
17
3
-7
-2
2
9
0
-2
-3
-2
6
-2
1
9
-1
-10
-14
-8
-5
-9
-7
-4
-12
-15
-18
-24
-32
-22
-9
-4
-9
-12
-13
-16
-23
-15
-4
-15
-22
-30
-32
-38
-39
-29
-18
-21
-19
-29
-28
-22
-14
-14
-26
-21
-14
-12
-20
-26
-31
-27
-28
-21
-24
-24
-12
-17
-24
-24
-7
5
10
10
-4
4
8
9
5
5
14
5
5
23
25
20
27
22
18
27
26
22
27
20
25
28
25
26
17
24
19
17
29
40
38
13
9
35
35
20
36
42
21
20
16
3
17
13
10
22
16
7
4
5
12
17
5
2
15
7
1
-5
0
17
2
-4
-8
-14
-1
16
25
7
1
-2
-11
-9
-7
-8
-3
-18
-25
-8
-12
-30
-26
-19
-22
-4
-3
-4
2
-1
-6
0
8
15
-3
-12
-8
-15
-17
-8
16
6
1
14
6
-7
5
16
4
4
25
16
0
-7
4
3
-12
-3
-4
-9
-19
-25
-18
-12
-9
-19
-29
-10
-4
-25
-33
-19
-20
-26
-23
-23
-17
-12
-2
-14
-9
-1
-7
-14
-14
-15
-11
-1
-10
2
8
3
4
3
9
12
6
-6
-9
3
4
2
-2
-12
-10
-15
-23
-29
-16
-11
-13
-12
-21
-23
-20
-28
-13
5
-3
-12
-4
-3
-14
-9
4
9
-1
11
22
9
10
14
8
0
9
18
20
13
11
16
23
24
26
33
34
22
14
16
25
34
30
26
21
15
12
13
13
19
10
-10
2
9
5
5
7
9
14
10
10
10
1
3
27
27
14
12
15
9
7
1
9
25
7
1
4
10
0
-12
4
20
7
6
-1
-5
11
10
-7
10
23
1
-9
-10
5
13
2
7
1
-7
-7
-13
-5
-6
-4
-5
-9
-7
-3
-10
-14
-1
-8
-6
-3
-16
-14
-3
-16
-19
-4
-3
-7
-14
-14
-12
-9
-14
-16
-16
-5
-6
-19
-19
-14
-7
0
-13
-25
-18
-21
-33
-26
-10
