18
19
14
14
14
13
16
11
11
14
16
13
12
12
16
16
14
15
15
13
15
16
14
14
11
10
7
9
8
5
2
6
1
-1
-1
3
2
-2
0
-2
-2
2
2
1
3
0
6
1
-1
1
1
6
1
1
4
3
4
6
5
4
6
5
3
4
2
1
4
2
3
2
-3
1
4
-1
-2
-2
-2
1
-1
1
-1
-4
0
-5
-7
-5
-7
-9
-6
-4
-9
-4
-5
-4
-10
-12
-11
-13
-8
-6
-8
-9
-8
-6
-6
-7
-8
-10
-8
-8
-4
-5
-4
-4
-4
-6
-8
-3
-1
-1
0
-5
-2
3
3
1
-3
-3
-3
-6
-4
-4
-5
-6
-8
-5
-7
-4
-4
-4
-5
-10
-13
-15
-8
-9
-13
-13
-13
-5
-13
-5
-5
-8
-9
-7
-4
-3
0
0
0
2
1
-1
0
-2
-4
-8
-3
3
0
-3
-3
-1
1
-2
-1
3
0
0
2
1
4
5
5
4
6
8
7
5
2
4
4
5
5
10
6
9
6
10
11
14
14
7
13
14
7
10
11
10
9
6
5
8
13
6
8
7
8
12
10
8
9
4
6
7
6
9
8
4
5
6
6
10
10
9
11
9
11
11
15
13
10
11
9
9
11
6
-2
1
6
8
4
4
1
6
-1
0
2
4
2
-4
-2
-4
-6
-5
-4
-7
-7
-10
-11
-15
-12
-14
-7
-2
-5
-6
-5
-4
-2
0
-3
-6
0
5
6
7
3
6
9
6
2
-1
0
-3
2
-2
-4
-7
-8
-11
-15
-13
-19
-17
-20
-18
-19
-22
-18
-20
-20
-23
-24
-23
-22
-25
-23
-26
-23
-21
-19
-20
-27
-21
-18
-16
-13
-15
-14
-5
-5
-4
-6
-4
0
-2
-1
-2
-7
-10
-6
-3
-5
-2
1
-1
2
2
-1
-1
-1
0
-1
-1
4
-1
1
0
-3
2
1
0
2
5
6
10
8
9
6
3
9
6
7
7
11
13
12
7
11
17
11
15
22
19
14
20
35
38
25
18
28
41
28
12
21
42
31
24
22
25
27
24
26
25
23
20
24
22
14
4
15
27
17
7
6
18
17
8
0
5
13
5
-3
0
7
7
5
1
2
7
-1
-11
-7
-1
4
-5
-4
1
-4
-10
-8
1
-5
-13
-14
-12
-5
-5
-14
-17
-16
-15
-12
-16
-16
-22
-24
-18
-22
-21
-26
-27
-28
-30
-23
-21
-20
-24
-21
-25
-30
-30
-26
-27
-29
-29
-19
-17
-20
-18
-22
-17
-25
-27
-16
-7
-16
-26
-19
-9
-6
-14
-17
-15
3
-2
-6
-10
-12
-1
3
0
-5
-16
-5
2
3
-2
-11
4
12
6
-4
0
11
8
4
3
9
12
10
6
14
20
13
8
7
13
15
23
18
11
10
12
16
12
7
16
23
22
23
22
20
15
19
25
24
20
26
22
27
24
18
21
21
12
5
12
22
19
8
6
13
10
3
10
12
6
9
10
9
6
0
0
9
10
6
3
5
4
2
2
0
-1
-4
-1
1
0
-4
-8
-9
-4
-3
-7
-8
-10
-7
-4
-3
-1
5
5
-2
-3
6
8
-2
-7
-3
-4
-2
-8
-14
-9
-13
-11
-8
0
-5
-11
-8
-5
-10
-13
-13
-11
-10
-13
-15
-21
-15
-13
-13
-15
-15
-13
-12
-8
-14
-13
-7
-5
-11
-19
-13
-6
-8
-12
-12
-6
-6
-1
-2
-7
-13
-9
-2
-1
-1
-2
-5
-2
0
3
-4
-8
-5
-7
-5
-10
-9
-7
-10
-11
-10
-11
-11
-11
-8
-9
-12
-11
-5
-4
-11
-7
3
3
-5
-5
0
6
7
5
4
6
7
12
13
7
4
5
8
14
13
9
9
10
14
12
8
12
12
12
13
14
14
16
14
5
2
5
13
6
4
6
3
16
13
4
3
14
20
13
6
4
4
21
29
21
20
19
21
23
21
10
6
12
21
18
13
19
25
22
11
14
22
17
14
15
19
17
12
5
-4
0
4
-2
-4
1
-1
3
0
1
-3
-8
-8
-8
-9
-10
-7
-10
-12
-13
-14
-12
-12
-9
-10
-9
-7
-9
-13
-16
-14
-10
-6
-4
-10
-11
-8
-5
-9
-14
-12
-12
-11
-8
-6
-9
-12
-8
-15
-24
-16
-18
-20
-20
-22
-18
-18
-15
-17
-21
-20
-20
-14
-16
-18
-22
-18
-8
-10
-16
-19
-18
-16
-20
-19
-16
-21
-20
-14
-13
-14
-19
-15
-14
-12
-7
-9
-6
-9
-7
-4
0
-1
2
1
3
4
3
4
4
6
1
7
15
17
9
11
13
6
12
21
22
18
26
22
19
21
17
14
8
16
26
22
16
19
18
18
21
12
5
6
17
16
13
15
13
17
16
10
17
19
15
12
12
13
17
11
8
13
18
17
13
17
16
12
9
10
4
5
11
7
6
8
11
8
5
12
17
10
5
6
1
4
10
13
11
12
10
5
6
8
3
-1
-3
-1
2
2
2
-6
-11
-4
-2
-1
2
-3
-7
-9
-1
-3
-11
-15
-11
-7
-16
-19
-23
-23
-16
-18
-21
-22
-18
-20
-21
-23
-21
-22
-21
-15
-21
-18
-21
-23
-23
-18
-13
-12
-16
-20
-19
-18
-6
-11
-23
-24
-11
-3
-12
-13
-17
-15
-17
-18
-11
-21
-32
-27
-23
-16
-19
-22
-18
-25
-21
-17
-15
-10
-10
-7
-5
2
1
-3
0
-1
2
8
11
9
5
12
13
14
16
11
13
15
18
23
25
21
17
13
15
21
12
13
17
17
18
18
16
14
9
5
5
10
10
12
9
10
18
14
6
7
15
20
16
14
15
11
9
12
19
16
10
11
17
20
23
26
24
21
24
25
20
13
9
12
17
17
10
5
10
12
7
3
0
5
3
-7
-5
2
6
5
-3
1
3
4
1
-1
0
5
-4
-3
-5
-3
-5
-2
4
-4
3
-13
-7
0
0
-8
-6
-1
3
-1
1
4
-4
1
-3
-7
1
-3
-3
-2
-5
-14
-16
-12
-16
-23
-25
-8
-9
-22
-26
-19
-12
-17
-26
-12
-16
-21
-24
-18
-12
-13
-19
-20
-15
-7
-10
-21
-16
-8
-11
-13
-14
-9
-9
-15
-12
-9
-9
-13
-14
-14
-13
-17
-15
-12
-17
-14
-7
-10
-15
-13
-5
-7
-8
-9
-10
-4
-8
-4
-5
-2
1
-13
-7
-2
0
4
3
-1
5
7
8
7
6
11
10
10
10
11
11
10
5
12
14
11
9
12
14
15
16
14
12
16
19
17
22
17
14
16
22
24
19
18
18
26
26
25
20
16
15
22
23
13
17
20
16
14
11
10
13
5
-4
1
8
6
6
6
4
8
5
2
7
1
-5
-5
5
5
4
1
-1
0
1
1
-3
-1
-3
-1
0
0
-6
-3
2
-1
-3
-4
-6
-3
-9
-8
0
-4
-11
-11
-4
2
-7
-8
-5
-5
-8
-5
-5
-8
0
-3
0
-2
-6
-8
-11
-12
-8
-10
-6
-9
-5
-7
-9
-2
-5
-8
-7
0
-5
-1
4
0
-1
-1
-1
-1
-9
-9
-17
-11
-5
-11
-13
-15
-8
-3
-7
-13
-14
-11
-11
-12
-18
-19
-10
-16
-18
-9
-11
-12
-9
-14
-20
-18
-13
-14
-23
-23
-6
-10
-14
-9
-7
-6
-1
3
6
2
-1
6
11
7
5
5
6
10
8
4
6
3
6
8
8
7
-2
1
5
3
3
4
5
4
7
2
2
3
-1
-1
5
7
9
4
3
8
5
5
11
13
12
12
8
17
19
15
9
7
14
19
16
12
18
21
23
19
14
17
18
23
23
16
18
24
25
18
16
18
15
13
13
17
14
15
13
12
13
9
5
3
6
6
3
5
3
5
4
2
1
3
1
-2
-5
-3
1
2
-2
-6
-6
-2
1
1
-8
-9
-5
-9
-8
-5
-9
-11
-8
-10
-10
-14
-19
-19
-23
-24
-23
-17
-20
-21
-22
-19
-20
-21
-17
-23
-22
-21
-15
-16
-18
-20
-20
-19
-12
-18
-21
-16
-14
-7
-10
-14
-18
-14
-10
-12
-14
-11
-11
-9
-11
-6
-3
-9
-9
-11
-9
-16
-18
-16
-17
-13
-13
-13
-8
-8
-13
-14
-10
-5
-1
1
-5
-4
4
1
-1
-1
-3
5
13
7
5
2
13
12
9
10
17
20
17
21
21
21
20
24
23
20
23
26
27
24
26
25
26
26
29
26
14
19
23
22
21
14
19
20
19
18
15
16
18
23
14
13
14
16
17
13
11
8
11
11
11
7
8
9
8
7
4
7
9
12
11
3
3
2
1
10
3
-2
3
7
9
-2
-11
-5
-1
-1
-2
-8
-8
0
-1
-8
-20
-24
-14
-14
-18
-21
-23
-17
-21
-14
-14
-24
-19
-20
-19
-18
-15
-14
-16
-16
-15
-19
-19
-11
-12
-17
-20
-20
-18
-7
-10
-13
-18
-20
-14
-15
-17
-18
-13
-11
-12
-21
-17
-9
-8
-16
-21
-18
-10
-12
-16
-13
-7
-4
-6
-8
-8
-6
-3
1
1
-4
-3
4
3
5
1
-1
5
11
11
9
3
3
9
12
19
11
1
6
15
14
9
4
9
9
9
7
-1
3
0
-3
4
12
9
10
2
-1
3
7
12
10
4
5
13
15
16
8
4
8
11
12
11
11
15
17
16
15
13
16
16
15
19
20
21
18
16
5
8
9
8
8
1
-3
1
5
2
-2
-7
-7
0
3
4
0
-4
1
4
8
4
3
6
9
5
0
-2
1
2
2
-1
-2
2
4
5
0
4
3
9
12
7
9
6
8
7
-1
0
-1
-4
-2
-2
-6
-11
-5
-1
-6
-12
-13
-5
-9
-8
-6
-5
-2
-9
-9
-10
-9
-4
-4
-7
-14
-4
-1
-3
-5
-10
-7
0
2
-3
-5
-3
2
3
5
7
5
3
4
6
6
2
0
-2
-3
-7
-7
-8
-5
-11
-23
-20
-21
-21
-16
-23
-29
-25
-23
-23
-24
-30
-23
-13
-17
-21
-22
-22
-17
-15
-15
-16
-15
-14
-12
-14
-13
-14
-9
-6
-5
-1
-5
-5
-4
-4
0
-6
-2
2
-2
-1
-1
6
9
11
7
5
4
9
11
7
7
3
11
15
9
9
14
14
12
13
7
11
16
15
15
16
17
18
13
14
15
13
20
19
17
18
14
15
16
14
15
14
10
16
17
23
23
17
23
15
12
13
13
17
12
11
12
9
9
7
7
6
7
13
11
6
6
3
1
0
0
2
1
6
11
6
1
0
-1
0
1
-5
-4
-3
0
1
-1
-1
0
0
-2
0
0
2
2
-1
-6
-4
1
-3
-3
-5
-7
-9
-3
-3
-4
0
-5
-8
-12
-13
-9
-7
-8
-13
-11
-7
-8
-14
-12
-12
-17
-17
-16
-7
-11
-16
-19
-17
-18
-20
-22
-27
-18
-22
-27
-30
-29
-19
-21
-23
-24
-19
-14
-11
-15
-13
-10
-10
-8
-6
-3
-6
-1
-2
-2
-8
-7
-5
-5
0
0
-4
0
-2
1
1
-5
2
3
0
0
0
-2
-1
3
-4
-3
-1
4
5
0
-2
-5
0
3
3
-2
2
6
8
7
6
11
12
10
12
15
15
15
14
14
14
11
12
18
20
18
16
19
22
19
11
9
12
15
20
23
20
20
23
18
15
15
15
21
20
19
18
21
21
15
14
16
17
18
14
16
14
16
15
9
16
14
9
9
12
10
9
5
2
10
11
8
6
4
6
6
1
0
-3
6
3
-3
-5
-7
0
-3
-10
-13
-10
-13
-17
-16
-17
-16
-16
-26
-27
-22
-20
-23
-30
-26
-22
-20
-15
-20
-23
-21
-19
-15
-16
-13
-15
-17
-12
-7
-10
-17
-15
-14
-13
-14
-15
-19
-16
-18
-12
-16
-18
-17
-20
-11
-16
-19
-17
-17
-19
-24
-24
-19
-18
-18
-21
-18
-20
-18
-15
-12
-16
-15
-7
-8
-11
-12
-10
-3
1
0
-3
4
4
5
7
8
10
11
11
12
16
14
17
15
17
16
20
20
15
21
17
20
19
19
20
19
21
22
23
23
18
16
15
19
16
15
15
14
18
16
13
7
12
16
20
15
15
19
17
17
18
23
19
22
20
22
21
21
23
18
19
15
19
23
16
10
7
8
5
9
6
10
7
3
6
5
1
-5
-5
0
-4
-10
-7
-7
-6
-12
-11
-9
-10
-12
-17
-12
-10
-7
-8
-8
-12
-15
-15
-12
-8
-11
-13
-10
-13
-12
-14
-20
-19
-22
-9
-10
-13
-16
-15
-6
-9
-14
-10
-10
-4
-3
-9
-10
-6
-7
-14
-13
-14
-12
-9
-17
-17
-13
-12
-10
-13
-13
-9
-14
-13
-6
-4
-2
-5
-3
-5
-2
-5
-7
-12
-11
-8
-14
-11
-5
-2
-2
-8
-9
-4
-4
1
-5
-3
3
4
3
1
4
-2
-6
-4
-4
-3
0
2
4
2
0
3
5
5
5
6
12
8
3
7
12
17
8
9
9
11
9
6
7
4
4
6
8
5
4
8
10
3
-4
-3
2
4
3
-1
-6
-3
0
1
1
-1
-6
-4
-5
-1
6
7
10
8
6
9
12
10
11
17
18
12
18
21
23
24
22
18
23
30
27
20
19
23
27
23
16
20
20
15
7
6
3
3
3
4
5
0
1
-2
-3
1
3
-1
-2
-3
-2
3
0
0
-5
-5
0
-9
-7
-7
-8
-9
-11
-8
-6
-5
-6
-6
-9
-3
-2
-5
-3
-5
-7
-8
-8
-12
-7
-8
-9
-11
-14
-15
-14
-14
-18
-21
-21
-20
-22
-19
-16
-20
-22
-18
-17
-19
-15
-14
-17
-17
-15
-13
-16
-17
-18
-19
-14
-12
-13
-15
-14
-9
-9
-7
-2
3
2
-2
3
4
7
3
0
3
5
6
0
1
-1
-3
-5
-3
-2
-3
-7
-8
-3
-2
-1
1
0
-6
-7
-1
2
-1
-1
1
4
1
0
7
12
6
4
5
9
10
11
13
9
15
14
14
18
17
18
14
16
17
19
16
16
15
10
15
16
14
19
15
11
11
3
8
8
11
10
6
8
7
11
6
4
4
3
2
3
5
7
2
0
1
5
6
4
8
12
7
8
6
8
8
10
9
10
9
8
10
9
7
9
9
6
9
5
11
10
-2
1
3
1
4
3
-2
-1
-2
-6
-1
1
1
-1
-3
-2
-7
-7
-4
-4
-2
-3
-6
-9
-8
-6
-4
-8
-16
-13
-10
-11
-17
-14
-13
-19
-14
-20
-16
-14
-19
-18
-16
-14
-15
-15
-18
-19
-18
-18
-18
-17
-13
-11
-13
-13
-9
-8
-11
-14
-11
-8
-10
-14
-19
-17
-11
-10
-12
-14
-16
-14
-17
-13
-18
-17
-14
-17
-15
-15
-12
-15
-17
-13
-12
-14
-13
-15
-11
-6
-4
-3
1
4
3
3
4
13
16
13
12
12
16
19
16
14
14
11
15
15
14
13
16
17
20
19
16
16
15
18
21
20
19
23
18
19
23
18
18
25
23
21
18
20
25
21
17
18
20
20
21
16
22
24
25
19
18
21
23
22
18
17
18
19
18
18
13
10
9
11
10
8
2
2
1
1
4
0
0
0
-3
-2
-3
-8
-8
-3
-6
-8
-8
-3
-4
-8
-7
-9
-5
-3
-3
-12
-12
-10
-10
-10
-14
-16
-19
-19
-16
-21
-23
-19
-15
-14
-19
-22
-22
-18
-17
-17
-20
-17
-16
-10
-16
-17
-19
-21
-24
-27
-28
-29
-25
-28
-26
-25
-26
-22
-20
-19
-19
-22
-21
-15
-12
-15
-13
-13
-12
-9
-8
-11
-11
-5
-2
-1
-6
-8
-1
3
1
2
1
5
8
11
4
7
12
9
5
5
9
8
5
7
5
8
9
2
4
10
11
7
4
7
9
10
10
9
12
10
10
13
17
16
9
12
9
17
19
16
11
15
18
20
21
16
16
20
22
18
18
17
15
13
16
16
14
15
10
8
7
6
7
8
5
10
12
7
11
9
9
6
5
6
6
7
5
8
8
1
0
1
0
2
4
7
1
-2
3
4
4
1
1
1
2
0
-2
0
-3
-5
-8
-7
-3
-5
-8
-7
-11
-8
-13
-13
-9
-9
-7
-7
-6
-6
-6
-11
-7
-3
-4
-6
-7
-8
-4
-5
-6
-7
-10
-8
-7
-10
-9
-12
-17
-18
-14
-10
-13
-16
-13
-10
-15
-16
-18
-12
-11
-11
-10
-9
-8
-9
-8
-8
-14
-15
-3
-7
-10
-5
1
-1
-8
-10
-7
-3
-5
-7
-10
-13
-8
-3
-1
3
2
-2
-9
-5
-2
0
1
2
2
2
6
3
-4
-6
1
1
-1
-4
-1
2
4
5
3
4
1
-2
5
7
4
0
-3
4
8
5
-3
-8
-5
-6
0
0
-3
7
12
14
13
9
15
15
16
21
21
25
20
23
23
24
19
15
18
19
22
26
21
21
19
25
24
18
15
13
21
20
18
14
15
7
7
3
-3
-7
-12
-7
-7
-7
-7
-2
-9
-7
-7
-7
-5
-2
1
-2
-3
-4
0
3
1
3
6
5
1
2
7
3
1
0
4
1
-1
4
5
7
2
-2
-4
-3
0
-2
-4
-3
-5
-6
-12
-13
-15
-17
-15
-17
-18
-18
-18
-17
-13
-13
-13
-15
-13
-16
-14
-11
-8
-8
-8
-8
-9
-9
-9
-11
-9
-9
-12
-12
-9
-4
-6
-8
-7
-9
-11
-11
-14
-9
-8
-9
-7
-9
-13
-14
-11
-14
-13
-14
-12
-10
-14
-11
-9
-12
-10
-11
-9
-9
-8
-8
-9
-5
-4
-4
-5
-4
-1
0
1
4
2
8
10
9
7
7
10
11
10
16
19
23
20
18
15
13
11
11
11
10
11
8
6
6
8
9
8
7
9
8
8
11
13
9
11
11
13
16
12
8
8
7
11
11
11
9
14
16
18
22
18
18
20
26
24
23
23
17
19
17
14
11
14
10
13
15
13
8
9
5
4
6
4
6
0
-1
2
6
0
1
-1
-6
-4
-6
-3
-6
-16
-15
-10
-11
-12
-11
-13
-16
-15
-12
-10
-9
-11
-9
-10
-8
-8
-10
-12
-9
-14
-12
-11
-13
-17
-16
-11
-11
-10
-14
-9
-10
-14
-12
-11
-12
-15
-16
-12
-9
-11
-9
-13
-9
-11
-12
-11
-10
-12
-12
-6
-5
-5
-12
-13
-15
-11
-11
-13
-17
-17
-14
-12
-15
-13
-13
-14
-14
-14
-11
-7
-4
-1
-5
-1
0
-1
1
-1
-2
-2
1
6
8
2
3
3
7
8
2
5
8
12
11
12
9
8
13
20
12
8
4
9
15
18
14
10
12
11
10
5
-4
-10
-14
-10
-7
-9
-1
9
16
25
26
26
24
26
31
25
25
25
20
20
23
24
24
20
22
27
23
28
26
24
23
27
31
22
20
16
17
16
15
11
4
10
10
4
4
3
3
-1
-4
6
3
2
0
-3
4
-2
-3
-7
-11
-5
-11
-10
-10
-6
-10
-11
-16
-25
-23
-20
-28
-30
-30
-32
-31
-33
-33
-34
-33
-36
-37
-39
-47
-41
-46
-44
-38
-37
-28
-22
-20
-18
-23
-18
-20
-25
-23
-23
-25
-23
-13
-12
-12
-3
1
1
3
0
-1
2
6
7
7
10
12
16
21
22
23
26
31
30
24
21
26
23
24
24
21
19
25
25
16
13
7
7
10
4
-1
-10
-7
-10
-16
-15
-15
-13
-14
-16
-22
-18
-18
-19
-21
-22
-22
-23
-28
-28
-21
-23
-25
-25
-19
-22
-17
-15
-11
7
22
21
24
30
37
46
46
41
39
46
51
43
45
58
62
64
78
81
76
77
79
76
75
68
65
55
49
52
53
50
49
51
58
55
44
31
20
9
5
-10
-22
-26
-28
-39
-44
-45
-62
-65
-70
-66
-73
-75
-75
-82
-80
-84
-93
-92
-91
-99
-105
-105
-110
-121
-115
-110
-118
-110
-96
-85
-75
-68
-63
-60
-36
-17
-7
-1
11
26
33
35
41
37
34
53
62
68
84
97
113
128
141
153
152
168
168
158
158
153
140
128
119
114
109
107
106
97
92
88
71
49
26
5
-21
-43
-64
-84
-104
-117
-125
-137
-142
-151
-166
-186
-190
-192
-209
-215
-224
-225
-225
-220
-213
-210
-203
-195
-196
-190
-177
-177
-168
-157
-143
-124
-98
-69
-45
-19
13
37
56
79
97
108
115
130
140
157
176
191
215
240
259
271
270
271
258
248
237
229
231
245
242
239
242
237
224
202
188
167
152
149
134
110
93
66
43
13
-11
-28
-49
-58
-70
-87
-100
-105
-105
-116
-134
-152
-167
-180
-187
-205
-235
-268
-281
-279
-283
-279
-274
-276
-268
-255
-250
-246
-228
-218
-217
-196
-172
-147
-127
-109
-83
-58
-23
1
10
39
72
83
108
134
166
203
241
278
292
324
359
384
408
438
464
486
518
541
519
470
420
340
251
162
68
-8
-37
-48
-47
-31
-10
16
19
37
20
-12
-40
-92
-141
-205
-271
-318
-360
-373
-376
-370
-378
-384
-396
-407
-434
-463
-494
-489
-451
-407
-366
-338
-278
-219
-190
-201
-238
-270
-290
-313
-329
-357
-360
-327
-274
-206
-125
-53
21
110
189
232
243
248
232
240
250
239
232
262
339
413
472
518
564
636
724
788
815
830
820
780
691
574
417
255
111
12
-39
-44
-10
56
151
240
316
342
304
218
128
0
-160
-309
-436
-552
-621
-651
-658
-642
-605
-586
-613
-635
-662
-715
-753
-757
-728
-663
-552
-422
-299
-211
-159
-171
-206
-243
-333
-427
-504
-521
-493
-428
-304
-171
16
222
404
549
638
667
652
631
588
520
477
438
425
480
535
595
692
838
1011
1206
1340
1401
1378
1310
1160
873
545
237
-64
-241
-294
-294
-206
-45
195
404
580
663
610
496
336
101
-198
-535
-867
-1062
-1163
-1220
-1207
-1135
-1029
-934
-856
-863
-977
-1025
-1033
-1135
-1157
-1109
-1002
-774
-544
-373
-351
-336
-335
-484
-634
-872
-1170
-1345
-1308
-1249
-1100
-866
-508
-94
391
807
1049
1251
1347
1347
1245
1021
723
448
325
364
404
520
638
805
1116
1470
1795
2009
2032
1972
1946
1718
1249
605
27
-400
-597
-588
-611
-474
-95
408
888
1227
1270
1070
856
612
145
-415
-980
-1463
-1720
-1792
-1737
-1646
-1402
-1053
-808
-667
-663
-893
-1155
-1424
-1677
-1896
-1978
-1712
-1341
-958
-521
-278
-120
-73
-251
-578
-1011
-1401
-1697
-1797
-1739
-1539
-1084
-387
355
1094
1679
2000
2224
2303
2200
1897
1494
1151
889
843
880
871
938
1238
1737
2387
2999
3317
3311
3199
2947
2351
1474
521
-328
-907
-974
-835
-576
-54
705
1548
2182
2448
2287
1850
1352
690
-238
-1270
-2236
-2835
-3109
-3203
-3100
-2683
-1974
-1199
-639
-502
-869
-1365
-1755
-2351
-2898
-3146
-2920
-2236
-1271
-442
-109
31
90
-284
-1148
-2297
-3441
-4188
-4367
-4220
-3961
-3384
-2223
-738
771
2116
3015
3663
4067
4260
4051
3282
2380
1651
1158
861
683
1111
2200
3419
4448
4901
4814
4306
3304
1750
-77
-1714
-2671
-2697
-2173
-1317
-194
1433
3143
4367
4805
4410
3735
2852
1639
52
-1663
-3239
-4449
-4886
-4940
-4822
-4247
-3448
-2329
-1444
-991
-965
-1332
-1336
-1374
-1878
-2230
-2217
-1849
-1062
-368
-14
13
-83
-221
-925
-1768
-2735
-3803
-4308
-4555
-4590
-4193
-3485
-2402
-980
683
2089
3206
4141
4650
4801
4728
4031
3185
2618
2013
1596
1691
2688
3889
4822
5327
5132
4646
3785
2040
-77
-2013
-3245
-3296
-2725
-1765
-426
1319
3625
5364
6210
6341
5525
4678
3542
1798
-209
-2197
-3706
-4543
-4934
-4981
-4959
-4526
-3584
-2911
-2700
-2732
-2968
-2857
-2477
-2232
-1909
-1277
-106
930
1441
1477
887
190
-520
-1520
-2714
-3854
-4613
-4865
-4696
-4406
-4046
-3557
-2411
-923
393
1462
2362
3230
3822
4222
4072
3277
2560
2192
1913
2036
2737
3846
4775
5460
5844
5429
4344
2549
163
-2220
-3900
-4793
-5022
-4568
-3233
-1088
1366
3746
5454
6283
6665
6474
5439
3811
1703
-521
-2560
-4175
-5171
-5730
-5761
-5074
-4052
-3165
-2755
-2927
-3363
-3995
-4337
-4458
-4458
-3730
-2311
-530
1106
2226
2672
2503
2047
1079
-416
-1917
-3388
-4619
-5433
-5638
-5463
-5017
-3961
-2439
-570
1242
2751
3809
4485
5045
5075
4487
3734
2980
2543
2849
3963
5524
6510
6913
7282
6759
5056
2583
-425
-3240
-5088
-5802
-5697
-5021
-3508
-1087
1562
3989
5601
6176
6546
6516
5668
3934
1633
-467
-2755
-4557
-5621
-6078
-5607
-4791
-3702
-2871
-2584
-2455
-2518
-3067
-3580
-4160
-4194
-3661
-2720
-1413
-550
137
753
1023
925
393
-210
-957
-1779
-2349
-3235
-3832
-3939
-3897
-3675
-2600
-1068
309
1706
3058
3902
4467
4917
4506
3576
2726
2339
2505
3599
5225
6141
6722
7555
7559
6384
4119
1240
-1897
-4058
-4850
-5189
-5076
-3945
-1553
1255
3931
5595
6044
6335
6587
5883
3788
1385
-809
-2923
-4416
-5105
-5592
-6104
-5674
-4854
-4461
-4106
-4071
-4245
-4279
-3690
-3088
-3063
-2735
-1790
-890
-460
-404
-885
-1362
-1630
-2042
-2787
-3518
-3741
-3765
-3536
-3451
-3567
-3207
-2396
-1156
193
1316
2193
3008
3949
4567
4395
3640
2627
2300
3375
4765
5775
6313
7041
7916
7753
6101
3391
288
-2113
-3595
-4477
-5032
-5011
-3359
-377
2598
4659
5481
5722
6349
6647
5582
3102
443
-1559
-3173
-4595
-5767
-6351
-6156
-5324
-4601
-4438
-4409
-4287
-3844
-3582
-3397
-3157
-2692
-1717
-409
265
172
-98
-624
-1412
-2214
-2742
-3502
-4260
-4188
-3846
-3778
-3510
-3033
-2341
-1297
-190
722
1815
2993
4104
4643
4384
3918
3091
2449
2923
4331
5779
6529
7341
8362
8541
7323
5111
1998
-1152
-2800
-3700
-4754
-4918
-3547
-1065
1665
4108
5544
6012
6654
7139
6050
3939
1797
-548
-2727
-4317
-5419
-6268
-6199
-5330
-4620
-4336
-4141
-4438
-4764
-4619
-4478
-4421
-3821
-2319
-852
205
838
871
453
-322
-1595
-3132
-4264
-4644
-4540
-4150
-3596
-2890
-2207
-1733
-1161
-479
-5
546
1322
2410
3225
3674
3827
3234
2629
2205
2314
3683
5373
6637
7407
7922
8339
7278
4894
2249
-930
-3246
-4135
-4645
-4773
-4456
-2488
591
2991
4738
5471
5886
6860
6836
5218
2546
56
-1660
-3860
-5608
-6190
-6837
-6671
-5696
-5108
-5095
-5388
-4919
-4487
-4267
-2982
-2505
-2116
-399
601
626
-40
-1035
-2233
-3496
-4109
-5038
-5825
-4862
-3747
-2880
-1864
-1252
-1071
-193
833
1001
964
1648
2450
2929
3409
3350
2485
1827
2197
3231
4856
6262
7039
7728
8552
8259
6354
3694
999
-1381
-2633
-3271
-3693
-3456
-1855
753
3120
4827
5561
5985
6628
7059
6138
3757
1287
-382
-1880
-3616
-5591
-7115
-7440
-6510
-5801
-6024
-6334
-5755
-4484
-3095
-2271
-2320
-1847
-546
890
1337
530
-964
-2151
-2669
-3442
-5033
-6369
-6622
-5802
-4263
-3166
-2793
-2162
-695
940
1724
2024
2208
2993
4146
4365
3589
2653
2019
2529
4057
5662
6361
6829
8102
8789
7744
5455
2310
-494
-2158
-2837
-3524
-4085
-3156
-481
2726
5155
6203
6391
7152
7614
6719
4229
1395
-374
-1526
-2919
-4559
-6188
-6771
-6584
-6276
-6476
-7529
-7662
-6678
-5715
-4150
-2896
-1865
-378
1722
3289
2567
1122
28
-1598
-3313
-5404
-7407
-8575
-8413
-6932
-5587
-4205
-2147
11
1649
2846
3169
3257
3249
3425
3389
2568
2082
1925
1721
2212
3883
5953
7006
7830
8921
8993
7401
4729
1498
-1703
-3768
-4446
-4871
-4759
-2815
-89
2916
5775
7447
7834
8069
8481
7466
4759
2145
-269
-2514
-3763
-4770
-6234
-7151
-6534
-5692
-6180
-6921
-7100
-7429
-6585
-4784
-3678
-2808
-1207
1280
2656
2979
2637
908
-810
-1874
-3735
-6103
-7721
-8294
-8101
-7216
-5887
-4773
-3047
-515
1412
2684
3842
4450
4987
5277
4906
3765
2570
2653
3892
5360
6363
7207
8452
9275
8280
5954
2768
-900
-3488
-4851
-5715
-6014
-4982
-1959
1578
4840
7215
8055
9134
10246
9922
7733
4904
2697
406
-2246
-4149
-5658
-6946
-7102
-6833
-7030
-7666
-7653
-7061
-6727
-5901
-4288
-3044
-1303
1119
2529
2731
2504
2129
734
-1309
-2807
-4909
-6714
-7030
-6969
-6911
-6793
-5817
-4264
-2550
-795
230
974
2462
3879
4605
4666
4416
4212
4017
4702
6193
6699
6887
7922
8644
8069
6006
3415
166
-2865
-4216
-5658
-6921
-6237
-4021
-924
2165
4605
6305
7604
9230
9582
8177
6239
3980
1975
318
-1441
-3266
-4218
-4526
-4951
-5928
-7273
-8668
-9576
-9659
-8919
-8142
-6326
-3787
-1089
2046
3870
3908
3329
2906
1846
-487
-2568
-4475
-6300
-6393
-6090
-6407
-6209
-4635
-3165
-2090
-645
384
698
1728
2561
2603
2593
2739
3178
4518
6966
8241
8519
9363
10093
9100
6566
3282
-292
-3564
-5269
-6599
-7495
-7053
-4743
-831
2652
4941
6590
8130
9603
9602
7945
5715
3629
2110
774
-1108
-2689
-3361
-3180
-2624
-3261
-4726
-6217
-7095
-7372
-8036
-8722
-8156
-6637
-3981
-1277
298
852
1261
2469
2426
328
-1326
-2720
-3737
-4102
-4180
-4486
-4378
-2759
-1092
-494
-71
308
376
686
700
323
-188
-120
907
2910
5522
7355
8465
9930
11330
10665
8224
5032
1635
-1691
-4208
-6145
-7565
-7528
-5592
-2245
813
3450
5387
6787
8573
9210
8026
5935
4117
2902
1181
-843
-2409
-3436
-3298
-2472
-2780
-4024
-5097
-5503
-5868
-6909
-8072
-8594
-7634
-5286
-3471
-2679
-1783
-1023
-117
235
-655
-1892
-2777
-2847
-2888
-3065
-2782
-2576
-1912
-585
275
416
168
263
494
211
-517
-1457
-1533
-468
1501
4211
6334
8002
9875
11537
11483
8998
5556
1839
-1713
-4411
-6661
-8151
-8371
-6501
-2592
1383
4171
6252
7802
9072
9343
7705
5011
2578
1163
-162
-2078
-3367
-3741
-3119
-1544
-1038
-2109
-3206
-3620
-4030
-5258
-6859
-7783
-7789
-6428
-4785
-4188
-3553
-2602
-1757
-1227
-1343
-2056
-3128
-3054
-2057
-1803
-1931
-1590
-755
333
1559
1905
1159
872
1171
638
-648
-1626
-1921
-1536
681
3942
6128
8142
10505
12189
12222
10228
6862
2578
-1215
-3612
-6122
-8196
-8599
-7051
-3793
-66
2891
4954
6923
9194
9904
8189
5681
3532
1725
-108
-2297
-4034
-4433
-3525
-1776
-879
-788
-915
-1095
-1384
-2622
-4799
-6597
-7518
-7035
-6024
-5717
-5239
-4638
-3365
-2146
-2128
-2715
-3281
-2848
-1928
-1583
-1316
-1159
-420
665
1218
1227
881
811
1008
627
-402
-1413
-1978
-1865
-258
2555
4637
6601
9055
11286
11795
10117
7324
3579
-224
-2460
-4953
-7369
-7882
-6495
-3542
-407
2301
4423
6294
8745
9335
7391
4991
2533
510
-1479
-3899
-5733
-6120
-4580
-2591
-1518
-739
-663
-359
282
-496
-2610
-4738
-5741
-5387
-5236
-5951
-6973
-6905
-5326
-4388
-4556
-4828
-4829
-3416
-1863
-1311
-1012
-418
810
1788
2147
1991
1434
1176
1498
1003
-240
-1330
-1758
-1347
530
3342
5166
6790
9381
11529
11212
8990
5967
2079
-1481
-3818
-6370
-8410
-8203
-5992
-2429
932
3774
6058
7999
10118
10207
8283
5894
3138
441
-2158
-4959
-6967
-7823
-6813
-4715
-3178
-1803
-565
800
1879
1466
-103
-1815
-2919
-2922
-3587
-4830
-5579
-5466
-4656
-4499
-4756
-4667
-4262
-3342
-2424
-1562
-1169
-871
494
1364
1487
1628
1545
1394
1402
1362
591
-593
-606
87
1854
4356
5912
7343
9910
11767
10913
8189
4958
1059
-2665
-5336
-8089
-9799
-9150
-6536
-2846
833
3884
6276
8640
10616
10432
8704
6395
3649
1122
-1547
-4787
-7284
-8104
-7094
-5713
-4651
-3305
-1824
-129
1149
617
-923
-2236
-2833
-3046
-4226
-5308
-5921
-5670
-4522
-3833
-3890
-3631
-2728
-1628
-924
-721
-911
-940
-136
130
-251
-574
-655
-413
44
378
-239
-581
211
1283
3176
5432
6673
8057
10464
11978
10673
7830
5053
1389
-2233
-4963
-7686
-9541
-9320
-6977
-3461
-195
2626
5125
7843
9928
9849
8409
6483
3972
1701
-1205
-4607
-6835
-7521
-6570
-5626
-4900
-3523
-1892
41
928
36
-904
-2273
-3372
-3960
-5222
-6553
-7489
-6716
-5451
-4870
-3954
-3098
-1916
-147
1267
1783
1067
933
1416
1240
746
-492
-1280
-1046
-734
-704
-1178
-993
-36
1761
4468
6451
7894
9343
11021
11742
9857
7145
4045
420
-2311
-4911
-7202
-8309
-7894
-5371
-2215
574
2945
5143
8245
9743
8915
7703
5801
3295
722
-2317
-5135
-7222
-7533
-6396
-5704
-4371
-2531
-994
752
1573
857
-369
-1615
-2485
-3987
-5535
-6795
-8113
-7769
-6804
-6261
-5372
-3963
-1685
325
1698
2649
2673
2947
3032
2266
1013
-314
-706
-698
-931
-1183
-1374
-630
748
2993
5343
6772
8147
9846
11396
11221
8922
6207
2984
164
-2489
-5510
-7344
-8041
-6929
-4227
-1674
408
2516
5324
8139
8454
7623
6518
4771
2783
-164
-3428
-5964
-7378
-7292
-7015
-6513
-5125
-3423
-1415
145
296
-79
-726
-1659
-2615
-4191
-6121
-8027
-8825
-8201
-7719
-7217
-6003
-3952
-1032
1251
2645
3261
3407
3773
3371
2157
466
-961
-1319
-1333
-1587
-1839
-1471
-221
2047
4970
7079
7969
9230
10875
11395
9818
7104
4052
1055
-861
-3072
-5605
-6896
-6374
-4495
-2124
-218
1091
2659
5671
7480
6907
6082
5196
3837
2069
-292
-3194
-5641
-6169
-5727
-5745
-5362
-4413
-2975
-1140
127
110
-534
-1110
-1584
-2628
-4388
-6519
-8428
-9047
-8643
-8171
-7406
-5885
-3238
-60
2286
3860
4656
4847
4559
3639
2175
116
-1569
-2303
-2594
-2830
-2852
-1873
-84
3129
6572
8573
9844
11190
12250
11541
8965
6047
2527
-302
-2109
-4144
-5619
-5899
-4500
-2021
366
2054
3036
4804
6977
6910
5653
4339
2749
1267
-489
-2592
-4518
-5770
-5332
-4639
-4151
-3414
-2648
-1421
-467
-284
-671
-1613
-2323
-2990
-4238
-5936
-8111
-9475
-9639
-9378
-8846
-7814
-5816
-2643
617
3138
4902
5706
5837
5206
4081
1967
-665
-2304
-3453
-4263
-4610
-4226
-2935
-140
3964
7147
8853
10418
11989
12377
10688
7701
4003
439
-1559
-3344
-4971
-5643
-5033
-2680
122
2231
3316
4163
6030
6905
5762
4113
2244
739
-583
-2395
-4200
-5618
-5731
-4575
-3594
-2787
-2087
-917
705
1067
531
-398
-1428
-2306
-3414
-5003
-7359
-9237
-9806
-10043
-9741
-9121
-7925
-5493
-2013
1245
3292
4905
6057
6271
5672
4359
1914
-308
-1797
-3107
-4064
-4519
-3918
-2451
710
4711
7386
9138
10864
12256
12093
9676
6391
2643
-546
-2234
-3906
-5244
-5573
-4136
-1155
1716
3866
4726
5832
7573
7694
6173
4057
1752
-112
-1825
-3843
-5829
-6996
-6427
-4966
-3338
-1959
-1016
386
1768
2190
1754
520
-850
-2104
-3116
-4871
-7687
-9450
-10166
-10350
-9844
-9183
-7768
-4971
-1254
1862
3815
5641
6662
6585
6070
4363
1600
-573
-2321
-3844
-4782
-4968
-4210
-2032
2179
6054
8286
10235
12074
12725
11296
8243
4286
113
-2318
-3899
-5513
-6257
-5633
-3097
506
3498
4979
5777
7530
8465
7305
5290
2701
277
-1680
-3580
-5723
-7302
-7201
-5987
-4472
-2730
-1296
-165
1376
2347
2222
1165
-167
-1429
-2761
-3909
-6081
-8515
-9801
-10258
-10227
-10008
-9231
-7401
-4289
-645
2129
4088
5600
6475
6534
5602
3491
1019
-950
-2620
-4083
-5002
-4904
-3948
-982
3351
6741
8986
11009
12570
12689
10351
6578
2319
-1647
-4008
-5947
-7200
-7241
-5665
-1964
1676
4225
5956
7291
8778
8704
7086
4748
1833
-679
-2921
-5355
-7271
-8475
-7988
-6365
-4601
-2538
-818
851
2411
3086
2840
1514
-40
-1176
-2482
-4139
-6523
-8572
-9499
-9942
-9860
-9401
-8299
-5794
-2507
715
3181
4935
6230
6631
6393
5039
2660
633
-898
-2529
-3890
-4308
-3899
-2508
934
4997
7635
9628
11813
13205
12460
9635
5825
1345
-2008
-4032
-6266
-7534
-7085
-4928
-1135
2420
4777
6335
8020
9443
8845
7160
4782
1668
-778
-3084
-5728
-7883
-8658
-7875
-6356
-4317
-2397
-886
905
2366
2717
1998
692
-973
-2301
-3288
-5259
-7473
-8892
-9573
-9559
-9154
-8437
-7074
-4236
-1072
1389
3337
4550
5002
5103
4629
2790
484
-1156
-2323
-3300
-4000
-3867
-3006
-670
3291
6761
9103
10892
12501
13128
11391
7812
3466
-800
-3582
-5735
-7276
-7794
-6965
-3931
138
3306
5388
6902
8569
9266
8445
6794
3833
942
-1150
-3600
-6235
-8277
-8696
-7836
-6314
-4325
-2819
-1233
590
1692
1713
927
-485
-2091
-3143
-4206
-6162
-8082
-9204
-9518
-9052
-8414
-7556
-5683
-2613
444
2713
4348
5019
4943
5048
4006
1563
-596
-2071
-3058
-3831
-4134
-3693
-2146
1439
5559
8388
10563
12494
13713
13382
10587
6489
1907
-2000
-4535
-6754
-7931
-7845
-6239
-2485
1331
3919
5630
7208
9017
9214
7971
5919
2816
684
-1234
-3793
-6222
-7849
-7313
-6075
-4554
-3093
-2057
-258
1128
1486
899
-592
-2096
-3122
-3862
-5204
-7024
-8289
-8676
-8484
-7733
-7205
-6398
-4039
-906
1718
3669
4650
4879
4829
4432
2708
-29
-1986
-3109
-3912
-4357
-4298
-3486
-1295
2759
6591
9245
11362
13100
14027
13033
10041
5856
1113
-2454
-4900
-6960
-7895
-7777
-5678
-1647
1946
4305
5698
7323
8702
8154
6993
4585
1655
-152
-2116
-4404
-6709
-7638
-6770
-5591
-3575
-2198
-1138
547
1389
1386
464
-1260
-3249
-4721
-5535
-7096
-8886
-9630
-9887
-9227
-7797
-6653
-5101
-2459
438
2990
4723
5378
5074
4935
4108
1622
-895
-2642
-4143
-5163
-5337
-4801
-3525
-446
3878
7476
10140
12183
13695
13983
12124
8521
4153
-238
-3390
-5781
-7277
-7797
-7109
-3852
302
3402
5420
6641
8122
8571
7545
5537
2435
-67
-1974
-4020
-6031
-7473
-7291
-6099
-4388
-2230
-741
679
2023
2597
2039
510
-1301
-3354
-4858
-6106
-7970
-9461
-10007
-9913
-9004
-7808
-6477
-4338
-1443
1548
3935
5421
5708
5609
5569
4106
1452
-848
-2610
-4070
-5064
-5336
-4881
-3428
36
4335
7780
10483
12562
13982
14099
11917
8031
3464
-497
-3350
-5731
-7046
-7446
-6131
-2460
1451
4242
5912
7296
8753
8817
7503
4944
1751
-568
-2825
-5090
-7183
-8316
-7751
-6258
-4129
-2116
-594
1263
2755
2924
1923
39
-2060
-3959
-5436
-7165
-9214
-10496
-10542
-9770
-8508
-7222
-5638
-2960
94
2667
4531
5350
5277
5046
4560
2611
26
-1753
-2925
-3969
-4535
-4550
-4192
-2456
963
4891
8068
10544
12486
13690
13798
11549
7441
3212
-740
-3730
-6006
-7315
-7528
-6143
-2475
1325
4084
6011
7394
8793
8758
7630
5322
2117
-175
-2370
-4816
-7036
-8289
-7906
-6661
-4587
-2410
-955
849
2242
2561
1650
-143
-2359
-4271
-5657
-7267
-9218
-10348
-10300
-9464
-8085
-6788
-5217
-2714
57
2469
4303
4922
4484
4161
3719
2091
-164
-2011
-3176
-4031
-4202
-4075
-3444
-1834
1269
5307
8458
10731
12240
13330
13413
11045
7164
2919
-1143
-3887
-5935
-7167
-7294
-6090
-2583
1162
4129
6180
7455
8906
9045
8051
5839
2434
-57
-2130
-4443
-6632
-8083
-7487
-6206
-4228
-1907
-718
692
2192
2422
1428
-451
-2525
-4372
-5775
-7095
-8936
-9841
-9514
-8501
-7096
-5757
-4184
-2031
498
2697
4062
4280
3856
3623
2879
1258
-711
-2232
-3051
-3570
-3589
-3400
-2716
-969
2000
5866
8754
10739
12258
13522
13502
10928
6952
2747
-1356
-4138
-6042
-7482
-7732
-6128
-2412
1372
4349
6265
7745
9402
9570
8310
5999
2776
220
-2066
-4509
-6972
-8391
-7758
-6274
-4218
-2204
-1024
441
1865
1976
850
-1163
-3272
-5065
-6312
-7299
-8931
-9642
-9091
-7949
-6548
-5395
-3914
-2042
-11
1899
2779
2792
2598
2327
1777
575
-1010
-2274
-2808
-3013
-2915
-2767
-2109
-641
2126
5844
8639
10483
12129
13431
13250
10883
7052
2756
-1317
-4025
-5982
-7761
-8290
-6677
-2921
963
3668
5665
7430
9249
9593
8422
6129
2931
406
-1987
-4634
-7114
-8538
-8001
-6301
-4204
-2357
-1158
230
1555
1756
600
-1441
-3416
-4819
-5862
-6926
-8296
-8880
-8125
-6879
-5537
-4524
-3344
-1566
343
1951
2396
2279
2145
1780
1288
299
-1165
-2003
-2274
-2230
-1856
-1581
-1024
83
2505
5959
8496
10193
11692
12864
13017
11152
7720
3579
-462
-3345
-5385
-7019
-7599
-6618
-3344
563
3421
5545
7191
8784
9384
8864
7034
3768
1052
-1224
-3714
-6084
-7781
-7869
-6486
-4385
-2521
-1553
-527
615
803
-83
-1912
-3855
-5063
-5898
-6719
-7755
-8133
-7419
-6282
-4916
-3836
-2917
-1571
17
1264
1756
1606
1141
649
336
-457
-1545
-2178
-2211
-1948
-1473
-941
-480
580
3212
6322
8530
10118
11603
12624
12528
10677
7171
3057
-749
-3517
-5666
-7131
-7498
-6315
-3152
627
3571
5602
7303
8699
9101
8674
6950
3890
1030
-1335
-3831
-6311
-7790
-7758
-6663
-4839
-2995
-1801
-696
299
324
-795
-2471
-4106
-5517
-6471
-7298
-8136
-8080
-7334
-6350
-4951
-3692
-2690
-1484
53
1106
1409
1547
1189
409
62
-430
-1406
-2061
-1964
-1615
-1240
-726
-250
683
3134
6345
8533
10055
11590
12688
12452
10490
7114
2968
-1009
-3878
-5959
-7237
-7754
-6681
-3403
480
3484
5511
7150
8686
9511
9241
7377
4382
1637
-655
-3164
-5720
-7512
-7604
-6268
-4517
-2947
-2016
-974
116
316
-611
-2209
-3845
-4869
-5509
-6173
-6952
-7058
-6386
-5335
-4079
-3203
-2450
-1454
-131
860
1057
702
125
-131
-185
-546
-1296
-1619
-1298
-845
-169
103
324
1255
3605
6487
8420
9915
11221
12328
12214
10193
6807
2780
-946
-3800
-5951
-7364
-7962
-6736
-3447
165
3006
5118
6984
8857
9615
8921
6984
4210
1538
-1029
-3836
-6448
-8035
-7875
-6576
-4869
-3264
-2048
-720
387
553
-384
-2030
-3670
-4767
-5545
-6449
-7338
-7379
-6609
-5532
-4216
-3186
-2465
-1091
343
1276
1489
1158
663
190
-82
-789
-1806
-1982
-1707
-1421
-845
-397
-33
989
3594
6423
8366
9900
11126
12261
12392
10302
6711
2701
-953
-3861
-6123
-7697
-8443
-7427
-4051
-452
2317
4494
6480
8605
9477
8973
6976
4170
1629
-847
-3620
-6195
-7899
-8022
-6786
-5058
-3507
-2433
-1193
118
479
-294
-1809
-3476
-4394
-5088
-6189
-7233
-7290
-6384
-5469
-4479
-3369
-2364
-824
584
1527
1893
1521
1206
792
288
-543
-1630
-1813
-1577
-1185
-784
-527
169
1749
4581
7122
8766
10224
11636
12654
12095
9606
6081
2308
-744
-3425
-5841
-7260
-7489
-5894
-2846
116
2567
4412
6454
8331
8672
8008
6128
3705
1217
-1434
-3937
-6360
-7761
-7560
-6524
-5060
-3753
-2500
-1117
-93
180
-488
-1902
-3161
-4053
-4993
-6226
-7340
-7280
-6495
-5825
-4869
-3642
-2356
-756
905
2176
2518
2357
2264
1663
1071
90
-1274
-1820
-1874
-1606
-1468
-1087
-216
1306
4411
7335
9035
10428
11744
12662
11927
9290
5776
1715
-1588
-3976
-6147
-7424
-7688
-6058
-2779
288
2785
4321
6305
7984
8293
7744
5608
3145
808
-1605
-4020
-6571
-7904
-7604
-6451
-4948
-3902
-2606
-960
139
487
-192
-1480
-2697
-3727
-4552
-6023
-7602
-7820
-7096
-6379
-5551
-4352
-2912
-1174
868
2406
2594
2289
2304
1968
1312
82
-1273
-1923
-2032
-1545
-1489
-1442
-299
1855
5205
7800
9080
10424
11803
12574
11152
8199
4602
670
-2075
-4328
-6355
-7305
-7065
-4782
-1385
1518
3401
4650
6887
8297
8175
6938
4665
2499
99
-2246
-4659
-7057
-7792
-7092
-5711
-4468
-3533
-2030
-542
399
723
81
-1284
-2436
-3190
-4191
-6055
-7577
-7805
-7332
-6749
-5964
-4844
-3208
-944
1400
2974
3188
3091
3071
2776
1878
190
-1267
-1944
-2079
-1892
-2052
-1706
-199
2462
5735
7996
9522
10896
12313
12763
10667
7403
3684
98
-2388
-4699
-6531
-7342
-6545
-3720
-560
1979
3608
5063
7325
8255
7791
6198
4007
2043
-281
-2666
-5182
-7288
-7648
-6826
-5601
-4513
-3458
-1900
-439
514
511
-271
-1238
-2184
-2983
-4112
-6061
-7377
-7544
-7220
-6823
-6217
-5006
-3206
-954
1484
2838
3098
3330
3602
3247
1916
87
-1237
-1931
-2084
-2180
-2434
-1684
208
3394
6616
8525
9995
11352
12557
12184
9532
6269
2151
-1039
-3269
-5588
-7208
-7802
-6063
-2784
42
2388
3719
5698
7839
8108
7124
4890
2719
557
-2022
-4352
-6943
-8414
-8064
-6944
-5468
-4589
-3122
-1323
32
892
532
-423
-1395
-2273
-3016
-4695
-6653
-7715
-7875
-7433
-7073
-6343
-4886
-2806
-114
2274
3534
3926
4180
4257
3663
2131
239
-1279
-1953
-2068
-2376
-2577
-1726
691
4231
7188
8909
10366
11793
12756
11505
8475
4873
993
-1628
-3705
-5703
-7063
-6913
-4315
-989
1493
3239
4520
6650
8203
8000
6584
4225
2401
273
-2236
-4509
-6727
-7516
-6913
-5566
-4390
-3538
-2020
-487
747
1145
448
-556
-1580
-2101
-2941
-4978
-6785
-7602
-7498
-7259
-6847
-5854
-4403
-1954
894
2987
3934
4168
4552
4389
3380
1685
-234
-1585
-2304
-2579
-2706
-2445
-681
2628
5940
8260
9886
11447
12228
11712
9493
6036
2138
-852
-2972
-5102
-6636
-6857
-5171
-2149
593
2509
3854
5597
7193
7434
6318
4266
2204
202
-2257
-4492
-6521
-7790
-7734
-6734
-5234
-4268
-2917
-1351
-137
644
419
-334
-1292
-2253
-3073
-4769
-6647
-7914
-8579
-8532
-8284
-7455
-5858
-3669
-795
1802
3740
4907
5451
5499
4772
3247
1300
-483
-2012
-3078
-3378
-3194
-2185
572
3916
6760
8899
10835
12166
11914
10236
7451
3821
530
-1831
-3945
-5525
-6045
-4966
-2500
61
2078
3493
4923
6270
6950
6439
4754
2828
1002
-1136
-3420
-5185
-6584
-7039
-6245
-4875
-3631
-2353
-802
380
1043
1227
521
-554
-1467
-2426
-3847
-5591
-7163
-8293
-8829
-8684
-8046
-6838
-4754
-2184
856
3456
5329
6396
6573
6163
4983
3105
844
-1351
-2884
-3760
-3732
-2423
-52
2878
5768
8402
10355
11638
11513
9696
7224
4089
1090
-1498
-3414
-4559
-4974
-3721
-1439
816
2674
4010
5441
6131
6059
5267
3660
1985
-158
-2260
-4130
-5847
-6769
-6919
-6252
-5114
-3699
-1863
-304
877
1609
1641
1170
361
-694
-2247
-4280
-5917
-7414
-8969
-9960
-10316
-9467
-8069
-6050
-3145
182
3271
5825
7766
8203
7584
6476
4432
1802
-812
-3122
-4821
-5207
-3749
-1371
1106
4077
7209
9857
11414
11116
9319
6644
3892
1389
-1272
-3644
-4937
-4584
-2890
-989
667
2205
3666
5346
6153
5551
4276
2917
1507
-365
-2597
-4569
-6063
-6803
-6655
-5858
-4800
-3538
-1662
358
1721
2061
1966
1512
691
-361
-1818
-4078
-6236
-7762
-9098
-10323
-11036
-10518
-8859
-6374
-3129
250
3400
6188
8321
9279
8663
7184
5117
2461
-240
-2579
-4493
-5108
-3775
-1215
1236
3669
6767
9351
10587
10260
8729
6118
3369
1335
-822
-3015
-3920
-3168
-1476
364
2112
3288
4405
5506
5755
4828
3085
1415
-217
-1926
-3669
-5251
-6236
-6485
-6101
-5129
-4193
-3079
-1338
557
1839
2267
2274
1927
1378
540
-1262
-3584
-5644
-7364
-8909
-10245
-11179
-11016
-9314
-6497
-3372
83
3667
6815
9208
10659
10449
8783
6520
3731
693
-2391
-4745
-5399
-4282
-2156
132
2743
5993
8566
9758
9463
7658
5359
3423
1567
-628
-2680
-3290
-2280
-389
1228
2100
2988
4513
5547
5426
3966
1930
368
-1136
-2729
-4574
-6184
-6747
-6337
-5180
-4453
-3820
-2453
-743
1080
2288
2731
2375
2003
1818
829
-1406
-3918
-6096
-7926
-9505
-10706
-11417
-11037
-9177
-6344
-3048
236
3425
6627
9092
10433
10195
8713
6564
3635
526
-2562
-4806
-5304
-4550
-2944
-832
1968
4816
6578
7628
7561
5861
3993
2595
1014
-743
-1927
-1600
-597
664
1928
2628
3636
4598
4941
4493
3004
1425
-392
-2246
-3763
-5334
-6466
-6835
-6162
-4894
-4040
-2883
-1471
22
1484
2453
2909
2697
2354
1964
536
-1629
-3923
-6098
-8193
-9958
-10674
-10943
-10487
-8473
-5494
-2196
1212
4552
7368
9369
10620
10482
8935
6720
4107
1060
-1968
-3515
-3876
-3534
-2482
-550
2129
4467
5866
6444
6103
4974
3746
2390
913
-451
-969
-293
868
1773
2383
3130
4322
4836
4839
4079
2726
1197
-760
-2490
-4285
-5997
-6825
-6906
-6050
-5074
-4140
-2598
-922
873
2110
2879
3183
3064
2991
2062
83
-2230
-4660
-6788
-8895
-10502
-11153
-10903
-9508
-7293
-4333
-943
2346
5462
7838
9314
9859
9358
8021
5622
3189
651
-1688
-2681
-2736
-2432
-1686
56
2326
3760
4458
4616
3942
3272
2679
1718
474
-162
240
1051
1962
2551
2634
3237
4120
4146
3314
2191
1256
-153
-1838
-3270
-4878
-5951
-6467
-6085
-5193
-4737
-3836
-2465
-1033
283
1220
1902
2270
2749
2960
1689
-440
-2524
-4833
-7078
-9261
-10811
-11273
-10680
-8770
-6300
-3460
-159
3203
6079
8132
9264
9295
8387
7128
4976
2284
-32
-1484
-2116
-2174
-1756
-933
416
2211
3387
3792
3571
2718
2367
2041
1366
469
144
959
1866
2519
2874
2835
3535
4127
3923
2970
1768
873
-469
-1750
-3266
-4869
-5582
-5788
-5346
-4735
-4387
-3295
-1928
-371
808
1518
2146
2534
3114
3052
1706
-307
-2668
-4856
-7029
-9349
-10696
-10948
-10014
-8039
-5285
-2075
997
4108
6796
8522
9278
8950
7808
5840
3631
1437
-382
-1398
-1627
-1225
-723
460
2069
3035
3301
3389
3038
2436
1813
1256
699
399
842
1817
2818
3210
3362
4032
4590
4398
4011
3054
1931
740
-487
-1986
-3859
-4792
-5363
-5704
-5411
-4999
-4366
-3308
-1919
-648
381
1369
1995
2389
2796
2368
1012
-917
-3053
-5331
-7826
-9810
-10894
-10951
-9980
-7962
-5068
-1744
1554
4625
6780
8146
8748
8375
6894
4731
2621
518
-1038
-1478
-1558
-1491
-680
891
2561
3157
3060
3012
2332
1702
1161
309
-336
-399
560
1507
2049
2630
2812
3591
4341
4184
3462
2333
1679
346
-1158
-2558
-4159
-4882
-5151
-4930
-4529
-4499
-3525
-2418
-1472
-391
333
862
1092
1701
2026
1085
-124
-1412
-3230
-5224
-7104
-8631
-9525
-9157
-7841
-6247
-4048
-1224
1829
4348
6229
7404
7596
7101
6082
4500
2333
432
-392
-583
-519
-283
357
1659
2784
3260
3272
2652
1995
1701
1164
582
165
147
935
1980
2579
2532
2880
3829
4164
4164
3571
2544
1679
870
-272
-2053
-3371
-3805
-4307
-4221
-4043
-4176
-3805
-2511
-1172
-572
37
738
1411
1928
1915
1001
-469
-2084
-3440
-5106
-7149
-8570
-8887
-8480
-7250
-5173
-3024
-721
2025
4681
6286
6962
7292
6644
5315
3827
2041
107
-747
-579
-405
-179
829
2160
2837
3079
3442
2815
1830
1626
1331
571
-248
127
947
1366
1843
2044
2392
3054
3545
3687
2834
2154
1556
531
-810
-2287
-3302
-4162
-4485
-4111
-4293
-4182
-3362
-2349
-1434
-519
376
530
732
1170
656
-672
-2121
-3530
-4995
-6240
-7037
-7776
-7885
-7020
-5563
-3932
-2060
312
2430
3991
5238
5936
5788
5119
4154
2717
1221
632
450
147
104
764
1679
2199
2372
2403
2200
1715
1539
1064
450
124
277
889
1333
1657
1680
1851
2758
3166
3203
3055
2820
2358
1525
823
-597
-1988
-2733
-3330
-3553
-4048
-4200
-3679
-3043
-2018
-1260
-594
95
854
1733
1469
372
-727
-2147
-3683
-5386
-6713
-7611
-7794
-7022
-6163
-4839
-3006
-959
1141
2941
4517
5365
5719
5866
5308
4006
2618
1602
1229
1116
962
710
1198
2256
2686
2277
2052
1891
1619
1810
1626
1037
501
1082
2080
2125
1807
1481
1894
2624
2684
2530
1917
1783
1793
1197
164
-1047
-1850
-2469
-2786
-2866
-3606
-4017
-3346
-2420
-1751
-1308
-516
114
762
1402
781
-696
-2120
-3358
-4755
-6437
-7427
-7645
-7340
-6347
-4961
-3512
-2076
-103
2088
3298
4158
4954
5067
4598
4023
3155
1705
876
1252
1416
1039
1110
1842
2568
2502
1974
1564
913
856
1144
878
526
593
1540
2217
2143
2016
1637
1938
2337
2180
1761
1370
1529
1185
671
-4
-781
-1294
-1816
-2005
-2328
-3218
-3285
-2818
-2335
-1920
-1505
-808
8
933
1131
223
-948
-1971
-3295
-5113
-6833
-7638
-7851
-7285
-6319
-5161
-3630
-1715
379
1986
3162
4152
4644
4633
4194
3402
2295
1204
906
1051
1206
1103
1245
2082
2812
2493
2017
1689
1249
1194
1056
832
460
849
1852
2069
2069
1847
1809
2310
2290
2315
1804
1446
1530
1238
754
-179
-765
-1114
-1613
-1690
-2085
-2830
-2852
-2281
-1811
-1815
-1284
-463
98
769
894
57
-944
-2088
-3385
-5200
-6609
-7222
-7521
-6951
-5993
-4525
-2902
-1036
977
2516
3728
4544
4812
4589
3791
2982
1960
1273
1196
1375
1403
1340
1995
2768
2721
2345
2220
1715
1366
1651
1479
928
868
1634
2225
2115
2082
1743
1928
2466
2351
1919
1378
1284
939
338
-235
-996
-1166
-1425
-1501
-1587
-2234
-2403
-2201
-1831
-1763
-1722
-1337
-826
-58
349
-177
-889
-1595
-2725
-4199
-5717
-6782
-7258
-6994
-6292
-5515
-4198
-2543
-565
1171
2442
3629
4318
4664
4424
3650
2735
1727
1302
1282
1209
1089
1140
1853
2450
2165
1817
1528
1031
923
1000
827
434
842
2045
2401
2241
2045
2001
2339
2250
2010
1255
798
695
45
-467
-1358
-1837
-1771
-1890
-1578
-1794
-2048
-1752
-1450
-1143
-1338
-1200
-862
-479
17
-88
-814
-1369
-2092
-3196
-4524
-5875
-6542
-6734
-6282
-5651
-4764
-3349
-1585
186
1686
2842
3771
4349
4585
4133
3315
2528
1858
1562
1509
1604
1238
1426
2292
2613
2006
1755
1649
1127
1210
1322
920
730
1450
2405
2481
2462
2334
2428
2914
2765
2309
1510
1277
1012
268
-657
-1541
-1733
-1878
-1823
-1416
-1655
-1651
-926
-265
-255
-389
-187
-311
-347
-124
-887
-2017
-2587
-3249
-4111
-5264
-6049
-6507
-6195
-5336
-4746
-3890
-2554
-914
615
1658
2639
3177
3396
3563
3413
2756
1879
1387
1474
1793
1920
1857
2009
2671
2907
2399
2115
1367
708
823
687
268
-61
535
1541
2065
2433
2354
2703
3334
3412
3027
1962
1300
672
-254
-1354
-2534
-2941
-3305
-2968
-2102
-2445
-2236
-1138
-339
-105
75
283
-125
34
170
-1015
-2251
-3035
-3869
-4939
-5994
-6558
-6835
-6280
-5396
-4411
-3328
-2226
-496
1014
1974
2931
3441
3781
3792
3577
2716
1327
983
972
994
1076
1152
1613
2377
2957
2755
2085
1712
1439
1552
1355
521
275
956
1749
2070
1856
1934
2415
3062
3389
2956
2384
1904
1436
522
-985
-2187
-2819
-3050
-2732
-2512
-2394
-2030
-1007
24
250
306
290
365
638
179
-860
-2007
-2955
-3803
-5039
-6279
-6965
-6938
-6337
-5590
-4426
-3295
-1869
-108
1173
2065
2726
3230
3355
3295
3054
2158
1425
1199
1254
1517
1620
1873
2390
2884
3167
2699
2139
1580
1346
1562
1263
944
1200
1723
2402
2506
2498
2572
2690
3194
3224
2980
2436
1845
1337
392
-941
-1847
-2701
-2986
-2760
-2716
-2633
-2190
-1330
-633
-289
225
378
376
643
228
-738
-1990
-3136
-4293
-5731
-6722
-7306
-7239
-6505
-5577
-4237
-3052
-1768
-159
1049
1865
2588
2952
3019
2972
2579
1767
1041
927
1055
1254
1843
2420
3012
3443
3728
3054
2076
1252
467
220
-145
-148
470
1036
2040
2614
3143
3534
3413
3649
3574
3449
2708
1682
803
-505
-1861
-2905
-3872
-4151
-3891
-3265
-2799
-2117
-1126
-263
348
756
898
842
542
63
-770
-2309
-3732
-4958
-6302
-7340
-7760
-7458
-6812
-5957
-4330
-2901
-1607
12
1260
2049
2548
3015
2976
2489
2372
1741
861
759
1148
1820
2257
3067
4044
4332
4859
4388
3309
2084
962
697
-303
-732
-53
461
1584
2820
3968
4345
4344
5299
5345
4749
3969
2623
1227
-252
-1624
-3275
-4668
-4959
-4844
-4458
-3771
-2651
-1347
-88
1366
2175
2062
1772
1609
868
-592
-2297
-4017
-5708
-6976
-7650
-8360
-8580
-7688
-6186
-4446
-2694
-1085
394
1875
3023
3321
3172
2818
2356
1952
1252
791
556
928
1952
3118
3991
4531
5122
5532
4843
3452
1908
449
-408
-1115
-1448
-1269
-504
836
2185
3457
4215
4776
5507
5656
5384
4241
2902
1170
-566
-2294
-4164
-5318
-5812
-5768
-4992
-4167
-3184
-1892
-399
889
1574
2032
2059
1773
1136
-95
-1926
-3989
-5748
-7253
-8378
-8904
-9018
-8398
-7019
-4959
-2861
-1087
586
2051
3171
3689
3653
3244
2540
1767
799
142
-433
-569
555
1924
3047
4216
5597
6473
6052
4965
3469
1605
55
-889
-1657
-2104
-1544
-211
1529
3041
4382
5258
5930
6900
6824
5565
3913
2242
498
-1767
-3763
-5211
-6314
-6423
-5473
-4621
-3762
-2186
-439
793
1867
2587
2112
1699
1462
60
-1836
-3773
-5591
-7283
-8533
-9134
-9520
-8915
-7322
-5316
-3293
-1524
458
2231
3317
3948
4152
3529
2892
2663
1340
-13
-611
-528
65
1305
3059
4264
5658
7443
7703
6483
4968
3324
1248
-471
-1476
-2442
-2720
-1390
707
2286
3977
5466
6460
7376
7589
6795
4880
2948
1277
-1330
-3744
-5496
-6568
-7106
-6768
-5219
-4283
-3044
-835
945
1805
2309
2545
1970
1156
150
-1676
-3888
-5595
-6932
-8451
-9546
-9551
-9228
-8354
-6172
-3790
-1993
-44
2206
3449
3872
4324
3853
2749
1984
1125
-229
-1479
-1334
-932
-172
1926
4002
5741
7370
8704
8372
6603
4971
2899
246
-1455
-2545
-3574
-3101
-1011
993
2969
5057
6736
7406
8103
8182
6497
4222
2103
-332
-3175
-5290
-6475
-7618
-7631
-6280
-4945
-3644
-1873
112
1209
1862
2278
1769
818
51
-1209
-3132
-5308
-6830
-8171
-9440
-9808
-9519
-8822
-7054
-4538
-2264
-355
1588
3175
3704
4152
4165
3062
1904
1329
261
-1248
-1554
-886
-483
831
3652
5767
6984
8387
9206
7662
5580
4045
1172
-1654
-2753
-3225
-3284
-1975
596
2691
4729
7267
8242
8254
8262
7556
5252
2366
110
-2481
-5258
-6389
-7129
-7830
-6897
-4729
-3044
-1967
141
1763
2094
2724
2794
1584
174
-885
-2309
-4691
-6504
-7861
-9371
-10121
-9707
-9164
-8370
-6061
-3070
-857
1032
3066
4059
4302
4553
3998
2488
1150
326
-995
-2411
-2244
-1532
-545
2057
4964
6937
8434
9932
10061
8136
6006
3534
186
-1985
-3021
-3605
-3400
-1353
1389
3668
6033
7863
8344
8472
8348
6780
3997
1247
-1027
-3587
-5789
-6982
-7688
-7551
-6231
-4255
-2650
-1249
354
1337
2049
1960
1154
-176
-1474
-2639
-4464
-6266
-7959
-9123
-9773
-9989
-9396
-8582
-6887
-4317
-1839
285
1966
3307
3977
4377
4102
2935
1640
412
-569
-1485
-2274
-2164
-1138
824
3575
6085
7937
9345
10139
9980
7963
5091
2180
-827
-2410
-3194
-3859
-2912
-805
1922
4569
6579
7715
7815
8191
7792
5513
2870
144
-2266
-4462
-6323
-7224
-7974
-7355
-5222
-3197
-1819
-692
744
1713
1995
1624
180
-1343
-2394
-3665
-5363
-7169
-8760
-9527
-9649
-9250
-8688
-7387
-5008
-2460
-19
1912
3241
4052
4486
4435
3277
1753
333
-729
-1289
-2079
-2629
-1891
56
2313
4891
7301
8903
9994
10653
10033
7673
4406
1555
-619
-2349
-3351
-3221
-1826
244
2969
5549
6655
7472
7899
7457
6437
4508
1832
-819
-2603
-4021
-5830
-6734
-6703
-5967
-4172
-2599
-1395
-398
463
1247
1170
284
-1074
-2307
-3331
-4712
-6069
-7653
-9065
-9355
-8937
-8636
-7926
-6101
-3816
-1585
856
2517
3279
3867
4161
3479
2112
916
-570
-1550
-1891
-2135
-2100
-958
1184
3343
5743
7993
9349
10069
10026
9050
6747
3656
1365
-732
-2130
-2719
-2454
-1275
580
3256
5328
6221
6825
6748
6279
5302
3320
851
-1650
-3222
-4642
-6154
-6699
-6745
-5866
-4251
-2436
-908
-372
477
1085
876
-248
-1849
-3118
-4535
-5775
-7029
-8668
-9771
-9709
-8848
-8303
-7269
-5182
-2981
-696
1910
3359
3797
4191
4147
3190
1563
255
-1186
-2211
-2019
-1687
-1746
-374
2066
4076
6313
8448
9486
9786
9944
9315
6806
3968
1921
-110
-1299
-1533
-1253
-566
1162
3627
5307
5851
6047
5912
5465
4663
3048
554
-1618
-2776
-3893
-5009
-5457
-5521
-4898
-3173
-1659
-981
-474
155
379
-226
-1284
-2760
-4484
-5404
-6271
-7531
-8824
-9533
-8964
-8067
-6976
-5756
-4141
-1846
317
2494
3568
3571
3625
3141
2220
1085
-180
-1421
-1693
-1078
-914
-668
1048
3104
4877
7078
8706
9272
9675
9910
8870
6327
4070
2086
-178
-1100
-1360
-1408
-862
904
3089
4230
5038
5570
5156
4611
4086
2512
23
-1759
-2625
-4147
-5403
-5639
-5648
-5056
-3484
-1741
-1126
-785
-14
277
-443
-1828
-3209
-4820
-6248
-7029
-8153
-9392
-9583
-8598
-7661
-6475
-4437
-2586
-911
1422
3341
3454
3228
3265
2456
771
-308
-1220
-2438
-2232
-1205
-809
-442
1512
3598
4703
6799
8603
8874
9131
9521
8760
6138
3862
2523
359
-1147
-1383
-1561
-1284
221
2270
3463
4033
4893
4687
4216
4177
2831
666
-1086
-1767
-2966
-4620
-4940
-5077
-4754
-3311
-2025
-1592
-1302
-434
-274
-1253
-2297
-3755
-5537
-6531
-7060
-7839
-8926
-8951
-7745
-6720
-5550
-3802
-1915
-201
1863
3508
3468
2868
2817
1963
482
-340
-1022
-1956
-1626
-154
184
251
2216
4205
5357
7214
8827
9489
9613
10053
9493
6768
4519
2770
766
-649
-1423
-1573
-1487
-19
2227
3077
3275
3925
4429
4302
3741
2812
836
-718
-1435
-2939
-4556
-5251
-5290
-4860
-3858
-2485
-2175
-1957
-1159
-962
-1615
-3423
-4734
-5622
-6645
-7224
-7861
-8387
-8286
-6959
-5534
-4789
-3311
-1186
560
2056
3259
3308
2588
2122
1607
422
-744
-1386
-1636
-1184
-322
298
744
2186
4124
5630
7312
8803
9579
9817
10082
9200
6579
4057
2086
86
-1483
-2391
-2565
-2090
-515
1419
2330
2907
3629
3983
3904
3576
2833
1121
-407
-1383
-2661
-4287
-5183
-5269
-5050
-4176
-3000
-2425
-2222
-1743
-1516
-2222
-3458
-4535
-5727
-6481
-6626
-6848
-7297
-7288
-6166
-4813
-3874
-2608
-1103
392
1682
2673
2939
2227
1798
1320
406
-445
-1105
-1406
-998
-186
470
890
2185
3863
5414
7312
8787
9693
10048
10292
9424
6803
4226
1915
-485
-2304
-3249
-3402
-2906
-1371
777
2179
3108
4088
4510
4575
4040
3024
1184
-468
-1611
-3195
-4625
-5237
-5338
-4922
-3794
-2546
-2003
-1626
-1217
-1517
-2347
-3669
-4796
-5832
-6596
-6921
-7008
-7126
-6739
-5379
-4118
-3198
-1678
-191
1020
2159
2854
2608
1778
1443
845
-155
-906
-1150
-963
-565
232
997
1417
2962
4752
6245
7806
9322
10322
10403
10335
9316
6499
3744
1591
-662
-2521
-3580
-3482
-2770
-1329
727
2250
3147
4146
4663
4634
3821
2894
1474
-467
-1860
-3247
-4580
-5479
-5675
-5143
-4385
-3537
-2638
-2293
-2293
-2292
-2863
-3921
-4601
-5367
-6196
-6279
-5993
-6191
-6100
-5109
-4045
-3202
-1985
-800
263
1342
2214
2323
1741
1307
880
186
-433
-876
-963
-616
120
813
1474
3102
4729
6439
8361
9638
10178
10134
9908
8319
5297
2695
161
-2066
-3224
-3719
-3749
-2784
-751
1250
2358
3348
4151
4306
4338
3624
2173
326
-1148
-2378
-4021
-5116
-5647
-5590
-4612
-3483
-2770
-2419
-1892
-1713
-2122
-2941
-3889
-4870
-5495
-5613
-5750
-5947
-5967
-5392
-4413
-3544
-2673
-1602
-352
801
1842
2348
1988
1644
1297
716
86
-503
-933
-988
-420
314
697
1728
3563
5272
7339
9222
10283
10542
10448
9742
7313
4233
1675
-971
-2830
-3789
-4143
-3842
-2547
-203
1797
3119
4194
4671
4979
5017
4034
2190
69
-1323
-2818
-4437
-5315
-5660
-5459
-4370
-2849
-2121
-2087
-1663
-1351
-1770
-2571
-3622
-4803
-5417
-5290
-5428
-5910
-5836
-5124
-4231
-3362
-2394
-1519
-359
1049
2099
2422
2069
1766
1212
704
69
-720
-1091
-891
-230
427
937
2291
4118
6051
8018
9489
10506
10370
9893
8919
6112
3065
441
-1895
-3586
-4661
-4518
-3726
-2122
134
2039
3486
4149
4599
4840
3956
2851
1659
-180
-2095
-3239
-4096
-5359
-5703
-5023
-4639
-4035
-2962
-2443
-2624
-2459
-2375
-3237
-3821
-4153
-4795
-5308
-5174
-4899
-5400
-5252
-4421
-3692
-3112
-2136
-742
133
1007
2143
2234
1570
1187
907
161
-630
-774
-886
-723
305
1543
2652
4273
6576
8437
9612
10550
10258
9059
7674
5394
2408
-549
-2580
-3748
-4581
-4219
-3039
-1479
560
2541
4153
4623
4690
5086
4466
3237
1668
-270
-1973
-3351
-4190
-5104
-5620
-5006
-4182
-3298
-2472
-2070
-2028
-2033
-1950
-2575
-3354
-3948
-4418
-4548
-4637
-4839
-5217
-4902
-4051
-3421
-2697
-1763
-504
651
1697
2412
2265
1837
1467
882
265
-446
-772
-595
-13
1078
2013
3595
5325
7184
9143
10094
10410
9918
8936
7268
4548
1770
-1034
-3006
-3835
-4195
-3929
-2918
-943
1289
3153
4448
4743
4704
4743
4225
2906
775
-1110
-2573
-3808
-4651
-5262
-5691
-5571
-4213
-3072
-2886
-2593
-2356
-2307
-2402
-2652
-3430
-4361
-4301
-4155
-4476
-4828
-5176
-4948
-4292
-3401
-2661
-2016
-723
705
1626
1812
1579
1359
873
442
69
-630
-1098
-535
544
1077
1960
3593
4992
6875
9102
9910
9581
9340
8559
6251
3334
722
-2196
-4209
-4543
-4487
-3995
-2596
-275
2058
3611
4758
4971
4657
4585
4116
2467
239
-1376
-2572
-4073
-5048
-5367
-5739
-5442
-3984
-2809
-2645
-2359
-1906
-1906
-2122
-2265
-2931
-3900
-3770
-3480
-4069
-4944
-5054
-4781
-4598
-3834
-2992
-2209
-978
682
1804
1793
1707
1594
1067
746
504
-182
-594
99
1168
1575
2340
4000
5473
7268
9125
9867
9625
9207
8559
6294
3367
912
-1832
-3563
-4008
-4096
-3662
-2192
192
2124
3598
4902
5020
4761
4674
3948
2276
473
-661
-2425
-4173
-4759
-5359
-5976
-5593
-4502
-3940
-3590
-2652
-2292
-2340
-2135
-1932
-2278
-2921
-2811
-3301
-3916
-4149
-4332
-4702
-4728
-3924
-3166
-2413
-1032
444
1317
1813
2207
2057
1592
1366
1093
525
137
672
990
1160
2359
3744
4814
6719
8535
9404
9445
9248
8252
5734
3042
527
-2308
-4058
-4635
-4696
-4059
-2386
178
2105
3636
4943
5204
5237
4976
4101
2371
103
-1419
-3174
-4657
-5395
-5998
-6212
-5549
-4080
-3215
-2872
-2231
-2007
-1894
-1899
-2064
-2739
-3245
-3168
-3438
-3950
-4553
-4870
-4954
-4734
-4098
-3440
-2429
-1153
188
1127
1542
1701
1507
1348
1135
652
183
181
550
1005
1523
2412
3414
4944
7099
8423
8931
9076
8942
7480
5140
2773
-147
-2651
-3805
-4269
-4381
-3613
-1756
277
2386
4219
5068
5306
5368
5096
3883
2182
678
-1191
-3120
-4281
-5138
-5877
-6058
-5281
-4508
-4012
-2977
-2341
-2196
-1738
-1449
-1802
-2286
-2320
-2712
-3508
-3895
-4354
-4977
-5193
-4902
-4400
-3814
-2505
-1193
40
1213
1926
2126
1910
1917
1773
1114
596
612
856
882
1327
2426
3452
5012
7141
8406
8915
9469
9133
7449
5164
2763
-149
-2708
-3598
-4150
-4320
-2953
-915
969
2888
4812
5494
5354
5780
5630
4016
2146
490
-1482
-3495
-4644
-5499
-6496
-6342
-5062
-3973
-3323
-2271
-1625
-1588
-1115
-945
-1702
-2596
-2871
-3290
-4200
-4769
-5294
-5906
-5898
-5083
-4586
-3934
-2313
-645
717
1896
2540
2470
2144
2137
1812
867
203
131
379
491
988
2187
3387
5125
7309
8656
8980
8992
8736
7087
4458
1917
-1076
-3262
-3999
-4408
-4315
-3230
-1073
1079
2908
4648
5203
5161
5259
4799
3373
1465
-179
-1907
-3817
-5047
-5724
-6232
-5978
-4747
-3687
-3361
-2345
-1589
-1585
-1438
-1500
-1954
-2558
-2783
-3315
-4226
-4778
-5330
-5832
-5931
-5422
-4545
-3627
-2211
-421
1157
2057
2579
2912
2655
2117
1746
1171
349
151
367
347
887
2054
3333
5125
7119
8617
9149
9247
8870
6902
4244
1661
-1215
-3239
-4222
-4578
-4261
-2926
-514
1944
3789
5219
5785
5893
5872
5404
3886
1498
-436
-2208
-4111
-5493
-6203
-6617
-6149
-4508
-3062
-2223
-1442
-895
-516
-374
-791
-1783
-2821
-3424
-3982
-4762
-5777
-6481
-6430
-6062
-5319
-4309
-2889
-1323
524
2248
3030
3277
3231
2885
2201
1482
786
78
-181
118
477
1095
2150
3604
5576
7334
8527
9072
9190
8628
6764
4330
1705
-1062
-2977
-3895
-4376
-4069
-2727
-591
1571
3505
4916
5344
5542
5410
4664
3000
1089
-488
-2464
-4368
-5429
-6145
-6414
-5882
-4526
-3521
-2735
-1448
-824
-841
-925
-1322
-2249
-3128
-3687
-4485
-5495
-6076
-6220
-6274
-6113
-5143
-3933
-2728
-1101
851
2169
2738
3226
3200
2526
1808
1288
493
-312
-294
-241
-325
635
1891
3364
5436
7268
8323
8907
9356
8629
6259
3869
1163
-1687
-3346
-4406
-4968
-4387
-2455
-237
1756
3939
5264
5565
5829
5865
4875
2706
741
-979
-3267
-4983
-5774
-6484
-6691
-5299
-3641
-2871
-1804
-395
-138
-290
-209
-1016
-2671
-3501
-3962
-5243
-6084
-6398
-6654
-6442
-5361
-4201
-3251
-1585
279
1777
2849
3582
3671
2958
2605
2011
1061
226
-267
-389
-402
42
1051
2306
4192
6398
8074
8975
9574
9613
8055
5702
3492
520
-2044
-3374
-4106
-4219
-3439
-1448
664
2532
4382
5279
5546
5548
5074
3678
1691
-86
-2057
-3901
-5010
-5524
-5854
-5729
-4359
-2888
-2125
-1026
-374
-414
-668
-1141
-2053
-3184
-3891
-4660
-5491
-5962
-6279
-6294
-6263
-5447
-4085
-2901
-1268
562
2127
2989
3505
3695
3008
2540
1982
815
-256
-736
-912
-1126
-398
775
1934
3956
6505
8026
8719
9478
9123
7021
4814
2662
-413
-2972
-4004
-4542
-4740
-3324
-946
981
2816
4730
5415
5160
5071
4678
3024
848
-852
-2822
-4797
-5463
-5509
-6044
-5612
-3787
-2406
-1538
-349
163
-443
-773
-951
-2282
-3962
-4688
-5268
-6171
-6708
-6804
-6998
-6509
-4926
-3490
-2337
-451
1632
2959
3826
4444
3972
3039
2554
1723
575
-382
-888
-1217
-924
260
1391
3090
5415
7626
8900
9599
9899
8528
6207
4172
1486
-1344
-2914
-3677
-4001
-3473
-1649
236
1850
3675
4828
5058
4947
4651
3596
1850
142
-1619
-3634
-4873
-5145
-5519
-5653
-4500
-2983
-2128
-980
-245
-500
-734
-797
-1439
-2708
-3552
-4266
-5343
-5923
-6309
-6783
-6700
-5628
-4251
-2993
-1221
907
2446
3665
4503
4578
3693
3075
2506
1026
-217
-813
-1316
-1731
-794
546
1872
4118
6519
8192
9070
9700
9229
6929
4891
2508
-485
-2607
-3735
-4229
-4218
-2768
-601
1037
2648
4045
4905
4934
4504
4042
2632
657
-980
-2594
-4365
-5276
-5411
-5663
-5339
-3719
-2329
-1533
-498
62
-255
-560
-836
-1951
-3561
-4342
-4969
-6110
-6928
-7142
-7234
-6776
-5269
-3607
-2223
-248
2044
3640
4596
5095
4576
3571
2807
1745
232
-1155
-1805
-2083
-1801
-626
759
2646
5104
7609
9191
9516
9667
8402
5955
3932
1424
-1357
-3270
-3762
-3542
-3224
-1470
449
1822
3416
4417
4690
4301
3939
3032
1405
-164
-1841
-3510
-4536
-4925
-5233
-5398
-4504
-3243
-2272
-1238
-543
-553
-727
-827
-1389
-2426
-3663
-4638
-5483
-6321
-6782
-7126
-7205
-6247
-4542
-2972
-1253
1033
2972
4307
5395
5390
4364
3490
2650
1128
-385
-1374
-2300
-2432
-1141
372
1944
4222
6692
8547
9699
10018
8934
6656
4610
2419
-418
-2447
-3524
-3795
-3260
-1727
192
1547
3177
4516
4984
4834
4354
3522
1854
307
-1121
-2898
-4325
-4905
-5133
-5336
-4745
-3359
-2393
-1409
-330
-26
-338
-404
-756
-1962
-3077
-3968
-5200
-6373
-6948
-7526
-7848
-7034
-5554
-4169
-2201
421
2510
3963
5195
5710
5205
4270
3266
1787
-111
-1288
-1973
-2389
-1965
-549
1536
3482
5853
8001
9063
9603
9053
7225
4842
2339
287
-1796
-3221
-3449
-3249
-2067
-287
1356
2806
3692
4388
4543
4245
3429
1768
164
-1512
-3132
-4371
-5176
-5630
-5580
-4829
-3656
-2546
-1429
-591
-27
194
-67
-574
-1625
-2749
-3659
-4639
-5774
-6998
-7595
-7768
-7507
-6299
-4748
-2849
-481
2107
4109
5440
6200
5945
5068
3929
2349
425
-1332
-2559
-3155
-3060
-1998
39
2319
4735
7049
8722
9712
9415
7821
5786
3290
973
-1196
-2907
-3483
-3348
-2382
-652
1054
2509
3797
4656
4750
4266
3488
2322
847
-696
-2312
-3840
-4505
-4631
-4957
-4659
-3653
-2883
-1883
-745
77
48
-39
5
-699
-1784
-2910
-4046
-5423
-6553
-7207
-7973
-8178
-7099
-5409
-3780
-1442
1308
3262
4865
6336
6478
5566
4715
3450
1280
-304
-1533
-2934
-3189
-2033
-149
1643
3865
6529
8325
9477
9682
8189
5981
3638
1536
-486
-2312
-3058
-3185
-2322
-243
1447
2485
3456
4414
4817
4222
3407
2057
351
-970
-2277
-3584
-4610
-4797
-4907
-4659
-3716
-2986
-2180
-1189
-166
221
19
-69
-646
-1593
-2599
-3760
-5148
-6501
-7217
-7871
-8051
-7312
-5957
-4366
-2094
635
2761
4326
5989
6567
6080
5326
3919
1813
-40
-1466
-3108
-3647
-2900
-1345
731
3137
5427
7440
9056
9404
8386
6461
3981
1468
-450
-2217
-3514
-3673
-2962
-1391
620
2057
3260
4185
4769
4670
3841
2527
871
-601
-2067
-3688
-4738
-5115
-5324
-4996
-4037
-3357
-2567
-1152
-125
293
462
373
-146
-829
-1794
-3289
-4688
-5931
-7104
-7781
-8158
-7932
-6740
-4993
-2827
-130
2485
4214
5711
6881
6536
5547
4362
2480
395
-1158
-2464
-3460
-3159
-1491
451
2710
5345
7288
8765
9617
8786
6960
4725
2371
331
-1506
-2695
-2977
-2402
-1020
753
2262
3306
4312
5170
5119
4331
3134
1666
144
-1405
-2939
-4453
-5067
-4919
-4966
-4409
-3477
-2662
-1623
-414
389
544
466
224
-351
-1380
-2819
-4344
-5899
-7125
-7687
-8211
-8262
-7226
-5518
-3548
-967
1823
3673
5105
6464
6679
5800
4645
3189
985
-840
-2219
-3345
-3396
-2158
-20
2354
4635
6838
8499
9312
8843
7187
4838
2333
269
-1582
-2921
-3233
-2798
-1608
194
1925
3293
4216
4947
5040
4494
3260
1696
-98
-1806
-3315
-4646
-5318
-5446
-5206
-4565
-3863
-2952
-1844
-675
190
460
637
497
-17
-960
-2546
-4047
-5473
-6962
-8072
-8792
-8871
-7964
-6217
-4216
-1632
1017
3121
4968
6310
6604
6036
5048
3439
1193
-424
-2116
-3556
-3609
-2598
-766
1559
4197
6581
8241
9250
8829
7106
5046
2780
769
-1231
-2720
-3180
-2734
-1203
549
2054
3434
4469
5360
5491
4878
3425
1648
206
-1351
-3148
-4622
-5203
-5456
-5418
-4626
-3791
-3203
-1961
-477
270
623
1098
1054
304
-315
-1575
-3539
-5262
-6586
-7714
-8792
-8840
-7893
-6504
-4407
-1628
1088
3061
5076
6745
7019
6683
6008
4585
2355
456
-1209
-2771
-3117
-2113
-759
1088
3533
5953
7735
8638
8273
6908
4918
2934
1018
-1213
-2659
-2962
-2493
-1260
415
1887
2927
4207
5182
4985
4400
3281
1789
239
-1237
-2989
-4674
-5203
-5143
-5223
-4701
-3908
-3155
-1949
-727
141
526
833
1073
792
204
-1152
-2882
-4432
-6136
-7345
-8389
-9064
-8495
-6975
-5071
-2578
433
2706
4637
6518
7186
6696
5928
4654
2517
432
-1205
-2871
-3483
-2427
-1074
516
2796
5132
6721
7661
7609
6450
4394
2339
798
-986
-2529
-2935
-2304
-1121
297
1893
3006
3935
4933
4992
4328
3080
1679
-38
-1715
-3239
-4823
-5609
-5606
-5330
-4772
-4036
-3145
-1928
-810
46
728
918
968
1011
400
-1141
-2852
-4357
-6271
-7844
-8709
-9319
-9105
-7414
-5084
-2713
161
2968
5015
6665
7633
7432
6420
5129
3241
868
-1123
-2616
-3216
-2705
-1438
296
2371
4598
6655
7580
7324
6487
4786
2956
1202
-409
-1762
-2439
-1657
-511
605
2120
3264
4194
4927
5184
4640
3169
1846
584
-1110
-2868
-4276
-4977
-5298
-4960
-4204
-3752
-2940
-1550
-442
167
848
1185
1203
1183
767
-750
-2594
-4233
-5992
-7496
-8718
-9385
-9124
-7717
-5444
-2813
54
2616
4933
6864
7644
7357
6557
5222
3075
869
-978
-2691
-3311
-2480
-1295
133
2174
4556
6262
7138
6986
5856
4211
2735
1274
-616
-2026
-2167
-1466
-320
915
2206
3251
4195
4999
5023
4162
2827
1681
199
-1450
-2917
-4351
-5213
-5262
-4998
-4713
-4222
-3263
-1939
-772
77
663
730
1003
1220
575
-952
-2665
-4305
-6161
-7569
-8636
-9560
-9238
-7631
-5480
-3043
-33
2783
4980
6847
7743
7396
6450
5141
3053
566
-1340
-2845
-3726
-2973
-1476
-183
1837
4380
6085
6674
6592
5731
3971
2352
977
-757
-2076
-2225
-1477
-486
620
2017
3109
4013
4724
4904
4136
2691
1714
617
-1196
-2860
-3895
-4749
-5178
-4793
-4401
-4287
-3190
-1395
-554
6
993
1384
1371
1548
1053
-733
-2441
-3771
-5734
-7382
-8544
-9336
-9285
-7796
-5520
-3110
-329
2455
4897
6790
7727
7507
6640
5258
3286
973
-1142
-2624
-2959
-2304
-1299
152
2244
4375
6003
6737
6352
5267
3819
2420
889
-643
-1757
-1881
-894
275
1332
2395
3527
4638
5133
5088
4238
2940
1850
509
-1212
-2925
-4245
-4913
-5222
-4938
-4524
-4187
-3090
-1456
-473
160
999
1305
1430
1523
833
-939
-2570
-4081
-6019
-7624
-8815
-9570
-9320
-7765
-5541
-3145
-299
2574
4986
6935
7932
7725
6970
5571
3568
1196
-1068
-2590
-3113
-2618
-1665
-190
1887
3945
5846
6709
6164
5310
3994
2545
830
-570
-1517
-2099
-1251
-26
783
1720
2848
3908
4413
4516
3990
2650
1626
489
-1261
-2905
-4140
-4795
-5197
-5132
-4665
-4474
-3406
-1672
-731
-170
616
1212
1285
1359
908
-930
-2650
-4054
-5827
-7447
-8755
-9347
-9248
-7998
-5581
-3100
-513
2363
4977
6814
7479
7485
6790
5101
3127
958
-1301
-2901
-3224
-2593
-1817
-245
1969
3830
5580
6695
6366
5322
3964
2681
985
-520
-1276
-1815
-1387
-208
822
1690
2598
3868
4523
4526
4307
3294
2250
1097
-312
-1995
-3576
-4201
-4625
-4901
-4718
-4372
-3388
-2043
-868
145
697
1169
1670
1685
927
-458
-1969
-3805
-5596
-6998
-8419
-9305
-8957
-7512
-5688
-3251
-350
2291
4673
6591
7606
7433
6815
5695
3746
1446
-737
-2295
-3028
-2643
-1474
-78
1738
3950
6045
6861
6633
5864
4325
2769
1401
-96
-1439
-1883
-1323
-435
478
1467
2368
3347
4309
4789
4401
3389
2497
1435
-369
-2140
-3527
-4441
-5204
-5198
-4831
-4721
-3690
-2098
-986
-117
706
1193
1348
1478
922
-731
-2182
-3871
-5711
-7174
-8542
-9420
-9292
-7875
-5849
-3472
-762
1832
4183
5987
7044
7265
6574
5202
3348
1140
-1022
-2654
-3416
-3189
-2257
-653
1261
3322
5287
6302
6221
5527
4199
2677
1075
-270
-1257
-1991
-1709
-798
237
1282
2221
3331
4066
4482
4382
3390
2520
1381
-221
-1807
-3115
-3877
-4666
-4875
-4544
-4448
-3465
-2114
-1198
-290
559
1361
1663
1561
895
-495
-1856
-3696
-5534
-7137
-8521
-9236
-8949
-7662
-5829
-3315
-462
2056
4296
6117
7057
7233
6848
5553
3668
1508
-575
-2093
-2891
-2624
-1686
-306
1698
3950
5942
7016
6863
6277
4921
3225
1628
-14
-1205
-1791
-1474
-677
193
1435
2396
3298
4134
4523
4412
3515
2677
1689
184
-1420
-2715
-3554
-4464
-4817
-4530
-4587
-3890
-2469
-1394
-532
367
1232
1439
1501
1172
-285
-1910
-3516
-5218
-6987
-8404
-9039
-9013
-8040
-6171
-3787
-1127
1526
3914
5681
6591
6910
6628
5516
3619
1350
-810
-2525
-3304
-3062
-2466
-996
1266
3508
5659
7082
7010
6130
4986
3424
1474
-347
-1582
-2320
-2198
-1241
-181
901
2007
3253
4186
4504
4438
3671
2911
1965
432
-1300
-2706
-3468
-4300
-4804
-4612
-4637
-3984
-2715
-1490
-625
145
1019
1419
1413
920
-409
-1937
-3555
-5167
-6840
-8432
-9247
-9235
-8179
-6456
-4315
-1615
1059
3390
5434
6566
6827
6558
5624
3866
1688
-393
-2324
-3322
-3166
-2584
-1224
956
3235
5415
7037
7199
6571
5603
4056
2140
472
-998
-1964
-1887
-959
-29
761
1760
2821
3784
4476
4403
3646
2997
2187
710
-811
-2139
-3215
-3906
-4295
-4316
-4414
-3877
-2783
-1725
-823
-124
461
951
1322
1001
-147
-1480
-3119
-4802
-6378
-7905
-8931
-9054
-8083
-6371
-4160
-1379
1407
3702
5756
7142
7384
6955
5910
4198
2052
-338
-2188
-3201
-3328
-2514
-977
1155
3427
5613
7272
7568
6974
5920
4068
2199
535
-1073
-2150
-2104
-1177
-359
601
1793
2700
3528
4183
4273
3679
3019
2201
761
-769
-2072
-3014
-3897
-4445
-4358
-4282
-3900
-2951
-1937
-1087
-479
296
933
1119
671
-251
-1434
-3104
-4719
-6413
-8046
-9067
-9208
-8344
-6939
-4751
-1954
713
3270
5425
6587
6896
6671
5779
3951
1834
-449
-2473
-3565
-3817
-3267
-1868
303
2714
5143
7017
7682
7173
6263
4542
2595
873
-984
-2167
-2345
-1763
-925
59
1308
2276
3171
4012
4160
3752
3164
2360
1152
-215
-1537
-2671
-3562
-4108
-4274
-4284
-3997
-3183
-2142
-1172
-468
212
876
1242
1024
157
-987
-2645
-4394
-6051
-7736
-8927
-9156
-8389
-7070
-4967
-2047
594
2983
5293
6570
6879
6712
5895
4131
2027
-40
-2221
-3558
-3916
-3438
-1831
304
2670
5174
7241
8128
7842
7043
5509
3186
1346
-408
-1945
-2338
-1922
-1046
98
1347
2404
3248
4127
4353
4034
3784
3091
1798
345
-948
-2187
-3183
-3793
-4189
-4295
-3964
-3241
-2462
-1681
-917
-216
399
789
769
30
-1043
-2287
-3974
-5677
-7375
-8763
-9247
-8732
-7500
-5624
-2943
-74
2399
4709
6276
6679
6648
5976
4342
2353
385
-1734
-3280
-3756
-3576
-2468
-223
2258
4544
6753
8146
8193
7319
5960
3864
1631
-42
-1542
-2348
-2146
-1423
-320
822
1976
2920
3734
4198
4018
3768
3156
1973
645
-504
-1648
-2677
-3513
-4089
-4282
-4038
-3506
-2896
-2057
-1140
-391
325
875
912
243
-674
-1671
-3381
-5399
-6980
-8316
-9200
-8864
-7710
-6241
-3761
-796
1785
4105
5946
6681
6645
6169
4832
2716
612
-1481
-3373
-4204
-4020
-2930
-1062
1365
3915
6182
7779
8236
7651
6355
4307
2034
236
-1398
-2562
-2706
-2075
-1067
191
1444
2327
3196
4032
4085
3636
3014
2223
1076
-134
-1314
-2487
-3338
-4002
-4150
-4107
-3884
-3207
-2298
-1325
-545
68
495
621
652
-227
-1528
-2929
-4855
-6537
-7928
-8950
-9127
-8176
-6608
-4404
-1476
1286
3474
5516
6749
6919
6587
5498
3592
1464
-523
-2547
-3944
-3981
-3229
-1792
651
3435
5776
7565
8846
8849
7483
5864
3709
1436
-332
-1581
-2084
-1996
-1219
-53
1065
2101
3050
3865
4251
4036
3736
2998
1673
367
-674
-1810
-2922
-3614
-3795
-3970
-3766
-3001
-2321
-1624
-776
18
288
406
449
-427
-1560
-2625
-4423
-6267
-7678
-8677
-9018
-8438
-7010
-5055
-2263
604
2907
4902
6263
6582
6163
5242
3565
1485
-398
-2304
-3811
-4066
-3397
-2167
25
2600
5024
6927
8285
8697
7592
5961
4154
1963
-18
-1440
-2300
-2470
-1766
-701
237
1210
2236
3030
3402
3368
3125
2617
1647
596
-460
-1720
-2809
-3429
-3843
-4118
-4061
-3519
-2923
-2191
-1265
-685
-174
311
460
-75
-1231
-2336
-3802
-5584
-7210
-8436
-9039
-8823
-7479
-5512
-3119
-390
2376
4552
6132
6861
6377
5378
3913
2007
-145
-1968
-3279
-4117
-3858
-2719
-1150
1340
4147
6433
8034
9059
9022
7722
5986
3878
1410
-242
-1395
-2195
-2090
-1357
-411
573
1859
2844
3281
3684
3721
3323
2971
2235
1044
-295
-1362
-2303
-3199
-3686
-3959
-3899
-3447
-2823
-1970
-1157
-423
85
246
-95
-1012
-1855
-2990
-4582
-6247
-7475
-8248
-8471
-7573
-6071
-4120
-1546
1138
3449
5093
6234
6227
5415
4420
2738
629
-1133
-2422
-3500
-3826
-2956
-1690
54
2751
5215
7091
8444
9045
8588
7267
5458
3212
860
-775
-1984
-2766
-2585
-1895
-733
609
1761
2674
3228
3638
3709
3341
2689
1659
592
-432
-1548
-2490
-3251
-3861
-4103
-3825
-3317
-2719
-1986
-1230
-621
-226
-85
-483
-1277
-2417
-3738
-5219
-6733
-7657
-8110
-7907
-6902
-5375
-3240
-943
1395
3427
4713
5249
4975
4080
2623
980
-727
-2325
-3288
-3777
-3763
-2960
-1427
588
2868
5169
7100
8400
8985
8677
7648
5767
3609
1568
-362
-1991
-2775
-2756
-2355
-1286
170
1409
2469
3457
4022
4110
3978
3487
2525
1375
360
-814
-2097
-3095
-3680
-3970
-4014
-3657
-2954
-2412
-1801
-1002
-647
-752
-1150
-1884
-3043
-4309
-5421
-6459
-7173
-6999
-6302
-5301
-3751
-1817
93
1843
3427
4183
4130
3787
2934
1543
136
-1102
-2100
-2572
-2511
-2035
-1133
253
2026
3983
5856
7378
8428
8928
8524
7611
6111
3855
1825
70
-1462
-2476
-2646
-2219
-1428
-64
1252
2217
3231
3915
4022
3915
3540
2752
1552
462
-548
-1812
-2796
-3420
-3824
-3909
-3644
-3201
-2944
-2426
-1889
-1776
-1820
-2023
-2666
-3630
-4417
-5096
-5683
-5943
-5766
-5052
-4077
-2813
-1340
-48
1146
2070
2610
2679
2136
1500
611
-539
-1357
-1917
-2302
-2144
-1381
-444
416
1704
3437
4928
6200
7414
8130
8147
7682
6598
4908
2931
1047
-594
-2137
-2996
-2915
-2489
-1535
-43
1318
2352
3342
4200
4102
3715
3370
2300
993
123
-774
-1974
-2708
-2951
-3468
-3702
-3567
-3644
-3800
-3630
-3432
-3664
-3799
-3919
-4211
-4391
-4416
-4417
-4228
-3798
-3156
-2244
-1313
-655
-80
439
437
332
322
-126
-791
-1080
-1221
-1579
-1479
-1035
-517
211
1187
2038
2616
3324
4300
5271
6024
6711
7072
7118
6582
5663
4368
2540
702
-730
-1792
-2395
-2424
-1879
-780
530
1889
3014
3733
4217
4327
3896
3166
2079
943
-23
-720
-1182
-1742
-2422
-2791
-2943
-3345
-3850
-4403
-4955
-5241
-5280
-5124
-5020
-4786
-4189
-3437
-2464
-1651
-936
-184
401
822
711
96
-573
-1301
-2001
-2314
-2548
-2709
-2416
-1662
-902
-155
860
1551
2184
3033
3661
3821
4037
4366
4583
5150
5653
5522
5253
5164
4564
3436
2437
1156
-181
-886
-1178
-1351
-1224
-556
376
1507
2517
3119
3280
3218
3033
2498
1684
837
232
-122
-446
-854
-1402
-2188
-3114
-4062
-5080
-6190
-7084
-7327
-7146
-6605
-5472
-4329
-3189
-1657
-127
796
1185
1661
1454
727
244
-747
-2290
-3436
-3976
-4469
-4454
-3659
-2927
-1908
-220
1172
2151
3034
3661
3955
4335
4636
4378
4066
4047
3892
3827
3819
3472
3068
2979
2892
2390
1832
1246
719
613
402
103
-23
246
748
1342
1932
2017
1826
1944
2014
1596
1140
800
567
414
62
-677
-1889
-3226
-4592
-6044
-7203
-8088
-8531
-8032
-6707
-5187
-3672
-1876
-118
1187
2262
2703
2281
1513
559
-692
-2251
-3608
-4714
-5346
-5381
-4835
-3943
-2705
-1142
490
2047
3167
3983
4524
4854
5073
4920
4579
4146
3661
3056
2388
1961
1586
1367
1402
1584
1881
2328
2807
2976
2990
2808
2341
1884
1579
1159
774
657
833
953
966
1111
1233
1297
1424
1475
1228
826
80
-1008
-2402
-3992
-5512
-6755
-7616
-7711
-7206
-6114
-4453
-2677
-842
774
1932
2459
2573
2245
1208
-41
-1180
-2551
-3663
-4367
-4817
-4843
-4239
-3353
-2312
-835
496
1607
2877
3882
4391
4772
5017
4788
4258
3787
3036
2021
1261
626
-77
-282
-110
380
1026
1729
2640
3338
3698
3937
3729
3025
2131
1455
807
68
-271
-351
-258
20
419
705
745
854
820
241
-551
-1381
-2470
-3609
-4575
-5295
-5887
-6130
-5583
-4644
-3687
-2543
-1278
-261
489
1039
999
409
-271
-993
-1914
-2734
-3337
-3831
-3943
-3687
-3224
-2669
-2000
-1141
-191
953
1926
2646
3211
3589
3845
3752
3291
2596
1966
1243
538
107
-209
-522
-432
49
592
1253
2141
2931
3569
4133
4484
4328
3801
3268
2416
1525
832
274
-6
-70
50
149
103
47
-24
-449
-929
-1225
-1602
-2050
-2369
-2545
-2828
-2761
-2503
-2364
-2098
-1686
-1316
-1148
-908
-689
-820
-985
-1242
-1637
-1971
-2133
-2213
-2233
-2074
-1838
-1498
-1081
-678
-206
319
781
1325
1799
2016
2265
2482
2455
2254
1938
1464
926
525
265
31
-69
63
282
659
1185
1568
1855
2373
2976
3206
3307
3432
3158
2578
2224
1850
1151
688
390
27
-337
-471
-716
-1114
-1235
-1163
-1204
-1225
-1072
-900
-883
-779
-649
-740
-903
-1017
-1227
-1438
-1770
-2024
-2153
-2322
-2322
-2184
-2147
-2299
-2102
-1825
-1767
-1568
-1239
-1160
-912
-395
-109
-112
57
280
204
245
333
181
65
248
414
322
449
520
396
359
313
242
218
401
576
834
1265
1578
1822
2293
2589
2603
2621
2502
2156
1907
1703
1214
703
375
-76
-377
-475
-653
-727
-649
-342
-171
47
255
19
-5
58
-239
-478
-699
-867
-1094
-1238
-1454
-1776
-1922
-1941
-1877
-1795
-1570
-1380
-1139
-847
-503
-215
-62
-36
61
90
-174
-431
-616
-825
-1011
-875
-783
-689
-460
-144
132
329
538
549
468
410
398
306
193
205
434
586
870
1318
1592
1901
2070
2207
2198
1928
1632
1262
877
586
392
222
217
534
849
1016
1381
1646
1551
1507
1467
1146
636
231
-123
-581
-767
-864
-1070
-1084
-1027
-997
-955
-881
-829
-729
-596
-568
-463
-342
-299
-258
-146
-209
-560
-949
-1240
-1650
-2053
-2194
-2326
-2263
-1964
-1479
-1061
-693
-298
-146
-131
-180
-386
-630
-785
-912
-944
-835
-606
-250
187
555
834
1041
1216
1313
1228
1189
973
631
355
136
50
131
469
865
1333
1815
2205
2451
2507
2363
2123
1785
1395
965
549
221
-208
-434
-570
-761
-781
-678
-478
-328
-101
206
335
562
972
1129
1170
1180
1035
545
-16
-743
-1619
-2385
-2889
-3131
-3211
-2914
-2394
-1797
-1144
-585
-285
-76
-122
-249
-448
-734
-1072
-1130
-1106
-1168
-971
-836
-739
-482
-199
-28
79
102
82
-94
-153
-305
-408
-315
-105
315
727
1252
1702
1970
2171
2302
2260
2038
1695
1448
1135
808
593
372
222
83
88
162
160
271
373
560
793
1090
1290
1503
1650
1740
1754
1528
1169
640
59
-562
-1211
-1697
-2012
-2135
-2056
-1783
-1477
-1063
-644
-402
-227
-203
-448
-694
-821
-960
-1092
-1173
-1182
-1138
-960
-876
-830
-778
-678
-631
-675
-720
-902
-1092
-1102
-1070
-910
-554
-130
343
941
1464
1842
2111
2257
2207
2005
1731
1252
898
602
317
170
99
136
310
575
775
845
1028
1208
1268
1416
1556
1604
1678
1747
1679
1376
938
403
-267
-806
-1322
-1764
-1944
-1873
-1647
-1348
-985
-649
-357
-138
-79
-206
-483
-739
-930
-1286
-1524
-1673
-1747
-1801
-1714
-1591
-1561
-1365
-1055
-939
-800
-653
-686
-663
-639
-667
-711
-617
-483
-239
111
413
633
846
1026
1136
1155
1188
1062
1022
1057
932
757
643
545
409
427
462
512
580
656
805
1062
1280
1416
1554
1604
1526
1341
1105
692
84
-345
-740
-1055
-1136
-1091
-999
-874
-579
-356
-260
-149
-92
-149
-260
-309
-348
-429
-525
-618
-696
-910
-1077
-1080
-1130
-1271
-1244
-1103
-1032
-911
-642
-484
-503
-380
-120
7
129
319
421
526
685
824
809
773
737
758
846
913
999
996
1084
1153
1150
1182
1132
1149
1181
1174
1192
1143
1024
1006
1058
977
791
752
662
443
204
-76
-392
-733
-786
-720
-807
-749
-559
-498
-427
-265
-229
-408
-567
-624
-772
-924
-950
-1007
-1136
-1147
-1065
-1187
-1248
-1130
-1040
-997
-905
-736
-646
-535
-356
-250
-177
-46
31
139
247
187
124
227
261
181
236
308
232
257
393
454
562
691
781
944
1120
1200
1164
1106
1052
933
853
661
514
420
159
-34
-98
-221
-422
-518
-546
-583
-582
-559
-568
-571
-466
-333
-248
-203
-197
-194
-280
-320
-413
-529
-731
-809
-708
-827
-937
-969
-1089
-1204
-1212
-1140
-1078
-1011
-756
-510
-250
-8
236
412
525
544
547
468
389
335
214
87
22
55
89
125
222
321
412
569
813
980
1137
1360
1484
1602
1687
1639
1503
1394
1264
1009
691
419
144
-187
-414
-507
-607
-573
-443
-233
-20
96
183
227
198
126
66
30
-57
-191
-255
-293
-288
-244
-312
-350
-435
-493
-674
-989
-1224
-1357
-1315
-1169
-1008
-722
-370
-121
79
241
458
576
639
643
588
535
392
213
-31
-181
-269
-363
-407
-309
-103
53
183
343
509
733
1013
1224
1300
1380
1434
1358
1122
840
505
164
-126
-487
-725
-837
-861
-795
-629
-400
-207
-90
111
190
169
163
11
-135
-193
-284
-366
-411
-365
-344
-262
-111
-152
-245
-300
-516
-781
-1011
-1210
-1279
-1264
-1171
-1072
-882
-618
-438
-253
-26
124
284
373
362
313
234
160
-29
-213
-300
-408
-491
-464
-486
-413
-205
1
152
448
832
1061
1340
1502
1522
1420
1241
993
688
345
-18
-339
-590
-660
-696
-618
-481
-265
-13
216
379
471
472
415
330
129
-19
-147
-224
-191
-151
-152
-71
5
97
179
170
69
-93
-253
-359
-485
-555
-525
-483
-371
-189
-36
47
220
341
407
431
473
512
489
456
326
215
100
-1
-31
-147
-211
-203
-210
-127
15
168
400
664
883
969
997
1020
838
554
291
-28
-419
-727
-843
-947
-932
-756
-563
-296
-11
225
367
442
484
481
374
224
42
-144
-193
-286
-320
-332
-325
-223
-130
-20
61
97
78
79
80
-68
-195
-290
-386
-402
-375
-380
-364
-331
-321
-262
-202
-128
-20
50
146
142
117
74
-35
-162
-308
-461
-572
-578
-566
-410
-217
-39
122
370
522
512
537
499
326
96
-89
-335
-518
-622
-646
-563
-445
-288
-125
71
264
426
475
512
538
495
361
144
14
-108
-242
-332
-320
-291
-252
-157
8
133
253
333
399
412
377
402
287
234
174
6
-207
-380
-487
-538
-550
-411
-208
-24
106
262
417
424
429
418
356
241
198
143
69
90
82
87
155
250
280
289
300
249
183
120
24
-81
-171
-314
-381
-342
-215
-158
-20
117
159
226
252
289
314
355
347
259
217
77
-93
-181
-278
-313
-340
-353
-342
-334
-237
-96
-19
87
201
293
310
328
239
110
-12
-154
-303
-448
-514
-633
-612
-532
-381
-115
30
127
256
332
425
446
438
365
284
262
203
104
48
75
23
-1
-25
-79
-166
-245
-342
-450
-519
-532
-536
-496
-377
-283
-190
-65
81
176
192
194
165
136
159
203
134
41
-13
-96
-167
-214
-244
-225
-198
-149
-54
22
161
378
483
547
671
752
765
760
665
532
279
71
-160
-386
-460
-512
-521
-501
-391
-278
-93
111
177
214
210
190
160
72
35
-49
-71
-101
-152
-174
-226
-338
-388
-499
-649
-705
-749
-700
-679
-612
-542
-492
-323
-182
-63
20
67
129
135
75
101
130
129
182
219
214
236
284
220
189
99
-16
-53
-95
-11
21
134
310
379
507
604
638
668
681
610
499
327
173
38
-148
-275
-358
-383
-323
-226
-120
-3
208
296
421
501
494
519
501
499
419
298
271
130
-20
-147
-331
-472
-650
-767
-771
-727
-672
-584
-407
-263
-130
98
197
303
340
292
203
110
-12
-98
-129
-183
-224
-209
-103
-60
-4
70
177
195
259
331
342
349
353
352
366
400
417
425
422
451
426
395
373
348
227
132
54
-19
24
30
-60
-86
-57
-65
16
64
74
98
135
144
121
109
95
19
-55
-207
-352
-488
-690
-892
-1084
-1138
-1231
-1265
-1137
-989
-823
-610
-353
-120
16
140
205
160
75
-59
-216
-373
-533
-591
-585
-566
-464
-342
-276
-157
-97
-49
57
107
244
279
310
378
393
421
399
415
392
391
354
329
284
239
249
230
186
256
263
186
218
197
202
171
185
211
210
237
288
283
296
279
236
200
100
34
-118
-248
-398
-509
-649
-800
-856
-852
-771
-623
-404
-202
5
203
389
482
522
487
400
280
160
54
-98
-200
-224
-242
-185
-103
19
171
205
255
328
352
414
442
513
560
543
527
520
534
545
526
493
483
498
513
478
422
412
373
352
290
228
243
208
168
130
120
124
160
194
132
140
76
-52
-167
-268
-340
-449
-519
-601
-658
-744
-851
-952
-970
-858
-696
-524
-385
-226
-11
178
264
251
111
54
-78
-211
-263
-287
-357
-391
-296
-246
-202
-170
-132
-114
-84
-36
-40
-100
-155
-194
-140
-84
-59
75
172
223
268
238
255
265
286
277
195
132
81
47
-42
-69
-28
37
81
49
80
69
34
56
62
33
2
-50
-79
-89
-144
-181
-318
-428
-504
-571
-660
-708
-680
-622
-557
-400
-280
-185
-41
-2
-1
-34
-38
-45
-128
-197
-157
-141
-137
-79
1
22
99
152
174
165
174
147
108
168
128
134
178
255
338
422
493
553
601
694
747
710
729
679
588
513
470
435
351
320
246
228
212
179
167
104
54
-28
-49
-36
-35
-80
-82
-114
-158
-194
-257
-298
-404
-418
-411
-393
-356
-310
-180
-66
7
93
85
38
35
29
-48
-97
-106
-89
-74
-54
51
116
195
251
311
317
259
185
72
17
-51
-90
-86
-46
24
70
150
227
260
301
347
343
350
326
250
235
161
111
62
23
51
-3
-3
-39
-83
-106
-138
-173
-245
-263
-262
-251
-257
-274
-305
-347
-345
-383
-425
-451
-506
-518
-502
-429
-336
-266
-227
-149
-145
-178
-161
-206
-261
-322
-322
-290
-285
-251
-219
-170
-108
-42
8
2
18
23
0
-40
-80
-114
-152
-111
-77
-75
21
52
161
291
375
446
484
461
460
451
401
398
340
359
356
358
319
274
234
179
128
17
-44
-75
-120
-199
-196
-157
-157
-201
-179
-180
-232
-181
-205
-223
-181
-156
-182
-137
-50
-57
-5
-5
-15
-32
-120
-154
-232
-231
-170
-162
-121
-46
52
131
165
186
169
140
136
57
14
3
-28
-65
-50
14
33
80
178
313
351
378
428
459
458
460
417
368
355
346
330
357
420
440
456
396
345
270
200
99
-32
-100
-173
-209
-256
-245
-215
-237
-230
-199
-156
-74
-24
51
100
91
82
92
57
22
-104
-165
-201
-270
-286
-283
-343
-347
-280
-255
-135
-79
-3
12
14
95
78
120
154
138
73
-30
-42
-31
-56
-95
-85
-37
-47
35
99
120
110
64
64
75
76
42
22
-13
21
91
104
119
92
51
-43
-121
-173
-282
-432
-470
-502
-575
-681
-658
-565
-544
-455
-337
-245
-175
-60
-13
39
38
59
49
19
16
4
8
-89
-150
-204
-264
-245
-196
-181
-173
-172
-148
-113
-68
-81
-97
-81
-56
-14
-9
8
-39
-16
-30
-11
96
82
137
164
162
172
144
161
169
153
143
167
185
186
274
355
391
474
481
477
465
396
358
264
163
102
-18
-100
-91
-90
-110
-79
-8
41
95
229
303
363
401
407
341
267
245
182
120
109
89
33
18
18
58
92
105
106
95
66
72
81
33
56
35
0
59
94
92
146
155
173
224
243
285
285
281
262
195
150
114
55
18
-57
-85
-111
-135
-117
-83
-42
6
47
73
11
-34
-88
-203
-372
-489
-577
-646
-674
-709
-684
-664
-605
-553
-433
-303
-259
-148
-74
-88
-129
-155
-154
-138
-139
-152
-134
-152
-167
-141
-127
-85
-74
-81
-70
-68
-81
-50
-77
-62
-68
-74
-44
-45
-42
8
12
-4
24
91
105
81
127
129
157
117
54
29
-19
-74
-82
-65
-58
-16
32
45
33
88
115
100
106
9
-52
-102
-180
-258
-304
-331
-358
-328
-236
-192
-104
-15
86
177
195
250
247
225
197
152
110
70
10
12
35
86
136
195
218
219
205
183
212
209
180
155
157
191
211
210
272
268
292
342
348
399
421
397
363
326
328
299
262
250
219
214
183
193
152
117
100
130
114
105
102
69
37
-3
-75
-142
-236
-310
-373
-432
-474
-499
-451
-431
-339
-246
-150
-77
-7
-3
40
69
45
10
-45
-88
-138
-207
-191
-154
-128
-128
-78
-21
35
71
47
90
60
63
42
19
77
113
122
138
141
125
146
171
126
68
68
55
30
28
65
62
73
114
128
123
67
64
59
52
50
54
72
4
-51
-83
-65
-88
-163
-212
-275
-335
-419
-473
-439
-437
-405
-357
-279
-169
-165
-136
-124
-119
-88
-113
-149
-205
-252
-252
-260
-266
-282
-314
-273
-231
-248
-199
-167
-114
-132
-123
-54
-71
-36
-15
32
78
168
222
247
227
222
183
160
137
68
100
66
103
122
100
170
205
217
257
229
193
153
152
145
92
18
1
-44
-50
-134
-204
-198
-235
-213
-211
-204
-177
-130
-112
-44
2
85
123
143
174
160
146
151
134
151
136
128
139
140
127
160
226
229
254
225
245
210
206
201
172
171
201
246
234
264
290
335
316
311
259
217
173
143
137
116
98
81
44
84
114
147
143
110
131
105
132
120
109
74
16
-46
-106
-142
-150
-159
-226
-229
-190
-152
-140
-65
-52
-73
-40
-40
-4
-29
-76
-57
-132
-203
-204
-179
-244
-278
-268
-251
-247
-269
-253
-270
-241
-251
-230
-199
-183
-208
-227
-185
-179
-178
-168
-140
-136
-128
-126
-80
-65
-77
-54
-27
-9
1
36
-6
7
51
50
104
125
140
174
177
176
144
97
44
-18
-82
-137
-144
-196
-238
-218
-239
-226
-196
-170
-136
-74
-41
34
44
49
47
41
16
-43
-66
-104
-103
-92
-89
-88
-82
-33
13
29
40
23
11
13
0
55
73
127
158
150
209
224
224
221
147
131
92
56
55
8
7
-3
3
-10
35
68
71
80
94
126
136
136
159
161
138
144
131
99
48
-37
-61
-87
-111
-94
-69
-56
-40
14
57
123
182
212
276
294
296
276
248
197
131
122
75
79
101
63
38
92
84
127
121
99
35
-34
-43
-60
-28
3
27
45
60
105
162
122
142
108
81
38
-16
-61
-121
-161
-194
-194
-182
-111
-71
-35
-48
-45
-2
3
31
61
49
55
20
-4
-49
-77
-180
-278
-287
-337
-338
-381
-402
-353
-315
-250
-182
-68
15
50
66
33
47
29
2
-52
-80
-109
-96
-73
-90
-55
-20
70
48
56
55
34
13
-55
-51
-89
-93
-49
-15
-27
31
80
100
105
114
135
77
2
-70
-119
-151
-205
-256
-201
-231
-239
-183
-183
-176
-174
-138
-108
-72
-50
7
38
20
-6
4
-42
-69
-143
-205
-203
-260
-263
-239
-176
-123
-70
56
149
238
306
350
325
246
190
108
95
64
79
80
65
89
98
122
149
184
205
246
210
193
236
216
230
223
240
269
295
352
364
352
300
313
311
234
208
209
228
193
128
93
113
71
59
72
80
90
39
64
65
36
53
36
5
4
-42
-115
-155
-251
-302
-377
-435
-431
-450
-427
-382
-339
-296
-183
-130
-78
-15
-31
-17
-17
-60
-83
-98
-130
-134
-87
-65
-43
-25
-3
46
51
107
106
122
184
175
210
181
159
177
198
199
175
173
133
76
60
47
-14
-56
-110
-135
-147
-152
-167
-195
-211
-215
-246
-242
-244
-255
-224
-211
-230
-217
-182
-182
-142
-183
-183
-193
-228
-185
-234
-231
-240
-204
-182
-137
-51
0
55
137
167
221
264
233
221
176
149
118
117
106
75
98
61
13
47
69
66
64
92
78
75
87
104
107
75
116
118
92
110
90
68
23
9
23
1
27
20
34
56
48
19
55
51
-1
7
-25
-31
-64
-82
-59
-86
-64
-46
-38
-16
-35
-39
-30
-28
-71
-113
-155
-151
-155
-162
-124
-118
-94
-66
-51
-31
43
67
74
63
71
66
65
81
91
102
119
95
109
112
158
212
203
253
255
308
323
326
309
284
267
269
304
274
198
149
142
93
66
44
50
-4
28
37
38
23
16
-9
-74
-76
-100
-142
-160
-159
-172
-179
-166
-120
-157
-153
-102
-89
-117
-131
-149
-150
-111
-123
-155
-152
-126
-132
-115
-54
-16
-27
-11
12
32
31
43
10
-34
-72
-83
-60
-90
-114
-116
-103
-97
-102
-58
-19
-44
-70
-80
-65
-17
-49
-71
-58
-105
-123
-137
-110
-97
-92
-79
-23
-37
-98
-145
-126
-41
-22
-44
-40
-56
-91
-109
-115
-145
-244
-207
-223
-245
-249
-195
-118
-121
-160
-129
-107
-88
-93
-176
-157
-164
-164
-132
-93
-55
-7
9
20
56
116
167
187
186
204
221
246
289
307
325
330
347
353
404
445
469
483
460
430
401
415
349
300
293
272
247
264
237
240
246
162
117
52
80
97
38
0
0
41
11
-17
-15
-40
-70
-55
-78
-93
-81
-145
-151
-144
-122
-103
-81
-36
-4
-15
-14
-37
-80
-44
-95
-114
-75
-98
-71
-71
-14
-27
-19
62
20
22
-28
-39
-52
-89
-69
-130
-145
-87
-67
-49
-71
-65
-8
-67
-88
-99
-135
-145
-135
-146
-110
-125
-132
-103
-94
-44
-47
-92
-113
-102
-123
-144
-143
-79
-81
-68
-43
-29
-19
-1
9
-53
-70
-69
-87
-91
-117
-120
-144
-116
-76
-67
-36
-45
-55
-94
-124
-127
-103
-108
-109
-106
-115
-56
-28
-56
-24
-13
-55
-53
-25
15
-11
-27
40
39
50
91
164
199
180
226
185
179
175
168
191
195
199
157
177
197
198
202
218
239
211
130
109
65
38
66
25
36
20
1
11
34
-3
-54
-76
-81
-80
-107
-86
-72
-111
-137
-115
-123
-146
-114
-102
-105
-95
-123
-79
-60
-47
-40
-31
-1
54
74
93
88
89
103
87
63
80
112
57
54
79
115
109
126
188
165
134
147
111
70
58
45
40
53
36
63
115
95
94
104
84
95
61
17
-16
-15
-28
-21
-20
-12
-10
-14
-8
4
10
-37
-53
-58
-38
-31
-48
-43
-58
-81
-59
-70
-83
-70
-69
-33
-42
0
-12
-40
-31
-8
41
25
22
-17
-37
-67
-66
-60
-1
-27
-65
-44
-46
-76
-100
-37
-49
-43
-61
-44
-48
-138
-137
-169
-141
-146
-141
-98
-82
-87
-123
-104
-88
-59
-43
-104
-77
-97
-179
-171
-168
-148
-120
-113
-120
-106
-70
-31
-7
-34
-25
18
5
0
14
23
31
4
10
-8
-64
-49
-66
-42
26
31
64
100
113
106
102
87
84
56
34
53
40
-1
-11
50
63
54
80
91
110
106
84
82
79
80
69
90
128
108
106
187
189
220
217
200
222
210
262
234
204
203
164
189
170
133
83
71
26
21
16
-17
10
-8
-30
-15
-11
-4
-32
-45
13
-34
-75
-64
-76
-68
-68
-41
-85
-103
-52
11
35
14
29
46
26
47
42
-1
-14
-12
-29
-93
-46
-8
42
45
-12
-27
2
41
-11
4
4
-14
-15
29
-14
-39
-1
-55
-61
-35
-32
-45
-63
-74
-106
-115
-94
-138
-107
-121
-156
-181
-204
-195
-199
-163
-149
-151
-100
-80
-75
-66
-80
-66
-88
-63
-70
-68
-67
-69
-89
-116
-63
-33
-26
46
52
19
29
28
36
-2
-31
-34
-84
-98
-122
-168
-147
-150
-162
-155
-146
-128
-125
-122
-81
-99
-97
-71
-66
-47
-28
-19
0
-6
3
-5
13
35
30
77
94
81
130
175
217
214
195
192
159
177
219
206
181
212
244
220
199
231
196
178
193
160
127
131
125
113
62
52
68
56
87
132
173
170
189
182
145
127
124
109
85
117
61
29
18
-7
11
-10
-6
-25
-56
-25
9
18
1
26
62
51
67
78
-7
-4
24
-24
-67
-76
-81
-101
-83
-49
-76
-94
-100
-79
-30
-50
-39
-54
-70
-120
-114
-96
-94
-85
-127
-93
-51
-64
-101
-77
-76
-99
-87
-53
-28
-59
-57
-54
-60
-50
-34
-33
-9
30
9
28
13
-3
-23
0
33
16
27
32
-11
-10
5
-63
-50
-23
-16
-54
-78
-39
-53
-91
-142
-158
-192
-180
-184
-178
-167
-178
-173
-173
-163
-140
-154
-173
-186
-155
-83
-77
-65
-60
-84
-99
-79
-106
-117
-117
-72
-32
-31
8
-3
23
54
-4
-2
1
6
3
28
28
32
34
56
137
162
149
140
121
77
97
136
147
104
88
124
220
218
170
154
112
98
95
89
77
97
62
87
110
109
99
71
65
85
66
72
70
33
11
44
10
-73
-21
31
71
65
25
19
30
0
23
15
-22
-47
-41
53
115
140
123
141
129
107
131
120
168
162
114
107
137
171
166
184
195
173
165
200
235
221
206
193
207
148
117
126
107
145
128
102
19
-10
16
-46
-95
-100
-120
-142
-139
-106
-63
-118
-140
-108
-140
-195
-191
-188
-245
-248
-265
-253
-255
-240
-232
-271
-250
-211
-184
-212
-188
-134
-155
-136
-146
-153
-189
-179
-117
-133
-141
-144
-123
-171
-162
-111
-116
-151
-149
-113
-111
-145
-124
-92
-96
-114
-85
-91
-88
-93
-99
-91
-54
-41
-108
-68
-15
-11
-14
16
37
47
28
48
20
-33
-34
39
51
44
91
83
37
0
58
87
36
57
59
57
94
103
79
54
49
37
34
9
30
31
24
15
-33
-6
-7
21
27
61
45
39
74
1
-1
-22
20
34
14
66
99
82
133
178
177
147
174
175
157
242
266
248
168
164
202
189
198
208
200
190
146
179
188
147
155
197
182
201
243
187
170
137
51
52
85
72
82
92
61
31
23
9
5
-9
-5
25
8
-9
-58
-104
-80
-76
-89
-82
-34
-107
-97
-56
-83
-72
-69
-55
-42
-20
-43
-82
-104
-39
-58
-111
-70
-56
-30
-45
-68
-72
-97
-61
-70
-41
-64
-101
-115
-88
-36
-27
-61
-102
-101
-128
-103
-136
-101
-102
-130
-132
-104
-94
-135
-157
-117
-115
-134
-175
-175
-141
-177
-174
-122
-118
-158
-138
-137
-146
-186
-187
-159
-163
-114
-107
-72
-71
-49
-31
-79
-82
-101
-80
-91
-77
-68
-25
14
-30
-60
-42
-18
-77
-74
8
15
15
47
42
46
-15
-52
0
28
26
-5
13
12
39
25
-3
50
60
30
14
17
8
51
38
117
160
110
175
167
135
140
137
208
209
216
237
241
240
284
298
265
269
230
221
174
156
127
138
157
143
150
173
125
89
132
90
108
124
125
112
95
103
93
107
75
65
54
16
42
31
29
33
9
35
67
50
71
74
90
32
42
73
32
32
59
65
122
109
108
90
8
0
-21
11
12
-9
-1
2
1
-18
-47
-69
-120
-159
-193
-195
-135
-159
-156
-180
-195
-194
-243
-249
-228
-220
-275
-270
-254
-275
-300
-226
-175
-199
-172
-192
-208
-185
-209
-208
-134
-117
-157
-140
-123
-126
-118
-167
-143
-124
-123
-102
-115
-93
-37
-25
-45
-35
-17
-4
-12
-30
-11
17
-3
-46
-25
-32
-62
-45
-37
-2
-10
-20
37
51
34
-15
-57
-30
45
75
119
77
60
59
38
61
117
116
59
78
99
102
85
128
146
114
117
124
86
91
118
147
157
132
119
115
84
75
53
67
75
72
78
81
18
45
67
28
19
23
91
38
28
35
30
23
27
85
102
38
7
65
79
60
36
40
71
118
109
87
79
74
57
74
46
82
106
44
103
112
83
-6
-5
40
54
48
12
-5
-12
-44
-19
-12
-37
-2
-13
-28
-15
-14
-12
-33
7
42
8
-27
-33
-22
-17
-4
-13
-36
-30
17
15
8
15
-10
6
8
34
25
37
33
9
10
-5
28
20
27
-4
-19
-37
-15
34
20
-7
-15
-26
-32
-68
-36
-12
-70
-54
-101
-98
-105
-92
-74
-108
-70
-48
-102
-122
-107
-119
-102
-101
-63
-80
-113
-141
-145
-121
-79
-84
-118
-86
-87
-68
-85
-93
-75
-72
-72
-118
-127
-109
-102
-66
-45
-53
-48
-44
-79
-81
-68
-58
-57
-61
-68
-91
-97
-117
-104
-122
-131
-134
-130
-108
-100
-80
-54
-60
-38
-41
-44
-48
-54
-29
11
19
6
46
67
48
29
43
32
48
74
77
83
96
194
165
98
114
62
76
123
138
116
113
160
165
168
138
150
131
94
97
83
113
163
183
196
186
174
163
222
217
203
227
241
230
194
232
215
173
184
173
201
237
204
166
160
176
197
165
83
88
126
153
129
114
48
40
37
-9
-31
-13
-35
-81
-51
-25
-24
-29
-37
-101
-74
-73
-82
-71
-66
-76
-79
-91
-77
-58
-79
-102
-116
-104
-93
-75
-31
-73
-125
-108
-115
-100
-115
-112
-86
-93
-136
-134
-126
-174
-169
-177
-169
-207
-243
-229
-218
-210
-242
-204
-223
-225
-174
-154
-198
-230
-198
-154
-140
-147
-134
-175
-165
-149
-135
-118
-134
-129
-124
-81
-75
-65
-57
-48
-27
-28
2
31
13
-7
10
12
-10
2
0
-14
-15
-26
-15
-12
-27
-12
-18
-40
-32
-12
21
12
4
6
17
11
37
13
10
74
81
83
99
95
57
41
101
117
136
129
147
132
118
138
128
137
157
163
173
183
150
164
181
188
173
155
198
154
115
116
89
104
140
139
138
118
72
115
118
78
70
61
64
44
40
44
31
27
38
77
99
80
65
71
78
82
85
94
117
137
72
72
120
76
83
135
116
86
59
37
40
45
31
-8
-14
-5
0
13
-19
-18
-32
-43
-45
-49
-56
-78
-90
-86
-88
-79
-83
-76
-72
-83
-79
-68
-96
-96
-67
-107
-106
-104
-81
-79
-84
-67
-87
-78
-65
-60
-82
-96
-75
-80
-112
-87
-62
-80
-68
-72
-68
-71
-84
-97
-117
-111
-114
-129
-133
-106
-131
-130
-129
-99
-103
-136
-140
-118
-112
-117
-87
-97
-88
-93
-148
-155
-144
-123
-90
-103
-84
-90
-72
-89
-68
-50
-67
-61
-77
-72
-39
-23
-15
-3
-18
12
45
56
16
18
42
76
94
87
103
86
70
76
70
81
84
99
102
106
130
106
96
88
94
90
59
69
100
103
99
100
81
67
64
86
72
63
106
106
103
89
79
84
101
93
59
68
49
82
87
78
77
72
73
60
95
96
110
117
89
101
105
96
126
106
58
50
54
44
22
23
43
31
7
21
48
22
1
33
39
17
17
-15
10
32
2
-12
-18
-33
-54
-41
-54
-65
-55
-72
-67
-42
-45
-61
-68
-62
-45
-22
-14
-12
9
-25
-35
-24
-25
-35
-46
-14
-36
-33
-28
-44
-37
-53
-41
-27
-64
-56
-14
-34
-70
-86
-88
-84
-89
-85
-92
-84
-89
-97
-91
-71
-83
-94
-91
-100
-102
-84
-81
-62
-36
-28
-38
-61
-55
-29
-33
-35
-16
-21
-20
-8
-9
-31
-4
36
18
35
32
10
21
24
23
33
41
32
30
54
70
55
27
38
51
22
18
16
-17
-25
-31
-27
-17
-32
-60
-52
-38
-26
-21
-22
-6
-18
-30
-41
-51
-5
-4
-33
-10
11
6
-25
4
38
22
21
75
76
61
83
61
60
66
75
88
93
77
53
48
46
43
44
37
32
17
4
12
-14
-50
-21
-31
-27
-2
-10
-25
-32
-29
-9
-11
-18
-12
-17
3
6
24
22
21
27
29
41
56
80
62
47
66
81
103
103
110
107
88
80
98
95
63
50
45
46
31
50
51
52
26
1
-7
-17
-6
-3
7
7
1
7
11
6
-8
-40
-39
-24
-4
-5
-7
-11
-27
-37
-28
-21
-27
-49
-54
-31
-22
-10
-28
-16
-14
-38
-9
4
10
22
11
21
-2
6
7
-27
-12
-27
-34
-39
-60
-38
-68
-62
-24
-34
-45
-42
-62
-76
-69
-66
-66
-73
-72
-94
-66
-84
-98
-96
-92
-80
-116
-102
-80
-62
-44
-38
-36
-29
-34
-44
-31
-5
-33
-55
-56
-62
-53
-60
-65
-83
-79
-56
-41
-30
-21
-15
-53
-59
-29
-21
1
5
11
10
12
29
12
-29
-12
-4
-34
-9
20
36
46
65
66
32
52
66
69
61
68
67
62
86
87
92
88
65
67
79
103
107
82
68
75
84
76
57
72
57
44
66
71
76
88
60
69
82
86
89
99
111
96
89
112
106
59
66
75
78
83
92
76
80
62
42
51
60
55
46
41
38
50
35
25
3
-2
14
0
-4
7
-13
-10
-6
-21
-26
-47
-49
-64
-72
-64
-60
-59
-57
-66
-85
-93
-61
-49
-62
-64
-70
-61
-70
-58
-41
-47
-56
-73
-64
-81
-91
-84
-75
-60
-78
-87
-93
-103
-108
-97
-105
-109
-113
-116
-125
-118
-107
-138
-141
-132
-122
-112
-105
-92
-93
-97
-100
-84
-57
-48
-38
-37
-44
-48
-42
-20
2
-18
-17
14
17
45
68
79
72
47
39
44
51
57
52
60
46
54
68
54
71
65
57
52
47
62
71
65
41
17
34
41
49
41
34
29
19
26
39
46
60
71
58
68
64
64
66
67
69
66
75
81
80
79
82
80
68
88
109
101
96
97
91
80
65
83
69
66
71
67
52
53
40
31
47
19
11
6
0
1
-5
-12
-12
-27
-45
-28
-35
-41
-42
-45
-41
-51
-63
-79
-61
-59
-62
-49
-42
-36
-41
-30
-28
-36
-22
-28
-17
-9
-29
0
-7
-12
-14
-3
-4
-16
-11
-11
-16
-17
-26
-24
-19
-18
-10
-25
-22
-36
-56
-56
-58
-71
-87
-88
-87
-72
-78
-75
-87
-81
-73
-68
-66
-69
-61
-58
-55
-48
-40
-43
-51
-37
-19
-31
-25
-29
-33
-17
-18
4
4
-2
19
11
3
3
10
6
15
25
32
19
19
31
27
9
13
21
20
20
5
7
13
28
28
25
12
20
8
13
40
30
22
28
35
8
39
48
33
38
21
18
6
12
23
9
10
1
9
21
25
23
26
33
35
41
42
41
38
30
18
26
37
31
45
49
34
18
14
21
18
24
28
32
33
24
15
16
21
22
4
19
18
0
-2
-10
-4
-23
-21
1
-3
-13
-4
-6
-20
-31
-19
4
-1
-11
-5
-4
-26
-13
-8
-17
1
-8
-1
-10
-14
8
8
9
10
25
35
15
13
17
19
13
17
19
12
8
3
-9
-9
1
12
3
-14
1
-3
-2
1
3
4
-10
-15
-21
-18
-6
-8
-9
-24
-37
-34
-35
-17
-18
-21
-9
-21
-32
-20
-25
-29
-20
-4
-1
-10
5
2
5
7
-6
-3
11
34
26
6
2
5
6
-6
-3
-10
-32
-47
-47
-43
-33
-36
-38
-46
-34
-35
-45
-41
-42
-31
-35
-49
-42
-29
-30
-33
-28
-5
-22
-26
-16
-9
5
-7
-5
1
4
15
-4
1
8
-10
-7
-3
-1
1
14
4
-4
-6
-20
-14
-10
7
18
14
13
8
6
10
29
20
21
8
-2
6
20
18
17
11
20
31
22
24
31
25
20
35
51
44
41
60
44
25
23
48
63
56
54
51
48
56
71
67
80
84
61
56
67
61
45
44
21
7
10
14
22
-2
1
-12
-19
-23
-22
-9
-20
-21
-26
-36
-31
-28
-32
-29
-39
-38
-51
-53
-41
-26
-29
-29
-24
-21
-13
-13
-8
-16
-9
-6
-6
-13
-13
-18
-12
-5
4
11
13
-9
-27
-27
-27
-28
-21
-20
-22
-37
-55
-57
-49
-55
-50
-42
-49
-42
-45
-39
-27
-20
-29
-27
-34
-30
-19
-24
-14
-12
-13
-18
-20
-29
-26
-18
-7
-4
-11
-5
-1
2
2
5
13
13
10
14
18
13
12
12
12
9
8
-1
10
2
8
14
9
26
25
12
13
11
10
13
8
5
1
13
11
17
6
5
-2
-11
-10
-10
6
3
13
8
4
14
34
31
32
42
39
37
45
59
58
46
42
50
55
37
52
53
34
39
32
46
39
41
45
31
16
28
31
39
27
26
29
16
19
18
24
30
14
20
26
17
14
2
-10
-9
-4
4
3
-8
-11
-16
-10
-15
-18
-25
-23
-13
-20
-22
-21
-13
-20
-25
-29
-39
-43
-53
-45
-29
-34
-44
-40
-28
-32
-31
-27
-25
-19
-29
-29
-26
-17
-17
-29
-11
-2
1
-19
-26
-9
-5
-10
-12
-24
-22
-5
4
2
-10
-23
-22
-18
-24
-12
-6
-6
-28
-26
-15
-22
-33
-29
-36
-43
-37
-40
-21
-28
-36
-36
-37
-42
-33
-19
-9
-17
-26
-22
-20
-9
-3
1
12
11
13
17
10
13
22
25
14
24
23
29
25
21
37
13
3
-1
10
9
11
10
1
-3
-6
-3
13
6
-7
-8
-7
-14
-11
7
2
9
24
13
5
12
12
19
25
21
27
50
50
40
43
50
41
40
51
51
32
27
35
31
41
51
44
29
26
25
30
32
42
38
35
20
16
22
31
28
16
23
9
1
-1
2
13
9
5
6
-4
1
-6
-6
0
5
-1
0
4
-6
-5
-12
-7
-1
-4
3
3
17
20
9
5
9
6
2
6
-5
-12
-21
-23
-25
-36
-33
-36
-45
-45
-40
-37
-42
-50
-41
-36
-39
-46
-52
-57
-49
-54
-48
-40
-51
-50
-49
-42
-41
-42
-33
-35
-29
-26
-23
-17
-17
-14
-10
-18
-17
-6
-18
-8
-13
-13
-15
-12
-11
-14
-12
2
6
-5
-3
-8
-3
-3
3
8
11
8
0
0
-3
-4
4
9
9
12
18
16
9
16
8
14
0
0
16
23
28
25
24
26
27
25
32
24
36
29
37
42
39
41
22
27
22
13
18
9
17
21
14
15
11
12
-1
5
9
5
7
4
6
5
9
7
2
16
12
14
22
24
16
10
3
-4
9
12
22
22
22
11
8
11
13
19
7
14
13
7
5
9
13
4
1
8
14
-2
-9
3
1
3
-1
0
8
4
6
5
-5
1
0
-1
5
4
5
-10
-8
-9
-13
1
-5
-12
-9
-8
-4
-3
-9
-8
-7
-8
-9
-4
-5
-12
-9
-9
-5
-14
-27
-26
-18
-23
-13
-18
-23
-24
-26
-7
-7
-10
-12
-11
-14
-13
3
-4
-8
-9
-7
1
2
4
4
-6
-6
-7
-8
-5
-2
-5
-9
-14
-12
-18
-14
-15
-25
-29
-25
-23
-21
-21
-36
-30
-24
-20
-22
-30
-30
-23
-26
-24
-22
-6
-9
-18
-6
-17
-19
-10
-3
0
6
15
15
10
4
9
12
5
13
23
16
22
17
5
12
13
12
7
18
10
-14
-13
-6
-3
-11
-5
10
3
2
-7
-13
-7
-9
1
9
11
7
8
7
4
3
5
13
13
13
12
13
22
15
14
11
13
20
22
34
25
29
32
22
30
27
27
21
21
20
17
31
38
31
36
30
27
30
22
13
12
18
15
11
15
6
-4
-9
-6
5
9
10
6
10
4
6
11
6
10
0
2
4
1
-4
0
-1
2
11
16
21
22
13
12
11
9
12
13
17
4
1
-6
-6
-8
-10
-4
-12
-7
-21
-20
-17
-21
-19
-19
-23
-18
-24
-20
-21
-31
-25
-24
-32
-31
-35
-32
-23
-34
-32
-34
-36
-32
-26
-31
-33
-32
-41
-31
-24
-25
-24
-31
-34
-19
-16
-26
-23
-18
-21
-16
-12
-23
-21
-26
-28
-24
-24
-16
-26
-20
-19
-16
-7
-10
-13
-12
-16
-11
-8
5
3
1
0
-7
-2
-5
-2
0
0
5
6
5
8
14
16
11
13
22
30
26
28
28
23
29
38
38
38
34
34
31
28
27
26
26
24
30
28
27
30
28
26
26
31
37
38
35
30
25
26
26
26
32
29
29
32
31
34
23
25
27
24
21
25
28
34
42
34
37
26
23
24
28
36
31
33
25
25
16
4
2
5
5
-4
-3
3
0
-5
-22
-26
-33
-35
-35
-33
-30
-35
-34
-32
-24
-27
-29
-30
-34
-33
-22
-24
-19
-23
-21
-27
-33
-32
-29
-26
-32
-29
-26
-29
-34
-26
-29
-32
-32
-23
-24
-22
-22
-27
-36
-38
-24
-19
-31
-48
-47
-44
-43
-43
-34
-27
-32
-43
-45
-27
-21
-24
-20
-15
-20
-34
-29
-21
-13
-11
-20
-3
-4
-11
-5
0
-3
-2
-2
10
12
17
24
27
20
3
5
18
23
8
12
8
2
5
15
17
11
11
6
8
6
12
30
33
19
23
27
26
27
27
35
31
25
23
40
52
42
31
28
29
38
40
38
46
40
35
33
36
36
39
35
27
18
15
19
21
20
8
3
-1
1
11
12
13
11
8
7
3
7
0
5
12
7
17
9
8
3
-4
-6
0
6
4
10
4
1
-3
-3
-1
-1
-3
2
3
0
5
1
-6
-3
-2
-6
-9
-6
-8
-11
-21
-25
-18
-17
-14
-15
-15
-21
-20
-14
-13
-11
-13
-16
-15
-8
-12
-13
-14
-11
-15
-10
-4
-7
-9
-11
-10
-12
-2
-1
0
-2
1
0
-1
-6
-1
-1
-10
-17
-17
-9
-17
-21
-22
-17
-23
-28
-32
-31
-35
-37
-31
-29
-28
-34
-39
-42
-45
-32
-32
-24
-19
-24
-17
-15
-11
-11
-8
0
-5
-6
-1
0
8
11
7
15
9
6
11
6
7
6
10
7
6
10
2
-5
-2
-1
3
17
15
9
-1
3
2
0
0
11
3
-2
8
0
4
7
5
5
1
7
7
8
6
7
9
11
15
17
19
16
15
18
29
27
26
28
27
27
26
27
22
26
30
25
37
42
36
29
31
28
25
25
27
26
23
20
23
27
20
19
17
17
19
17
19
21
19
15
13
14
7
13
12
10
7
6
2
0
5
4
1
-4
-4
-3
-3
0
0
-8
-2
-1
-2
-4
-7
-3
-4
0
-1
-3
-8
-14
-14
-18
-21
-16
-19
-18
-18
-12
-22
-29
-29
-28
-30
-28
-24
-22
-32
-33
-33
-38
-37
-33
-40
-43
-41
-32
-29
-34
-33
-35
-38
-38
-33
-32
-33
-34
-37
-38
-32
-32
-33
-37
-42
-33
-26
-25
-19
-14
-10
-7
-11
-5
-9
-5
-7
-1
-2
-8
2
0
1
3
6
1
1
11
12
11
14
13
15
16
14
16
17
19
14
10
10
13
7
9
12
8
9
5
16
22
18
20
20
18
22
21
18
27
31
30
26
27
24
26
28
32
37
27
29
34
38
39
37
32
30
30
28
18
22
23
17
22
21
20
24
24
17
16
23
26
22
22
28
26
26
21
15
14
2
5
12
10
7
10
7
5
-1
-3
5
0
-2
-4
-6
-6
-5
-3
-1
-4
-10
-20
-12
-13
-21
-11
-12
-10
-7
-11
-14
-19
-20
-17
-18
-19
-18
-20
-24
-19
-20
-26
-25
-24
-25
-27
-26
-20
-22
-19
-15
-21
-22
-19
-14
-17
-13
-9
-5
-6
-9
-7
-8
-7
-7
-10
-7
-11
-15
-19
-16
-9
-14
-14
-16
-19
-24
-21
-19
-21
-19
-26
-28
-31
-32
-35
-35
-31
-26
-24
-27
-28
-29
-25
-24
-18
-13
-13
-12
-11
-12
-8
4
1
2
7
8
11
5
8
13
14
12
14
18
21
19
20
20
23
21
15
17
19
20
20
18
20
14
16
10
11
14
14
19
23
23
20
25
15
15
21
19
13
15
13
14
16
16
21
26
26
23
28
30
26
26
24
18
27
25
22
25
25
19
16
19
20
27
23
26
26
27
20
16
20
21
24
20
18
24
13
11
11
3
4
2
0
1
-3
-10
-4
-12
-13
-8
-13
-10
-22
-23
-18
-17
-17
-20
-18
-18
-14
-9
-12
-18
-16
-18
-24
-17
-21
-26
-32
-27
-31
-29
-26
-36
-31
-34
-24
-28
-30
-27
-26
-25
-19
-19
-15
-15
-25
-22
-26
-24
-21
-15
-11
-2
-7
-10
-12
-6
-6
-2
-1
0
2
-2
3
-1
2
-3
1
-5
3
8
