SAMPLES:	18268
BITSPERSAMPLE:	16
CHANNELS:	1
SAMPLERATE:	16000
NORMALIZED:	FALSE
45
49
59
42
20
19
22
10
31
30
24
23
17
7
2
6
20
31
48
54
42
29
20
13
27
22
26
22
-3
10
-13
3
6
-4
-5
-18
-14
-28
-10
-9
-19
-23
-19
-22
-19
-25
-24
-32
-46
-55
-53
-57
-59
-45
-68
-62
-61
-58
-49
-54
-30
-23
-43
-67
-66
-64
-72
-98
-88
-100
-100
-87
-79
-83
-91
-73
-67
-69
-81
-50
-66
-83
-71
-80
-91
-90
-86
-68
-61
-56
-32
-34
-22
-35
-28
-5
-6
-22
-21
-1
-15
16
26
21
33
12
10
9
-8
0
-1
6
15
25
21
27
35
47
68
73
93
71
72
63
53
59
33
26
21
14
32
38
46
55
44
39
27
38
44
50
58
52
55
31
35
34
45
40
37
40
39
40
22
18
12
29
21
49
69
73
78
62
54
35
41
40
55
30
26
40
36
54
40
52
42
40
42
35
35
38
29
32
37
9
6
22
26
23
23
12
10
4
6
17
-1
10
-5
-10
-4
-14
-9
-18
-21
-26
-22
-19
-30
-38
-45
-39
-23
-6
-18
-43
-40
-35
-39
-33
-51
-62
-50
-33
-23
-34
-33
-28
-42
-47
-49
-53
-59
-55
-38
-46
-59
-37
-35
-33
-29
-39
-45
-69
-75
-85
-88
-76
-62
-63
-68
-55
-49
-48
-35
-21
-32
-12
-14
-24
-11
-39
-54
-50
-44
-28
-41
-27
-9
-20
7
22
11
17
21
14
7
8
29
29
29
25
3
-25
-28
-6
-1
-7
-1
8
1
1
-4
7
5
23
28
31
23
27
20
6
11
12
19
19
21
40
46
37
52
49
40
52
43
38
34
40
51
31
47
51
39
49
52
52
53
51
42
39
19
14
30
26
39
43
49
47
35
31
22
2
-1
11
23
26
31
16
6
13
-11
-6
-27
-9
0
-20
-9
10
-1
-1
13
10
18
10
-1
-11
-23
-21
-20
-14
-5
-9
-3
-13
-16
10
28
37
32
35
23
18
4
10
3
-17
-14
-12
-11
-15
-7
-3
12
19
34
16
15
-8
-21
-35
-62
-33
-41
-25
-18
-9
-11
-2
6
5
5
-1
6
5
-19
-16
-9
-6
-15
-14
-16
-23
-20
-25
-20
-30
-41
-49
-42
-46
-40
-48
-57
-61
-48
-27
-21
-44
-60
-41
-34
-43
-41
-49
-57
-43
-36
-22
-23
-28
-6
-13
-14
-15
-12
2
16
-10
-19
-13
0
12
8
9
9
3
7
-3
-14
-13
-9
-1
-10
5
7
8
8
0
-7
2
-3
0
-1
-1
-3
4
0
-3
31
35
15
6
-11
-15
-12
-24
-26
-9
-3
11
6
-4
-2
-12
-11
13
15
26
29
37
26
25
26
9
5
-2
7
23
20
25
24
51
62
62
78
73
73
42
32
53
64
61
64
85
78
65
61
59
62
45
29
26
26
36
42
36
43
60
62
63
87
82
70
56
56
50
41
38
25
33
11
19
23
15
34
23
29
30
21
-5
-3
-14
-40
-29
-19
-27
-47
-52
-61
-52
-34
-41
-44
-53
-52
-42
-38
-42
-49
-58
-77
-76
-65
-67
-85
-93
-99
-91
-97
-95
-115
-136
-119
-100
-83
-62
-58
-51
-61
-67
-35
-34
-48
-54
-48
-39
-55
-56
-65
-53
-53
-43
-33
-29
-22
-25
-22
-34
-29
-1
8
9
15
-3
-27
-29
-21
-20
-18
6
-5
-7
2
-2
0
-9
-10
8
5
33
27
0
3
-2
-24
-35
-55
-44
-5
7
37
39
49
48
50
40
31
42
23
31
47
84
98
79
47
48
93
114
112
114
99
57
37
-1
9
17
12
13
38
59
67
62
38
39
60
90
67
40
48
80
88
82
94
99
96
105
115
116
111
99
79
84
102
109
95
65
57
52
65
39
-14
-12
-1
5
9
-18
-40
-47
-50
-23
-28
-51
-82
-83
-72
-85
-46
-27
-55
-50
-54
-59
-57
-75
-86
-113
-83
-59
-56
-48
-73
-64
-56
-77
-72
-56
-59
-65
-67
-56
-42
-33
-48
-34
-14
-16
-21
-49
-56
-64
-56
-54
-74
-76
-65
-48
-42
-33
-45
-47
-49
-52
-31
-33
-22
-23
-30
-33
-22
-22
-40
-36
-40
-28
-29
-15
8
-20
-24
-26
-23
-22
-16
-1
5
11
-3
-5
-5
-18
-21
-24
-13
-17
-6
14
15
22
19
0
1
13
8
-11
-8
-17
-35
-11
-6
-5
19
31
42
49
36
27
26
47
65
31
55
73
69
67
49
69
63
60
59
58
69
53
51
51
60
65
64
46
40
55
39
51
40
53
45
55
47
43
45
9
13
14
27
56
47
55
57
44
57
62
67
70
64
60
40
11
32
28
18
18
-2
9
21
19
20
31
36
52
37
36
17
-3
-27
-44
-36
-37
-33
-43
-15
5
24
11
-8
2
-2
-25
-30
-18
-38
-65
-50
-46
-40
-30
-23
-48
-62
-68
-83
-82
-74
-66
-64
-67
-62
-59
-59
-44
-57
-60
-48
-66
-64
-62
-63
-39
-44
-61
-62
-78
-86
-72
-49
-11
5
7
-4
-15
-34
-53
-54
-62
-37
-24
-10
-19
-11
-2
-5
18
15
4
-8
-24
-27
-2
8
20
4
-8
14
21
16
11
14
9
8
0
-17
-21
-27
-36
-45
-25
-13
7
8
11
25
17
11
14
-8
-13
11
5
11
10
19
23
27
41
31
10
-1
6
-11
-33
-37
-31
-32
-7
-4
-16
-20
-21
-17
-30
-20
7
11
-1
13
30
35
31
46
36
48
53
48
65
51
64
107
114
125
135
118
107
104
111
101
94
104
116
115
123
123
121
91
70
70
63
75
67
51
22
27
5
14
3
-18
-1
-3
7
20
27
29
11
15
1
7
12
3
16
-5
-7
-14
-29
-39
-56
-68
-73
-58
-66
-68
-64
-62
-51
-77
-63
-59
-72
-65
-80
-95
-97
-111
-115
-112
-122
-108
-81
-104
-90
-76
-104
-83
-82
-73
-60
-56
-44
-46
-56
-50
-68
-70
-49
-35
-26
-20
7
12
18
19
11
36
27
19
8
-13
2
2
0
0
5
4
16
-6
-19
-9
3
16
30
28
6
12
23
21
18
36
58
59
42
32
27
12
9
-7
-3
-6
-24
-17
-18
-4
9
-4
-21
-27
-20
-21
-15
1
4
14
-1
9
-4
-5
-4
-16
-12
-29
-19
-18
-19
6
7
-7
-3
-12
-21
-22
-9
7
11
21
43
57
53
63
44
62
54
40
43
40
50
56
77
59
53
43
58
47
51
72
82
81
85
82
61
47
41
58
52
43
77
71
66
60
42
50
49
40
38
38
31
44
44
23
27
25
19
32
28
12
33
38
15
0
-7
1
-4
0
-11
-10
0
-8
-22
-26
-31
-34
-43
-61
-57
-83
-105
-103
-101
-85
-75
-58
-63
-80
-78
-77
-80
-89
-87
-95
-104
-91
-81
-82
-79
-52
-54
-54
-47
-41
-40
-47
-54
-52
-54
-51
-41
-18
-16
-11
-11
-14
-28
-30
-20
-13
-33
-41
-41
-55
-43
-38
-32
-23
-36
-34
-38
-43
-35
-33
-13
9
22
36
40
36
37
42
44
35
18
11
11
5
6
19
34
51
69
71
70
73
75
56
31
26
54
68
63
58
41
15
-9
-32
-32
3
13
34
33
40
33
21
32
37
14
14
19
3
26
25
24
11
-23
-50
-46
-17
-48
-19
-7
1
10
5
3
-5
2
19
26
32
45
40
51
45
45
24
3
-6
3
5
36
52
71
91
77
75
78
79
87
78
87
81
83
83
68
64
63
60
58
48
57
62
55
46
27
4
-1
-5
-4
2
0
-1
2
-10
-10
-16
-6
1
-24
-34
-51
-43
-46
-43
-46
-40
-27
-55
-71
-86
-75
-96
-95
-83
-84
-72
-90
-77
-81
-63
-60
-68
-73
-98
-102
-106
-83
-87
-83
-73
-86
-82
-72
-83
-72
-76
-72
-75
-81
-69
-67
-60
-73
-44
-30
-15
-9
-16
-15
-20
-32
-34
-16
-7
4
22
40
28
14
6
-9
-16
-7
-10
-15
10
17
40
40
45
48
38
30
30
27
33
52
58
63
46
45
35
32
28
18
0
-10
10
20
32
29
51
38
34
20
2
-5
-6
-2
6
8
-8
5
-10
-9
11
32
39
30
26
11
22
21
19
15
15
32
35
57
64
76
98
97
102
91
112
95
82
88
95
80
72
78
80
110
99
97
66
53
63
58
60
54
66
57
72
57
60
46
35
30
11
19
-10
-10
-5
3
-12
-4
-2
-8
5
-13
-17
-48
-51
-76
-63
-33
-30
-21
-35
-34
-51
-36
-34
-61
-80
-71
-78
-65
-53
-61
-58
-58
-65
-58
-81
-99
-71
-95
-102
-89
-104
-94
-102
-110
-121
-133
-95
-102
-122
-114
-104
-90
-73
-70
-52
-52
-59
-77
-89
-72
-51
-61
-61
-52
-29
-17
-11
7
21
13
19
38
25
9
0
-3
-9
14
16
1
4
14
16
9
54
80
71
57
54
39
9
3
-2
1
0
-11
2
-6
8
18
-1
24
39
52
45
51
50
30
22
47
50
39
24
8
-17
-26
4
-9
1
35
36
33
12
5
23
32
29
28
47
37
40
45
22
32
26
33
32
39
45
61
76
61
53
37
51
77
102
115
111
93
85
83
84
104
119
96
78
72
46
29
22
32
26
21
25
41
36
56
65
65
50
36
23
20
6
14
9
-9
-5
-8
1
-25
-16
-12
-3
-22
-29
-33
-64
-61
-85
-69
-65
-65
-65
-52
-65
-86
-103
-121
-106
-105
-97
-89
-88
-105
-108
-98
-97
-80
-69
-79
-73
-77
-60
-60
-62
-59
-85
-54
-45
-29
-9
-5
-8
-14
1
12
10
8
18
-1
-5
4
-2
-3
-5
-18
-15
15
28
50
32
18
16
-6
-11
-8
-5
-7
-23
-32
-37
-29
-48
-51
-42
-17
-3
1
-2
-11
-21
-40
-35
-32
-26
-37
-41
-17
-11
-14
-6
0
-3
-11
-22
-8
18
21
20
22
16
18
28
31
28
30
32
47
29
23
39
26
19
-3
13
15
6
41
62
60
56
52
32
38
36
30
41
35
30
26
33
44
41
39
46
57
61
64
71
79
72
77
57
61
70
47
51
36
34
44
48
54
53
40
30
20
33
23
18
30
24
35
18
21
42
37
38
11
3
-9
-18
-13
-8
0
-38
-20
-33
-20
-12
-16
-11
-27
-30
-13
-7
-10
-11
-46
-43
-35
-18
-24
-36
-43
-66
-53
-66
-73
-62
-52
-61
-56
-34
-35
-15
-11
-26
-37
-42
-29
-39
-50
-63
-75
-61
-56
-64
-62
-56
-52
-25
-19
-4
3
10
27
21
17
16
1
5
-16
-21
-23
-42
-30
-26
-22
-21
-30
-32
0
24
37
38
16
-1
-39
-69
-74
-55
-43
-41
-20
-32
-22
-21
-24
-45
-29
-7
-13
-6
-1
-9
-8
-11
-26
-16
-14
13
14
-2
1
16
10
7
0
-12
-4
3
28
30
43
37
31
12
5
10
9
30
28
47
41
45
47
53
52
50
46
50
73
64
83
90
77
87
83
64
63
67
55
42
40
47
58
50
58
34
39
23
28
42
33
43
30
24
16
30
23
15
8
-24
-23
-25
-26
-11
2
1
-3
-15
-7
8
-5
1
-7
-9
0
-15
-14
-9
-28
-38
-32
-28
-26
-38
-43
-42
-39
-37
-31
-15
6
33
25
11
-2
1
-10
-18
-32
-32
-16
-10
-33
-33
-26
-24
-20
-23
-4
8
7
30
17
3
10
-7
-32
-57
-33
8
3
-10
-2
-7
-18
-16
-16
-40
-30
-34
-39
-34
-28
-10
-8
-14
-23
-44
-32
-36
-32
-19
-40
-33
-45
-35
-29
-44
-66
-53
-43
-45
-44
-37
-26
-32
-44
-65
-78
-93
-86
-67
-52
-38
-25
-11
-24
-27
-26
-24
-27
-20
-14
-13
-15
-41
-62
-77
-68
-44
-9
16
30
35
23
17
48
53
70
85
75
76
84
94
89
70
66
69
73
93
100
104
119
113
103
95
118
121
101
77
82
67
76
95
90
90
87
75
59
48
55
52
35
36
19
2
-4
4
20
16
37
63
62
43
31
4
-3
5
9
8
3
-12
-16
-22
-22
-15
-24
-28
-42
-31
-38
-32
-45
-55
-54
-77
-60
-52
-54
-44
-42
-45
-27
1
6
-10
-49
-57
-72
-83
-78
-44
-46
-43
-35
-58
-63
-65
-56
-42
-30
-9
24
21
-5
-17
-24
-40
-32
-17
-23
-24
-32
-33
-35
-26
-21
-14
5
5
12
-3
-22
-42
-30
-29
-8
2
-7
-6
-16
-4
-7
-10
-22
-19
-29
-17
-11
-23
1
-13
-24
-22
-19
-22
-14
16
-6
-31
-28
-32
-57
-46
-30
-24
1
16
20
1
-19
-25
-6
-15
-14
-12
-17
10
23
18
17
21
18
1
-9
-2
-10
-3
5
-2
8
26
24
44
48
38
38
22
21
16
26
38
14
0
-8
-18
-6
14
22
6
20
23
10
25
40
56
65
60
69
68
62
66
55
56
63
80
92
91
81
102
78
65
60
58
62
41
62
70
69
69
64
37
24
27
57
130
137
17
-96
-103
-43
79
183
141
-54
-143
-108
-115
-71
38
28
-84
-128
-120
-204
-215
-59
15
-2
11
0
-174
-219
-56
86
105
44
-11
-121
-129
15
85
47
37
37
26
40
57
46
8
48
78
49
33
9
-11
13
61
70
20
-60
-78
-54
-46
-28
-72
-132
-140
-134
-103
-83
-93
-99
-89
-106
-97
-112
-150
-172
-142
28
247
298
70
-221
-342
-248
14
334
341
-15
-210
-238
-343
-248
24
126
-31
-121
-162
-469
-544
-267
-93
23
131
32
-350
-569
-219
121
257
304
79
-192
-170
198
420
414
461
433
326
307
384
428
427
498
562
499
398
285
182
209
317
404
315
91
-55
-59
19
36
-39
-184
-321
-354
-333
-313
-353
-386
-397
-445
-463
-441
-432
-425
-396
-328
-294
-284
-289
-272
-245
-146
-66
-34
-20
-21
29
44
63
75
123
193
241
257
240
208
187
244
342
399
423
380
302
288
359
428
461
428
342
260
237
257
267
330
335
277
184
114
68
88
245
361
325
169
25
-58
-17
143
288
193
30
-87
-198
-279
-189
-45
-62
-181
-323
-487
-708
-734
-563
-482
-469
-562
-803
-1017
-1013
-758
-610
-652
-745
-903
-1034
-947
-711
-603
-573
-527
-496
-530
-484
-332
-170
-26
155
265
247
239
375
588
773
994
1131
1144
1124
1203
1333
1431
1487
1536
1440
1327
1293
1261
1244
1235
1199
1005
764
569
410
322
340
290
87
-226
-545
-774
-873
-796
-771
-960
-1189
-1460
-1650
-1660
-1554
-1446
-1447
-1466
-1516
-1634
-1612
-1412
-1232
-1088
-923
-866
-853
-690
-446
-322
-245
-143
-84
-113
-25
147
185
215
345
383
308
334
403
385
462
624
723
631
471
451
550
776
900
971
943
874
1004
1315
1526
1558
1520
1395
1429
1592
1837
1812
1638
1601
1628
1586
1488
1381
1134
981
1042
942
625
265
-73
-238
-299
-315
-526
-972
-1378
-1695
-1902
-1981
-2109
-2319
-2404
-2443
-2475
-2550
-2550
-2557
-2398
-2127
-1960
-2000
-2064
-1816
-1479
-1094
-734
-576
-590
-514
-213
26
196
335
316
201
202
368
495
653
616
496
500
562
599
637
782
858
881
939
912
849
858
941
1162
1481
1757
1926
1791
1548
1284
1383
1912
2271
2382
2172
1909
1879
1974
2220
2290
1852
1574
1376
1077
856
558
323
-57
-383
-586
-1079
-1594
-2006
-2173
-2151
-2363
-2724
-3336
-3946
-4085
-3826
-3501
-3296
-3429
-3641
-3498
-3225
-2881
-2598
-2227
-1906
-1683
-1287
-1013
-939
-566
64
493
721
1011
978
571
742
1425
1619
1597
1557
1295
924
971
1485
1532
1185
1211
1162
917
1058
1337
1417
1312
1467
1520
1208
1246
1435
1536
1885
2189
2067
1545
1439
2000
2477
2830
2988
2868
2620
2551
2656
2572
2302
2479
2801
2382
1716
1342
852
486
644
650
245
-662
-1631
-2341
-2908
-2889
-2861
-3471
-4176
-4654
-4899
-5046
-5173
-4860
-4509
-4374
-4381
-4781
-4788
-4217
-3348
-2242
-1692
-1626
-1623
-1549
-1057
-317
740
1568
1527
1230
1093
1210
1753
2427
2912
3262
3119
2718
2139
2093
2709
3183
3509
3480
2886
1981
1456
1434
1452
1758
2171
1826
1061
680
451
101
226
733
803
502
215
-35
-197
385
1097
1395
1887
2561
2207
1367
1212
1752
2468
3130
3420
2251
913
743
968
973
920
782
-288
-1902
-2600
-2934
-3406
-3560
-3519
-3910
-4840
-5615
-5949
-6222
-5625
-4433
-4392
-5207
-5792
-5503
-4454
-2926
-1519
-1563
-2093
-2014
-1969
-1378
201
1744
2291
2231
2223
1455
1018
2379
3627
3895
4220
3952
2536
1446
2184
3338
3370
3252
2709
1398
832
1176
1272
892
746
826
79
-695
-831
-824
-415
178
163
-469
-743
-193
588
1635
2672
2689
2441
2665
2796
3081
3780
4781
5292
4916
4977
4600
3563
3397
3487
3450
2797
1683
549
-1217
-2271
-2158
-2651
-3360
-4119
-5027
-5819
-6863
-7200
-7297
-7450
-7129
-6988
-7067
-7160
-7128
-6242
-5379
-4490
-3458
-2765
-1789
-1037
-420
374
841
1583
2712
3911
4935
4876
4957
5136
4922
5507
6009
5945
5366
4708
4498
3603
2886
2932
2439
1759
1099
316
-547
-1373
-1493
-1691
-2305
-2565
-3191
-3556
-3405
-3216
-3048
-3138
-3045
-2768
-2489
-1568
-326
1082
1969
1764
1601
2747
4847
5878
5904
5865
5662
5549
6478
7644
7505
6506
6084
5446
3816
2775
2716
2001
313
-979
-1820
-3370
-5142
-5836
-6101
-6420
-6887
-7812
-9380
-10574
-9929
-8495
-7864
-8083
-8360
-8250
-7520
-6038
-4196
-2993
-2399
-1906
-1416
-264
1684
3120
3723
4436
4988
5092
5636
6497
6641
6594
7300
7271
5534
4330
4519
4083
3174
3049
2585
745
-858
-1018
-1100
-1625
-1912
-2459
-3951
-4978
-4417
-3599
-3525
-3565
-3323
-3114
-2726
-2129
-1592
-1080
61
1864
3600
4495
3922
3506
5015
7354
8797
9154
8471
7224
6701
7931
9811
9352
7905
7167
5359
3318
2566
2205
873
-931
-1511
-2717
-5705
-7433
-7759
-7793
-7442
-7427
-8488
-10978
-12425
-10858
-8843
-7755
-7648
-8268
-8402
-7825
-6233
-4389
-3119
-1706
-346
781
1315
1172
2095
3939
5484
6849
7734
7252
5721
5296
6478
7073
7199
6825
5229
3679
3095
2833
1904
1120
808
-280
-1623
-2264
-3230
-3937
-3230
-2355
-2820
-4009
-4129
-3682
-3287
-2062
-962
-967
-1378
-1096
3
1243
2833
4773
6048
6076
5630
6232
7683
8327
8529
9059
9387
8761
8115
8196
7385
6183
6007
5275
3128
1085
-56
-1325
-3206
-4010
-4814
-6890
-8552
-9356
-9739
-9952
-10079
-10320
-11330
-12003
-11216
-10443
-9783
-8847
-8431
-8172
-7309
-5243
-3281
-2238
-795
358
835
2217
3933
5186
5881
6696
7962
7862
7262
7521
7375
7552
7913
7587
6284
4266
3447
2704
1683
1634
777
-935
-2552
-3716
-3394
-3202
-3382
-4018
-5206
-5116
-4542
-3857
-2895
-2501
-2132
-1656
-1191
-590
-179
992
2262
2906
3642
4434
5678
7082
7913
8755
9486
9379
8307
7496
8468
9752
9778
9597
8197
5485
3971
3746
3256
1991
773
-512
-3363
-6138
-7220
-7818
-8150
-8305
-9000
-10451
-12005
-12256
-11649
-11109
-10091
-9295
-9450
-9444
-8786
-7487
-5729
-3904
-2252
-1302
-573
489
1603
3033
4790
6229
6966
7146
6992
7178
7463
7603
7823
7637
6788
5668
4827
3387
1856
1872
1687
268
-1044
-2037
-3774
-5547
-5145
-3692
-4113
-4720
-4351
-4554
-5292
-4456
-2151
-1297
-1331
-157
763
612
1060
2540
3688
3943
4846
5877
5612
5398
7010
9116
10112
10385
10181
8597
6370
6501
8558
9482
9102
8271
5720
2388
1062
1706
2018
1156
-208
-2661
-6221
-8319
-8435
-8087
-7924
-8098
-8844
-10713
-12346
-12082
-11035
-9905
-8695
-8426
-9172
-9742
-8908
-6973
-4800
-2809
-1913
-2063
-1800
-866
340
1851
3605
4366
4007
3981
3908
3764
4551
5437
5356
4749
3859
2494
1117
1341
1749
1005
452
-417
-1963
-2700
-1896
-1095
-1272
-893
-170
-548
-638
413
1287
1858
2661
3408
3309
3419
4441
4965
5149
5962
6296
5974
6095
6526
6415
6247
7614
9208
9211
8668
7797
6039
4761
5531
7443
7574
6127
4903
2928
807
232
435
153
-862
-2123
-3794
-6676
-8605
-8832
-8418
-7768
-7871
-8937
-10610
-12146
-11617
-9791
-8387
-8309
-9461
-9910
-9251
-8093
-6275
-4499
-3702
-3614
-2965
-1663
-1381
-1423
207
2212
2793
2883
3083
2547
1379
2288
4729
5150
4199
3513
2817
2023
2208
3347
3218
2277
2356
2484
2013
2064
2623
3199
3707
4568
4823
3639
3087
3981
5071
5845
6318
5982
4807
4113
5052
6014
5708
5060
5028
5123
4593
4081
3947
4304
5690
7509
7688
5099
1722
701
2075
4526
6299
6025
3315
-438
-2260
-1540
-492
-26
-391
-2260
-5189
-7695
-8478
-8485
-8076
-6867
-6471
-8189
-10997
-12688
-11975
-9979
-7961
-7206
-8811
-10850
-11029
-9185
-6548
-4673
-3999
-3725
-3344
-3316
-3678
-3017
-701
1619
3338
4125
2908
828
812
2850
4990
6807
7524
5799
3660
3801
5002
5603
6732
7388
6022
4550
4629
4559
4013
5589
8100
7640
5149
3586
3080
3613
5857
7897
6717
3728
2348
2364
2866
4000
4715
3811
2254
1645
1629
1258
1333
2222
3877
5897
6537
4231
230
-1594
764
4553
6524
6014
3162
-744
-2544
-1348
173
630
221
-1224
-4020
-6895
-7861
-7896
-7701
-6602
-5932
-7273
-10203
-12556
-12505
-10765
-8114
-6518
-8096
-11028
-12071
-10072
-6545
-3904
-2968
-3577
-4594
-4558
-3400
-1381
798
2413
3309
3564
3243
2370
2502
4526
6923
8582
9038
7533
5002
4262
6441
8896
9498
8600
6593
4370
4069
5527
6779
6781
6349
5279
3245
2084
2688
3500
4103
4693
3881
1661
-40
-11
835
1614
2669
2513
407
-1144
-726
346
1050
1648
2255
2769
4074
5087
3171
376
155
2107
4142
5068
4847
2369
-862
-1313
-298
-168
-248
-764
-2604
-5316
-6861
-7176
-7885
-8094
-7462
-7640
-8779
-10577
-12145
-12271
-10649
-8350
-7816
-9334
-10864
-11049
-9100
-5887
-3590
-2783
-3012
-3465
-3516
-2494
-228
2198
4095
5034
4448
3320
2955
3992
6238
8610
10130
9445
7094
5255
5144
6986
9321
9714
8112
5877
4134
3571
4455
6242
6769
5577
3946
2175
978
1496
3143
3923
2710
1001
-270
-1321
-841
827
1533
1074
658
360
-428
-709
346
1245
2060
4389
6609
5479
1795
-70
1145
3492
5853
7184
5416
1320
-1150
-996
-449
103
814
82
-2697
-5799
-7516
-8244
-8066
-6841
-6068
-7061
-9419
-11818
-12872
-11823
-9009
-6944
-7720
-10032
-11638
-10992
-7704
-3981
-2169
-2255
-2753
-3215
-3134
-1467
1389
3582
4748
5415
4640
3081
3283
5181
7384
9431
10146
8615
5884
4719
5622
7368
9264
8993
6213
4074
3765
3937
4523
6090
6703
4635
2518
2022
1511
1598
3500
4516
2638
425
-116
-211
99
1526
2617
1785
501
204
-119
-530
420
1948
2884
4079
5407
4397
957
-756
812
3020
4288
4730
3146
-301
-2310
-1781
-1157
-1175
-1116
-1881
-4032
-6424
-7675
-8574
-9001
-8223
-7235
-7563
-9459
-11563
-12505
-11785
-9625
-7550
-7582
-9446
-10992
-10030
-6450
-3272
-2361
-2461
-2755
-3177
-2465
68
2483
3124
3887
5298
4650
3187
4192
5996
6903
8318
9729
8174
5124
4697
6098
7482
9029
9355
6898
4235
4126
5239
5973
6745
6866
5211
3609
3336
3357
3531
4149
4327
3269
2025
1389
1188
1933
2874
2819
1889
1148
545
-121
158
1256
1815
2264
3723
4269
2132
-522
-920
435
1691
2934
3272
720
-2657
-3655
-2982
-2509
-1980
-1562
-2886
-6020
-8314
-8752
-8941
-8609
-7418
-6964
-8453
-10616
-11595
-11257
-10035
-8123
-6901
-7465
-8725
-9196
-7622
-4450
-1890
-1320
-1823
-2354
-2889
-1884
1436
4496
4715
3850
3685
3155
2892
4774
7302
7781
7244
7354
6548
4669
4798
7011
8621
8810
7968
6109
3850
3516
5479
7540
8113
6779
4447
2567
2685
4567
6249
6098
4264
2092
1024
1263
2068
2741
2695
1776
740
201
-454
-1381
-1571
-638
499
1552
2948
2772
-452
-3283
-2525
61
1644
2280
2164
-502
-3702
-3938
-2926
-2509
-1893
-1408
-2670
-5768
-8099
-8613
-8576
-7588
-5922
-5935
-7994
-10389
-11289
-10466
-8558
-6406
-6052
-7632
-9141
-8990
-6571
-3266
-1532
-1876
-2772
-3229
-3018
-1331
1584
3459
3332
2972
2787
1980
1938
4137
6649
7355
7080
6525
5074
4109
5279
7661
9216
9087
7541
5482
4586
5360
6662
8115
8707
7108
4747
4096
5086
5872
6172
6290
4828
2148
1128
2037
2655
2623
2434
1496
-377
-1481
-1387
-1390
-1466
-862
162
1218
1658
391
-2292
-3452
-1475
905
1832
1989
853
-1821
-3617
-2940
-1683
-1148
-747
-1260
-3811
-6755
-7896
-7735
-7099
-5998
-5259
-6424
-9188
-11030
-10656
-8855
-6740
-5778
-6834
-8637
-9319
-7802
-4816
-2597
-2554
-3589
-3963
-3932
-3178
-758
1973
2432
1660
1513
1607
1676
2786
5176
6752
6723
6365
5898
5072
5083
6921
9201
10016
9330
8085
6737
6229
6772
7976
9236
9056
7063
4831
4195
5146
6142
6384
5640
3478
1256
786
1590
1916
1579
1072
120
-1566
-3090
-3571
-3076
-1497
1303
3294
1505
-3034
-5894
-4581
-704
2733
4215
2581
-1701
-4655
-4463
-2847
-1061
273
171
-2189
-5731
-8321
-9063
-7758
-5238
-3697
-4575
-7888
-11625
-12693
-10166
-6139
-4043
-5394
-8490
-10743
-9842
-6089
-3026
-2324
-3113
-4349
-4909
-4042
-1816
413
1803
2988
2839
1091
766
2562
4590
6168
7647
7666
5468
4181
5486
7219
8988
10277
9841
8192
7178
7440
7459
7399
8066
8465
8259
7742
6204
4294
3952
5351
6236
5424
4066
2331
650
767
2093
2173
703
-898
-2004
-3006
-2907
-904
1486
2705
1832
-1177
-3908
-3960
-1428
2083
4579
4035
354
-3256
-4170
-3141
-1224
734
788
-1637
-5117
-7594
-8666
-8228
-6330
-4683
-5055
-7567
-10786
-12577
-11573
-8300
-5263
-5062
-7461
-10060
-10331
-7617
-4155
-2295
-2327
-3201
-4046
-4210
-2629
-12
1909
3097
3547
2515
1340
1963
4383
6547
7291
7279
6526
5394
5142
6457
8599
9590
8801
7757
7317
7037
6404
6466
7274
7006
6015
5955
5909
4440
3198
3945
4938
4178
3220
3008
2151
864
897
1794
1676
697
-304
-1358
-1803
276
4093
5355
1898
-2618
-3752
-1945
996
4228
5565
2579
-1847
-3415
-2863
-2135
-783
367
-932
-4249
-7001
-8474
-9316
-8688
-6742
-5816
-7363
-10348
-12673
-12699
-10242
-7137
-5947
-7385
-9774
-10699
-8691
-4902
-2238
-1775
-2608
-3703
-4167
-3030
-402
2210
4037
4631
3643
1991
1531
2756
5180
7890
8984
7228
4191
2728
3708
6279
9097
9848
7623
4936
4107
4709
5897
7253
7831
6662
4436
3162
3125
4006
5502
6272
5319
3340
1955
2085
3133
4396
4808
3749
2190
878
7
418
2887
6288
7300
4583
491
-2060
-1599
1357
4992
6575
4398
-26
-3399
-4236
-2700
-144
1010
-439
-3773
-7242
-9471
-9804
-8432
-6792
-6378
-7666
-10403
-13162
-13710
-11199
-7468
-5702
-6813
-9244
-11201
-10414
-6034
-1070
280
-1955
-4187
-4657
-3307
117
4039
4777
3019
2467
2629
2397
3843
6468
7243
6779
6931
5812
2790
2397
5326
7741
8121
7237
4942
2440
2292
4467
6435
6628
5320
3081
2018
3063
4221
4188
4089
4405
3747
3014
3658
4308
3966
4239
4957
4469
3185
2509
2571
3807
6726
9056
7078
2121
-528
714
3304
5357
6169
4255
-57
-2715
-2350
-1721
-1556
-1073
-1482
-3990
-7203
-9069
-9752
-9787
-8643
-7605
-8472
-11046
-13362
-13834
-12437
-9795
-7594
-7595
-9357
-10455
-9156
-6487
-4484
-3218
-2401
-2218
-2060
-1066
267
986
2387
4336
4544
3612
3634
4349
5207
6404
7477
6902
4976
4053
4073
4885
6416
6475
4610
3004
3238
4017
3901
3873
3955
3158
2772
3397
3864
3623
3309
3605
3967
3992
3866
4285
5156
5741
5435
4753
4389
4266
4372
4817
5833
8021
9868
8332
4169
1551
2012
3838
5951
7413
5713
1197
-1685
-2149
-2090
-1332
-308
-982
-3976
-7492
-9701
-10699
-10064
-8173
-7451
-8588
-11068
-13781
-14520
-12433
-9041
-7065
-7751
-9470
-10662
-9808
-6556
-3407
-2079
-2414
-2997
-2389
-999
755
2546
3817
4366
4075
3527
3636
4497
5919
6978
6831
6153
5135
3916
3569
4350
5500
5489
4177
2626
1952
2522
2943
2791
2531
2166
1660
1624
2446
3196
3202
3119
3587
3877
3580
3843
5092
6062
6045
5650
5264
4798
4415
4611
6032
8502
10311
9154
5360
2362
2094
3763
6174
7764
6429
2232
-1421
-2581
-2458
-1704
-669
-1057
-3637
-7075
-9645
-10995
-10996
-9541
-8255
-8699
-10794
-13512
-14918
-13686
-10650
-7826
-7167
-8392
-9940
-10150
-7880
-4533
-2213
-1354
-1676
-2183
-1986
-333
2383
4380
5316
5561
4571
3178
3538
5643
7163
7100
6758
5877
3838
2837
3851
5198
5316
4530
3535
2127
947
701
1213
2352
2968
2226
955
576
1299
2125
2952
3909
3958
3103
3377
4882
5881
5881
5695
5730
5388
5163
6013
8103
10493
10920
8285
4864
3151
4008
6518
8866
9178
6115
1604
-1276
-1821
-866
594
569
-1556
-4747
-8000
-10494
-11158
-9541
-7699
-7914
-9931
-12889
-15259
-14863
-11648
-8106
-7302
-9191
-11352
-11288
-8343
-4783
-2844
-2569
-3379
-3895
-2524
383
2490
3237
4077
4987
4809
4455
4850
5498
6454
7510
7575
5853
4072
3393
3347
4679
6050
4823
2039
710
1120
1436
1071
933
512
-51
161
485
404
265
807
1996
2976
3368
2966
2630
3939
5893
6537
5799
5085
5097
5589
7383
10697
12463
9953
5706
3938
5063
6848
8704
9769
7667
3505
840
-38
-325
137
741
-289
-3108
-5988
-8682
-11013
-11052
-9163
-8239
-9337
-11796
-14444
-15784
-14480
-11062
-8599
-9050
-11117
-12245
-10838
-7452
-4437
-3045
-3212
-3763
-3392
-1560
917
2715
3790
4639
4896
4817
5023
5353
6320
7644
8079
7057
5790
5024
4365
4498
5622
5426
3284
1496
1656
2250
1522
588
130
-446
-617
-87
300
-374
-907
104
1571
2197
2215
2301
2902
4102
5639
6368
5404
4646
5391
7064
9723
12421
12230
8400
4868
5175
7629
9629
10716
9638
5963
2418
1018
883
1293
1852
1066
-1583
-4423
-6837
-9338
-10468
-9256
-7948
-8668
-10994
-13811
-15986
-15552
-12050
-8690
-8703
-11400
-13797
-13310
-9529
-4919
-2628
-3246
-4931
-5333
-3522
-191
2833
4101
4180
4312
4645
5102
5958
7306
8442
8633
8079
7059
5922
5383
6165
7365
7008
4743
2337
1292
1695
2476
2392
1225
-369
-1308
-1354
-656
29
-128
-759
-804
96
913
1280
2058
2974
3435
4237
4993
4673
4368
5392
7293
9834
12195
11176
6849
4193
5616
8398
10423
11332
9298
4412
1050
861
1591
2045
1805
-42
-3197
-5903
-7720
-9301
-9784
-8787
-8544
-10001
-12356
-14766
-16001
-14777
-11480
-9220
-9924
-12094
-13548
-12717
-9106
-5185
-3530
-3911
-4658
-4443
-2817
-96
2325
3344
4116
5191
5489
5275
5935
7167
7986
8536
8749
7842
6100
5587
6483
7024
6403
5068
3555
2529
2437
2475
1620
450
-38
63
69
-156
-526
-1253
-1583
-532
1269
2017
1352
1044
1929
3045
4045
5066
5338
4857
5779
9067
11920
11001
7938
6131
6600
8289
10173
11356
9952
6332
3698
2821
2194
1953
2025
959
-1660
-4386
-6312
-8395
-9821
-9182
-8114
-8716
-11352
-14360
-15781
-15112
-12683
-10013
-9797
-11980
-14026
-13228
-9515
-6168
-4897
-4866
-5358
-5551
-3893
-428
2277
2603
2585
3736
4765
5183
6276
7883
8234
7673
7916
8214
7158
6298
7084
7808
6662
4967
4255
3915
3544
3400
2853
1167
-393
-401
168
67
-100
-220
-874
-1458
-710
696
1201
1179
1715
2385
2490
2496
3294
4486
5400
7340
10160
10588
7666
5133
5946
8252
9736
10861
10425
7100
3799
2960
3289
3345
2988
1767
-995
-3995
-5804
-7211
-8487
-8535
-8158
-8809
-10850
-13431
-15169
-15164
-13059
-10654
-10337
-12196
-14364
-14460
-11340
-7350
-5440
-5703
-6463
-6575
-5432
-2593
578
1871
1876
2579
3572
4072
4933
6750
8126
8349
8061
7749
7159
6730
7551
8780
8433
6319
4426
3796
4376
4948
4521
2942
985
40
377
1067
1049
141
-692
-716
-324
386
1032
1029
879
1450
2452
2549
2089
2817
4449
6919
9720
9839
6430
3573
4766
8191
10643
11458
9855
6003
3612
3855
4549
4628
4092
2381
-571
-3180
-4700
-6415
-7795
-7595
-7157
-8083
-10350
-13015
-15060
-14973
-12375
-9856
-9983
-12153
-14382
-14680
-12049
-8016
-5753
-6052
-7011
-7197
-6037
-3398
-359
1250
1586
1856
2352
3173
4777
6677
7665
7727
7430
7034
6793
7233
8247
9040
8623
6954
5296
4654
5105
5620
5293
3980
2342
1282
1226
1718
1789
1054
64
-223
254
878
1321
1679
1450
968
1407
2130
1970
2038
4213
7429
8828
7267
4374
2547
3729
7410
10771
11275
8226
4264
2304
2615
3862
4947
4654
2442
-913
-3860
-5630
-6741
-7078
-6595
-6227
-7487
-10749
-13918
-15142
-14247
-11804
-9773
-10328
-13022
-15169
-14284
-11062
-8092
-6611
-6880
-7754
-7673
-6129
-3338
-823
372
678
964
1395
2101
3804
6306
7745
7331
6539
6054
5699
6268
8434
10072
8677
5854
4520
4784
5535
6149
6072
4652
2533
1578
1960
2303
2210
1982
1579
1188
978
990
1514
2210
2733
2847
2594
2112
1654
2319
4850
8409
9936
7542
3681
2140
3899
7118
10323
11430
8349
3772
2029
2605
3404
4422
5030
3252
-740
-3978
-5732
-7014
-6989
-5837
-5575
-7461
-10989
-13890
-14831
-13671
-11081
-9487
-10419
-13236
-15320
-13958
-10004
-7038
-6526
-7274
-7939
-8127
-6784
-3167
-151
321
299
854
835
760
2799
6143
7790
7575
6686
5237
4145
5135
8042
10219
9357
6208
3359
3034
5050
6789
6878
5454
2899
773
823
2572
3616
2990
2261
1880
1130
676
1429
2817
3652
3894
3869
2978
1831
2131
4701
8545
10584
8408
4151
1964
3453
6687
9837
11244
8423
3551
1457
2001
2867
3709
4142
2612
-968
-3999
-5897
-7459
-7734
-6588
-5822
-7145
-10663
-14052
-15163
-13836
-11205
-9451
-10043
-12840
-15473
-14386
-10298
-7103
-6434
-6986
-7702
-8338
-7252
-3716
-498
224
151
574
599
350
1968
5124
7056
7184
6536
5538
4311
4394
6735
9253
9025
6313
3766
3076
4116
5558
6435
5705
3438
1480
1238
2321
3181
3286
3070
2636
2189
1880
1973
2844
4036
4915
5053
4335
3288
2784
4168
7850
11105
10194
6001
3078
3469
5778
8830
11168
9493
4777
2043
1856
1944
2636
3871
2971
-419
-3532
-5627
-7703
-8470
-6957
-5703
-6679
-9794
-13525
-15659
-14748
-11639
-9281
-9461
-11765
-14719
-15070
-11367
-6983
-5499
-6226
-7061
-7790
-7578
-4506
-546
659
243
608
915
406
1236
4076
6338
6785
6656
5875
4031
3235
5147
8019
8669
6765
4185
2558
2803
4393
5814
5749
4004
1863
1139
1919
3020
3484
3314
2842
2402
2494
3057
3641
4137
4799
5418
5299
4631
4180
4851
7338
10331
10751
7634
4042
3445
5542
8327
10527
9891
5956
2202
1229
1780
2511
3287
2721
-217
-3676
-5634
-7124
-8549
-8408
-7175
-7199
-9488
-12919
-15351
-15535
-13504
-10709
-9572
-11221
-14228
-15282
-12557
-8482
-6232
-6035
-6710
-7616
-7553
-5199
-1751
1
198
604
983
827
1166
2762
4845
6139
6426
6070
4913
3670
4070
6348
7895
6722
4385
3154
3126
3774
4749
5007
3727
2219
1985
2516
2782
3082
3450
3262
3034
3344
3828
3939
4311
5309
6271
6312
5501
4919
5257
6573
9257
11539
10242
6273
3852
4901
7331
9245
10081
8305
4228
1674
1523
1904
2420
2495
882
-2158
-4729
-6474
-8357
-9171
-7989
-7313
-8551
-11321
-14241
-15769
-15021
-12248
-10124
-10596
-12694
-14479
-13963
-10725
-7549
-6514
-6671
-6665
-6526
-5875
-3401
-838
-305
39
1534
2258
1513
1961
4195
5525
5698
6199
5960
4396
4144
6101
7410
6496
4963
3664
3065
3836
4967
4736
3393
2403
2245
2404
2786
3212
3067
2848
3105
3648
3981
3859
3854
4655
5965
6778
6227
5172
4918
5522
6476
7951
9805
10055
7477
4896
4896
6207
6855
7615
8200
6048
2418
1146
1714
1337
595
95
-1342
-3831
-6100
-7760
-8950
-9012
-8634
-9418
-11042
-12903
-14839
-15402
-13530
-11130
-10920
-12247
-13357
-13803
-12532
-9234
-6353
-5859
-6752
-6875
-6005
-4398
-2140
-385
297
829
1289
1332
1792
3279
4816
5341
5528
5357
4730
4606
5189
5553
5685
5389
4503
3656
3724
4297
3997
3565
3637
3233
2616
2937
3726
3669
3364
3918
4626
4580
4245
4411
5269
6527
7091
6628
6048
5891
5807
5818
6522
8017
9543
9663
7582
4918
3930
4774
6013
7324
7387
4667
1562
477
127
-446
-520
-547
-2229
-5234
-7371
-8570
-9734
-10069
-9846
-10083
-11513
-13723
-15004
-14788
-13243
-11445
-10884
-11446
-12722
-13521
-11545
-7872
-5690
-5786
-6444
-6133
-5282
-3449
-733
614
366
691
1616
2072
2697
4187
5291
5082
5132
5752
5298
4144
4307
5820
6651
6079
5021
3965
3298
3762
5009
5676
4832
3273
2590
3184
4318
5136
5455
5314
4634
4015
4529
6038
7038
6906
6367
5953
5491
5247
5428
5781
6005
7070
9114
9026
5606
2470
2497
4074
5258
6547
6386
2939
-480
-1305
-1226
-1096
-737
-1212
-3429
-6268
-8125
-9616
-10472
-9983
-9800
-10645
-11771
-13323
-14849
-14815
-12661
-10338
-10134
-11135
-12277
-13000
-11328
-7772
-5563
-5722
-6146
-5491
-4737
-3529
-1399
129
634
1418
2413
2462
2313
3431
4738
5270
5892
6046
4830
3688
4406
6055
6831
6584
5421
3694
3255
4498
5761
5921
4953
3688
3089
3948
5427
5883
5549
5186
4933
4993
5523
6060
6163
6088
6076
5906
5549
4919
4378
4412
5556
7990
9469
7581
3542
1215
2019
3959
5834
7236
5500
934
-1775
-1580
-988
-579
-182
-1358
-4670
-7559
-8670
-9545
-10107
-9862
-9709
-10259
-11836
-13797
-14986
-14221
-11815
-10158
-10194
-11175
-12998
-13428
-10288
-6169
-4769
-5763
-6153
-5836
-5311
-2900
510
1763
1353
1458
1944
2163
3134
5161
6214
6054
5996
5668
4778
4554
5779
7409
7849
6815
5066
3781
4162
5658
6840
6613
4982
3374
3145
4608
6074
6042
5378
5025
4503
4210
5055
6003
5807
5419
5556
5144
3874
3456
4244
5006
5375
6390
7356
6171
3334
1696
2589
4243
4864
4894
3928
983
-1130
-884
-360
-737
-1697
-3042
-4930
-6738
-7687
-8922
-10372
-10707
-10873
-11184
-11567
-12700
-14275
-14851
-13374
-11293
-10656
-11069
-12401
-13314
-11167
-7466
-5499
-5752
-6376
-6150
-5035
-2383
727
1598
901
958
1843
2855
4118
5338
5700
5541
5836
6175
5821
5335
5709
6958
8056
7693
6069
4510
4067
4957
6482
7175
6046
4178
3542
4343
5257
5841
6008
5206
3992
3948
4950
5518
5462
5430
5072
4563
4361
4372
4219
3929
3956
4510
5768
6767
5462
2892
1846
2306
2827
3433
4345
3195
161
-1033
-845
-1850
-2812
-2551
-3171
-5388
-7161
-8191
-10121
-11568
-10951
-9985
-10064
-11533
-13652
-14852
-14106
-11878
-9951
-9644
-10670
-12254
-11875
-8748
-6062
-5360
-5047
-4142
-3555
-2797
-743
877
954
1524
3279
4196
3708
3817
5168
6075
6494
6783
6362
5401
5275
6708
8081
7940
6582
5032
4438
5261
6288
6493
5794
4850
4551
4961
5356
5227
4607
4149
4390
4968
5403
4798
3813
3781
4639
5414
5245
4355
3318
2581
2667
3567
4722
6007
6312
4433
1642
374
961
1983
3300
4262
2325
-1379
-3189
-3260
-3219
-2942
-2579
-3768
-6877
-9260
-10161
-10636
-10568
-10369
-10686
-11624
-13034
-14355
-14511
-12752
-10184
-9483
-10535
-11747
-12296
-10752
-7245
-4041
-3113
-3996
-4459
-3739
-2134
174
2238
3269
3389
3042
2898
3531
5045
6681
7330
6957
6215
5637
5326
5840
7448
8535
7831
6232
5133
4764
4871
5713
6753
6520
5444
4693
4297
3878
3844
4868
5921
5677
4483
3561
3265
3645
4583
5628
5667
4051
2440
2361
3006
3396
3697
4360
5199
5287
3702
1185
-143
706
2099
3095
3160
751
-2296
-3422
-3325
-3228
-3240
-3561
-5277
-7576
-8484
-9292
-11257
-11922
-11269
-11136
-11683
-12430
-13256
-14048
-12961
-10337
-9514
-10617
-11622
-11548
-9253
-5344
-2467
-2494
-4062
-4372
-3281
-1183
1913
3993
4194
3848
3676
3595
3915
5608
7666
8233
7545
6815
5940
4993
5625
8000
9601
8571
6454
4788
3905
4622
6469
7719
6828
4626
3208
2938
3559
4836
5921
5734
4541
3300
2898
3269
4117
5000
5181
4363
3021
2247
2327
2645
2725
2914
2640
2777
4078
4439
2093
-691
-969
214
782
1619
1737
-1096
-4004
-4545
-4356
-4596
-4528
-4527
-5895
-8214
-9852
-11216
-12203
-11627
-10666
-10052
-10299
-11993
-13779
-13655
-11453
-9386
-8644
-8143
-8342
-8856
-6997
-3681
-2276
-2936
-2816
-1506
-934
106
2561
3844
3516
3379
3821
4557
5494
6680
7214
6714
6308
6326
6500
6750
7130
7805
7991
7269
6150
5306
5359
5895
6224
6312
5760
4818
4173
4032
4286
4716
4974
4689
4010
3579
3369
3223
3435
3871
3829
3024
2360
2145
1473
470
460
1183
1774
2649
3355
1714
-1585
-2949
-1654
-487
185
766
-707
-3777
-5160
-4856
-4856
-4820
-4325
-4810
-6955
-8867
-10254
-11380
-11087
-9562
-8386
-8474
-10128
-12369
-13139
-11193
-7924
-6279
-6045
-6581
-8083
-8104
-4854
-1122
-224
-1116
-1281
-1283
-1294
896
4157
5158
4180
3800
4221
4285
4730
6305
7661
7741
7151
6367
5727
5905
7187
8400
8698
7771
5841
4520
5089
6316
6784
6739
6570
5734
3913
3183
4447
5689
5575
5065
4491
3233
2020
2419
3748
3977
3163
2348
1123
-526
-1192
-220
936
923
1337
1989
178
-2977
-3984
-2564
-1381
-1039
-367
-1341
-4558
-6174
-5552
-4917
-4630
-4391
-4759
-6590
-8848
-9811
-10132
-9791
-8808
-8295
-8217
-9236
-11202
-11820
-9997
-7214
-5922
-6237
-6539
-7417
-7474
-4595
-939
-94
-1733
-2583
-1770
-861
1036
3958
4756
3438
2366
2886
4189
5383
6619
7291
6684
5602
5330
6219
7341
7611
7678
7834
7316
5932
5294
6094
6718
6404
6300
6631
5886
4339
3740
4803
5820
5533
4920
4268
2899
1696
2407
3792
3514
2109
1201
424
-949
-1468
-563
-245
-832
11
1590
434
-3084
-4728
-3484
-2177
-1488
-331
-826
-3984
-5896
-5260
-4381
-4075
-3756
-3831
-5232
-7126
-8172
-8920
-9059
-8017
-6783
-6022
-7227
-9631
-10818
-9383
-6232
-4446
-4723
-5649
-7042
-7214
-4346
-885
-54
-1340
-2063
-1690
-1129
632
3251
4254
3837
3480
3332
3656
4943
6506
7085
7039
6815
6004
5502
6372
7651
8161
8109
7687
6631
5573
5711
6456
6688
6432
6069
5624
4736
3985
4248
5122
5194
4126
2838
2115
1529
1524
2563
2970
1406
-872
-1801
-1835
-1820
-1544
-1141
-1939
-2757
-1564
-180
-1446
-3881
-4441
-3527
-2789
-1650
-633
-2094
-4284
-4722
-4269
-3779
-3375
-3285
-4086
-5604
-6672
-7466
-8181
-7807
-6976
-6274
-6029
-7391
-9385
-9639
-7617
-5310
-4788
-5216
-6117
-7259
-6178
-2884
-542
-867
-2239
-2241
-1280
-12
1967
3749
4034
3327
3258
4478
5544
6052
6778
7397
7248
6848
6688
6597
6743
7617
8560
8481
7605
6200
5101
5279
6229
6415
5818
5491
5082
3923
3163
3616
3626
2568
2364
2956
2240
646
169
431
216
-415
-790
-1412
-2564
-3152
-2748
-2414
-2675
-1948
70
354
-2330
-4540
-4040
-2505
-1381
323
933
-1592
-4083
-3951
-3144
-2662
-1863
-1638
-3089
-5299
-6319
-6863
-7104
-6116
-5170
-5165
-6227
-8067
-9274
-8755
-6376
-4273
-4340
-5261
-6769
-7822
-5751
-1876
148
-353
-1346
-1722
-1803
-60
3536
5229
4554
3896
3653
3974
5366
7014
7678
7314
6985
6605
6128
6560
7169
7460
8076
8354
7016
4979
4420
5059
5543
5956
6316
5364
3387
2026
2279
3500
3761
2994
1974
976
38
-453
-67
154
-834
-1843
-1902
-2175
-3196
-3619
-2980
-2824
-2446
-348
791
-1622
-4482
-4186
-2349
-1259
23
996
-975
-3572
-3473
-2405
-2247
-2041
-1552
-2295
-4043
-5128
-5960
-7000
-6755
-5531
-5004
-5555
-7058
-8745
-9330
-7767
-5196
-4326
-5124
-6604
-7864
-6598
-2864
-102
-180
-1490
-1977
-1608
-49
2966
4989
4606
3637
3744
4651
5550
6484
7190
6977
6605
6828
6907
6465
6220
6804
7637
7969
7182
5068
3433
3934
5134
5437
5055
4612
3538
1890
1534
2729
2960
1820
1402
1550
443
-1212
-1299
-759
-998
-1354
-1118
-1741
-3547
-4517
-3496
-1979
-1727
-1431
90
477
-1890
-3688
-2638
-1001
-603
534
1812
1
-2809
-3004
-1813
-1391
-913
-269
-1248
-3798
-5402
-5804
-6135
-5562
-4569
-4320
-5175
-7026
-8761
-8780
-6568
-4079
-3747
-4517
-5755
-7173
-5820
-1535
1137
176
-1275
-1061
-727
253
3411
5599
4663
3642
4338
5059
5001
5514
6516
6621
6446
6600
6303
5690
5594
6222
7246
7602
6148
3742
3018
3965
4468
4593
4989
4396
2168
728
1277
2065
1800
1563
1565
464
-1213
-1694
-1003
-463
-632
-1309
-1969
-2859
-3637
-3310
-2033
-1532
-2435
-1922
492
824
-1936
-3484
-2331
-1184
-688
1256
2067
-1114
-3696
-2577
-1226
-1311
-913
-401
-2002
-4627
-5496
-5494
-5914
-5546
-4836
-4843
-5888
-7864
-9058
-7941
-5420
-3703
-3833
-4793
-6378
-7160
-4163
427
1574
-428
-1690
-1088
-139
1415
3989
5004
3549
2805
4136
5315
4720
4399
5582
6163
5885
6312
6156
4614
4005
5607
7235
6752
4881
3148
2736
3790
4758
4606
3952
3217
1869
925
1783
2640
1607
768
1257
701
-1002
-1284
-375
-491
-1080
-888
-1148
-2695
-3371
-2456
-1461
-1551
-1322
392
1195
-600
-2785
-2630
-1010
69
1190
2355
722
-2335
-2839
-1285
-191
26
79
-827
-3005
-4694
-4978
-5149
-4936
-4483
-4455
-4605
-5933
-7925
-8301
-6141
-3510
-3005
-3848
-4858
-6387
-5716
-1601
1653
1011
-1322
-1887
-917
351
2784
4835
4200
2582
2401
3493
4318
4513
5188
5635
5067
4750
4969
4809
4566
5153
6394
6667
5209
3300
2525
3138
3984
4284
4270
3770
2218
623
687
1926
2128
1243
839
308
-982
-1621
-775
68
-626
-1507
-1751
-2413
-3071
-2752
-1861
-1228
-1836
-2337
-824
872
24
-2273
-2472
-853
-380
14
1684
1235
-1343
-1883
-578
-375
-1054
-680
-455
-2202
-3944
-4370
-5030
-5418
-4721
-3731
-3764
-5340
-7209
-7431
-5837
-3851
-3188
-3650
-4230
-5430
-5191
-1913
850
-115
-2065
-1667
-527
-133
1688
3998
3335
1525
2078
3760
3449
2636
3865
4962
4454
4479
5179
4524
3339
3895
5753
6411
5171
3516
2709
2963
3301
3618
4368
4340
2598
697
854
1975
1918
1445
1785
1326
-507
-1372
-577
33
-190
-249
-559
-1877
-2883
-2589
-1733
-1002
-951
-546
953
1346
-809
-2833
-1822
245
849
1827
2533
145
-2454
-1762
77
302
199
625
-594
-3297
-4307
-3808
-3889
-3975
-3453
-3083
-3901
-5702
-6823
-6155
-4258
-3020
-3013
-3246
-4076
-5303
-4085
-716
385
-1439
-2281
-923
-383
-294
1697
2971
1338
286
1952
3138
2162
2077
3682
3802
2784
3388
4234
3308
2868
4291
5579
5167
3884
2977
2564
2812
3616
4222
4459
3868
2104
704
1100
2306
2529
2118
1854
739
-846
-860
404
605
-304
-772
-1254
-2178
-2348
-1812
-1392
-1311
-426
1449
1620
-927
-3205
-2434
-128
1322
2210
2100
-503
-2879
-2024
94
900
532
129
-784
-2443
-3537
-3762
-4091
-3880
-3214
-2785
-3184
-5048
-7025
-6867
-4375
-2059
-2466
-4218
-5442
-6094
-4857
-1448
1018
-329
-3334
-3816
-2145
-697
997
2626
2054
157
-40
1495
2014
1612
2553
3593
3042
2714
3020
2498
2177
3644
5590
5523
3877
2326
1667
2617
4297
4915
4354
3673
2557
1195
1365
2936
3292
2425
2292
1953
280
-742
335
1536
1123
264
-216
-1228
-1901
-1533
-593
-10
-298
187
1643
1394
-1092
-2386
-672
1280
1655
2125
1880
-397
-1899
-569
1204
1448
822
205
-854
-2373
-2878
-3113
-3462
-3212
-2710
-2502
-3426
-5669
-7147
-6161
-3581
-2120
-3086
-4527
-5865
-6356
-4171
-687
183
-2155
-4119
-3498
-2135
-950
864
1688
321
-950
-96
1312
1305
1201
2355
2805
2206
2388
2713
2413
2560
4072
5391
4860
3269
2261
2428
3659
4680
4478
3878
3205
1997
1211
2195
3553
3135
1990
1907
1375
-100
-388
1019
1800
878
-142
-497
-1320
-1990
-1265
-59
-2
-300
986
2037
283
-1950
-1553
360
1214
1808
2569
1284
-961
-1047
334
977
929
805
99
-1423
-2642
-3223
-3800
-3551
-2746
-2474
-3107
-4882
-6895
-7119
-5146
-2889
-2786
-4244
-5594
-6868
-6289
-2940
-79
-1136
-4103
-4926
-3836
-2768
-575
1685
818
-1527
-1568
296
875
729
1774
2467
1830
2111
2995
2474
1897
3149
5003
5475
4746
3320
2006
2470
4531
5535
4995
4259
3147
1652
1837
4052
4796
3143
2228
2413
1440
410
1268
2373
1557
324
277
-195
-1360
-1401
-347
93
198
1385
2133
401
-1973
-1782
328
1761
2404
2673
1409
-548
-640
672
1530
1687
1497
589
-780
-1993
-2754
-3385
-3317
-2697
-2378
-2669
-4142
-6305
-7304
-5817
-3530
-2874
-4147
-5699
-6902
-6658
-3945
-1309
-1594
-4004
-5477
-4851
-3155
-1015
564
-4
-1489
-1911
-899
606
1256
1414
1569
1615
1812
2220
2379
2671
3363
4438
5169
4612
3214
2367
2913
4473
5328
4723
3964
3451
2808
2410
3327
4321
3312
2073
2487
2596
1423
850
1526
1684
615
227
358
-604
-1605
-1188
-293
-500
-854
616
2325
1168
-1251
-1581
-116
790
1558
3272
3161
400
-965
101
1047
1264
1494
1409
-125
-2178
-2964
-3336
-3474
-2913
-2284
-2454
-4157
-6781
-7796
-6456
-4237
-3176
-3697
-5155
-7689
-8667
-5769
-2293
-2343
-4439
-5533
-5457
-4806
-2894
-654
-797
-2232
-1937
-496
75
-116
309
1157
1807
2751
3591
3151
2307
2853
4646
6261
6354
4851
3343
3315
4541
5546
5881
5875
4765
2742
2524
4249
4836
3826
3662
3874
2549
1026
1402
2378
2057
1433
1202
257
-1327
-1715
-692
142
119
787
2139
1652
-672
-1931
-416
1577
2287
3092
3128
949
-847
-77
1486
1920
1687
1323
122
-1632
-2748
-3098
-3218
-2941
-2774
-2886
-3826
-6014
-7751
-7116
-4866
-3522
-3992
-5085
-6973
-8819
-7389
-3510
-1914
-3688
-5452
-5619
-5405
-4178
-1650
-542
-1704
-2451
-1504
-480
-488
-295
667
1539
2316
3125
3157
2451
2491
3821
5591
6371
5405
3629
3172
4536
5843
6134
5889
5215
3581
2714
3997
5442
4903
3622
3418
3037
1885
1357
1994
2202
1328
815
633
-465
-1801
-1597
-394
586
1646
2647
1417
-1908
-3094
-758
1790
2743
3027
1893
-567
-1676
-590
906
1492
1219
396
-719
-1997
-3195
-4142
-3994
-3118
-2977
-3261
-4317
-6540
-8264
-7388
-4590
-3216
-4425
-6175
-7617
-8218
-6369
-3591
-2476
-3710
-5772
-6183
-4875
-3121
-1447
-692
-1223
-1947
-1907
-758
380
853
1035
1273
1811
2632
2886
2831
3384
4456
5387
5546
5100
4163
3791
4929
6367
6169
5203
4894
4715
4184
4474
5690
5527
3870
3296
3827
3384
2464
2598
3005
1973
753
867
851
-325
-765
459
2399
3733
3111
691
-1519
-1554
186
2209
4183
3957
652
-1536
-815
-65
63
1197
1852
-148
-2677
-3196
-3919
-5585
-5058
-3149
-3149
-4851
-6617
-8082
-8583
-7079
-4625
-4282
-5902
-7512
-8224
-6960
-4527
-3531
-4065
-4683
-5206
-5345
-4329
-2118
-850
-963
-765
-845
-1669
-1353
773
2361
2145
1591
1741
1672
1565
3031
4954
5467
4662
3936
3764
3730
4185
5271
5794
5183
4161
3867
4570
4638
4099
4393
4913
4206
3067
3172
3582
2959
2396
2917
2710
1198
422
954
985
444
922
2636
3847
3174
1103
-719
-760
428
2068
4114
4255
1170
-1554
-1502
-733
-304
645
1052
-705
-3294
-4601
-5438
-6485
-5984
-4386
-3901
-5275
-7615
-9290
-9313
-7328
-4933
-4487
-5750
-7688
-9034
-7944
-4869
-2705
-2832
-3861
-4763
-5417
-4757
-2213
-169
332
427
-77
-1178
-1246
666
2749
2987
2268
2236
1943
1519
2648
4636
5177
4539
4181
3688
3117
3373
4593
5499
5548
4842
3956
3540
3738
4137
4705
5489
5265
3879
2973
3270
3435
3309
3697
3797
2605
1445
1586
1647
1153
1856
4271
5811
4055
593
-1241
-518
1255
3041
4594
3809
257
-2093
-1738
-1023
-434
468
508
-1342
-3945
-5561
-6486
-6766
-5661
-4289
-4144
-5897
-8725
-10186
-8918
-5965
-3899
-4534
-6439
-8224
-8726
-6626
-3650
-2328
-3104
-4487
-4807
-4275
-3430
-1913
-587
50
333
-166
-780
-648
539
2076
2531
2013
1586
1097
1109
2579
4581
5034
3695
2788
2945
3296
4047
5175
5278
4580
4072
4011
4271
4500
4841
5084
5071
4875
4316
3636
3779
4438
4839
4371
3213
2192
1695
1905
2337
2631
3553
4903
4405
1860
-364
-539
722
1800
2965
2880
322
-1912
-2060
-1736
-1592
-1365
-1409
-2532
-4085
-5120
-6455
-7461
-6896
-6210
-6033
-6176
-7198
-9096
-9807
-7694
-5125
-5054
-5999
-6753
-7674
-6817
-4285
-2503
-2650
-3550
-3808
-3592
-2983
-1864
-1051
-367
682
749
-147
-468
423
1376
1718
2033
2103
1096
269
1294
3312
4542
3866
2812
2686
3035
3569
4471
5251
4926
3962
3918
4928
5131
4653
4968
5906
6066
5228
4850
4842
4759
5113
5913
5725
4090
2816
2797
2879
2632
3960
6243
6132
3019
252
-107
517
1316
3346
4158
914
-2428
-2675
-2026
-2133
-1819
-1530
-2987
-5092
-5683
-6026
-7537
-7980
-7108
-6489
-6748
-7534
-8714
-9663
-8738
-6016
-4458
-5080
-6661
-8271
-7353
-4061
-1800
-1725
-2674
-3409
-3715
-2930
-750
361
-400
-49
933
326
-342
597
1715
1513
1512
2403
1926
100
-67
1830
3757
4233
3458
2095
1227
1731
3558
5018
5052
3859
2560
3010
4608
5339
5028
5027
5420
5319
5154
5458
5329
4669
4850
5931
5879
4270
2904
2653
2480
3293
6212
7510
4303
300
-581
439
1032
2434
3922
1466
-2521
-3232
-2326
-2586
-2917
-2472
-3207
-5203
-6370
-6807
-8060
-8733
-8151
-7160
-6660
-7734
-9626
-10215
-8829
-6463
-4956
-4913
-5901
-8053
-7919
-4468
-1989
-1909
-2308
-2590
-3152
-2840
-791
657
130
112
1015
907
223
502
1488
2038
2298
2414
1929
946
613
1367
3094
4179
3481
2030
1500
1880
2772
4078
4793
4067
2913
3045
4068
4960
5550
5589
5462
5534
5785
5672
5545
5762
5792
5772
5930
5578
4262
3348
3356
3634
4873
7010
6463
2609
3
611
1525
1959
3467
3107
-440
-3067
-2807
-2417
-2676
-2465
-2665
-4184
-5916
-6851
-7984
-8538
-7741
-7306
-7463
-7517
-8723
-10454
-9991
-7212
-5084
-5348
-6089
-6814
-7409
-5778
-2858
-1767
-2306
-2713
-2620
-2426
-1442
207
353
31
867
1083
213
177
1271
1934
1914
2035
1900
872
336
981
2327
3284
3013
1686
1011
1869
2850
3322
3819
3958
3100
2697
3712
4657
4682
4887
5374
5501
5391
5438
5449
5551
5882
6007
5783
5307
4585
3578
3171
3508
3707
4528
5602
4891
2329
176
13
638
1434
2559
1677
-1396
-3277
-3403
-3492
-3297
-2760
-3172
-4984
-6526
-7307
-8451
-9031
-8093
-7209
-7155
-7631
-8801
-10109
-9757
-7045
-4686
-4845
-5907
-6624
-6740
-5128
-2477
-1051
-1800
-3184
-3074
-1991
-767
410
870
865
837
680
408
720
1700
2566
2686
2383
1866
957
573
1633
3412
4250
3400
1707
993
1879
3325
4384
4581
4008
3104
2981
4019
5037
5083
5028
5733
6248
5747
4990
5063
5530
5961
6532
6365
5099
3623
3018
3381
3729
3716
4235
5030
4497
2305
246
-90
361
860
1803
1580
-985
-3301
-3894
-3733
-3525
-2936
-2804
-4469
-6281
-7113
-7987
-8653
-7889
-6711
-6572
-7358
-8476
-9298
-8965
-6860
-4775
-4701
-5509
-6328
-6847
-5426
-2333
-471
-1164
-2813
-3364
-2808
-1447
600
1963
1707
841
94
-305
292
1738
2783
2750
2483
2130
1128
638
1754
3316
3940
3597
2636
1346
1036
2423
4406
5146
4374
3080
2604
3342
4458
5328
5908
6167
5508
4607
4463
4841
5097
5600
6165
5586
3969
2874
2764
2549
2508
2830
3411
3938
3589
1669
-634
-971
35
220
428
612
-1336
-3799
-4166
-3509
-3740
-3990
-3608
-4243
-5985
-7057
-7590
-8510
-8483
-7388
-6332
-6364
-7620
-8943
-9036
-7332
-5107
-4177
-4025
-4700
-6366
-6086
-3068
-484
-541
-1745
-2387
-2742
-2158
346
2233
1741
930
558
371
645
1692
2587
2527
2617
2843
2027
982
1603
2926
3673
3880
3667
2626
1631
2573
4646
5505
4835
3966
3748
4001
4494
5406
6273
6188
5465
5082
5175
5044
4931
5513
6192
5764
4271
3289
2984
2440
2131
2573
2615
2484
2861
2553
729
-815
-762
-578
-897
-328
-31
-1945
-3775
-3953
-4202
-4636
-3965
-3229
-4360
-6083
-6737
-7427
-8373
-7692
-6012
-5375
-6226
-7613
-8636
-8380
-6356
-3988
-3194
-3956
-5434
-6442
-5067
-2168
-560
-1159
-2306
-2835
-2773
-1320
1122
1884
826
230
529
788
938
1605
2358
2794
3083
2814
1816
1446
2258
3274
4247
4721
3883
2267
2275
4111
5231
4946
4648
4592
4034
3777
4843
6168
5939
4794
4542
4744
4351
4065
4705
5364
4808
3473
2708
2093
1219
1042
1816
1895
730
661
1704
1515
-162
-1349
-1617
-2122
-2040
-624
-330
-2315
-4141
-4716
-4774
-4243
-3178
-3240
-4702
-5998
-6655
-7415
-7590
-6523
-5488
-5398
-6122
-7278
-8119
-7496
-5481
-3484
-2795
-3569
-5422
-6404
-4633
-1775
-528
-806
-1641
-2469
-2526
-829
1286
1626
1048
939
1118
1214
1483
2134
2749
3107
3559
3554
2976
2434
2376
3446
4955
5460
4414
3385
3428
3817
4255
5373
6154
5234
3938
4112
5257
5694
5427
5326
4975
4210
3958
4504
4771
4180
3331
2796
2171
1758
1721
1358
903
507
32
420
1798
1690
-499
-2299
-2386
-2285
-2074
-674
-404
-2646
-4408
-4206
-4032
-4317
-3734
-3219
-4144
-5189
-5477
-6317
-7194
-6385
-5159
-5024
-5465
-6182
-7018
-6792
-4765
-2811
-2764
-3688
-4852
-5738
-4448
-1527
-284
-1074
-1743
-2034
-2300
-1048
1303
1604
444
588
1453
1234
910
1882
2614
2555
3347
4044
2956
1654
2231
3998
5223
5557
4846
3329
2601
3662
5115
5900
5755
4746
3901
4174
5145
5244
4662
4455
4385
4274
4185
3911
3137
2423
2373
2413
1988
1256
289
-548
-608
-497
-590
-6
733
-132
-2106
-3140
-3200
-3268
-2635
-1085
-1221
-3310
-4634
-4813
-4982
-4452
-3103
-2802
-3944
-4989
-5658
-6544
-6492
-5226
-4441
-4471
-4625
-5424
-6517
-6012
-3850
-2070
-1818
-2539
-4266
-5449
-3722
-674
606
-32
-1046
-2073
-2216
-200
1924
1785
1126
1568
1850
1456
1626
2373
2462
2733
3842
4096
2893
1954
2440
3977
5729
6262
4905
3155
2918
3889
5262
6571
6574
4900
3503
3990
4875
4953
4965
4985
4607
4000
3304
2639
2158
2195
2561
2496
1766
643
-750
-1641
-989
-47
190
349
173
-1284
-3072
-3436
-2678
-2396
-2175
-1405
-1797
-3619
-4855
-4754
-4187
-3431
-2480
-2456
-3807
-5123
-5728
-5938
-5352
-4298
-3881
-3973
-4465
-5528
-5819
-4184
-2107
-1670
-2437
-3170
-4338
-4604
-2143
597
527
-1099
-1873
-2024
-1825
92
2254
1990
878
985
1272
883
948
1938
2763
3097
3417
2988
1767
1552
2911
4873
5809
5056
3451
2561
3082
4154
5320
6163
5537
3733
2967
3803
4427
4355
4540
4702
3920
2553
2018
2214
2148
2152
2339
1858
447
-938
-1323
-979
-581
-452
-546
-473
-997
-2639
-3725
-3231
-2424
-2408
-2106
-1704
-3037
-4837
-4803
-3655
-3213
-3022
-2585
-2953
-4368
-5240
-5110
-4927
-4563
-3777
-3308
-3740
-4759
-5177
-4259
-2603
-1626
-2075
-2965
-3588
-3903
-2668
-207
557
-840
-1862
-1608
-1255
-413
1431
2094
853
383
1253
1431
804
1419
2733
3010
2897
3138
2773
1983
2673
4553
5389
4985
4331
3772
3850
4625
5347
5707
5637
4993
4243
4301
4812
4849
4678
4758
4500
3564
2825
2671
2632
2352
2138
1810
686
-544
-740
-522
-652
-853
-1266
-1487
-1356
-1598
-2409
-3069
-3046
-2962
-2855
-2382
-2280
-3259
-4177
-3986
-3585
-3332
-2879
-2640
-3440
-4366
-4375
-4344
-4562
-4131
-3439
-3345
-3653
-3734
-3701
-3417
-2703
-2314
-2580
-2844
-2807
-2655
-1896
-996
-1029
-1744
-1796
-1372
-1037
-200
919
861
130
190
700
683
635
1510
2307
2424
2547
2574
2303
2485
3325
4011
4446
4595
4366
4058
4359
4650
4326
4467
5300
5388
4424
4017
4315
4172
3930
4154
4152
3291
2318
2138
2174
1828
1334
730
-155
-671
-729
-1046
-1336
-1458
-1666
-1694
-1422
-1828
-3145
-3861
-3139
-2304
-2362
-2500
-2981
-4114
-4537
-3642
-2829
-2687
-2627
-2953
-3852
-4316
-3904
-3790
-3893
-3489
-2979
-3120
-3489
-3322
-2931
-2691
-2214
-1847
-2179
-2514
-2355
-1653
-774
-618
-1186
-1692
-1671
-1153
-334
771
1164
476
-194
-25
635
1267
1658
2133
2379
2147
2152
2453
2748
3028
3615
4433
4739
4517
4366
4597
4689
4522
4646
5273
5505
5054
4593
4431
4254
4069
4300
4482
4222
3405
2634
2204
1878
1578
1143
644
101
-573
-1251
-1397
-1278
-1615
-1814
-1488
-1638
-2811
-3637
-3159
-2630
-2640
-2513
-2654
-3705
-4302
-3657
-2969
-2811
-2606
-2623
-3522
-4171
-3759
-3507
-3785
-3414
-2759
-2723
-3004
-2931
-2889
-2931
-2430
-1733
-1593
-2064
-2488
-2415
-1540
-699
-794
-1286
-1466
-1362
-1087
-272
634
412
-329
-246
236
371
719
1401
1702
1672
2008
2440
2159
1933
2696
3818
4420
4504
4315
3750
3609
4173
4685
4872
5004
4872
4349
3877
3760
3816
3904
4125
4167
3522
2528
1748
1290
1262
1298
1177
548
-529
-1393
-1660
-1418
-1290
-1545
-1897
-2111
-2673
-3213
-3194
-2986
-2894
-2871
-2764
-3141
-3806
-3699
-3184
-3095
-2843
-2394
-2736
-3676
-3997
-3557
-3218
-2949
-2586
-2543
-2751
-2622
-2418
-2516
-2672
-2259
-1672
-1498
-1428
-1598
-1745
-1444
-1010
-927
-1099
-1058
-857
-521
151
492
103
-197
-11
331
862
1558
1966
1762
1742
2288
2609
2670
3180
3740
4096
4504
4972
4654
4007
4131
4604
4925
5109
5315
4892
4225
3866
3952
4091
4130
4317
4001
3130
2337
1753
1360
1328
1428
1035
-34
-1007
-1252
-1382
-1623
-1640
-1676
-1963
-2511
-2818
-2860
-2923
-2934
-2792
-2673
-2973
-3549
-3617
-3081
-2936
-3032
-2782
-2615
-3246
-3858
-3486
-3112
-3330
-3329
-2763
-2453
-2636
-2872
-2943
-2927
-2593
-1684
-1156
-1420
-2025
-2482
-2214
-1297
-683
-763
-1259
-1350
-998
-571
-36
230
184
127
309
773
1157
1187
1287
1788
2350
2521
2419
2520
2995
3638
4412
4946
4587
3715
3608
4264
4693
4642
4644
4560
4095
3727
3707
3724
3579
3644
3661
3337
2663
1839
1038
677
902
1156
564
-659
-1389
-1555
-1488
-1377
-1464
-2033
-2774
-3009
-2675
-2544
-2954
-3422
-3442
-3170
-3126
-3214
-3086
-3079
-3213
-3193
-2770
-2645
-3196
-3557
-3255
-3085
-3190
-2929
-2458
-2393
-2678
-2696
-2513
-2573
-2213
-1455
-1098
-1350
-1887
-2080
-1693
-894
-599
-854
-1079
-832
-434
-24
410
380
118
263
978
1496
1566
1607
1772
1968
2325
2880
3145
3202
3500
4081
4563
4593
4400
4257
4466
4807
4719
4482
4405
4335
4184
4192
4166
3751
3438
3633
3720
3141
2392
1902
1264
833
1020
1101
312
-730
-1145
-1229
-1499
-1679
-1806
-2207
-2504
-2314
-2208
-2620
-3320
-3584
-3261
-2742
-2665
-2902
-3020
-3261
-3498
-3322
-2836
-2749
-2995
-3089
-3024
-3230
-2974
-2269
-2008
-2387
-2646
-2582
-2567
-2349
-1720
-1148
-1330
-1582
-1813
-2136
-1889
-1225
-932
-1128
-1239
-1025
-900
-718
-291
-36
156
573
801
725
682
1076
1502
1802
2276
2558
2525
2830
3414
3754
3950
4053
4157
4229
4351
4299
4007
3986
4293
4322
4273
4162
3668
3215
3275
3697
3364
2468
1922
1442
929
825
946
628
-240
-946
-1168
-1444
-1787
-1953
-2254
-2598
-2658
-2556
-2713
-3240
-3635
-3544
-3081
-2836
-2915
-3082
-3244
-3306
-3201
-2916
-2763
-2918
-2953
-2766
-2625
-2607
-2511
-2370
-2331
-2116
-1980
-1973
-2083
-2053
-1752
-1267
-938
-1055
-1495
-1748
-1457
-1051
-721
-574
-562
-438
-206
43
195
391
650
840
1048
1235
1278
1402
1879
2507
2947
3186
3381
3400
3448
3804
4454
4687
4543
4491
4417
4259
4222
4486
4620
4529
4469
4226
3491
3158
3425
3475
2942
2206
1665
1152
718
706
717
225
-531
-1152
-1496
-1772
-1895
-1853
-2104
-2780
-3156
-3127
-2958
-3090
-3318
-3253
-3218
-3329
-3223
-3019
-3082
-3247
-3186
-2957
-2842
-2814
-2662
-2569
-2544
-2468
-2328
-2138
-2040
-1868
-1747
-1770
-1845
-1733
-1506
-1199
-945
-1059
-1482
-1768
-1601
-1217
-854
-609
-528
-562
-499
-232
82
355
574
664
572
630
1049
1507
1903
2220
2564
2681
2717
2850
3163
3595
4004
4121
3949
3784
3791
3860
3882
4103
4259
4041
3728
3281
2818
2774
3067
2986
2223
1451
935
556
452
563
325
-429
-1128
-1405
-1681
-1871
-1853
-2062
-2593
-2937
-3048
-3183
-3193
-3065
-3035
-3107
-3234
-3349
-3389
-3174
-2715
-2576
-2620
-2788
-2835
-2601
-2252
-1855
-1831
-1936
-1903
-1835
-1727
-1433
-1298
-1372
-1312
-1105
-881
-862
-952
-1030
-1035
-898
-610
-422
-455
-470
-165
254
447
404
361
549
925
1161
1326
1464
1727
2146
2418
2540
2722
2814
3012
3398
3805
4159
4057
3892
3860
3945
4201
4438
4408
4065
3745
3729
3711
3299
2852
2782
2706
2343
1849
1298
755
419
430
252
-187
-710
-1201
-1667
-1992
-2023
-2064
-2292
-2839
-3286
-3357
-3071
-2766
-2877
-3330
-3668
-3671
-3448
-3100
-2843
-2893
-3115
-3145
-3064
-2829
-2446
-2142
-2097
-2202
-2125
-1924
-1671
-1602
-1534
-1450
-1417
-1272
-1064
-915
-902
-768
-660
-775
-833
-688
-461
-340
-203
71
247
223
164
271
587
949
1180
1307
1332
1396
1754
2262
2475
2473
2444
2779
3168
3314
3513
3553
3419
3497
3836
3933
3786
3540
3362
3402
3396
3279
2834
2354
2142
2027
1902
1466
825
273
24
146
127
-374
-993
-1548
-1884
-2040
-2036
-2187
-2643
-3110
-3233
-3094
-2929
-2922
-3091
-3344
-3468
-3366
-3120
-2981
-2930
-2860
-2790
-2664
-2530
-2358
-2144
-1880
-1762
-1714
-1558
-1330
-1210
-1158
-1042
-963
-939
-709
-477
-378
-229
-166
-312
-437
-267
-134
-115
61
365
571
527
494
532
701
1062
1466
1645
1543
1451
1612
2055
2526
2656
2739
2842
2987
3162
3353
3615
3635
3516
3623
3808
3724
3454
3341
3385
3424
3318
2925
2398
2026
1936
1886
1670
1228
538
14
-135
-172
-485
-791
-1162
-1714
-2136
-2223
-2222
-2455
-2834
-3051
-3072
-3005
-2944
-3098
-3410
-3526
-3266
-3140
-2987
-2709
-2720
-2826
-2623
-2219
-2115
-1978
-1653
-1550
-1753
-1664
-1327
-1240
-1074
-860
-763
-902
-960
-784
-652
-412
-132
-252
-714
-804
-453
-297
-124
162
232
75
-17
131
256
417
822
1234
1296
1104
1006
1248
1765
2180
2324
2473
2596
2556
2654
3058
3380
3356
3348
3469
3593
3475
3244
3138
3016
2878
2871
2644
2151
1757
1658
1451
1026
602
87
-296
-325
-406
-826
-1338
-1602
-1856
-2131
-2368
-2493
-2626
-2863
-3004
-3097
-3146
-3014
-3021
-3153
-3064
-2961
-2932
-2715
-2362
-2357
-2384
-2080
-1751
-1669
-1497
-1120
-956
-1137
-1159
-774
-543
-362
-263
-325
-443
-411
-161
46
174
190
-37
-283
-294
-200
-37
192
412
415
295
239
287
417
739
1130
1372
1358
1159
1116
1439
2018
2329
2521
2620
2680
2710
2851
3140
3253
3234
3301
3450
3387
3198
3016
2838
2797
2812
2769
2357
1824
1456
1272
1114
833
572
129
-365
-628
-787
-1012
-1288
-1641
-2104
-2469
-2589
-2512
-2581
-2796
-2907
-2966
-2876
-2810
-2875
-2851
-2668
-2533
-2432
-2230
-2130
-2189
-2099
-1794
-1530
-1429
-1170
-960
-1001
-1120
-966
-654
-478
-442
-419
-509
-721
-681
-472
-273
-215
-226
-441
-765
-751
-417
-129
-82
-80
-89
-196
-320
-171
126
462
745
934
901
715
818
1274
1826
2016
2075
2217
2283
2324
2512
2877
3051
3018
2978
2937
2950
2889
2765
2599
2416
2406
2322
1948
1507
1204
1018
818
619
234
-294
-639
-773
-939
-1133
-1432
-1830
-2210
-2509
-2514
-2417
-2378
-2558
-2806
-2782
-2609
-2428
-2463
-2493
-2444
-2252
-1976
-1710
-1521
-1544
-1354
-1002
-868
-753
-572
-534
-559
-461
-190
12
62
12
-54
-165
-9
150
86
58
150
199
10
-113
-143
-126
44
202
195
91
-28
-44
102
395
626
778
898
902
871
1149
1659
1936
1898
1966
2229
2287
2340
2506
2657
2741
2764
2754
2691
2666
2622
2524
2366
2218
2079
1897
1606
1215
798
705
657
399
-85
-526
-710
-784
-869
-1176
-1588
-2040
-2282
-2332
-2347
-2256
-2273
-2544
-2792
-2684
-2403
-2224
-2265
-2264
-2154
-1967
-1784
-1529
-1500
-1503
-1330
-1029
-779
-792
-727
-536
-465
-507
-280
-166
-267
-430
-397
-196
-207
-186
-134
-190
-252
-272
-305
-469
-612
-464
-259
-242
-284
-309
-368
-310
-99
53
153
299
373
372
514
887
1357
1476
1358
1355
1586
1853
1994
2110
2183
2229
2263
2235
2210
2176
2144
2176
2094
1938
1778
1632
1390
1077
881
857
689
392
-80
-326
-326
-366
-535
-958
-1247
-1428
-1439
-1514
-1630
-1628
-1780
-1920
-1995
-1914
-1797
-1780
-1823
-1676
-1602
-1537
-1226
-1001
-1003
-911
-591
-321
-439
-462
-221
-96
-24
5
18
118
166
98
-5
-90
21
55
-3
2
-36
-142
-235
-313
-389
-260
-66
-75
-218
-267
-255
-143
23
122
101
136
275
343
392
719
1084
1170
1035
1117
1381
1552
1684
1841
1822
1722
1896
2003
1935
1808
1827
1834
1672
1514
1481
1416
1159
872
645
438
315
116
-122
-299
-434
-506
-733
-1074
-1321
-1271
-1174
-1249
-1387
-1480
-1594
-1723
-1708
-1524
-1433
-1425
-1409
-1413
-1272
-1037
-835
-712
-716
-743
-565
-350
-333
-267
-101
32
-22
-216
-186
-65
41
40
-68
-189
-339
-418
-353
-345
-417
-430
-610
-775
-802
-649
-438
-419
-559
-571
-604
-563
-375
-237
-138
-23
105
126
160
394
668
664
653
815
1053
1253
1440
1420
1338
1378
1461
1577
1614
1636
1671
1575
1401
1284
1174
1080
982
968
801
526
297
100
-85
-119
-99
-205
-553
-807
-864
-840
-819
-957
-997
-1092
-1231
-1195
-1158
-983
-907
-857
-777
-805
-736
-601
-327
-253
-305
-238
-86
29
8
113
283
291
190
184
197
126
108
101
53
-27
-60
-74
-179
-313
-414
-417
-493
-654
-759
-631
-532
-528
-542
-579
-611
-533
-355
-335
-338
-234
-174
-131
25
262
437
394
349
552
910
1104
1114
1035
998
1154
1400
1471
1477
1483
1471
1431
1256
1232
1021
916
799
607
418
355
304
110
-68
-53
-2
-201
-410
-516
-534
-519
-517
-567
-723
-800
-639
-629
-578
-475
-453
-491
-416
-276
-217
-39
149
44
3
107
247
295
192
222
249
196
90
25
-53
-69
-29
-179
-363
-432
-487
-512
-593
-700
-899
-976
-1031
-1168
-1170
-1113
-1009
-1100
-1225
-1187
-1069
-937
-845
-695
-608
-662
-602
-456
-306
-120
83
193
239
366
572
765
757
643
705
863
1015
1034
983
974
963
930
958
810
559
571
489
380
323
326
322
112
4
27
-7
-41
-179
-317
-333
-245
-234
-221
-272
-237
-117
-58
-67
24
112
226
255
256
418
464
527
469
474
584
674
673
622
532
474
509
441
343
245
174
102
-59
-217
-279
-291
-352
-483
-611
-704
-728
-795
-844
-810
-739
-771
-838
-976
-950
-831
-733
-517
-467
-488
-504
-385
-320
-220
18
273
310
247
318
431
595
602
630
764
861
951
937
831
725
744
797
796
613
413
380
295
185
177
220
47
-148
-238
-242
-167
-171
-315
-409
-413
-346
-274
-358
-347
-207
-58
-63
-116
-27
83
195
293
399
379
404
372
323
455
583
665
598
489
462
453
433
380
204
87
25
-80
-309
-474
-537
-599
-666
-758
-914
-1018
-1005
-1059
-1145
-1070
-944
-1015
-1165
-1261
-1256
-1169
-1013
-833
-759
-752
-717
-602
-582
-445
-168
-21
-11
109
327
425
526
563
481
569
756
817
684
625
642
748
748
590
388
330
332
264
172
109
108
116
6
6
12
-14
-70
-184
-186
-131
25
6
-36
-26
78
235
316
340
466
572
654
630
574
684
733
779
757
798
926
861
769
678
633
659
621
455
236
62
42
-51
-257
-426
-484
-500
-561
-702
-894
-890
-832
-843
-880
-825
-762
-803
-913
-895
-848
-709
-523
-500
-470
-480
-380
-244
-208
-58
124
242
218
235
313
482
644
613
551
592
731
803
587
405
371
482
567
428
300
157
59
0
-12
45
27
-54
-92
-135
-160
-139
-173
-281
-276
-217
-58
-12
-91
-30
148
302
335
226
265
369
442
514
476
485
470
498
489
464
486
481
378
244
178
196
164
35
-118
-314
-398
-516
-675
-777
-806
-766
-817
-979
-1142
-1151
-1158
-1077
-1041
-998
-987
-1018
-1005
-1085
-1010
-823
-594
-562
-636
-566
-458
-324
-175
-86
6
134
154
276
342
467
542
530
525
619
693
680
598
549
550
589
582
440
366
331
316
320
220
189
226
235
293
287
237
200
204
164
123
186
269
311
247
211
357
439
407
382
479
554
624
691
639
590
527
512
495
429
440
373
241
189
152
142
67
-49
-203
-265
-306
-414
-631
-753
-751
-796
-783
-860
-998
-976
-875
-850
-951
-936
-911
-880
-818
-768
-685
-567
-425
-383
-352
-301
-241
-163
8
174
308
306
371
504
565
725
785
725
723
779
851
845
734
660
632
641
655
540
417
363
333
297
298
294
297
205
149
102
177
143
126
77
-2
35
118
72
64
143
288
361
253
244
210
231
266
268
315
321
342
243
80
68
168
232
127
-80
-230
-178
-227
-371
-530
-659
-656
-683
-829
-941
-951
-972
-979
-1006
-1043
-1050
-1031
-1068
-1159
-1099
-1039
-942
-982
-968
-849
-686
-631
-633
-602
-468
-262
-201
-163
-161
-68
51
128
124
219
356
391
437
475
513
615
645
529
440
504
520
456
393
369
417
369
346
377
443
486
418
325
308
365
429
448
389
379
392
452
451
381
420
535
683
574
407
395
465
525
482
451
437
479
460
383
317
326
308
279
156
43
23
-31
-146
-293
-374
-335
-419
-478
-536
-601
-607
-713
-763
-761
-697
-605
-628
-743
-741
-657
-592
-652
-647
-554
-425
-335
-312
-290
-253
-154
-46
10
65
173
304
336
375
474
482
458
448
440
557
655
614
525
435
488
523
542
514
501
546
444
382
266
263
309
336
327
249
200
235
246
189
207
188
251
220
221
190
219
216
160
201
202
263
228
231
196
147
74
88
23
-83
-41
-85
-197
-339
-402
-424
-501
-598
-690
-817
-795
-840
-968
-1037
-1091
-1120
-1187
-1213
-1206
-1202
-1110
-1104
-1100
-1061
-1052
-1035
-1015
-875
-743
-645
-625
-632
-535
-488
-393
-286
-190
21
188
227
267
245
350
487
512
567
545
608
724
680
547
571
713
733
737
621
589
556
522
569
518
572
611
585
511
470
469
544
482
446
526
568
629
598
541
577
644
661
633
573
606
584
571
505
425
463
504
467
346
272
278
228
118
-23
-137
-137
-184
-265
-376
-451
-518
-592
-631
-632
-644
-693
-739
-803
-815
-740
-783
-843
-793
-666
-572
-572
-606
-567
-440
-314
-213
-206
-215
-116
-33
20
79
92
208
223
334
371
426
479
498
475
368
391
390
308
300
294
404
374
274
206
216
316
331
273
206
192
225
227
122
57
140
235
238
207
174
247
307
305
225
199
230
228
116
22
52
180
181
155
103
37
59
-3
-101
-121
-178
-241
-405
-543
-555
-606
-685
-753
-790
-787
-788
-878
-937
-970
-939
-852
-976
-1086
-1076
-1051
-890
-804
-800
-734
-690
-654
-601
-521
-390
-206
-96
-119
-117
-93
-8
100
234
301
368
339
307
361
401
551
649
550
521
488
506
526
455
526
646
667
586
462
357
367
432
423
382
340
334
348
321
242
263
407
465
430
434
460
492
539
539
507
530
540
527
526
520
581
525
427
416
391
389
281
138
149
184
152
112
-74
-191
-171
-236
-282
-394
-474
-534
-604
-676
-694
-673
-627
-633
-663
-654
-712
-690
-658
-590
-495
-455
-461
-454
-398
-238
-80
-54
-54
-18
-4
88
171
195
238
337
405
375
318
359
468
508
498
399
347
305
250
249
139
180
168
90
35
16
-52
-80
-28
-14
7
-17
-48
-81
-124
-30
79
83
92
112
131
156
129
113
132
211
258
231
176
236
264
230
167
151
152
111
43
-2
-59
-175
-260
-373
-434
-475
-524
-597
-628
-665
-710
-779
-833
-885
-877
-811
-824
-892
-899
-830
-754
-738
-753
-684
-593
-545
-431
-433
-403
-272
-128
-96
-59
33
88
194
236
271
341
369
372
400
403
445
441
403
384
375
391
369
339
298
316
379
303
266
241
260
299
321
281
261
293
385
375
279
261
324
442
516
507
519
528
522
530
572
678
780
766
679
643
627
611
544
531
572
532
491
327
212
197
198
177
-40
-211
-301
-355
-352
-437
-483
-470
-514
-594
-708
-753
-680
-650
-683
-681
-670
-616
-606
-619
-525
-466
-394
-337
-370
-341
-284
-144
-126
-56
-1
95
113
118
169
239
348
301
239
228
276
334
303
161
83
132
152
68
5
-23
-33
-27
-49
-107
-151
-176
-109
-144
-165
-144
-83
-49
-34
15
100
134
128
150
170
220
255
255
270
326
348
331
296
321
341
361
318
247
253
267
263
160
51
-7
10
-57
-144
-289
-388
-364
-376
-504
-595
-599
-679
-705
-718
-718
-725
-760
-835
-774
-745
-613
-511
-580
-550
-493
-427
-402
-378
-343
-200
-125
-111
-116
-102
31
78
119
156
172
233
234
128
118
162
267
328
266
235
188
191
149
165
220
234
166
141
79
51
66
53
75
107
206
275
238
248
314
454
533
509
518
569
627
646
674
639
713
793
764
733
647
631
620
564
538
491
435
329
223
180
219
215
126
0
-139
-213
-199
-281
-370
-380
-384
-395
-498
-566
-524
-470
-469
-506
-505
-433
-313
-292
-324
-328
-276
-169
-120
-49
7
66
105
65
85
86
150
169
182
177
207
183
126
67
55
83
102
35
-68
-104
-77
-73
-181
-260
-217
-217
-283
-324
-387
-334
-285
-259
-337
-372
-274
-206
-205
-180
-170
-63
-6
-40
-46
30
104
160
134
138
275
239
186
222
225
294
276
161
114
68
87
38
-70
-160
-175
-122
-121
-264
-378
-375
-341
-343
-413
-481
-423
-405
-463
-541
-561
-500
-482
-426
-356
-291
-215
-238
-182
-121
-9
60
55
51
120
254
320
243
200
232
325
388
357
285
343
396
364
253
208
266
270
227
159
85
75
73
12
-16
-15
19
-46
-76
-118
-89
-106
-137
-145
-118
-14
119
157
134
159
237
278
259
234
305
394
369
370
362
378
470
498
463
469
450
457
431
323
281
282
280
226
139
80
65
-1
-47
-126
-157
-108
-131
-179
-212
-222
-239
-271
-325
-317
-256
-265
-290
-284
-189
-52
-55
-78
-87
-20
112
119
78
112
182
244
268
225
239
307
312
336
264
228
205
152
107
-6
5
-66
-125
-185
-273
-299
-284
-332
-370
-382
-366
-419
-472
-463
-438
-435
-454
-530
-524
-443
-371
-386
-440
-333
-256
-226
-253
-218
-108
-103
-66
-97
-49
-35
74
118
83
102
94
102
17
11
5
14
-2
-50
-83
-66
-37
-31
-65
-127
-72
-33
-81
-156
-200
-228
-132
-111
-109
-93
-63
-5
27
105
146
218
283
272
249
333
368
387
433
452
488
468
467
410
379
407
417
348
318
310
271
246
164
95
82
117
55
11
-31
-32
-47
-174
-277
-257
-316
-364
-350
-359
-332
-324
-329
-378
-366
-237
-224
-246
-216
-135
-115
-62
-27
-37
82
163
186
168
141
176
174
122
91
99
144
137
104
84
67
95
75
21
-42
-41
-34
-102
-128
-138
-62
-16
-19
-70
-85
-5
17
5
22
18
42
101
138
213
246
222
292
286
368
437
456
514
411
413
477
503
431
361
335
410
411
298
223
210
228
170
87
53
36
-2
-74
-180
-259
-247
-241
-287
-318
-386
-416
-463
-451
-419
-416
-424
-452
-422
-430
-391
-328
-335
-312
-283
-191
-194
-229
-255
-218
-127
-101
-89
-66
-21
52
16
-56
-32
-91
-35
-58
-63
-98
-132
-130
-139
-162
-170
-214
-237
-213
-204
-161
-169
-201
-243
-250
-188
-153
-159
-171
-187
-159
-85
-96
-121
13
93
177
119
115
161
195
278
232
259
310
329
286
237
189
255
302
283
278
268
191
139
57
30
95
91
71
-21
-57
-28
18
-87
-153
-122
-85
-97
-213
-277
-243
-160
-119
-144
-138
-79
-12
-19
4
21
49
94
103
151
122
132
192
233
275
284
309
268
310
313
309
276
255
261
261
297
280
211
143
155
143
124
96
75
91
93
40
-40
-47
35
71
73
45
13
-19
13
39
27
57
87
105
80
99
193
271
276
230
270
291
278
235
183
165
198
219
93
65
59
35
-24
-85
-154
-173
-178
-265
-305
-394
-407
-409
-473
-523
-473
-462
-478
-463
-506
-491
-453
-439
-445
-366
-351
-351
-336
-363
-310
-228
-171
-203
-149
-74
-52
-73
-79
-53
17
96
24
-10
-20
-39
-27
-24
-54
8
-12
21
-6
-94
-57
-49
-66
-65
-56
-95
-60
-133
-150
-144
-69
-46
-26
24
83
148
191
234
223
205
240
206
156
245
290
349
334
257
212
190
268
295
271
284
314
238
153
136
110
140
120
78
33
-29
-95
-120
-140
-141
-83
-132
-149
-167
-209
-188
-161
-199
-251
-155
-169
-144
-147
-173
-30
-24
-24
-61
-44
97
141
93
99
118
179
246
182
202
257
312
303
253
212
221
240
189
211
190
198
178
105
106
105
102
82
28
55
32
48
6
-45
-51
23
90
51
19
-21
35
104
107
94
105
129
115
80
64
71
137
149
93
68
101
102
108
102
69
67
79
47
-4
-15
-84
-124
-186
-183
-186
-226
-280
-357
-353
-327
-327
-352
-435
-459
-437
-433
-425
-436
-395
-369
-329
-324
-300
-309
-250
-245
-223
-130
-115
-49
-42
-70
-6
26
19
10
73
68
113
61
73
80
78
108
73
2
-1
36
84
77
7
-27
46
51
16
-36
-71
25
-11
-42
-8
-6
69
63
37
46
47
101
118
143
138
158
139
182
189
226
264
235
235
213
288
292
221
128
111
164
194
124
26
20
46
7
-31
-82
-168
-147
-150
-210
-264
-245
-257
-297
-311
-298
-242
-227
-219
-181
-160
-138
-175
-164
-94
-43
-22
11
10
48
126
120
95
127
162
239
294
263
174
192
263
274
275
282
259
252
234
166
143
186
228
236
199
163
138
94
111
122
129
110
70
52
88
93
90
107
104
101
192
207
176
104
142
152
195
217
177
163
136
116
45
18
-3
34
-21
-51
-74
-63
-133
-180
-185
-221
-190
-214
-248
-239
-241
-283
-347
-356
-331
-348
-324
-401
-437
-391
-388
-396
-421
-458
-372
-255
-206
-231
-296
-260
-180
-165
-179
-170
-122
-49
-51
-39
-46
-12
-37
-43
-18
22
-2
7
13
-4
48
40
23
22
65
73
81
73
75
108
96
90
93
98
91
143
164
125
91
71
84
123
92
133
140
163
176
162
174
170
170
133
173
154
154
149
114
114
79
17
-8
-21
16
11
-20
-46
-70
-65
-59
-80
-137
-193
-214
-234
-231
-287
-309
-236
-218
-205
-212
-213
-194
-170
-185
-165
-114
-90
-92
-47
-9
51
59
46
98
125
193
197
239
248
284
312
308
255
260
291
301
304
237
217
272
342
311
258
202
204
189
163
177
172
171
167
167
150
97
101
65
96
98
151
168
141
153
142
208
241
243
258
279
250
234
194
171
254
206
198
130
106
139
105
78
2
-27
-26
-38
-142
-157
-219
-228
-286
-358
-359
-405
-382
-428
-463
-476
-463
-530
-562
-558
-489
-454
-459
-487
-481
-435
-392
-374
-430
-380
-354
-311
-285
-247
-216
-118
-70
-53
-62
-79
-13
-50
-40
-93
-76
-51
-45
-29
-60
-11
-39
-59
-54
1
-47
-99
-83
-98
-33
-49
-37
-45
-38
35
70
70
36
-11
98
153
124
108
140
222
254
217
168
152
205
238
207
216
229
297
293
252
228
258
245
223
181
169
139
57
6
-65
-37
-67
-111
-102
-120
-80
-56
-87
-127
-116
-41
-6
-59
-110
-77
-48
-21
3
4
-6
79
103
101
103
117
196
153
183
192
160
219
255
296
359
361
358
372
300
318
331
232
242
199
217
249
192
171
159
186
182
123
59
63
113
121
81
35
31
60
93
87
91
57
97
98
45
70
43
77
35
8
10
-2
1
-13
-44
-32
-11
-51
-26
-21
2
-25
-126
-159
-181
-239
-230
-291
-377
-391
-391
-366
-410
-427
-439
-433
-464
-483
-493
-481
-437
-485
-452
-497
-439
-377
-388
-361
-331
-306
-294
-310
-269
-162
-184
-180
-163
-132
-78
-88
-79
-90
-89
-42
-3
-53
-56
-17
-9
0
48
-2
13
53
36
74
51
73
143
115
91
56
57
88
20
82
73
119
126
135
177
187
210
222
231
272
297
305
324
233
297
315
332
318
278
295
347
330
265
263
263
284
270
244
245
259
208
189
126
108
154
136
53
45
15
-60
-67
-62
-61
-42
-64
-66
-10
7
-8
-11
-51
-6
52
111
144
89
68
83
86
89
74
88
90
79
70
76
102
73
55
-3
20
22
18
5
-46
-74
-51
-100
-161
-136
-157
-170
-167
-196
-218
-176
-178
-196
-248
-263
-225
-182
-136
-144
-116
-94
-74
-40
-56
-46
-9
25
-29
-35
-26
0
29
-2
-4
1
75
79
74
81
104
50
-10
7
15
40
-25
-106
-100
-93
-84
-95
-163
-121
-63
-67
-111
-166
-164
-129
-110
-171
-166
-191
-146
-113
-138
-128
-118
-23
-34
-117
-105
-44
-14
19
8
-8
15
44
-38
-33
-18
-23
-8
-47
-34
-38
-54
-28
-76
-113
-88
-42
-46
-78
-113
-38
-21
-14
-25
-22
-3
15
-11
-15
23
64
86
16
86
109
157
148
168
203
190
245
199
182
228
259
266
214
209
267
240
214
169
161
181
139
116
89
76
92
75
26
-28
30
32
32
-56
-96
-30
-12
-26
-80
-51
-11
5
-21
-84
-110
-127
-93
-122
-84
-70
-8
-20
-18
12
2
68
28
9
37
69
75
50
34
14
84
119
107
95
94
124
102
49
66
27
-28
19
-41
-79
19
-8
22
43
-18
30
25
-25
-36
12
31
26
-26
-34
29
-10
-12
-51
6
30
45
10
-9
38
70
112
112
143
89
91
53
11
4
21
-16
-45
-126
-121
-101
-129
-154
-137
-120
-148
-200
-176
-126
-106
-133
-176
-190
-173
-124
-166
-190
-188
-155
-164
-164
-162
-137
-103
-111
-89
-88
-81
-74
-53
-88
-139
-115
-98
-35
-37
-11
0
-32
-38
-32
-36
-25
-13
-81
-110
-102
-95
-104
-134
-186
-132
-97
-149
-123
-130
-89
-44
-63
-74
-94
-27
-3
-15
-33
7
50
92
110
130
167
185
206
166
150
189
182
189
190
235
301
287
220
166
133
232
231
208
199
197
194
140
106
86
102
133
142
101
99
102
56
-2
-25
-35
34
28
7
-30
-71
-55
-27
-3
37
49
54
115
105
129
106
73
51
61
84
145
178
123
148
203
205
185
104
110
102
89
68
18
7
22
-7
-27
-42
-22
20
23
12
-32
-3
44
34
-50
-56
-75
-119
-106
-153
-121
-73
-68
-85
-117
-56
3
-17
-39
-23
53
52
25
-39
-38
-18
-6
-18
-76
-57
-65
-90
-68
-91
-112
-74
-55
-63
-106
-54
-34
-75
-115
-159
-133
-122
-142
-150
-141
-146
-171
-234
-238
-201
-175
-189
-213
-199
-184
-169
-196
-219
-213
-166
-133
-121
-98
-78
-51
-13
-48
-112
-73
-107
-71
-85
-162
-108
-114
-76
-107
-122
-110
-82
-105
-149
-88
-84
-97
-108
-98
-63
-13
-80
-75
-79
-59
-7
-43
-80
-30
39
5
-1
0
79
69
79
127
144
174
153
117
132
154
146
195
195
241
229
276
237
234
255
244
290
223
224
183
201
175
169
141
172
209
226
217
177
249
275
254
188
222
234
259
246
211
216
222
277
254
228
262
282
278
269
222
213
204
152
163
176
218
204
153
114
92
79
44
19
-22
-12
-73
-118
-184
-190
-139
-123
-77
-139
-223
-206
-229
-213
-197
-217
-178
-162
-166
-165
-137
-158
-173
-144
-195
-147
-121
-133
-166
-170
-146
-146
-159
-184
-161
-139
-123
-157
-171
-172
-178
-176
-225
-238
-185
-177
-193
-243
-262
-259
-242
-217
-261
-240
-192
-170
-157
-176
-166
-150
-158
-132
-121
-166
-121
-155
-156
-97
-62
-43
-84
-58
-15
32
81
49
23
71
46
28
1
-27
24
56
52
35
56
93
131
121
53
56
42
32
2
-1
52
36
10
-8
49
31
36
3
16
31
38
74
0
15
3
65
58
41
58
59
128
103
103
61
96
176
185
158
138
185
159
133
125
116
168
179
128
128
127
150
152
126
193
214
175
156
165
179
211
174
95
56
132
191
159
122
128
209
199
174
119
107
124
143
124
97
138
133
126
93
98
72
121
143
113
63
35
73
65
45
13
23
-10
-81
-106
-60
-40
-72
-130
-194
-197
-100
-171
-208
-212
-188
-189
-252
-175
-227
-198
-195
-226
-272
-234
-174
-189
-165
-205
-170
-148
-126
-97
-85
-88
-63
-28
-34
-12
-13
-37
-89
-103
-102
-61
-55
-121
-135
-64
-6
-72
-99
-124
-116
-87
-111
-146
-123
-72
-100
-90
-93
-54
6
3
-5
-13
-10
-28
-6
-11
6
57
96
56
73
43
94
107
40
68
72
106
51
-10
-60
3
11
-21
-104
-126
-48
-134
-126
-170
-143
-84
-171
-170
-159
-175
-118
-121
-142
-68
-86
-41
-46
-6
49
74
57
50
52
50
93
94
84
75
140
157
149
93
106
184
238
176
137
157
170
184
138
84
91
145
83
46
68
105
129
119
102
136
150
104
77
111
156
146
136
40
55
115
154
153
95
79
154
190
178
133
138
163
170
108
53
85
89
43
-66
-40
-42
5
14
-16
-26
-26
-28
1
29
-20
-21
-42
-42
-25
-32
1
-41
-100
-86
-34
17
-8
-62
-65
-33
-38
-91
-103
-82
-23
-23
-38
-48
28
66
10
35
41
71
149
148
80
83
93
69
64
72
76
124
53
-33
-18
-15
24
27
-53
-86
-3
15
-58
-128
-137
-130
-111
-179
-288
-283
-241
-266
-336
-381
-380
-327
-355
-406
-381
-348
-310
-230
-257
-266
-200
-222
-172
-164
-150
-173
-201
-183
-154
-125
-77
-123
-165
-118
-87
-70
-104
-112
-46
-15
14
-80
-96
-41
-26
41
-72
-76
-47
-10
-38
-114
-74
-13
24
46
71
30
117
121
84
80
74
96
130
165
163
210
284
289
244
257
320
358
318
284
327
410
407
321
209
269
323
303
269
245
239
259
214
144
113
170
217
214
155
151
210
184
145
105
112
119
148
110
89
112
127
125
79
100
130
128
53
34
12
68
76
-20
-36
-13
37
27
-54
-132
-38
-8
-73
-95
-115
-108
-81
-110
-123
-129
-112
-107
-97
-121
-99
-89
-135
-107
-119
-72
-52
-94
-109
-109
-87
-38
-79
-80
-27
10
22
-58
-51
-41
0
-11
-84
-107
-64
-5
-45
-114
-112
-75
-91
-127
-161
-143
-127
-137
-176
-215
-168
-138
-199
-228
-203
-165
-175
-200
-191
-174
-125
-120
-176
-206
-144
-64
-74
-124
-132
-100
-59
-72
-96
-35
27
26
-7
-62
-57
-38
-40
-22
-39
-24
1
-46
-39
-36
-6
-14
-19
-43
-47
4
-65
-111
-119
-93
-72
-39
-63
-79
-55
13
-28
-70
-52
-45
56
34
43
46
93
100
67
60
61
129
109
137
111
122
175
162
159
162
218
217
228
220
226
229
209
178
186
167
205
246
178
174
221
280
265
190
157
190
189
154
134
156
192
189
194
171
177
194
209
183
150
171
187
156
158
150
158
145
97
80
75
99
72
53
41
34
55
72
-6
-9
5
-3
-4
-69
-115
-65
-51
-79
-127
-151
-151
-157
-178
-203
-202
-179
-185
-230
-223
-221
-211
-193
-180
-178
-157
-157
-158
-126
-88
-74
-87
-110
-123
-124
-110
-120
-136
-106
-75
-67
-99
-150
-144
-91
-85
-131
-158
-147
-102
-111
-150
-157
-163
-124
-161
-166
-172
-182
-159
-198
-190
-200
-152
-138
-148
-120
-98
-75
-99
-79
-115
-70
-39
-43
-33
-77
-25
-6
3
-22
-6
20
43
31
0
23
47
53
36
-13
-16
17
20
20
-6
-30
7
13
4
36
32
54
70
63
74
77
100
99
84
75
131
127
124
134
161
184
183
159
155
184
193
181
165
211
234
231
186
180
162
162
197
190
179
163
166
153
110
101
119
144
126
117
111
108
132
117
78
112
122
124
122
92
92
109
104
77
78
117
141
111
80
104
100
79
90
45
22
6
-24
-36
-40
-39
-43
-32
-34
-43
-89
-109
-123
-150
-142
-160
-159
-175
-198
-215
-200
-203
-213
-197
-193
-171
-186
-168
-156
-152
-147
-183
-153
-124
-129
-110
-114
-112
-110
-94
-80
-82
-63
-73
-48
-60
-33
-22
-68
-50
-56
-60
-80
-78
-69
-56
-48
-63
-46
-41
-39
-30
-24
-36
-61
-62
-57
-44
-33
-47
-37
-44
-50
-29
-10
10
27
41
47
46
49
46
36
39
50
66
71
65
72
82
63
41
48
36
45
27
14
7
-18
-26
-5
-1
-8
-36
-32
-18
-30
-42
-20
6
-15
-30
-47
-80
-67
-75
-74
-58
-36
-20
-36
3
32
10
22
47
20
27
14
32
31
49
77
94
97
74
92
83
105
92
66
63
82
117
126
107
137
127
125
154
138
141
138
139
129
100
127
111
72
74
68
64
58
88
70
56
58
75
100
74
82
77
46
10
38
38
44
36
29
-15
17
47
25
13
10
8
16
13
-29
-14
-64
-57
-46
-46
-56
-74
-66
-76
-93
-108
-120
-127
-105
-126
-123
-146
-133
-106
-88
-100
-104
-89
-96
-57
-39
-65
-73
-66
-42
-41
-35
-28
-76
-53
-32
-40
-30
-35
-41
-19
0
2
-15
-26
-18
-15
-34
-19
-31
-36
-26
-40
-25
-6
4
-21
-38
-57
-44
-56
-69
-31
-37
-51
-29
-49
-29
-28
-24
-21
-11
11
28
17
27
20
24
22
6
8
28
11
-8
0
1
9
-23
-7
-21
-2
-16
-33
-24
-32
-27
-59
-60
-60
-59
-20
-43
-25
-49
-81
-69
-77
-58
-63
-60
-43
-32
-19
-6
-1
19
35
28
24
21
20
41
50
65
113
87
79
109
89
99
94
100
114
110
97
104
99
124
114
113
98
96
143
134
121
98
94
106
121
111
132
120
115
122
112
108
111
118
102
120
115
123
115
76
61
65
45
9
17
19
27
35
-6
-11
5
-6
-15
-10
-45
-54
-69
-50
-57
-66
-56
-82
-66
-92
-87
-101
-120
-115
-137
-117
-145
-122
-104
-124
-107
-94
-130
-134
-113
-107
-82
-86
-77
-75
-47
-25
-52
-47
-51
-39
-20
-23
-20
-34
-36
-24
-39
-39
-31
-19
-16
-23
-39
-66
-43
-28
-35
-19
-13
-32
-47
-40
-27
-20
-44
-54
-36
-23
-16
-14
-60
-65
-48
-30
-32
-34
-24
-31
-14
12
-7
-1
23
20
12
-4
6
4
-9
-15
-27
-33
-46
-34
8
-4
-15
-11
-28
-20
-15
-10
-28
-45
-6
-13
-20
-6
-21
-19
-7
18
21
2
21
22
27
30
53
35
41
46
50
52
54
81
79
101
87
99
110
98
121
128
141
132
126
128
145
143
114
114
104
133
139
108
108
103
91
81
95
94
95
93
84
104
96
106
103
98
96
91
61
53
59
56
45
31
27
20
5
15
-2
-44
-35
-32
-29
-39
-47
-64
-67
-55
-67
-87
-66
-81
-97
-84
-103
-107
-116
-137
-121
-137
-141
-106
-129
-120
-111
-111
-83
-76
-86
-71
-95
-84
-90
-108
-98
-90
-97
-103
-90
-68
-59
-105
-76
-70
-67
-47
-56
-49
-47
-42
-34
-43
-39
-37
-59
-52
-68
-48
-60
-46
-9
-13
-38
-24
-11
-29
-7
-7
-10
-23
-12
-32
-25
13
11
4
5
25
46
21
18
-8
17
39
24
2
9
30
35
38
23
28
43
60
45
57
58
50
47
37
33
52
47
30
46
34
38
36
11
19
38
40
47
39
23
55
32
39
27
29
52
50
34
18
28
45
66
36
37
45
62
42
50
54
77
76
70
82
92
93
94
81
71
87
78
77
72
86
85
70
44
40
38
42
44
27
28
22
43
47
33
19
-3
15
35
29
21
33
33
25
9
-3
-12
-27
-19
-36
-41
-28
-19
-35
-54
-17
-17
-19
-22
-28
-40
-57
-76
-66
-73
-74
-64
-90
-93
-87
-78
-83
-81
-97
-103
-93
-76
-81
-72
-65
-80
-86
-80
-74
-57
-76
-79
-80
-76
-42
-63
-74
-72
-49
-38
-53
-60
-57
-45
-58
-80
-75
-58
-42
-43
-63
-74
-69
-29
-37
-54
-46
-57
-42
-39
-26
-22
-10
10
-7
-8
8
8
-4
-17
0
41
50
50
34
37
52
73
74
74
92
102
106
84
59
73
102
92
73
55
68
83
85
65
57
46
63
54
40
40
30
49
35
40
40
31
26
5
-12
5
15
9
4
-5
4
9
-10
-29
-16
-9
-19
-30
-25
4
21
29
6
-2
6
3
20
5
-8
10
15
4
1
2
12
16
2
-3
-4
1
21
22
16
32
54
50
35
27
47
56
46
33
42
63
49
28
20
19
38
53
23
13
26
47
46
26
27
19
32
37
41
29
27
40
27
20
14
22
18
-7
-22
-7
8
1
-16
-18
-25
3
-7
-23
-32
-30
-31
-52
-80
-62
-36
-45
-62
-89
-75
-51
-44
-63
-76
-56
-52
-50
-79
-104
-91
-90
-84
-99
-77
-70
-72
-83
-86
-74
-59
-56
-75
-52
-49
-30
-37
-56
-50
-50
-53
-59
-65
-43
-26
-26
-40
-46
-40
-20
-18
-36
-31
-5
5
-3
8
-2
-5
1
1
-5
20
23
12
0
12
27
15
22
29
41
55
59
40
43
34
29
30
11
3
31
38
45
21
1
17
38
46
22
20
33
47
36
49
39
39
45
44
33
43
60
51
43
48
50
46
45
48
48
74
68
52
57
61
69
57
56
48
66
61
58
50
49
52
53
40
20
36
37
45
52
43
39
38
41
21
29
46
29
18
12
32
28
22
10
-3
3
11
-2
-24
-27
-5
-9
-1
-29
-38
-6
-22
-11
-20
-25
5
2
-10
-20
-29
-18
-36
-33
-35
-31
-11
-35
-48
-42
-34
-60
-60
-58
-44
-19
-33
-41
-66
-47
-24
-42
-72
-59
-48
-32
-57
-86
-57
-33
-33
-59
-70
-67
-43
-54
-89
-96
-72
-56
-52
-81
-77
-64
-51
-47
-51
-43
-30
-36
-42
-44
-31
-9
-3
-29
-40
-26
-16
-20
-47
-52
-25
-8
-29
-45
-17
4
4
-24
-38
-14
7
2
-25
-30
-14
2
8
-7
-13
12
0
2
-5
2
15
26
16
1
24
54
53
25
22
45
76
71
50
58
84
89
79
56
72
115
116
74
53
51
83
88
82
74
85
109
98
72
65
73
96
83
72
86
81
72
42
43
45
72
61
40
33
34
58
45
30
46
47
61
42
15
17
28
43
13
-10
-22
8
0
6
3
12
24
14
-1
-9
-14
-19
-24
-41
-17
-17
-20
-40
-46
-32
-28
-40
-47
-49
-27
-38
-51
-58
-54
-27
-36
-55
-66
-60
-39
-34
-72
-65
-49
-33
-34
-54
-50
-50
-39
-45
-52
-59
-51
-45
-51
-65
-52
-28
-51
-60
-52
-41
-26
-36
-46
-29
-14
-22
-48
-52
-45
-22
-18
-36
-34
-25
-3
-17
-29
-39
-21
-17
-36
-32
-43
-35
-28
-31
-44
-32
-25
-28
-38
-35
-26
-19
-25
-50
-38
-4
5
-16
-36
-17
-2
0
-21
-18
-9
7
20
-2
6
17
33
33
12
12
30
40
54
31
28
60
32
29
30
28
55
58
49
45
65
78
60
29
37
73
80
69
39
56
79
72
72
75
84
86
61
35
46
65
73
67
51
38
47
49
48
41
45
52
52
47
42
40
55
49
15
8
13
32
19
-3
6
28
20
5
7
16
23
27
19
-6
-1
11
-1
-38
-28
4
16
6
-20
-24
-15
-9
-11
-22
-30
-7
-22
-39
-48
-23
-15
-14
-26
-30
-24
-27
-49
-58
-49
-40
-33
-54
-61
-45
-45
-45
-59
-64
-44
-37
-25
-53
-52
-35
-18
-35
-38
-34
-20
12
-18
-22
-25
-9
-11
-37
-46
-25
-12
-13
-12
-12
-5
-9
-40
-54
-42
-28
-24
-45
-56
-38
-17
-16
-30
-37
-27
-28
-52
-61
-48
-47
-27
-54
-70
-55
-42
-19
-19
-27
-28
-1
-13
-27
-24
-20
-7
-10
-12
-8
5
10
3
-12
-6
21
22
3
5
22
33
37
11
12
37
31
17
2
17
27
50
17
2
15
32
46
43
45
51
62
62
56
45
42
58
61
40
46
60
73
58
63
60
75
61
51
63
77
95
87
86
85
92
92
88
67
75
83
79
59
30
24
28
37
25
9
20
27
26
3
1
18
5
2
-11
-10
4
-11
-23
-39
-31
-21
-36
-46
-58
-43
-19
-27
-37
-24
-23
-37
-43
-59
-50
-28
-21
-27
-35
-46
-17
-17
-30
-39
-21
-7
-16
-20
-33
-22
-28
-40
-38
-36
-29
-25
-34
-39
-24
-4
-12
-15
-23
-27
-12
-30
-42
-29
-14
1
-22
-34
-28
-2
1
-11
-35
-29
-11
-9
-26
-41
-34
-20
-27
-39
-28
-12
0
-17
-28
-11
-8
-22
-31
-40
-32
-19
-10
-19
-38
-25
-16
-20
-36
-31
-15
-12
-30
-41
-31
-26
-32
-32
-33
-37
-17
-15
-20
-24
-24
-19
-10
-22
-24
-5
-18
-23
-25
-18
-13
-17
-22
-6
12
15
31
9
7
25
29
26
20
36
39
43
25
20
41
56
53
43
43
42
62
68
75
63
65
79
77
71
68
74
77
77
75
84
95
81
71
68
70
77
77
56
53
65
45
49
46
44
44
45
31
42
48
52
50
30
16
12
28
34
16
2
3
8
3
-4
-1
-9
1
-13
-24
-10
-7
-18
-17
-32
-34
-24
-22
-40
-38
-31
-39
-27
-38
-34
-29
-34
-47
-61
-50
-44
-42
-43
-50
-50
-38
-38
-47
-55
-54
-44
-65
-62
-62
-60
-44
-45
-55
-49
-43
-43
-35
-41
-32
-33
-28
-35
-30
-34
-34
-27
-36
-18
-5
-2
-4
-27
-20
-7
-12
-20
-17
-10
-4
8
2
1
-5
-3
8
-18
-20
-17
-12
-23
-25
-14
-12
-11
-30
-22
-8
-12
-18
-18
-16
-16
-23
-19
-17
-20
-14
-21
-24
-16
-14
0
-10
-12
-22
-14
-4
-11
-5
-14
-2
12
18
13
13
28
33
25
25
23
23
34
25
34
36
30
33
33
43
47
52
55
50
63
60
57
53
41
50
61
65
57
67
70
84
78
64
60
58
72
71
60
50
44
45
49
40
44
33
34
29
26
19
14
20
9
4
4
1
2
1
-1
-6
-8
-4
-4
4
-11
-10
-18
-12
-13
-8
-3
-16
-26
-21
-9
-18
-23
-13
-17
-14
-8
-11
-5
-12
-19
-27
-37
-38
-35
-37
-44
-44
-39
-22
-21
-25
-24
-26
-23
-20
-22
-26
-29
-30
-27
-31
-26
-12
-3
-5
-13
-10
4
13
7
-7
-10
-10
-9
-9
-15
-14
-27
-39
-39
-41
-58
-51
-48
-54
-45
-53
-46
-41
-47
-50
-37
-28
-31
-29
-46
-37
-42
-27
-24
-23
-23
-27
-33
-32
-13
-23
-8
-20
-24
-14
-5
-10
-4
-7
-1
-1
1
3
-13
-4
-11
-21
-17
-20
-20
-13
-7
-10
-3
11
11
15
5
13
23
34
36
45
45
37
59
71
61
56
57
54
51
52
61
65
56
52
51
53
57
51
56
53
58
57
59
64
64
58
45
53
49
49
63
60
49
45
39
45
35
32
32
29
25
12
22
18
10
-1
0
-1
3
6
-14
-15
-28
-22
-18
-18
-11
-12
-20
-12
-5
-15
-12
-22
-30
-31
-31
-19
-11
-6
1
-6
-5
-3
-2
8
8
13
8
8
7
6
-7
-5
-20
-22
-4
-4
1
-19
-29
-33
-32
-37
-38
-36
-39
-38
-39
-48
-34
-29
-27
-27
-30
-22
-15
-13
-18
-23
-24
-19
-12
-24
-34
-41
-36
-38
-31
-32
-36
-28
-36
-40
-31
-32
-38
-34
-41
-47
-55
-57
-61
-70
-75
-69
-83
-74
-74
-74
-69
-69
-63
-56
-38
-37
-35
-36
-32
-25
-21
-12
-13
-11
-1
-1
5
11
17
15
15
18
34
37
55
60
64
73
73
78
60
