-56
-48
-82
-109
-149
-162
-190
-187
-203
-206
-199
-220
-209
-179
-162
-86
-10
33
71
117
143
118
116
107
92
37
3
9
-25
-53
-43
-46
-25
74
137
178
281
324
369
450
497
502
475
466
406
339
273
218
178
161
211
259
220
234
186
103
17
-99
-196
-288
-296
-279
-203
-147
-67
-6
64
97
96
6
-144
-289
-377
-477
-537
-563
-528
-504
-491
-459
-359
-282
-271
-203
-137
-56
3
45
101
111
71
72
21
-39
-10
-45
-95
-74
-47
41
109
168
176
99
118
103
-3
-79
-102
-108
-108
-33
57
79
142
164
138
51
-94
-264
-406
-514
-549
-566
-597
-530
-464
-400
-346
-292
-285
-309
-268
-201
-153
-97
-68
36
128
191
223
230
229
189
154
165
161
180
229
319
383
387
420
384
428
406
347
320
305
290
301
315
366
377
335
340
241
46
-122
-256
-353
-392
-444
-409
-276
-213
-164
-135
-102
-149
-170
-117
-128
-90
-39
1
107
174
169
134
96
54
-2
-36
-34
-34
-13
15
92
236
353
438
450
507
451
396
376
373
388
371
416
372
310
238
105
-8
-172
-281
-360
-414
-395
-358
-290
-265
-218
-154
-115
-154
-183
-176
-122
-80
-42
23
59
97
67
85
12
14
-10
-10
47
34
89
146
232
237
249
288
287
264
239
235
263
197
150
125
107
93
88
80
3
-86
-210
-303
-444
-568
-637
-688
-678
-668
-636
-582
-549
-546
-505
-474
-421
-381
-302
-273
-239
-152
-196
-209
-197
-171
-168
-155
-94
-21
39
84
206
292
307
303
353
382
387
399
396
391
416
410
419
408
324
271
183
98
7
-133
-207
-304
-339
-397
-400
-398
-405
-339
-263
-268
-278
-250
-205
-208
-252
-254
-262
-195
-233
-223
-227
-252
-253
-219
-126
-1
73
179
340
415
474
514
586
622
627
650
691
752
742
780
733
722
687
566
469
377
303
233
153
70
-46
-109
-140
-227
-247
-258
-282
-302
-311
-260
-270
-301
-279
-317
-300
-337
-355
-405
-455
-413
-349
-271
-199
-102
-54
-4
39
89
165
250
289
241
267
288
309
339
379
419
421
458
455
430
348
301
333
291
256
221
182
129
72
-33
-135
-220
-288
-268
-269
-185
-171
-190
-250
-424
-515
-586
-621
-625
-573
-476
-342
-276
-192
-119
-84
-18
20
90
92
120
181
160
127
183
171
173
221
230
244
238
257
300
234
180
145
94
26
-13
-90
-149
-158
-249
-290
-340
-300
-294
-281
-253
-219
-252
-265
-340
-426
-504
-569
-518
-505
-510
-510
-437
-391
-296
-243
-184
-86
-35
37
108
176
176
115
23
18
14
49
42
102
202
344
402
382
339
225
200
139
70
-15
-2
-9
30
95
117
144
124
129
74
91
112
114
139
193
157
152
132
58
-54
-133
-119
-134
-105
-60
75
177
255
292
289
281
263
151
68
23
93
133
132
204
307
388
369
324
313
270
200
141
94
86
62
90
122
133
131
142
150
169
190
157
143
190
203
228
214
142
30
-57
-126
-257
-339
-392
-387
-342
-348
-301
-200
-190
-175
-183
-168
-138
-126
-109
-76
-58
-55
-53
-22
-8
-73
-91
-115
-135
-114
-36
-12
0
-4
-46
-5
-9
-31
-44
2
38
118
213
293
367
398
357
266
150
62
-52
-175
-324
-420
-439
-482
-428
-355
-314
-286
-248
-200
-152
-113
-89
-113
-112
-132
-122
-100
-66
-75
-85
-67
-136
-163
-217
-217
-199
-179
-159
-94
-56
-54
-16
16
56
86
168
259
378
418
406
333
226
125
2
-72
-219
-358
-421
-424
-441
-488
-429
-339
-319
-269
-206
-154
-112
-120
-61
-28
25
80
173
237
228
237
202
146
83
30
19
-1
24
98
140
240
303
385
472
517
531
533
566
548
537
533
459
418
396
359
300
190
92
-36
-102
-178
-241
-209
-236
-189
-176
-95
-50
-21
-29
-5
11
8
5
-58
7
37
55
61
29
53
-3
-17
-51
-131
-136
-140
-136
-53
18
81
190
259
300
279
281
246
226
220
164
161
146
115
123
118
91
-28
-34
-94
-156
-182
-182
-162
-133
-121
-30
2
64
127
63
35
-55
-159
-217
-243
-300
-276
-269
-284
-297
-299
-316
-347
-348
-353
-314
-283
-226
-140
-60
25
52
44
39
2
-60
-84
-98
-129
-140
-146
-112
-111
-126
-150
-170
-136
-208
-222
-219
-224
-240
-193
-106
-73
-45
-59
-25
-35
-31
-58
-40
-76
-103
-39
-49
5
45
32
-9
-49
-84
-59
-66
-108
-118
-131
-79
-59
32
137
177
230
268
290
280
202
166
126
84
101
108
84
123
150
147
161
82
92
78
83
93
91
109
177
243
266
295
358
404
347
302
313
293
254
225
183
121
30
7
-41
-78
-61
-59
-54
3
39
116
191
201
217
213
216
179
113
103
54
-6
-45
-56
-7
-23
-36
-44
-66
-57
-83
-101
-183
-216
-232
-225
-171
-120
-14
114
192
219
262
298
253
183
110
62
-15
-131
-196
-180
-220
-220
-204
-149
-69
-33
-38
-14
-20
-66
-32
-34
15
55
65
59
54
-32
-116
-160
-213
-212
-172
-129
-149
-216
-215
-267
-284
-341
-355
-289
-292
-221
-155
-17
79
140
228
210
204
160
73
7
-77
-185
-237
-220
-191
-179
-154
-135
-109
-82
-114
-104
-121
-112
-41
33
91
137
174
206
213
157
144
65
-6
-53
-104
-144
-206
-210
-217
-231
-241
-298
-325
-291
-270
-255
-197
-112
-20
88
173
215
198
177
137
137
85
12
-10
-42
-62
-38
-22
-14
-41
-8
17
26
24
51
121
193
249
331
394
395
404
388
376
333
307
235
169
143
85
95
65
29
28
17
-20
-47
-38
-15
27
23
35
63
130
183
224
258
275
277
184
167
93
10
-83
-126
-153
-226
-208
-180
-176
-147
-97
-49
-16
10
59
131
160
151
148
95
79
59
54
82
89
88
56
46
0
-54
-39
-61
-70
-68
-36
-46
13
42
54
147
192
240
279
285
331
294
255
211
119
55
-58
-149
-238
-295
-319
-349
-330
-329
-290
-261
-213
-129
-73
-93
-86
-127
-184
-192
-293
-265
-312
-311
-264
-248
-219
-212
-207
-252
-264
-283
-275
-287
-282
-236
-172
-108
4
118
238
345
332
345
282
242
169
127
104
75
55
-5
-51
-73
-70
-58
-39
-43
-38
-33
-53
-117
-112
-136
-176
-208
-273
-314
-330
-300
-239
-190
-163
-190
-165
-199
-195
-207
-246
-221
-225
-133
-117
-124
-65
60
209
313
397
411
355
309
242
205
221
228
273
338
360
388
401
412
406
382
370
348
277
235
224
155
112
44
-1
-10
-49
-45
-68
-48
-15
-14
6
68
77
50
72
34
-2
-10
-24
-77
-135
-92
-98
-92
12
45
68
9
6
44
52
78
102
178
170
240
307
364
422
383
390
389
324
231
148
103
36
-45
-95
-67
-38
-11
43
28
35
20
-10
-38
-75
-107
-165
-170
-170
-195
-220
-212
-234
-269
-284
-293
-286
-290
-326
-358
-397
-417
-393
-396
-321
-206
-143
-65
-30
24
87
95
135
183
182
160
103
58
10
-74
-127
-140
-188
-211
-176
-92
-64
-93
-33
-41
-51
-36
-15
12
29
40
58
-12
2
-39
-47
-52
-101
-162
-223
-274
-357
-392
-419
-378
-342
-279
-183
-87
-5
65
82
103
83
33
-1
-46
-80
-130
-105
-72
-51
-17
-2
32
105
147
137
161
217
222
212
240
251
248
257
255
210
175
143
97
62
111
170
225
251
248
208
124
80
20
-44
-68
-66
-63
-36
-5
34
122
176
220
258
213
181
143
90
9
-25
23
55
44
35
38
-10
-46
-91
-80
-62
-23
17
73
138
173
241
280
273
323
278
238
205
145
97
78
85
96
128
162
128
58
-25
-82
-121
-163
-84
-21
64
177
228
198
152
107
66
-5
-29
-91
-165
-196
-279
-256
-238
-203
-153
-168
-136
-125
-189
-200
-233
-238
-198
-168
-145
-73
-58
-68
-101
-115
-139
-214
-254
-272
-209
-114
-20
45
80
10
-70
-155
-227
-206
-212
-166
-164
-155
-102
-67
5
77
112
150
140
78
26
-58
-102
-115
-172
-195
-195
-230
-239
-255
-305
-322
-312
-282
-164
-38
27
69
103
114
118
105
78
64
8
23
9
22
39
8
-1
-35
-94
-118
-130
-141
-64
-38
-5
42
97
123
185
228
258
280
252
181
128
110
98
36
11
-7
-43
6
45
14
9
-41
-42
63
129
214
285
341
340
333
312
272
255
238
291
271
262
228
215
174
140
125
39
-18
-79
-85
-65
-95
-154
-146
-108
-77
-6
8
1
-52
-43
-55
-83
-70
-34
71
86
118
170
253
302
308
268
294
301
239
219
222
178
150
107
80
90
96
146
160
149
153
157
146
131
113
100
65
-61
-207
-294
-384
-424
-486
-497
-495
-521
-485
-487
-501
-511
-463
-431
-449
-417
-335
-251
-197
-194
-235
-235
-277
-282
-264
-234
-190
-216
-121
-43
6
111
141
183
240
298
323
358
366
329
282
259
280
267
268
242
165
100
-9
-63
-146
-203
-198
-192
-239
-313
-342
-425
-437
-382
-301
-228
-164
-159
-140
-126
-80
-47
22
56
37
62
-14
-95
-147
-180
-167
-158
-99
54
77
96
164
200
226
275
357
423
451
498
521
484
470
402
342
313
259
208
81
-85
-271
-385
-427
-435
-353
-317
-236
-199
-151
-51
56
174
232
212
180
153
48
25
23
-13
-61
-47
-97
-90
-65
-38
19
95
159
209
318
337
310
309
291
286
303
310
325
239
201
183
148
168
150
123
132
92
82
122
130
123
64
13
-31
-68
-70
-38
3
19
-17
-74
-135
-166
-191
-213
-159
-99
-62
-46
-38
-52
-36
-10
-28
-65
-114
-131
-165
-189
-196
-216
-144
-104
-73
-42
-11
-25
-4
57
42
70
21
13
0
-62
-97
-160
-231
-249
-258
-283
-258
-220
-223
-183
-147
-114
-55
-16
23
2
-7
-57
-109
-174
-186
-173
-120
-73
-18
64
41
43
4
35
9
50
76
74
25
-36
-60
-155
-192
-199
-275
-344
-400
-431
-396
-296
-222
-113
1
107
154
184
230
255
266
283
268
256
218
138
82
-15
-102
-131
-132
-153
-123
-131
-115
-75
41
218
371
517
629
607
491
401
286
166
104
18
-120
-241
-362
-475
-498
-512
-450
-454
-427
-368
-238
-31
100
307
400
445
440
471
443
374
342
293
225
165
51
21
45
55
138
227
315
366
399
420
446
497
552
599
600
500
329
129
-17
-111
-157
-131
-206
-300
-355
-313
-263
-226
-183
-162
-201
-204
-140
-169
-185
-167
-174
-202
-201
-172
-75
-43
-18
-42
-48
-31
9
44
89
79
37
75
133
154
77
6
-77
-93
-55
-90
-93
-128
-195
-267
-267
-225
-131
31
125
115
4
-35
-75
-75
-142
-146
-262
-370
-447
-461
-497
-566
-531
-488
-358
-209
30
211
291
327
291
314
309
285
249
153
88
-21
-124
-192
-211
-246
-282
-201
-143
-42
78
145
208
208
201
208
214
261
196
80
-52
-222
-334
-386
-366
-337
-341
-332
-283
-273
-202
-172
-109
-46
64
180
331
419
379
325
218
115
26
23
48
98
30
-59
-110
-97
-7
55
203
302
323
315
254
219
203
210
243
272
246
107
-68
-256
-429
-449
-410
-327
-253
-239
-147
-137
-81
39
186
327
362
388
336
291
276
271
261
191
134
75
71
115
137
130
111
69
82
174
328
446
492
497
450
454
447
373
306
220
99
-42
-132
-245
-288
-295
-279
-256
-282
-300
-327
-272
-267
-243
-178
-131
-46
-41
-58
-124
-259
-308
-302
-321
-328
-327
-345
-241
-163
-48
75
208
282
273
213
48
-35
-88
-119
-83
61
141
169
130
98
109
58
28
-13
-69
-50
-101
-100
-116
-101
-42
-32
-19
-29
-76
-154
-216
-221
-220
-241
-186
-145
-164
-205
-262
-302
-345
-304
-244
-209
-92
-34
-62
-95
-166
-160
-110
-85
-84
-135
-200
-270
-169
-64
72
223
319
392
441
454
379
343
252
131
24
-6
-30
20
97
161
147
34
-26
-121
-134
-158
-129
-114
-50
26
84
199
287
320
278
254
233
193
174
26
-167
-343
-479
-485
-374
-262
-184
-110
-144
-153
-98
40
241
481
631
662
541
434
348
192
91
-7
-125
-193
-143
-120
-63
-45
0
-22
13
174
260
235
277
234
138
182
316
504
557
541
458
258
74
-54
-190
-301
-392
-519
-504
-416
-264
-73
90
222
227
146
112
144
159
202
137
76
14
-68
-120
-157
-220
-245
-247
-180
-102
31
143
129
205
238
166
139
119
65
13
-119
-218
-262
-145
-87
-68
-102
-158
-214
-261
-229
-221
-177
-190
-186
-212
-187
-164
-156
-143
-183
-229
-289
-292
-309
-259
-213
-139
-142
-152
-106
-145
-124
-123
-48
13
-40
-68
-88
-109
-113
-75
10
33
69
156
156
34
-7
73
195
317
389
329
218
82
-80
-181
-232
-198
-59
-31
-71
-79
-169
-162
-85
-50
-58
-72
-122
-151
-126
-73
-51
-42
-11
38
127
212
322
348
335
279
220
140
95
62
86
38
7
45
20
38
57
96
99
124
140
189
237
283
249
227
248
254
278
254
291
174
82
33
-74
-134
-173
-161
-161
-151
-186
-173
-104
-57
-13
0
-14
-22
8
56
145
167
121
101
52
24
37
53
-12
-58
-95
-86
-3
67
188
289
301
242
163
84
100
121
114
159
101
37
-4
28
38
-41
-95
-156
-236
-268
-181
-100
-63
-17
39
96
85
112
164
209
235
166
53
-84
-168
-205
-220
-183
-135
-105
-169
-254
-285
-347
-331
-248
-192
-189
-187
-213
-285
-275
-228
-174
-117
-83
-106
-100
-137
-63
17
77
90
69
37
-93
-148
-191
-179
-183
-132
-113
-89
-63
-79
-111
-100
-25
16
123
166
184
137
79
48
84
209
235
264
262
117
-24
-106
-185
-150
-104
-118
-127
-154
-207
-252
-233
-199
-110
-63
6
41
21
27
9
-6
37
109
105
73
11
-55
-48
-14
45
101
145
217
242
266
233
199
199
221
246
178
133
77
87
202
285
288
209
175
93
18
-20
-62
-75
-98
-173
-187
-146
-65
76
143
158
186
149
151
204
238
257
213
118
35
-15
-81
-82
-66
-112
-187
-244
-213
-140
19
138
195
143
79
17
-61
-102
-110
-48
8
62
66
136
176
192
227
178
110
4
-77
-61
2
77
105
130
64
-18
-67
-101
-103
-111
-144
-163
-171
-215
-215
-200
-141
-64
-16
39
114
126
154
160
83
33
45
129
110
34
-53
-128
-166
-157
-107
-77
-75
-131
-96
-95
-69
-46
-96
-152
-181
-230
-284
-240
-174
-116
-155
-310
-415
-423
-263
-46
21
-27
-155
-261
-268
-121
78
231
290
245
139
43
-2
39
58
36
-19
-116
-286
-401
-442
-410
-252
-103
43
175
271
281
277
266
248
217
191
213
172
49
-180
-316
-367
-315
-167
-63
16
1
-10
-7
109
243
266
298
264
114
-28
-125
-140
-140
-118
-98
-99
-132
-112
-10
84
144
169
207
252
327
355
403
445
463
495
390
259
146
54
-33
-81
-121
-154
-118
-83
-14
32
161
280
397
501
502
423
239
120
80
53
86
130
61
-105
-273
-327
-316
-184
-11
97
178
154
144
108
86
100
105
84
24
-41
-161
-237
-278
-312
-313
-236
-197
-152
-120
-96
-95
-19
138
210
244
157
43
-14
-41
6
29
66
3
-102
-248
-349
-306
-185
-11
71
35
-83
-157
-162
-119
25
96
119
1
-155
-261
-373
-363
-299
-181
-245
-332
-357
-311
-204
-118
52
91
89
69
43
65
54
-32
-8
41
48
-20
-137
-282
-362
-426
-408
-248
-107
-31
-85
-111
-135
-58
136
330
413
335
184
44
-30
12
98
129
115
-55
-205
-219
-188
-149
-62
0
25
39
23
28
116
210
309
331
290
292
221
172
154
163
199
156
102
24
-11
-10
66
198
251
285
232
151
132
78
28
62
83
40
-79
-169
-260
-347
-335
-336
-265
-220
-214
-221
-252
-189
-110
35
158
263
203
83
22
-21
33
114
112
178
139
85
115
166
216
202
261
230
221
187
166
188
302
409
460
504
397
189
68
39
53
94
80
-4
-114
-155
-85
60
142
93
14
-119
-213
-259
-235
-148
-77
-57
-136
-189
-217
-239
-214
-186
-143
-173
-172
-135
-158
-150
-113
-46
-28
68
111
71
-12
-124
-207
-187
-24
137
232
199
110
-25
-162
-151
-80
-50
-45
-110
-184
-275
-298
-271
-227
-144
-123
-134
-154
-99
-44
25
92
95
70
1
-13
-15
54
33
-81
-106
-151
-188
-114
-56
-52
-50
-119
-181
-160
-87
-39
-9
-25
-41
-36
-10
11
10
14
-18
-94
-148
-164
-167
-106
-51
-61
-57
-112
-46
36
81
123
97
11
-70
-26
27
47
58
58
23
77
125
118
156
203
230
194
213
203
173
210
237
241
233
214
203
179
170
78
43
61
61
149
192
166
121
52
-2
39
69
117
167
196
173
143
116
29
-43
-52
-30
-49
-38
-29
-108
-181
-183
-181
-148
-101
-48
0
44
124
212
220
188
158
111
136
148
177
179
140
50
-54
-52
-102
-186
-151
-167
-178
-151
-126
-83
-53
77
205
287
297
255
207
171
133
23
-49
-58
-27
-43
-76
-126
-249
-324
-299
-254
-178
-105
-83
-122
-152
-134
-120
-118
-78
-79
-124
-164
-206
-265
-317
-336
-303
-264
-261
-196
-125
-60
-29
7
50
48
56
127
159
120
94
43
11
-6
-64
-132
-203
-346
-318
-196
-54
39
18
4
29
113
223
278
247
166
54
-75
-161
-214
-199
-124
-58
-54
-129
-181
-198
-97
35
113
120
114
144
170
174
112
45
-82
-146
-179
-150
-129
-167
-218
-258
-208
-114
-6
57
130
180
239
319
413
476
492
388
223
186
122
71
20
-74
-192
-354
-394
-301
-129
17
107
183
165
204
279
386
511
550
521
389
256
161
52
42
36
26
63
88
95
83
58
84
115
99
125
192
245
320
324
328
210
46
-56
-150
-155
-125
-153
-238
-320
-325
-288
-242
-204
-169
-126
-20
88
120
120
91
6
-33
5
14
17
-37
-87
-158
-211
-233
-304
-233
-84
-8
17
-48
-107
-73
-24
80
136
68
16
-24
-74
-105
-83
-17
-3
26
10
30
23
-17
-32
-29
3
50
92
87
81
47
-28
-143
-240
-352
-432
-344
-269
-306
-336
-384
-420
-349
-299
-247
-196
-144
-112
-42
24
34
-47
-96
-112
-155
-165
-137
-134
-183
-206
-244
-183
-103
-1
116
229
273
195
166
137
130
134
154
144
124
11
-44
-56
-41
-2
42
119
118
186
276
336
324
293
287
327
300
237
185
139
48
-15
-38
-114
-193
-204
-133
-72
-118
-105
-88
-96
30
180
287
393
422
388
373
314
282
210
183
147
96
-15
-73
-48
-63
-6
-5
-10
-73
-129
-115
-53
41
145
189
194
163
111
77
-16
-5
-42
-58
-13
-59
-60
-142
-193
-167
-80
114
222
270
252
135
76
87
186
262
341
263
86
-61
-235
-324
-283
-165
-79
-71
-215
-300
-283
-197
1
121
134
100
65
10
17
26
48
52
19
-5
-53
-90
-111
-118
-103
-94
-95
-121
-153
-199
-207
-107
-114
-49
-8
-66
-185
-248
-280
-268
-163
-70
-39
-129
-225
-317
-267
-159
26
226
323
269
64
-4
-68
-14
110
181
131
-13
-197
-353
-431
-442
-267
-119
-24
-8
-63
-148
-166
-117
33
147
180
184
100
-8
-100
-126
-100
-5
60
28
-38
-135
-120
-34
47
157
219
193
126
131
99
157
190
150
79
-43
-193
-306
-323
-242
-140
-160
-177
-236
-249
-139
-6
126
292
445
482
525
495
417
362
330
321
322
276
138
-37
-211
-262
-177
-4
153
197
149
-30
-130
-52
81
230
337
281
130
1
-148
-177
-130
-39
11
15
-50
-83
-31
94
264
345
396
338
278
252
216
220
224
172
153
53
-115
-265
-408
-428
-397
-271
-225
-194
-197
-166
-71
13
118
247
352
306
275
171
67
30
55
90
82
3
-68
-228
-364
-333
-246
-125
-7
70
74
27
-51
-27
14
111
164
98
34
-93
-216
-276
-248
-181
-138
-152
-160
-199
-218
-143
-69
20
78
52
18
-40
-24
4
-11
26
7
-36
-130
-216
-293
-378
-391
-359
-352
-371
-421
-443
-414
-372
-248
-149
-23
73
73
93
134
125
152
170
185
165
103
32
1
42
78
123
191
169
163
115
69
65
131
257
276
219
93
-3
-93
-98
-65
42
100
123
106
9
-64
-95
-59
22
103
135
89
5
-45
-38
-7
25
93
64
-33
-151
-228
-255
-225
-188
-86
-76
-98
-110
-122
-91
-17
118
247
344
347
343
256
147
108
129
149
166
113
31
-33
-76
-64
62
197
229
255
191
107
104
151
222
265
261
211
126
60
76
87
180
252
255
244
173
100
59
83
163
201
166
151
113
40
21
40
99
152
132
80
-95
-286
-375
-414
-334
-203
-116
-142
-189
-238
-245
-189
-35
109
147
170
84
-44
-134
-185
-214
-192
-219
-327
-413
-475
-487
-400
-291
-184
-112
-73
-75
-85
-63
-42
-39
12
24
-6
-44
-63
-73
-63
-6
-7
8
29
-33
-71
-45
-61
-39
18
79
150
156
108
81
-5
-95
-162
-162
-203
-280
-342
-400
-444
-384
-295
-240
-130
-81
-49
-21
25
144
244
274
198
148
70
42
42
16
-19
-81
-112
-129
-83
14
148
216
184
161
161
135
134
173
166
141
105
60
-1
-84
-87
-76
-31
61
112
159
178
185
142
114
125
200
300
345
375
273
193
104
74
88
77
68
44
-15
-105
-176
-192
-107
-19
114
222
244
259
212
243
253
218
202
138
88
59
-1
-55
-51
-52
-30
-50
-16
13
-2
20
-16
9
42
48
80
6
-81
-107
-112
-63
-44
-14
-58
-70
-33
-30
55
127
144
142
127
72
-17
-23
-22
5
79
125
121
59
-38
-144
-210
-129
-64
-25
-11
-44
-113
-191
-211
-208
-167
-109
-122
-175
-278
-371
-379
-325
-179
-80
-43
-43
-88
-154
-131
-67
32
110
130
156
103
85
88
41
36
14
-84
-170
-264
-320
-295
-277
-210
-184
-150
-146
-131
-48
-27
11
30
50
114
108
74
38
16
-3
13
54
-26
-141
-247
-343
-388
-285
-178
-88
-46
-51
-111
-196
-186
-158
-21
67
94
95
76
43
-12
-27
66
213
298
276
243
179
156
168
180
195
174
175
130
132
166
176
240
252
224
177
129
146
99
47
27
-33
-42
-54
12
120
118
185
248
317
379
388
319
252
235
198
175
180
132
28
-45
-144
-177
-155
-100
-20
12
-35
-145
-222
-249
-178
-108
-8
50
81
52
-13
-16
8
48
74
53
28
22
21
26
77
63
6
-18
-48
-33
-13
5
19
15
-22
-67
-96
-57
-4
18
38
39
52
13
10
77
90
98
112
128
69
53
6
-88
-147
-172
-141
-134
-101
-115
-193
-282
-298
-240
-173
-105
-55
-87
-153
-237
-295
-291
-251
-193
-130
-78
-104
-158
-191
-206
-172
-77
-18
-15
15
51
66
31
0
2
-45
-110
-78
-41
-32
-55
-89
-47
-51
-39
-62
-50
-19
19
68
56
74
16
44
62
57
40
43
57
54
59
-7
-32
-73
-67
-23
29
70
93
16
-43
-77
-89
-8
44
73
13
-76
-152
-153
-144
-95
11
56
129
151
170
188
221
231
225
279
233
216
221
190
157
140
65
-17
-28
-53
-12
26
9
-22
-61
-101
-80
6
87
115
57
3
-18
3
50
106
151
150
85
9
7
52
56
95
160
119
145
151
200
265
380
386
322
309
236
168
95
66
-20
-90
-152
-206
-169
-142
-103
-7
119
261
368
346
304
268
274
258
200
169
129
100
-8
-100
-141
-185
-196
-177
-186
-164
-184
-264
-323
-381
-423
-484
-550
-651
-715
-753
-747
-743
-730
-692
-704
-629
-588
-468
-298
-159
-74
-15
7
17
57
142
220
215
234
215
142
125
83
106
165
264
326
303
264
225
200
187
250
310
379
382
294
219
131
134
150
274
427
446
490
520
597
669
703
741
728
657
527
374
211
42
-94
-121
-157
-186
-249
-354
-432
-536
-649
-723
-808
-849
-937
-975
-1056
-1177
-1189
-1191
-1137
-1041
-960
-925
-822
-644
-444
-223
-87
10
46
70
32
30
48
38
57
-2
-53
-76
-70
9
92
181
254
303
373
419
518
600
677
755
812
826
763
743
781
819
894
893
894
1020
1129
1257
1387
1578
1865
1993
1964
1870
1775
1678
1436
1061
738
446
230
-98
-354
-474
-623
-712
-711
-595
-499
-635
-934
-1178
-1386
-1582
-1809
-2022
-2109
-2273
-2507
-2654
-2549
-2191
-1886
-1468
-851
-382
-116
18
287
738
877
701
403
8
-278
-545
-960
-1162
-1208
-1013
-851
-834
-458
-41
156
307
434
495
397
20
-117
-218
-418
-559
-766
-636
-402
-118
317
700
1362
2005
2377
2681
2925
2977
2783
2372
2303
2165
1777
1460
1074
961
995
1026
1218
1349
1728
2154
2236
2087
1717
1329
841
202
-187
-595
-1237
-1975
-2543
-2802
-3019
-3098
-3062
-2962
-2748
-2754
-2962
-3088
-3148
-3191
-3203
-3192
-3258
-3212
-3204
-3089
-2754
-2199
-1324
-445
275
917
1661
2342
2560
2100
1516
956
376
-159
-1150
-1837
-2093
-2034
-1653
-1330
-655
186
801
1397
1930
2351
2416
1958
1622
1148
335
-535
-1258
-1440
-1013
-538
19
404
1121
2156
2891
3586
4249
4697
4783
4234
3679
3275
2522
1750
1172
886
1015
1264
1481
1566
2006
2740
3257
3386
3307
3282
2849
1999
1018
57
-864
-1750
-2637
-3072
-3306
-3605
-3855
-3993
-3722
-3219
-2890
-2976
-3025
-2987
-2983
-3388
-3705
-3791
-3788
-3875
-4005
-3767
-3204
-2392
-1642
-759
241
1159
1785
1895
1768
1506
1076
604
-100
-969
-1621
-1938
-1794
-1589
-1142
-255
649
1441
2084
2582
2971
2905
2482
2158
1696
886
-2
-689
-949
-889
-697
-363
282
1146
1972
2557
3198
3772
4259
4283
3900
3496
2923
2122
1271
675
361
343
485
727
1037
1455
1901
2188
2370
2609
2640
2354
1767
750
-142
-1017
-1841
-2456
-3152
-3744
-4023
-4348
-4412
-4323
-4115
-3694
-3657
-3678
-3577
-3675
-3882
-4317
-4438
-4281
-4311
-4323
-4334
-3797
-2560
-1397
-408
660
1657
2627
3020
2713
2344
1485
728
105
-803
-1307
-1589
-1541
-1177
-994
-27
1227
1730
2338
2993
3396
3417
2670
2062
1496
447
-326
-1263
-1803
-1624
-1303
-387
474
1711
3025
3583
4156
4823
5143
5207
4657
4162
3649
2601
1821
1295
1056
1430
1832
2299
2734
3361
4143
4282
4158
4234
3979
3365
2314
1052
55
-1235
-2476
-3255
-3976
-4111
-4184
-4535
-4405
-4241
-4046
-3897
-3904
-3627
-3642
-4239
-4799
-5281
-5414
-5485
-5843
-5751
-5323
-4551
-3304
-2282
-986
363
1473
2681
3141
3163
3018
1981
1283
532
-614
-1246
-1949
-2082
-1763
-1673
-540
601
1419
2555
3119
3533
3603
3049
2782
1935
884
251
-725
-1045
-1002
-800
-28
607
1884
3065
3587
4360
4917
4998
4913
4306
3958
3330
2323
1759
1230
1143
1496
1807
2266
2740
3381
3968
4103
3921
3721
3265
2535
1384
211
-866
-1954
-2961
-3959
-4853
-5212
-5525
-5991
-5925
-5847
-5557
-5580
-5770
-5446
-5368
-5667
-5975
-6318
-6314
-6212
-6245
-5990
-5465
-4077
-2752
-1755
-370
1052
2388
3318
3657
3990
3654
2925
2218
1017
363
-21
-569
-798
-893
-357
688
1348
2424
3505
4088
4520
4391
4223
3764
2680
1839
1047
386
191
-142
-210
48
899
2003
2777
3525
4511
5112
5325
5232
4962
4713
4036
3374
2925
2397
2325
2103
1917
2362
2816
3184
3301
2905
2801
2552
2026
1390
448
-423
-1301
-2335
-3270
-4277
-5044
-5486
-5940
-6106
-6039
-6211
-6289
-6488
-6485
-6148
-6254
-6348
-6431
-6443
-6008
-5722
-5371
-4647
-3579
-2005
-701
595
2194
3351
4089
4433
4658
4580
3712
2804
1652
505
1
-603
-1044
-962
-623
219
915
1525
2677
3244
3390
3539
3377
3146
2310
1124
393
-321
-641
-676
-707
-128
646
1441
2300
3082
4155
4991
5083
4906
4554
4088
3506
2713
2396
2290
2195
2279
2300
2484
3046
3357
3355
3088
2697
2230
1498
695
-228
-1213
-2064
-2785
-3683
-4388
-5110
-5651
-5928
-6073
-5908
-5874
-5911
-6003
-6194
-6276
-6488
-6774
-6827
-6800
-6557
-6327
-6019
-5343
-4298
-2875
-1233
448
1919
3226
4073
4802
5227
4834
3932
2957
1984
1131
2
-1074
-1426
-1429
-983
-535
166
1209
2071
2830
3463
3594
3715
3323
2681
2007
951
81
-631
-1010
-596
73
698
1470
2408
3558
4357
4934
5510
5742
5634
5384
4988
4471
4062
4030
3866
3820
3895
4270
4649
4532
4315
3932
3455
3276
2815
1811
742
-159
-1123
-2321
-3368
-3961
-4584
-5329
-5759
-6021
-6329
-6662
-7024
-7189
-7152
-7218
-7603
-8061
-8187
-7849
-7717
-7588
-6969
-5885
-4709
-3669
-2157
-195
1350
2577
3785
4933
5761
5502
4364
3423
2702
2061
1003
-263
-484
-235
-2
208
835
2099
3348
4118
4739
5144
5153
4533
3590
3009
2235
1294
252
-620
-705
-339
-117
367
1369
2797
3681
3954
4230
4457
4453
3962
3316
2775
2231
1867
1597
1569
1824
2208
2646
3050
3486
3736
3387
2763
2201
1893
1220
83
-866
-1727
-2672
-3596
-4431
-4919
-5269
-5532
-5759
-5978
-5966
-6221
-6584
-6935
-7287
-7490
-7809
-8183
-8231
-8220
-7933
-7359
-6467
-5125
-3503
-1703
-47
1544
3103
4550
5622
6043
5915
5334
4257
3332
2201
882
36
-430
-429
-435
-116
1013
2068
3124
4342
5183
5702
5598
5184
4783
3887
2637
1315
197
-229
-452
-700
-541
70
1195
2278
3057
3886
4703
5073
4917
4655
4418
3911
3276
2634
2548
2582
2468
2442
2601
3353
3949
3765
3439
2975
2532
2156
1337
484
-412
-1428
-2436
-3458
-4253
-4661
-5202
-5822
-5936
-5965
-6203
-6716
-7241
-7415
-7636
-8066
-8438
-8791
-8666
-8364
-7976
-7223
-6082
-4539
-3007
-1420
535
2380
3765
4652
5292
5961
5934
5134
4222
3098
2295
1537
679
440
669
1209
1828
2374
3392
4428
4925
5376
5566
5657
5161
3849
2618
1549
460
-213
-864
-1123
-827
-736
-140
595
1751
3305
3979
4451
4859
4791
4644
4052
3426
3149
2761
2582
2325
2107
2383
2784
2928
2937
2873
2849
2468
1970
1386
474
-439
-1350
-2302
-3276
-4318
-5188
-5887
-6589
-6857
-7017
-7291
-7461
-7622
-7845
-8053
-8385
-8707
-8828
-8778
-8480
-8203
-7669
-6774
-5402
-3818
-2177
-238
1536
3083
4452
5467
6163
6321
5775
5122
4265
3334
2261
1143
630
530
859
1353
1761
2639
3670
4279
4969
5388
5490
5194
4410
3551
2444
1100
179
-510
-906
-607
-412
68
713
1653
2782
3566
4299
4956
5312
5534
5183
4718
4341
3861
3794
3711
3405
3573
3602
3722
4102
4078
3789
3429
2892
2451
1538
280
-803
-1992
-3263
-4499
-5574
-6305
-7018
-7639
-8000
-8281
-8126
-8058
-8214
-8297
-8451
-8609
-8646
-8780
-8684
-8365
-8205
-7677
-6763
-5274
-3421
-1670
202
2233
4172
5864
6814
7269
7302
6918
6428
5810
4760
3571
2538
1871
1729
1691
1936
2488
3059
3837
4622
5017
5087
4661
4221
3859
2795
1476
189
-928
-1393
-1638
-1708
-1475
-992
-148
697
1516
2479
3168
3746
3965
3974
3975
3626
3125
2860
2918
3025
3351
3481
3688
4137
4343
4274
4039
3745
3289
2525
1445
229
-918
-2146
-3461
-4732
-5836
-6525
-7289
-7947
-8175
-8116
-7980
-7987
-8028
-8076
-8249
-8504
-8807
-9032
-8869
-8697
-8372
-7792
-6661
-5136
-3804
-2287
-338
1867
3814
5023
5749
6273
6499
6423
5883
5114
4543
3990
3431
2941
2854
2909
2986
3216
3856
4661
4766
4620
4539
4445
4170
3320
2302
1723
1301
928
386
76
291
747
1178
1537
2038
2469
2684
2705
2987
3140
2931
2549
2093
2022
2205
2500
2748
3219
3903
4517
4799
4708
4445
3973
3313
2698
1688
324
-1108
-2582
-3766
-4866
-6059
-6799
-7286
-7516
-7283
-7250
-7127
-6727
-6640
-6538
-6521
-6757
-7148
-7721
-8063
-8178
-8272
-7927
-7105
-5793
-4292
-2646
-795
1184
2982
4555
5794
6567
6985
6894
6236
5537
4785
4070
3393
2649
2265
2164
2141
2365
2767
3455
3971
4323
4531
4447
4242
3671
2758
2018
1521
1032
457
79
58
107
205
471
914
1513
1907
2262
2500
2554
2572
2443
2280
2334
2480
2617
2843
3196
3767
4291
4643
4710
4384
3803
3137
2351
1366
61
-1231
-2434
-3624
-4776
-6043
-7044
-7491
-7809
-7882
-7867
-7814
-7606
-7543
-7571
-7632
-7985
-8416
-8728
-8914
-8806
-8652
-8520
-7744
-6109
-4543
-2910
-1097
965
2997
4417
5463
6366
6793
7087
6764
5867
5371
4656
3942
3319
2765
2851
3056
2886
3358
4137
4614
4982
4883
4956
5076
4310
3204
2216
1643
1382
651
10
38
273
482
479
757
1625
1985
2222
2432
2524
2745
2367
1973
2216
2608
3114
3337
3323
4162
5131
5377
5207
4677
4329
3937
3121
1921
694
-453
-1753
-3115
-4427
-5501
-6367
-7079
-7577
-7605
-7415
-7560
-7811
-7840
-7659
-7660
-8056
-8613
-8860
-8767
-8733
-9000
-8868
-7770
-6195
-4753
-3279
-1357
1047
2949
4100
5316
6344
6993
7043
6466
6401
6290
5726
4876
4096
4275
4374
4081
4103
4290
4863
5113
4707
4617
4774
4395
3528
2667
2076
1806
1083
227
150
556
734
512
371
947
1465
1400
1175
1088
1322
1190
707
722
1174
1722
2165
2474
3330
4486
5074
5227
5048
4778
4341
3503
2489
1272
-13
-1394
-2930
-4010
-5042
-6238
-7090
-7815
-8081
-7978
-8101
-8030
-7838
-7785
-7712
-7907
-8334
-8739
-9020
-9161
-9265
-9248
-8749
-7952
-6755
-5069
-3319
-1261
706
2396
4310
5675
6669
7249
7133
7057
6894
6320
5693
4902
4425
4166
3816
3884
4001
4131
4627
4923
5003
5165
4795
4399
3912
3298
2822
1882
929
340
70
143
90
35
562
1014
1545
1959
2109
2437
2483
2228
2198
2278
2466
2714
2784
3178
3896
4580
5065
5420
5229
4751
4251
3585
2774
1467
38
-1209
-2461
-3548
-4951
-6312
-7082
-7652
-8115
-8360
-8540
-8515
-8412
-8586
-8392
-8388
-8678
-9025
-9309
-9240
-9046
-8925
-8370
-7257
-5862
-4241
-2666
-694
1660
3531
4959
6165
7001
7671
7541
7129
7041
6599
6172
5473
4873
5081
5038
4993
5186
5425
6092
6361
6033
5871
5501
4770
3850
2733
1884
1207
144
-625
-840
-770
-618
-761
-526
217
754
1119
1113
1234
1544
1221
735
739
807
1145
1320
1438
2308
3217
3981
4480
4469
4516
4312
3523
2818
1768
593
-504
-2044
-3314
-4415
-5754
-6675
-7424
-7915
-7988
-8281
-8474
-8386
-8383
-8323
-8529
-8929
-9174
-9461
-9623
-9663
-9582
-8808
-7791
-6675
-5093
-3281
-1146
946
2427
3914
5324
6353
7112
7221
7130
7144
6758
6239
5797
5564
5748
5715
5746
6110
6446
6756
6794
6651
6547
6025
5090
4167
3263
2559
1844
840
150
-92
-286
-554
-763
-611
-173
151
285
303
364
440
166
-205
-25
221
554
1162
1576
2693
3636
4153
4844
5080
5059
4637
3666
2860
1862
377
-840
-2167
-3291
-4191
-5374
-6079
-6507
-6893
-6816
-7080
-7195
-6975
-7204
-7402
-7634
-8071
-8543
-9035
-9436
-9501
-9459
-8950
-8064
-7000
-5397
-3435
-1377
681
2475
4210
5688
6815
7525
7559
7471
7240
6666
6013
5518
5212
5283
5311
5586
6065
6451
6747
6873
7042
6959
6368
5651
4905
4116
3263
2021
956
389
-61
-332
-586
-735
-559
-227
49
181
199
214
-27
-522
-733
-759
-518
43
324
970
1825
2725
3902
4661
4620
4394
3938
3444
2771
1215
-109
-1136
-2257
-3443
-4790
-5766
-6337
-6958
-7295
-7319
-7292
-7213
-7446
-7586
-7438
-7748
-8471
-9104
-9476
-9416
-9537
-9880
-9570
-8388
-7018
-5651
-3964
-1757
668
2622
4011
5263
6537
7168
7132
6780
6614
6456
5787
4950
4480
4809
5099
5028
5365
6059
6834
7162
7079
6946
6911
6220
5029
4017
3231
2377
1343
388
96
199
56
-182
-138
453
891
928
926
959
921
570
-205
-609
-554
-223
317
677
1461
2788
3787
4680
5022
4892
4853
4199
3464
2398
772
-408
-1806
-3211
-4164
-5520
-6542
-7016
-7715
-7859
-7770
-7904
-7840
-7846
-7668
-7513
-8028
-8745
-9058
-9077
-8904
-9063
-9026
-8103
-6840
-5356
-3737
-1893
464
2600
4064
5386
6578
7321
7589
7326
7135
6917
6438
5876
5395
5421
5589
5537
5621
6042
6617
6955
6805
6489
6135
5625
4565
3371
2390
1610
815
-34
-537
-507
-366
-351
-207
424
1039
1166
1116
1072
1094
941
160
-672
-941
-883
-492
-113
340
1270
2525
3797
4559
4581
4471
4238
3948
3242
1723
212
-1262
-2721
-4103
-5532
-6840
-7701
-8324
-8570
-8612
-8552
-8572
-8659
-8478
-8083
-8124
-8721
-9189
-9208
-8977
-8923
-8995
-8419
-7094
-5651
-3930
-2157
-105
2192
3971
5340
6738
7759
8120
7889
7506
7330
6924
6233
5396
4944
5150
5356
5364
5608
6063
6578
6656
6266
5856
5289
4388
3244
2108
1218
281
-882
-1701
-2038
-1893
-1880
-1907
-1366
-377
381
669
750
902
1090
1051
554
150
80
281
727
1081
1728
2674
3842
4924
5362
5293
5095
4715
4036
2935
1477
146
-979
-2396
-3799
-5193
-6401
-7096
-7808
-8286
-8359
-8465
-8539
-8596
-8524
-8182
-8404
-9068
-9220
-9153
-9059
-9091
-8948
-7907
-6326
-4690
-3063
-1293
908
2986
4764
6253
7687
8670
8886
8696
8297
8022
7488
6731
6109
5839
5853
5980
5837
5948
6460
6913
6973
6693
6296
5739
4820
3354
2032
941
-177
-1346
-2276
-2649
-2697
-2764
-2809
-2373
-1511
-828
-608
-349
-138
-76
-184
-676
-1176
-1179
-797
-172
436
1019
1929
3139
4434
5063
4991
4874
4658
3948
2937
1517
407
-537
-1872
-3270
-4554
-5537
-6115
-6818
-7323
-7445
-7600
-7746
-8135
-8339
-8284
-8683
-9347
-9677
-9738
-9486
-9310
-9173
-8278
-6714
-5113
-3459
-1640
425
2567
4164
5488
6735
7654
8198
8028
7600
7621
7251
6644
6114
5584
5793
6019
5699
5770
6094
6427
6773
6626
6288
6023
5184
3933
2603
1396
331
-898
-1960
-2442
-2773
-3034
-3174
-3038
-2110
-1367
-1330
-1198
-918
-520
-393
-757
-959
-679
-251
400
1061
1607
2521
3432
4452
5148
5092
4965
4531
3801
3048
1700
468
-532
-1900
-3237
-4216
-5123
-5775
-6155
-6628
-6676
-6613
-6754
-7013
-7448
-7717
-7996
-8685
-9055
-9200
-8990
-8581
-8363
-7764
-6290
-4518
-2664
-781
937
2927
4721
6122
7217
7996
8317
8200
7963
7780
7349
6736
5954
5460
5515
5646
5543
5343
5425
5792
5986
5899
5443
4919
4382
3471
2288
1202
87
-972
-1770
-2475
-2829
-3005
-3078
-2967
-2440
-1828
-1444
-1249
-1028
-584
-307
-146
-419
-411
248
1002
1687
2134
2441
3241
4136
4629
4652
4210
3806
3020
1924
697
-485
-1540
-2894
-4259
-5246
-5918
-6461
-7037
-7476
-7404
-7143
-7106
-7280
-7399
-7474
-7720
-8269
-8673
-8814
-8666
-8360
-8179
-7464
-5996
-4307
-2751
-952
1156
3297
5113
6315
7418
8560
8943
8832
8301
8033
7795
6834
5934
5166
4902
4852
4275
3877
4180
4366
4440
4279
3963
3851
3351
2316
1377
538
-281
-1100
-2149
-2587
-2671
-2954
-3294
-3377
-2927
-2219
-2012
-1875
-1447
-674
-38
-13
-29
406
1136
1951
2644
3104
3829
4520
5081
5622
5547
5111
4441
3486
2594
1355
-174
-1713
-3081
-4126
-4939
-5691
-6385
-6809
-6944
-6827
-6668
-6687
-6825
-6994
-7014
-7158
-7754
-8190
-8428
-8456
-8111
-7786
-7291
-6183
-4720
-2923
-966
910
2915
4738
6562
8108
9122
9719
9661
9465
9293
8431
7517
6468
5306
4821
4398
3827
3656
3463
3604
3867
3642
3552
3107
2676
2173
1217
188
-763
-1951
-2776
-3292
-3806
-3927
-4087
-4151
-3638
-3036
-2767
-2432
-2167
-1570
-922
-522
-305
-202
592
1964
3112
4023
4719
5308
6339
6985
6706
6128
5402
4495
3529
2039
225
-1029
-2574
-3956
-4768
-5462
-5913
-6436
-6880
-6743
-6503
-6585
-6892
-7464
-7444
-7417
-8129
-8707
-9039
-9017
-8542
-8376
-8111
-7043
-5782
-4251
-2422
-559
1618
3595
5405
7237
8583
9635
9933
9694
9821
9303
8245
7138
5756
4904
4368
3502
3180
3148
3082
3357
3339
3229
3127
2674
2242
1472
361
-610
-1825
-2869
-3430
-4124
-4415
-4453
-4612
-4197
-3572
-3267
-2902
-2429
-1751
-1028
-649
-442
-242
215
1095
2254
3177
3914
4719
5808
7132
7389
6755
6088
5333
4282
3025
1129
-390
-1459
-2924
-3890
-4514
-5032
-5424
-5650
-5735
-5530
-5487
-5696
-6203
-6651
-6674
-7063
-7913
-8555
-8715
-8321
-7968
-8038
-7217
-5531
-4201
-2779
-1021
980
3162
4672
5864
7311
8680
9508
9403
8995
9047
8824
8047
6782
5485
5024
4502
3609
2913
2811
3103
2997
2586
2330
2322
1920
1053
164
-395
-1032
-2127
-3073
-3516
-3616
-3721
-3866
-3951
-3406
-2616
-2456
-2419
-1945
-1124
-445
-385
-559
6
1101
1995
2669
3326
4321
5495
6519
7154
7114
6670
6111
5207
4101
2350
352
-1081
-2576
-3861
-4591
-5291
-5761
-5966
-6092
-5836
-5716
-5902
-6171
-6401
-6440
-6886
-7934
-8645
-8826
-8729
-8495
-8505
-8138
-6997
-5430
-3774
-2088
-297
1733
3767
5438
6889
8128
8600
8374
8440
8386
8001
7416
6384
5396
4895
4568
3952
3114
2740
2641
2493
2190
1568
1001
858
378
-436
-988
-1652
-2225
-2524
-2805
-2997
-3113
-3224
-3193
-2690
-2130
-1991
-1938
-1700
-1318
-839
-394
-282
105
1110
2163
3403
4177
4585
5644
6884
7466
7146
6415
5964
5165
3963
2477
893
-314
-1769
-3389
-4273
-4836
-5257
-5720
-6182
-5787
-5245
-5321
-5815
-5954
-5642
-5746
-6704
-7543
-7672
-7666
-7740
-7850
-7396
-6116
-4608
-3372
-1874
169
2414
4224
5552
6853
8353
9138
8755
8234
8026
7759
6851
5615
4483
4105
3891
3261
2601
2408
2556
2347
1918
1427
906
549
-319
-1335
-1668
-2061
-2701
-3092
-3195
-2803
-2595
-2857
-2571
-1907
-1299
-1252
-1430
-1209
-644
-267
-225
-236
131
1249
2391
3273
4160
5093
6125
7247
7692
7193
6560
5647
4493
3215
1614
24
-1334
-2414
-3455
-4140
-4475
-4981
-5576
-5768
-5596
-5535
-5659
-6128
-6448
-6170
-6640
-7546
-7923
-8144
-8232
-8299
-8486
-8059
-6955
-5730
-4216
-2507
-339
1800
3630
5425
6925
8175
8900
8661
8319
8335
7902
6898
5649
4389
3784
3381
2612
2082
1977
2032
1995
1855
1669
1295
811
267
-663
-1518
-2338
-3211
-3540
-3486
-3506
-3557
-3545
-3250
-2579
-1804
-1457
-1254
-852
-358
7
85
185
399
1365
2568
3485
4231
4860
5692
6727
7232
7100
6713
6016
5078
3890
2420
995
-164
-1510
-2902
-3736
-4083
-4320
-4755
-5043
-4921
-4599
-4661
-5119
-5661
-5826
-5996
-6887
-7777
-8236
-8304
-8261
-8287
-7868
-6663
-5170
-3700
-1950
1
2068
3779
5498
7280
8416
8783
8569
8079
8025
7558
6272
5179
4209
3786
3319
2575
2194
1988
1939
2067
1839
1448
1160
550
161
-349
-1148
-1660
-2322
-2661
-2416
-2388
-2478
-2463
-2221
-1564
-748
-567
-592
-308
308
686
615
638
964
1622
2645
3446
4018
4777
5447
6229
6880
6468
5707
5085
4119
2952
1550
231
-951
-2302
-3692
-4570
-5017
-5475
-6060
-6408
-6191
-5759
-5618
-5844
-6291
-6248
-6150
-6930
-7741
-8051
-8199
-8119
-8024
-7829
-6514
-4969
-3815
-2363
-341
2059
4071
5363
6489
7728
8751
8653
7892
7491
7143
6258
4974
3721
2933
2557
1897
1139
907
1132
1128
717
260
131
33
-527
-1540
-2139
-2074
-2200
-2463
-2675
-2452
-1928
-1635
-1709
-1332
-481
-48
-172
-146
351
901
1000
817
1196
2400
3751
4324
4761
5663
6843
7659
7624
7050
6305
5489
4409
2942
1442
336
-947
-2491
-3653
-4534
-4846
-5164
-5692
-5794
-5346
-4993
-5279
-5910
-6231
-6110
-6247
-7073
-7956
-8137
-8085
-8153
-8156
-7635
-6472
-4969
-3378
-1661
483
2707
4520
6220
7886
9127
9564
9234
8714
8177
7384
6127
4661
3451
2630
1957
1277
827
642
701
832
695
613
582
390
-119
-899
-1573
-2124
-2793
-3513
-3546
-3199
-3050
-3107
-2677
-1771
-752
-109
81
705
1530
1922
2012
2188
2520
3470
4432
5031
5521
6207
7000
7540
7695
7140
6364
5479
4220
2884
1343
27
-1143
-2542
-3832
-4775
-5298
-5552
-5940
-6306
-6205
-6039
-6116
-6414
-6907
-7136
-7467
-8252
-8979
-9342
-9296
-9046
-8802
-8160
-6865
-5220
-3416
-1429
821
3153
4890
6408
7909
9114
9878
9518
8812
8384
7528
6220
4783
3551
2872
2048
1111
618
417
657
888
611
385
167
-264
-805
-1519
-2054
-2408
-3005
-3476
-3615
-3646
-3582
-3524
-3280
-2348
-1380
-848
-468
25
958
1612
1926
2136
2516
3491
4549
5320
6081
6859
7725
8375
8282
7644
6922
6087
4929
3584
1983
631
-591
-2216
-3674
-4579
-4833
-5041
-6018
-6395
-5881
-5656
-5892
-6491
-6821
-6765
-7095
-8144
-9007
-9258
-9156
-9201
-9295
-8669
-7201
-5518
-3737
-1665
774
3429
5382
7107
8728
9809
10341
9881
9167
9014
8080
6404
4930
3764
3127
2181
1076
855
1076
1083
1080
1008
1143
1100
387
-291
-975
-1477
-1900
-2729
-3490
-3476
-3253
-3301
-3494
-3218
-2299
-1817
-1519
-1204
-587
360
1038
1237
1753
2697
3754
4749
5418
6038
6700
7503
8120
8158
7529
6773
5829
4576
3143
1511
311
-739
-2237
-3506
-4402
-4941
-5275
-6182
-6676
-6521
-6231
-6165
-6570
-6947
-6867
-7200
-8078
-8754
-9081
-9179
-9318
-9368
-8724
-7391
-5849
-4178
-2178
105
2497
4552
6354
7986
9304
10017
9767
9215
8607
7758
6284
4689
3611
2843
2043
1094
435
350
549
433
485
637
704
393
-362
-946
-1140
-1537
-2236
-2911
-3092
-2886
-2911
-2813
-2423
-1666
-1040
-672
-537
-258
262
818
1140
1146
1625
2689
3891
4913
5623
6400
7557
8494
8317
7669
6986
6302
5117
3482
1754
299
-1267
-3155
-4611
-5462
-5738
-6026
-6473
-6638
-6358
-5869
-5639
-6096
-6251
-6263
-6718
-7584
-8484
-8979
-8969
-8926
-8883
-8329
-7158
-5483
-3766
-1754
579
2953
4968
6728
8464
9805
10447
10250
9665
8876
7996
6660
5145
4035
2983
2094
1105
370
233
236
140
173
187
194
-74
-639
-984
-1103
-1436
-2127
-2868
-2947
-2709
-2697
-2582
-2211
-1504
-714
-214
-179
125
962
1672
2035
2177
2530
3645
4973
5680
6293
7150
8160
8833
8524
7493
6751
6030
4783
3008
1007
-452
-1666
-3216
-4804
-5903
-6228
-6400
-7015
-7443
-7217
-6693
-6724
-7380
-7637
-7400
-7718
-8559
-9232
-9437
-9301
-9449
-9478
-8646
-7065
-5397
-3663
-1319
1224
3519
5309
6920
8721
10177
10735
10045
9222
8975
7854
6080
4538
3289
2730
1904
809
585
814
854
857
818
1074
964
-84
-942
-1497
-1743
-2318
-3424
-4074
-3869
-3792
-3689
-3645
-3328
-2188
-1329
-1021
-537
263
1151
1606
1670
2126
2751
3523
4305
5073
6103
6909
7458
7970
8259
7894
7360
6406
5165
4051
2451
1034
-327
-1865
-3370
-4537
-5417
-5949
-6629
-7167
-7310
-7307
-7127
-7454
-7802
-7942
-8222
-8693
-9099
-9355
-9272
-9028
-8783
-8104
-6730
-4908
-2931
-1014
1187
3472
5486
7233
8529
9695
10157
9889
9587
8808
7693
6568
5022
3915
3198
2168
1483
1156
1024
1211
1275
1280
1263
1014
707
96
-729
-1334
-2098
-2735
-3017
-3306
-3244
-2948
-2750
-2147
-1270
-614
85
633
1110
1683
2009
2049
2207
2785
3763
4632
5412
6019
6532
7479
8197
7840
7151
6450
5560
4484
2868
1168
-16
-1578
-3619
-5222
-6246
-6530
-6906
-7711
-7870
-7660
-7345
-7348
-7931
-7862
-7771
-8369
-8855
-9438
-9591
-9223
-9090
-8645
-7480
-6080
-4430
-2328
-183
2380
4519
6280
8358
9633
10210
10297
9551
9248
8407
6723
5565
4102
3202
2588
1241
925
876
588
813
635
612
796
203
-374
-870
-1696
-2279
-3239
-4159
-4171
-4123
-4005
-3656
-3368
-2648
-1701
-1060
-260
474
1270
2006
2371
2979
3648
4092
4982
5863
6526
7214
7552
8043
8353
7783
7077
6360
5411
4334
2606
986
-171
-1510
-3257
-4878
-5875
-6505
-7163
-8033
-8186
-8037
-8130
-8238
-8552
-8692
-8874
-9431
-9633
-9641
-9584
-9226
-8973
-8229
-6749
-5237
-3210
-1047
1167
3475
5426
7514
9198
10201
10764
10468
9988
9644
8465
7038
5754
4593
3975
3076
2061
1752
1715
1901
1905
1725
1818
1514
672
-41
-891
-1850
-2590
-3522
-4030
-4201
-4271
-4062
-3828
-3132
-2039
-1335
-845
-395
320
1059
1631
2081
2466
2938
3838
4968
5651
6524
7356
8043
8628
8434
7649
6918
6042
4977
3465
1775
373
-998
-2463
-4049
-5337
-6011
-6556
-7213
-7751
-8038
-8168
-8262
-8492
-8711
-8907
-9452
-10029
-10034
-9972
-9971
-9719
-9140
-7963
-6292
-4659
-2708
-525
1820
4152
6036
7892
9302
10076
10447
10150
9636
9036
7522
6054
4954
3923
3371
2654
1960
1824
1848
1852
1713
1263
1379
1195
378
-449
-1599
-2308
-2868
-3820
-4219
-4147
-4221
-4033
-3815
-3049
-1959
-1333
-969
-527
213
984
1444
1654
2434
3450
4565
5586
6100
7097
8101
8400
8437
8098
7469
6778
5618
4143
2680
1542
36
-1834
-3371
-4847
-5903
-6603
-7454
-7872
-7946
-8047
-8053
-8174
-8308
-8553
-8934
-9525
-9894
-9841
-9824
-9803
-9437
-8522
-7098
-5492
-3900
-1771
761
3254
5243
7013
8819
10089
10533
10445
10049
9692
8897
7450
6216
5298
4768
4081
3058
2580
2641
2542
2389
1930
1677
1743
1069
45
-887
-1556
-2087
-2851
-3612
-3768
-3719
-3642
-3505
-3198
-2257
-1389
-1020
-743
-79
730
1098
1158
1711
2850
3889
4688
5376
6256
7487
8396
8332
7986
7512
6949
6036
4578
2999
1719
320
-1285
-3027
-4579
-5576
-6356
-7215
-7784
-7722
-7885
-8140
-8422
-8317
-8254
-8714
-9416
-9987
-10035
-9815
-9936
-9887
-9067
-7820
-6488
-5065
-3188
-614
2132
4192
5976
7885
9321
10188
10205
9834
9777
9045
7669
6305
5195
4632
3978
2973
2686
2849
3037
2901
2383
2164
2076
1347
420
-646
-1578
-2015
-2874
-3795
-4178
-4233
-3899
-3656
-3611
-2777
-1829
-1115
-751
-459
353
1014
1048
1349
2100
3223
4075
4537
5542
6758
7767
8182
7658
7104
6917
6297
5181
3622
2272
1178
-324
-2155
-3821
-4959
-6021
-6999
-7820
-8132
-8186
-8498
-8849
-8887
-8591
-8566
-9252
-9956
-9874
-9436
-9404
-9574
-9191
-7793
-6120
-4786
-3137
-962
1672
3962
5467
7322
9052
10097
10282
9753
9784
9588
8400
7042
5949
5440
5206
4315
3428
3356
3521
3385
2860
2309
2024
1474
712
-307
-1338
-1935
-2694
-3633
-3996
-3894
-3770
-3557
-3463
-2879
-1818
-1116
-693
-225
451
1088
1333
1759
2658
3732
4719
5325
6153
7244
8032
8346
7945
7376
7075
6694
5744
4022
2426
1280
51
-1538
-3279
-4592
-5576
-6625
-7662
-8265
-8529
-8892
-9512
-9917
-9530
-9342
-9820
-10392
-10465
-9929
-9562
-9646
-9415
-8284
-6616
-5241
-3748
-1740
726
3058
4804
6453
8228
9385
9713
9406
9233
9074
8037
6805
5934
5517
5440
4962
4376
4345
4532
4497
4161
3545
3149
2569
1361
136
-1125
-2314
-3429
-4510
-4957
-4723
-4451
-4158
-3873
-2979
-1807
-1324
-999
-539
4
551
677
881
1657
2536
3277
3913
4787
6014
7085
7563
7292
6861
6659
6343
5577
4092
2740
1758
553
-742
-2425
-3875
-4959
-6205
-7234
-7996
-8376
-8636
-9258
-9730
-9494
-9395
-9709
-10260
-10482
-9972
-9579
-9484
-9112
-8029
-6594
-5071
-3549
-1616
813
3024
4797
6526
8195
9330
9694
9470
9452
9171
8362
7365
6442
6340
6276
5665
5461
5491
5825
5810
5235
4845
4472
3680
2294
628
-649
-1683
-2931
-4025
-4421
-4221
-4111
-4320
-4133
-3190
-2062
-1467
-1181
-749
-129
277
284
667
1368
2345
3141
3658
4691
6100
7061
7424
7124
6808
6689
6164
5218
3998
2761
1640
304
-1068
-2318
-3438
-4512
-5826
-6661
-6975
-7493
-8287
-9018
-9400
-9428
-9753
-10380
-10778
-10639
-10246
-10233
-10088
-9450
-8151
-6711
-5402
-3622
-1390
863
2700
4127
5847
7500
8314
8508
8234
8253
8215
7185
6310
5894
5848
5963
5594
5277
5637
5965
5961
5719
5353
5133
4131
2683
1310
162
-805
-2139
-3485
-4029
-4077
-4150
-4427
-4351
-3548
-2587
-2034
-1711
-1192
-543
-143
-73
314
1364
2329
2821
3240
4036
5372
6283
6234
5998
5731
5587
5278
4254
3313
2765
1712
533
-701
-1883
-2832
-4044
-5447
-6451
-6931
-7389
-8219
-9155
-9399
-9311
-9569
-10119
-10570
-10350
-9876
-9976
-9908
-9192
-7908
-6333
-5014
-3354
-1074
1192
3161
4758
6324
7936
8582
8457
8178
7979
7804
6895
5771
5343
5480
5709
5727
5846
6553
7223
7255
6958
6438
6027
5064
3389
1830
553
-601
-1960
-3441
-4106
-4007
-3827
-3752
-3503
-2758
-1820
-1252
-1124
-771
-206
242
426
457
1228
2429
3037
3591
4327
5495
6559
6505
5955
5653
5561
5263
4197
3028
2351
1620
384
-974
-2181
-3034
-4155
-5615
-6555
-7028
-7430
-8149
-9111
-9564
-9502
-9893
-10568
-11021
-10752
-10165
-10161
-10021
-9206
-7755
-6460
-5259
-3531
-1096
1307
2889
4263
5940
7391
8092
7950
7631
7727
7356
6599
5773
5418
5716
5782
5695
5957
6506
7246
7386
6766
6579
6185
5137
3601
1874
563
-594
-2164
-3654
-4398
-4625
-4516
-4585
-4305
-3551
-2725
-2124
-1789
-1205
-584
-413
-303
265
1120
2113
2620
3119
4157
5345
6007
6090
5793
5712
5692
5135
4169
3207
2367
1406
248
-969
-1938
-2754
-3808
-5075
-5827
-6200
-6855
-7923
-8933
-9369
-9669
-10217
-10918
-11222
-10928
-10691
-10660
-10382
-9453
-8053
-6506
-4929
-2936
-381
1863
3535
5065
6532
7752
7959
7467
7393
7281
7091
6334
5611
5808
5922
6180
6512
6737
7628
8255
8279
8101
7747
7054
5935
4364
2766
1403
-125
-1716
-3024
-3689
-3884
-4163
-4253
-3781
-3177
-2591
-2185
-1800
-1121
-840
-828
-392
198
1184
1892
2268
3192
4105
5018
5717
5604
5479
5439
5136
4616
3706
3091
2514
1569
422
-698
-1533
-2472
-3850
-5014
-5546
-6164
-7007
-8030
-8795
-9021
-9336
-10226
-11006
-11138
-11022
-10996
-10995
-10436
-9282
-7941
-6578
-5190
-3148
-688
1231
2770
4247
5938
7279
7347
6987
6973
6890
6365
5481
4962
5237
5614
5756
6034
6748
7681
8135
7924
7872
8068
7608
6460
4779
3332
2183
544
-1236
-2470
-3005
-3328
-3758
-4195
-3897
-3243
-2840
-2585
-2281
-1610
-1133
-1053
-853
-269
735
1492
1857
2575
3690
4763
5157
4751
4483
4468
4285
3526
2588
2129
1588
763
-252
-1127
-1865
-2791
-4057
-5100
-5601
-6079
-6911
-8071
-8759
-8950
-9366
-10173
-10721
-10687
-10519
-10710
-10844
-10091
-8774
-7405
-6179
-4396
-2091
310
2230
3718
5478
6935
7642
7610
7126
6899
6595
5613
4762
4421
4565
4923
5173
5662
6750
7907
8604
8914
8997
8929
8125
6719
5216
3597
1990
261
-1521
-2513
-3084
-3579
-3871
-4026
-3549
-2828
-2537
-2162
-1722
-1322
-987
-835
-456
163
1022
1730
2373
3221
4300
5247
5384
5167
4958
4593
4397
3604
2679
2198
1445
601
-150
-979
-1666
-2607
-3794
-4537
-5052
-5782
-6765
-7811
-8469
-8879
-9745
-10558
-11110
-11120
-10852
-11078
-10929
-9977
-8765
-7317
-5848
-4082
-1537
619
2185
3837
5352
6685
7245
6734
6501
6283
5612
4792
3764
3549
4053
4274
4661
5421
6544
7891
8444
8735
9213
9052
8291
6972
5398
4094
2593
703
-821
-1817
-2455
-3006
-3564
-3634
-3199
-2803
-2551
-2286
-1853
-1473
-1417
-1253
-860
-140
619
957
1534
2588
3551
4090
4089
3847
3722
3470
3064
2290
1809
1440
626
-270
-986
-1530
-2104
-3140
-4239
-4821
-5238
-5891
-6952
-7913
-8341
-8593
-9319
-10205
-10544
-10435
-10516
-10833
-10709
-9785
-8408
-7155
-5806
-3711
-1154
1093
2900
4622
6401
7646
7700
7172
6756
6452
5648
4438
3715
3586
3916
4287
4461
5265
6713
7837
8549
8902
9187
9178
8287
7019
5771
4560
3071
1200
-272
-1100
-1806
-2534
-3151
-3140
-2521
-2153
-2186
-1982
-1602
-1401
-1381
-1248
-584
383
1050
1464
2163
3215
4218
4405
4027
3732
3649
3544
2886
2161
1837
1527
790
-227
-942
-1389
-2034
-3060
-4203
-4732
-5201
-5999
-7018
-7898
-8167
-8659
-9665
-10491
-10812
-10602
-10672
-11053
-10669
-9617
-8398
-7157
-5711
-3444
-896
1121
2801
4522
6257
7312
7284
6793
6645
6267
5413
4183
3423
3574
3811
3938
4416
5391
6831
7881
8319
8863
9349
9127
8177
6857
5719
4670
3016
1291
33
-658
-1405
-2395
-2955
-2954
-2734
-2590
-2678
-2670
-2218
-2165
-2295
-2126
-1569
-547
207
573
1432
2623
3484
3914
3581
3379
3295
2943
2489
1656
1144
752
-107
-948
-1695
-2139
-2479
-3535
-4504
-4972
-5504
-6096
-6995
-7773
-7992
-8468
-9252
-9938
-10329
-10299
-10417
-10731
-10410
-9601
-8314
-6767
-5174
-2908
-380
1626
3534
5268
6906
8006
7886
7481
7098
6538
5661
4264
3494
3510
3514
3806
4227
5185
6687
7579
8253
8980
9308
9260
8617
7436
6232
5015
3319
1541
149
-714
-1452
-2332
-2911
-2978
-2799
-2686
-2716
-2566
-2214
-2015
-1892
-1501
-866
42
575
1006
1880
2724
3410
3849
3620
3420
3235
2914
2587
1941
1532
1164
481
-172
-894
-1580
-2191
-3195
-3990
-4501
-5114
-5862
-6668
-7365
-7728
-8348
-9222
-9812
-10151
-10268
-10374
-10604
-10270
-9351
-8265
-6949
-5312
-3024
-490
1492
3180
5020
6707
7711
7712
7077
6643
5986
5008
3862
3157
3262
3391
3549
4110
5100
6294
7119
7553
8187
8730
8573
7766
6577
5585
4571
3066
1530
475
-219
-894
-1761
-2360
-2472
-2521
-2738
-3036
-3094
-2899
-2807
-2908
-2657
-2056
-933
-59
539
1561
2691
3783
4112
3850
3736
3397
2953
2549
1698
1261
792
-145
-752
-1499
-2071
-2509
-3527
-4253
-4607
-5132
-5725
-6572
-7257
-7560
-8148
-8971
-9629
-9985
-9987
-10267
-10676
-10324
-9477
-8396
-7195
-5798
-3588
-1001
983
2756
4530
6237
7421
7415
7083
6875
6382
5636
4454
3707
3750
3815
3854
4170
4953
6254
7150
7654
8449
9024
9003
8386
7409
6569
5673
4161
2575
1429
602
-238
-1091
-1711
-1830
-1895
-2131
-2437
-2553
-2475
-2726
-3013
-2831
-2362
-1466
-659
-46
1125
2163
3197
4047
4074
3949
3693
3168
2659
1927
1291
715
-32
-626
-1311
-2046
-2587
-3455
-4246
-4537
-4894
-5484
-6067
-6774
-7141
-7522
-8376
-9113
-9551
-9786
-9866
-10212
-10196
-9373
-8412
-7158
-5614
-3606
-996
1149
2941
4698
6343
7619
7909
7478
7116
6511
5548
4375
3250
2948
2977
3038
3497
4383
5544
6582
7090
7764
8373
8477
7941
6937
5940
5153
3912
2439
1291
418
-207
-1043
-1833
-2160
-2188
-2367
-2663
-2869
-2826
-2794
-3008
-3151
-2723
-1780
-849
-233
712
1820
2779
3584
3705
3511
3371
2919
2501
1910
997
417
-360
-1074
-1695
-2516
-3028
-3715
-4430
-4802
-5120
-5602
-6163
-6857
-7134
-7345
-8010
-8813
-9394
-9632
-9823
-10110
-10186
-9524
-8438
-7165
-5611
-3720
-1261
1111
3051
4778
6449
7622
8022
7533
6834
6377
5532
4306
3262
2882
2942
3101
3321
3963
5107
6124
6773
7308
7885
8146
7721
6958
6111
5288
4274
2925
1626
818
138
-610
-1286
-1741
-1797
-1883
-2203
-2563
-2610
-2519
-2535
-2536
-2163
-1320
-224
640
1490
2540
3542
4377
4597
4201
3784
3332
2789
2127
1189
477
-65
-667
-1286
-2040
-2541
-2961
-3726
-4319
-4579
-4964
-5507
-6265
-6873
-7086
-7557
-8395
-9148
-9558
-9605
-9780
-10018
-9584
-8570
-7245
-5923
-4287
-1797
641
2662
4294
5902
7477
8105
7727
7142
6597
5942
4900
3501
2830
2618
2580
2655
3036
4066
5190
5879
6440
7080
7684
7849
7023
6146
5549
4607
3374
1894
702
39
-674
-1509
-2041
-2258
-2361
-2602
-2941
-2978
-2876
-2900
-3017
-2814
-1991
-1017
-101
739
1690
2645
3647
4142
3968
3646
3093
2540
2092
1232
340
-381
-1025
-1530
-2117
-2774
-3307
-3793
-4335
-4705
-4936
-5285
-5800
-6404
-6839
-7243
-7978
-8810
-9474
-9754
-9768
-9983
-9865
-9153
-8192
-6674
-4970
-2894
-568
1468
3287
5071
6763
7852
7974
7697
7213
6738
5845
4547
3710
3219
3037
3019
3072
3609
4463
5096
5728
6397
7017
7387
7170
6748
6139
5460
4393
2958
1765
978
130
-777
-1583
-2033
-2092
-2282
-2616
-2798
-2717
-2660
-2628
-2355
-1684
-720
248
986
1768
2699
3698
4493
4563
4165
3668
3391
2981
2084
973
74
-579
-1192
-2075
-2961
-3416
-3922
-4504
-4916
-4888
-4918
-5423
-6075
-6412
-6436
-6973
-8040
-8848
-9158
-9296
-9622
-9696
-9104
-7947
-6663
-5260
-3408
-1077
1141
2893
4515
6213
7547
7991
7569
6944
6704
5963
4822
3789
3106
3066
2959
2662
3115
3919
4549
4956
5445
6328
6876
6694
6169
5642
5283
4518
3276
2090
1282
519
-320
-1277
-2066
-2343
-2612
-2914
-3238
-3272
-3145
-3079
-2959
-2530
-1738
-610
340
1139
2171
3110
3867
4333
4063
3551
3038
2465
1950
940
-146
-779
-1497
-2213
-3090
-3915
-4266
-4709
-5183
-5364
-5353
-5391
-5662
-6231
-6348
-6459
-7083
-7908
-8609
-8808
-8703
-8981
-9004
-8267
-7133
-5615
-4024
-1975
348
2403
4204
5819
7363
8419
8381
7867
7432
6833
5892
4649
3516
2903
2664
2366
2442
2803
3319
3921
4497
5139
5651
5911
5654
5236
4790
4149
3132
1985
980
254
-414
-1349
-2063
-2363
-2366
-2507
-2678
-2625
-2449
-2224
-2078
-1665
-1032
-207
788
1729
2678
3555
4252
4992
5225
4810
4283
3759
3187
2446
1187
158
-373
-1205
-1937
-2878
-3709
-4035
-4563
-4881
-4929
-5145
-5324
-5713
-6131
-6183
-6614
-7376
-8176
-8822
-8938
-8961
-9209
-8922
-7935
-6633
-5136
-3396
-1359
903
2846
4433
6131
7627
8449
8422
7860
7559
7060
5937
4692
3543
3092
2856
2467
2453
2841
3291
3823
4259
4811
5462
5555
5225
4705
4191
3522
2381
1004
11
-652
-1377
-2268
-2997
-3158
-3213
-3412
-3564
-3418
-2983
-2523
-2279
-1758
-817
138
1267
2170
2938
3891
4549
4908
4965
4486
3964
3362
2547
1772
594
-301
-966
-1907
-2698
-3618
-4258
-4551
-4898
-5184
-5274
-5361
-5563
-5896
-6249
-6441
-6888
-7741
-8452
-8906
-8984
-8946
-8988
-8524
-7438
-6031
-4605
-2888
-711
1491
3547
5195
6699
8100
8638
8473
7951
7409
6966
5881
4581
3676
3094
2977
2655
2402
2793
3392
3880
4413
4798
5346
5614
5190
4675
4078
3304
2203
865
-214
-910
-1730
-2585
-3287
-3552
-3467
-3548
-3587
-3468
-2962
-2354
-1865
-1364
-494
611
1658
2610
3328
3991
4750
5249
5240
4962
4436
3959
3300
2321
1179
302
-387
-1367
-2369
-3350
-3855
-4070
-4475
-4721
-4818
-4792
-4782
-5217
-5620
-5776
-6324
-7086
-8055
-8561
-8585
-8704
-8828
-8318
-7125
-5772
-4430
-2806
-553
1687
3527
4941
6402
7875
8652
8656
8252
7924
7424
6276
4934
3862
3335
3129
2490
2201
2562
3005
3399
3680
3936
4558
4694
4092
3595
3157
2581
1507
58
-1055
-1731
-2530
-3486
-4249
-4402
-4213
-4222
-4211
-3911
-3265
-2420
-1864
-1412
-635
423
1521
2625
3293
4097
4831
5222
5552
5306
4744
4159
3267
2405
1481
420
-372
-1507
-2633
-3447
-3902
-4072
-4425
-4779
-4876
-4567
-4419
-4717
-5182
-5579
-6131
-6898
-7767
-8334
-8538
-8700
-8961
-8690
-7678
-6556
-5200
-3691
-1712
637
2603
4334
5876
7246
8466
8605
8407
8131
7306
6522
5204
3922
3437
2696
2082
1900
1853
2413
2931
3252
3749
4280
4622
4431
3868
3370
2605
1545
373
-798
-1581
-2297
-3252
-3781
-3896
-3852
-3681
-3597
-3336
-2486
-1543
-975
-479
56
897
1927
2820
3490
4049
4669
5241
5597
5664
5203
4454
3697
2803
1793
872
-125
-1210
-2053
-2728
-3328
-3440
-3737
-4218
-4227
-4051
-3864
-3976
-4649
-5176
-5615
-6251
-6870
-7585
-7960
-8131
-8358
-8099
-7425
-6379
-5106
-3814
-2031
90
2204
3876
5204
6619
7836
8432
8386
7975
7551
6897
5720
4458
3424
2644
1986
1400
1349
1688
2108
2341
2651
3186
3732
3762
3360
2852
2270
1608
478
-804
-1731
-2584
-3387
-3997
-4294
-4027
-3784
-3723
-3377
-2656
-1767
-1181
-788
-267
394
1244
2054
2753
3344
3946
4350
5015
5513
5430
4860
3922
3072
2362
1258
-274
-1411
-2476
-3094
-3494
-3977
-4032
-4035
-4180
-4080
-3700
-3507
-3757
-4462
-4925
-5181
-5714
-6568
-7493
-7768
-7610
-7640
-7535
-6959
-6057
-4628
-3263
-1709
428
2215
3871
5330
6757
8138
8665
8593
8345
7687
7004
5682
4190
3177
2043
1236
754
361
575
867
1097
1629
2133
2596
2776
2565
2217
1778
1064
122
-1002
-2043
-2773
-3440
-3895
-4000
-3961
-3637
-3180
-2585
-1641
-710
45
634
1160
1832
2521
3348
4064
4532
5091
5468
5994
6267
5780
4865
3930
3010
2076
669
-862
-1866
-2530
-2920
-3406
-3711
-3614
-3523
-3499
-3274
-3029
-2963
-3385
-4129
-4570
-4875
-5500
-6533
-7401
-7589
-7469
-7526
-7451
-6697
-5455
-4176
-2769
-1050
1072
3001
4488
6074
7602
8729
9080
8613
8169
7792
6726
5342
3709
2330
1623
662
-141
-361
-403
-72
353
727
1423
1999
2068
2004
1676
1156
500
-655
-1699
-2600
-3269
-3595
-3980
-4134
-3783
-3383
-2789
-2094
-1413
-560
16
518
1166
1763
2332
3046
3678
4258
4892
5200
5543
5813
5416
4753
3808
2661
1706
470
-914
-1891
-2589
-3027
-3440
-3917
-3820
-3505
-3472
-3464
-3486
-3303
-3282
-3946
-4464
-4787
-5372
-6108
-7040
-7506
-7228
-7325
-7329
-6772
-5765
-4409
-3202
-1701
232
2311
4129
5548
6996
8254
8915
8925
8490
7861
6951
5647
3990
2530
1482
426
-447
-1021
-1187
-819
-566
-324
242
973
1431
1478
1234
978
633
52
-858
-1686
-2166
-2660
-3063
-3327
-3275
-2922
-2572
-2092
-1493
-701
148
827
1565
2306
3063
3944
4716
5406
5825
6050
6214
6266
5978
5040
3839
2668
1693
639
-707
-1647
-2180
-2561
-2788
-3139
-3063
-2722
-2641
-2669
-2596
-2286
-2340
-3047
-3798
-4209
-4552
-5422
-6570
-7182
-7174
-7112
-7276
-7045
-6161
-4819
-3622
-2305
-385
1747
3665
5152
6444
7912
8888
9012
8522
7619
6832
5537
3713
2001
517
-611
-1544
-2387
-2711
-2500
-2026
-1446
-811
174
1016
1318
1391
1241
1011
707
-162
-1229
-1861
-2431
-2878
-3188
-3461
-3269
-2674
-2099
-1464
-623
392
1347
2068
2793
3463
4322
5012
5389
5777
6027
5991
5844
5418
4633
3638
2383
1216
248
-668
-1642
-2310
-2642
-2920
-2991
-3020
-2854
-2556
-2563
-2580
-2444
-2533
-2962
-3619
-4292
-4781
-5561
-6490
-7217
-7454
-7322
-7388
-7292
-6491
-5166
-3794
-2497
-977
932
3000
4686
5961
7330
8454
8908
8695
7800
6922
5857
4124
2185
326
-934
-1843
-2992
-3737
-3712
-3080
-2253
-1626
-804
610
1537
1931
1956
1842
1789
1238
102
-926
-1528
-2176
-2735
-3317
-3319
-2811
-2292
-1643
-785
367
1655
2575
3339
4152
4879
5459
5725
5954
6147
6048
5529
5064
4658
3814
2722
1414
460
-52
-977
-1780
-2005
-2253
-2081
-2091
-2236
-1607
-1396
-1658
-1670
-1857
-2093
-2753
-3969
-4565
-5213
-6052
-6799
-7434
-7294
-6992
-6880
-6288
-5193
-3817
-2445
-1149
563
2667
4569
5873
6914
7984
8571
8441
7623
6336
5321
3785
1641
-212
-1764
-2791
-3752
-4614
-4576
-3972
-3111
-2241
-1444
-18
1452
2020
2247
2156
1972
1595
452
-898
-1923
-2712
-3396
-3894
-3984
-3573
-2763
-1817
-638
631
2046
3210
3954
4778
5383
5738
5981
6012
5909
5670
5007
4491
4105
3379
2427
1253
375
-54
-477
-1279
-1774
-1905
-2028
-2031
-2083
-2049
-1839
-2023
-2338
-2421
-2611
-3020
-3846
-4643
-5070
-5581
-6285
-6912
-7116
-6757
-6354
-6016
-5206
-4022
-2642
-1368
-2
1701
3479
4935
5914
6825
7741
7842
7184
6130
4888
3736
2099
3
-1573
-2848
-3791
-4466
-4973
-4570
-3793
-2948
-1809
-551
879
2126
2477
2590
2537
2246
1599
381
-926
-1745
-2416
-3061
-3373
-3345
-2618
-1532
-474
734
2085
3422
4385
5054
5559
5950
6148
6062
5844
5644
5459
4810
4214
3826
3141
2367
1374
388
42
-421
-1115
-1325
-1583
-1693
-1702
-1921
-1848
-1904
-2170
-2382
-2685
-3012
-3581
-4271
-4748
-5213
-5806
-6201
-6425
-6424
-5997
-5697
-5078
-3979
-2828
-1515
-189
1203
2841
4253
5354
6197
6713
6975
6541
5724
4739
3395
1932
125
-1638
-2902
-3971
-4767
-5150
-5104
-4496
-3420
-2286
-1093
282
1668
2453
2671
2685
2353
1799
858
-428
-1370
-2112
-2707
-3108
-2983
-2346
-1475
-421
691
2020
3364
4411
5005
5566
5817
5847
5763
5511
5293
5054
4393
3807
3587
3086
2340
1422
455
-105
-351
-1105
-1745
-1956
-2174
-2286
-2488
-2696
-2635
-2801
-3180
-3309
-3464
-3717
-4331
-5043
-5180
-5376
-5727
-6074
-6368
-5990
-5493
-5118
-4279
-3130
-1927
-676
500
1890
3457
4604
5344
5963
6444
6269
5628
4609
3325
2132
543
-1102
-2519
-3657
-4348
-4915
-5051
-4494
-3693
-2422
-1234
-105
1301
2227
2639
2881
2661
2302
1721
652
-389
-1095
-1687
-1954
-1936
-1644
-975
-27
1149
2221
3251
4262
5017
5531
5957
5859
5762
5759
5489
5207
4761
4026
3776
3614
2913
2181
1385
782
375
-219
-944
-1199
-1455
-1792
-2124
-2427
-2337
-2595
-3116
-3299
-3311
-3365
-3765
-4557
-4735
-4764
-5228
-5611
-5733
-5520
-5057
-4865
-4450
-3502
-2481
-1485
-477
765
2136
3333
4029
4708
5249
5447
5046
4145
3295
2299
944
-524
-2029
-3118
-3639
-4415
-4781
-4554
-3987
-2927
-1969
-994
314
1506
2137
2483
2512
2360
1940
1073
223
-544
-1152
-1386
-1687
-1576
-1007
-310
601
1513
2455
3437
4300
4850
5248
5278
5104
4950
4714
4542
4254
3886
3480
3226
3002
2465
1797
1027
521
265
-377
-932
-1341
-1856
-2223
-2719
-3155
-3229
-3620
-3995
-3977
-3997
-3918
-4170
-4546
-4430
-4429
-4592
-4683
-4746
-4485
-4176
-4028
-3522
-2769
-2032
-1229
-398
658
1857
2821
3476
3941
4392
4630
4301
3502
2544
1545
355
-990
-2159
-3097
-3719
-4210
-4344
-3934
-3255
-2368
-1383
-429
809
1873
2432
2734
2721
2583
2272
1559
713
79
-373
-527
-657
-507
46
673
1442
2322
3159
4009
4611
4896
5143
5150
5126
4978
4700
4467
4270
3928
3743
3529
3061
2377
1682
1002
580
-53
-915
-1413
-1927
-2436
-2898
-3426
-3656
-3723
-3959
-3922
-3807
-3692
-3642
-3866
-3904
-3751
-3905
-4098
-4199
-4171
-3941
-3805
-3631
-3052
-2438
-1757
-1019
-176
902
1815
2568
3327
3960
4329
4263
3659
2944
2096
1039
-185
-1530
-2575
-3289
-3892
-4160
-4032
-3571
-2859
-1930
-869
440
1602
2314
2788
2963
2943
2796
2061
1250
616
-4
-421
-705
-682
-340
188
829
1604
2374
3130
3664
3996
4274
4336
4198
3972
3861
3737
3516
3226
2958
2974
2849
2290
1678
1103
635
129
-839
-1489
-1952
-2610
-3126
-3684
-3900
-3812
-4063
-4210
-3939
-3590
-3247
-3307
-3473
-3133
-3038
-3226
-3503
-3703
-3525
-3536
-3732
-3505
-3024
-2472
-1846
-1293
-289
924
1828
2542
3198
3803
4065
3850
3275
2664
1903
741
-520
-1799
-2795
-3340
-3946
-4169
-3861
-3268
-2212
-1202
-202
1243
2313
3067
3543
3598
3606
3233
2437
1671
993
425
74
-228
-181
127
662
1406
2097
2699
3300
3691
3948
4051
3792
3635
3575
3455
3393
3238
3116
3244
3266
2972
2439
1741
1178
567
-185
-1010
-1649
-2275
-2893
-3489
-3760
-3716
-3665
-3709
-3415
-2813
-2336
-2182
-2337
-2153
-2096
-2405
-2896
-3363
-3545
-3711
-4083
-4137
-3943
-3509
-3045
-2490
-1574
-311
809
1639
2348
3184
3855
3912
3431
2726
1927
970
-287
-1777
-2802
-3543
-4158
-4417
-4269
-3503
-2447
-1286
-129
1217
2593
3495
3924
4062
4181
3947
3327
2261
1457
1012
513
101
-82
111
512
970
1353
1962
2575
2930
3128
3196
3259
3287
3243
3242
3170
3100
3039
2939
2934
2636
2032
1403
658
-81
-824
-1893
-2543
-3025
-3572
-3874
-4060
-3845
-3502
-3370
-3057
-2434
-1948
-1723
-1694
-1642
-1558
-1905
-2537
-3056
-3424
-3754
-4308
-4761
-4667
-4289
-3876
-3290
-2418
-1124
150
1128
2170
3178
3904
4094
3679
3130
2502
1493
189
-1285
-2393
-3171
-3910
-4257
-4185
-3568
-2586
-1478
-142
1283
2693
3679
4266
4611
4670
4438
3894
3051
2248
1694
1006
406
155
195
429
647
979
1507
2025
2430
2690
2925
3118
3047
3112
3270
3311
3434
3411
3266
3245
3037
2457
1781
804
-17
-786
-1676
-2323
-2784
-3124
-3436
-3514
-3308
-2863
-2513
-2203
-1686
-1106
-770
-860
-998
-1113
-1588
-2242
-2919
-3588
-4008
-4517
-4986
-5054
-4739
-4271
-3646
-2789
-1642
-172
1113
2153
2986
3617
4044
3906
3340
2510
1358
278
-988
-2363
-3100
-3699
-4065
-3911
-3504
-2555
-1368
-220
1082
2531
3678
4430
4724
4701
4606
4154
3316
2401
1564
1010
463
-46
-266
-254
5
268
558
1055
1529
1796
1888
2066
2438
2676
2885
2994
3075
3258
3263
3165
2770
2062
1332
528
-302
-1099
-2049
-2672
-3125
-3486
-3566
-3556
-3310
-2809
-2484
-2164
-1541
-1117
-916
-936
-1119
-1252
-1621
-2465
-3264
-3842
-4362
-4925
-5471
-5528
-5298
-4831
-4159
-3263
-1932
-553
744
1903
2970
3853
4298
4220
3728
3071
2128
932
-427
-1610
-2542
-3250
-3593
-3652
-3199
-2259
-1175
-34
1342
2732
3972
4742
5065
5255
5069
4573
3751
2826
2048
1267
586
28
-388
-475
-481
-439
-95
397
920
1287
1541
2032
2512
2961
3275
3405
3618
3825
3809
3606
3060
2337
1669
806
41
-815
-1725
-2178
-2542
-2762
-2738
-2757
-2349
-1826
-1549
-1103
-733
-368
-187
-337
-492
-833
-1462
-2312
-3287
-4035
-4641
-5453
-6026
-6081
-5942
-5354
-4576
-3596
-2115
-645
693
2045
3118
3897
4290
4146
3868
3073
2050
971
-450
-1556
-2477
-3178
-3329
-3337
-2975
-1973
-835
421
1773
3044
4154
4834
5124
5099
4872
4248
3377
2391
1469
711
18
-586
-958
-1120
-1120
-978
-670
-231
208
569
974
1401
1975
2544
2751
2939
3170
3353
3383
3139
2434
1698
987
195
-562
-1405
-2156
-2502
-2689
-2670
-2729
-2570
-2134
-1771
-1320
-892
-571
-259
-395
-758
-983
-1571
-2350
-3388
-4284
-4862
-5370
-5918
-6291
-6196
-5959
-5337
-4471
-3354
-1911
-472
881
2205
3304
4086
4313
4060
3764
3015
2002
862
-547
-1386
-2085
-2855
-3040
-2973
-2429
-1494
-425
865
2224
3403
4476
5187
5595
5769
5420
4845
4036
3021
2081
1157
213
-322
-748
-1043
-961
-936
-590
-41
429
907
1367
1934
2596
3179
3523
3697
3747
3790
3724
3329
2605
1762
1008
201
-554
-1417
-1863
-2069
-2313
-2255
-2152
-1944
-1420
-1217
-940
-466
-312
-203
-420
-846
-1224
-1886
-2835
-3808
-4647
-5268
-5802
-6358
-6448
-6177
-5751
-4946
-3989
-2717
-1345
-112
1207
2430
3347
3895
4004
3734
3343
2623
1593
429
-561
-1357
-2013
-2408
-2590
-2271
-1620
-814
223
1375
2535
3639
4360
4958
5247
5044
4696
3995
3247
2305
1198
260
-427
-944
-1346
-1643
-1584
-1308
-924
-469
14
453
964
1551
2162
2750
3004
3216
3370
3358
3252
2741
1926
1235
429
-311
-980
-1757
-2070
-2377
-2575
-2432
-2223
-1868
-1531
-1242
-753
-431
-391
-489
-892
-1214
-1779
-2676
-3549
-4340
-5104
-5704
-6204
-6426
-6265
-5995
-5426
-4492
-3248
-1871
-619
685
2090
3283
4071
4288
4246
4049
3435
2487
1374
322
-539
-1383
-2034
-2260
-2163
-1715
-1109
-233
1014
2189
3208
4041
4710
5276
5312
4872
4363
3658
2910
1893
700
-138
-711
-1272
-1727
-1932
-1769
-1335
-904
-479
103
716
1398
1945
2571
3215
3441
3751
3773
3654
3546
2756
1826
1080
401
-339
-1095
-1599
-1875
-2003
-1962
-1840
-1463
-1032
-721
-285
-9
95
49
-344
-843
-1294
-2096
-3054
-3970
-4854
-5460
-5983
-6348
-6403
-6174
-5586
-4690
-3674
-2371
-1176
79
1582
2657
3562
3983
3986
4029
3498
2634
1850
911
23
-759
-1522
-1766
-1764
-1501
-974
-388
584
1525
2471
3351
4145
4739
4964
4784
4394
3862
3067
2151
1017
-2
-819
-1419
-1907
-2248
-2301
-2149
-1850
-1468
-973
-437
265
1072
1752
2454
3023
3463
3796
3918
3719
3124
2419
1528
646
-149
-1001
-1650
-2022
-2408
-2357
-2159
-1970
-1526
-1183
-832
-331
-106
-188
-418
-834
-1341
-2127
-3116
-4125
-5011
-5798
-6401
-6786
-6782
-6596
-6159
-5256
-4015
-2735
-1472
-220
1029
2421
3417
3842
4017
3916
3708
3139
2195
1312
462
-195
-828
-1275
-1391
-1207
-834
-185
688
1655
2653
3382
3995
4615
4907
4845
4534
3976
3417
2811
1811
774
-32
-808
-1276
-1727
-1976
-1884
-1594
-1304
-891
-266
430
1087
1881
2585
3004
3560
3845
3991
3955
3407
2757
2114
1161
278
-590
-1379
-1849
-2270
-2440
-2369
-2121
-1794
-1472
-934
-482
-273
-169
-433
-768
-1110
-1841
-2789
-3621
-4502
-5189
-5748
-6205
-6155
-5874
-5432
-4771
-3740
-2554
-1321
-118
1003
2109
3059
3599
3783
3855
3675
3229
2515
1643
893
375
-172
-621
-815
-744
-445
-65
359
994
1653
2272
2794
3234
3783
3999
3937
3698
3214
2648
1934
1088
372
-315
-902
-1494
-1903
-2117
-2020
-1764
-1559
-1222
-683
129
964
1722
2307
2747
3215
3479
3534
3326
2737
2016
1275
485
-471
-1265
-1925
-2562
-2766
-2875
-2790
-2447
-2162
-1793
-1206
-826
-603
-604
-884
-1158
-1681
-2444
-3280
-4120
-4800
-5364
-5863
-5951
-5894
-5625
-4846
-3891
-2780
-1526
-378
884
2032
2907
3504
3760
3922
3789
3356
2847
2070
1271
678
84
-223
-444
-640
-500
-142
247
811
1277
1874
2487
2902
3287
3529
3657
3652
3286
2886
2404
1691
1084
373
-212
-725
-1218
-1509
-1628
-1503
-1252
-957
-381
324
1228
2098
2645
3242
3789
4041
4140
3782
3219
2577
1748
895
-103
-965
-1751
-2394
-2828
-3088
-3100
-2911
-2668
-2314
-1801
-1249
-912
-787
-928
-1124
-1440
-2133
-2867
-3593
-4231
-4757
-5233
-5416
-5224
-4805
-4225
-3419
-2407
-1252
-107
978
2021
2861
3516
3886
4006
4008
3717
3300
2666
1937
1281
796
272
-83
-308
-491
-386
-194
119
475
861
1374
1913
2317
2723
2925
3118
3040
2744
2392
1877
1259
662
13
-707
-1273
-1765
-2027
-2041
-1940
-1674
-1126
-254
654
1563
2409
3180
3826
4127
4093
3744
3265
2554
1496
432
-648
-1720
-2534
-3507
-4134
-4357
-4446
-4105
-3806
-3348
-2506
-1830
-1324
-934
-799
-839
-1242
-1942
-2497
-3132
-3872
-4448
-4956
-5020
-4829
-4671
-4112
-3210
-2212
-941
153
1251
2589
3366
3881
4279
4385
4391
3914
3205
2532
1910
1269
548
-62
-297
-448
-559
-449
-346
34
510
855
1369
1816
2160
2622
2860
2990
3060
2984
2583
2026
1529
915
279
-403
-1052
-1452
-1484
-1470
-1452
-1098
-520
170
1009
1751
2429
3101
3407
3642
3699
3406
2849
1967
1043
143
-939
-1842
-2707
-3364
-3625
-3704
-3637
-3378
-2987
-2420
-1789
-1336
-814
-604
-623
-687
-1055
-1568
-2066
-2802
-3386
-3751
-4047
-4144
-4043
-3667
-3021
-2230
-1255
-294
626
1463
2178
2950
3534
3760
3859
3772
3567
3352
2872
2182
1656
1159
670
342
9
-212
-301
-221
-147
37
417
590
909
1442
1771
2180
2379
2331
2383
2354
2018
1579
1111
516
-3
-597
-1107
-1425
-1608
-1648
-1612
-1139
-458
263
1059
1724
2450
3068
3359
3352
3128
2630
1740
841
-193
-1380
-2234
-3214
-4091
-4438
-4634
-4532
-4222
-3865
-3346
-2686
-2092
-1580
-1317
-1174
-1166
-1437
-1919
-2410
-2845
-3209
-3596
-3888
-3868
-3833
-3364
-2659
-1933
-985
-56
868
1829
2655
3320
3859
4139
4226
4137
3866
3390
2876
2223
1530
1041
467
178
-106
-298
-307
-202
-46
70
203
585
986
1298
1493
1659
1885
1987
1988
1778
1547
1308
908
477
65
-385
-758
-987
-1145
-1025
-773
-450
94
773
1522
2202
2810
3206
3521
3629
3261
2741
1988
962
50
-993
-1942
-2693
-3392
-3707
-3948
-3874
-3483
-3152
-2665
-2141
-1661
-1053
-846
-948
-1072
-1435
-1825
-2268
-2844
-3240
-3444
-3563
-3460
-3096
-2586
-1823
-1067
-328
507
1412
2261
2810
3340
3765
3855
4015
3919
3579
3344
2844
2331
1837
1274
859
530
169
-131
-254
-396
-416
-413
-240
-4
294
636
872
1155
1469
1626
1639
1508
1274
1011
713
378
-78
-586
-1011
-1262
-1388
-1334
-1210
-819
-247
393
1217
1832
2410
2924
3177
3281
3097
2540
1810
829
-177
-1203
-2314
-3236
-3986
-4451
-4567
-4588
-4273
-3900
-3436
-2789
-2254
-1813
-1440
-1315
-1343
-1437
-1793
-2113
-2489
-2929
-3088
-3229
-3166
-2861
-2557
-1925
-1158
-292
531
1307
2217
2914
3470
3918
4086
4211
4085
3807
3493
3000
2507
1983
1437
1038
618
182
-96
-301
-357
-333
-329
-258
-145
18
379
595
752
1020
1189
1327
1307
1174
961
628
276
-10
-407
-687
-842
-970
-906
-779
-417
49
511
1043
1587
2204
2667
2860
2949
2864
2494
1938
1030
19
-809
-1697
-2438
-3057
-3582
-3883
-3846
-3701
-3391
-2910
-2463
-1927
-1521
-1121
-784
-855
-971
-1142
-1453
-1765
-2087
-2352
-2459
-2485
-2298
-1935
-1425
-729
-40
701
1357
2133
2787
3298
3792
4048
4207
4244
4038
3735
3336
2775
2245
1675
1174
763
318
-83
-386
-612
-758
-881
-944
-716
-495
-254
11
315
668
867
996
1037
929
797
539
217
-49
-381
-730
-909
-1067
-1107
-1105
-1064
-748
-304
169
643
1091
1556
1938
2031
1950
1867
1449
854
217
-588
-1313
-2039
-2813
-3382
-3758
-3878
-3813
-3667
-3297
-2821
-2238
-1680
-1269
-924
-572
-464
-472
-593
-824
-1069
-1283
-1538
-1650
-1639
-1632
-1426
-1083
-712
-154
426
974
1660
2166
2700
3194
3448
3650
3652
3654
3522
3153
2783
2218
1589
1079
451
-124
-563
-1043
-1360
-1546
-1693
-1528
-1276
-980
-624
-226
228
595
814
1015
1140
1103
912
566
338
-110
-495
-761
-996
-1111
-1117
-1039
-780
-316
44
501
1034
1433
1812
2066
2164
2039
1750
1313
639
70
-608
-1377
-1986
-2544
-2954
-3046
-3088
-2964
-2646
-2157
-1564
-1001
-491
-8
343
621
819
813
717
475
229
-39
-315
-475
-563
-646
-574
-403
-135
280
754
1183
1707
2142
2454
2835
3047
3078
3072
2939
2615
2262
1795
1203
662
115
-504
-969
-1269
-1590
-1846
-1953
-1926
-1816
-1608
-1317
-1015
-651
-351
-4
264
366
511
590
406
317
120
-250
-532
-792
-918
-1071
-1068
-926
-667
-333
5
422
849
1243
1498
1656
1716
1595
1306
860
280
-265
-903
-1523
-2054
-2472
-2800
-2891
-2862
-2759
-2456
-2110
-1643
-1200
-721
-255
152
525
714
917
983
831
686
525
386
331
186
107
170
293
516
747
1108
1471
1744
1993
2214
2370
2411
2354
2115
1848
1550
1105
642
76
-396
-887
-1406
-1783
-2096
-2281
-2407
-2433
-2350
-2192
-1939
-1718
-1374
-995
-631
-284
-106
106
162
181
260
79
-55
-192
-349
-411
-558
-636
-541
-401
-156
164
419
805
1094
1387
1639
1788
1878
1706
1493
1083
653
259
-324
-889
-1305
-1624
-1837
-1972
-1926
-1705
-1334
-940
-555
-63
423
836
1182
1397
1555
1697
1681
1619
1576
1495
1339
1266
1175
1162
1317
1434
1660
1911
2148
2397
2556
2731
2742
2642
2453
2154
1728
1240
716
89
-569
-1234
-1727
-2159
-2585
-2887
-3104
-3257
-3271
-3286
-3176
-2948
-2687
-2468
-2228
-1971
-1695
-1428
-1244
-1022
-835
-589
-464
-341
-255
-270
-227
-223
-230
-184
-68
74
156
218
350
502
615
704
793
818
889
813
528
366
115
-179
-525
-899
-1094
-1285
-1400
-1412
-1318
-1113
-824
-510
-142
304
689
1073
1395
1592
1747
1888
1938
1963
1970
1913
1860
1864
1916
2033
2121
2137
2195
2243
2373
2478
2534
2483
2325
2135
1836
1370
916
439
-156
-731
-1332
-1896
-2315
-2828
-3163
-3405
-3657
-3700
-3739
-3651
-3495
-3371
-3205
-2958
-2746
-2448
-2146
-1881
-1653
-1432
-1193
-954
-939
-760
-632
-590
-459
-350
-174
-39
79
258
384
549
772
841
985
1068
1125
1123
1018
906
708
528
312
46
-175
-365
-495
-567
-566
-435
-276
-56
201
543
847
1152
1536
1834
2129
2327
2520
2687
2738
2730
2712
2647
2610
2615
2705
2848
2947
3069
3133
3208
3202
3129
2981
2749
2464
2109
1650
1126
643
14
-568
-1146
-1679
-2214
-2568
-2877
-3148
-3260
-3434
-3545
-3633
-3694
-3674
-3608
-3462
-3319
-3191
-2981
-2757
-2572
-2334
-2093
-1893
-1618
-1425
-1225
-969
-770
-630
-480
-396
-299
-173
-16
134
236
332
331
382
440
449
436
336
224
102
-46
-245
-416
-551
-582
-560
-509
-416
-303
-140
56
310
581
854
1104
1335
1556
1826
1926
1999
2069
2124
2123
2174
2250
2344
2462
2535
2695
2794
2855
2825
2848
2887
2834
2720
2551
2166
1622
1164
611
81
-474
-1025
-1494
-1913
-2300
-2568
-2776
-2860
-2952
-2963
-2873
-2807
-2662
-2569
-2578
-2471
-2442
-2453
-2334
-2283
-2174
-2056
-2005
-1939
-1766
-1647
-1388
-1189
-1006
-815
-607
-421
-326
-156
-53
139
213
261
287
318
345
297
195
111
26
-85
-164
-306
-365
-393
-376
-243
-91
140
383
622
850
1253
1666
1951
2207
2308
2384
2393
2353
2347
2309
2312
2298
2324
2327
2403
2562
2654
2725
2831
2979
3069
3146
3098
2876
2696
2413
1998
1573
1024
488
-60
-635
-1146
-1555
-1997
-2407
-2658
-2815
-2824
-2763
-2813
-2813
-2657
-2549
-2441
-2385
-2226
-2130
-2056
-1954
-1918
-1809
-1755
-1766
-1623
-1524
-1397
-1173
-1056
-969
-824
-732
-649
-540
-477
-308
-220
-187
-191
-300
-349
-410
-476
-483
-456
-440
-535
-517
-516
-506
-435
-303
-191
-57
123
383
629
823
1020
1165
1338
1443
1551
1692
1841
1906
1934
1993
2061
2193
2300
2340
2332
2367
2311
2315
2403
2325
2257
2199
2092
1902
1712
1365
947
568
81
-316
-793
-1253
-1636
-1949
-2213
-2433
-2572
-2599
-2541
-2434
-2333
-2201
-2058
-1903
-1838
-1768
-1683
-1662
-1672
-1660
-1563
-1414
-1364
-1277
-1027
-887
-692
-511
-378
-260
-74
51
112
165
162
217
196
137
-24
-118
-177
-310
-406
-506
-576
-593
-542
-486
-382
-233
-110
15
143
306
466
661
825
995
1209
1436
1637
1802
1951
1992
2091
2050
2090
2255
2335
2424
2538
2603
2578
2600
2561
2523
2456
2308
2073
1895
1675
1365
1001
667
244
-174
-593
-1045
-1399
-1763
-2136
-2312
-2427
-2500
-2395
-2276
-2156
-2000
-1829
-1638
-1493
-1411
-1319
-1215
-1173
-1143
-1160
-1210
-1233
-1239
-1192
-1104
-925
-675
-470
-273
-86
143
318
438
487
398
319
219
76
-166
-332
-496
-639
-726
-787
-831
-893
-944
-986
-879
-772
-640
-512
-327
-113
40
248
468
704
962
1143
1211
1298
1432
1456
1523
1652
1766
1834
1894
1939
2018
2099
2150
2247
2291
2283
2252
2066
1846
1540
1152
816
433
-9
-406
-789
-1140
-1452
-1842
-2159
-2372
-2558
-2635
-2652
-2508
-2384
-2224
-2025
-1823
-1574
-1416
-1246
-1139
-1024
-932
-960
-930
-963
-976
-959
-874
-724
-582
-377
-176
77
314
535
710
834
957
1031
994
896
781
563
376
148
-45
-172
-391
-549
-626
-677
-683
-634
-599
-522
-340
-103
94
322
560
821
1087
1236
1303
1394
1431
1409
1398
1408
1434
1493
1571
1667
1753
1881
1973
2084
2249
2342
2410
2424
2341
2140
1984
1632
1257
814
332
-104
-475
-855
-1237
-1570
-1909
-2090
-2187
-2200
-2201
-2107
-2059
-1948
-1792
-1617
-1468
-1359
-1248
-1189
-1180
-1209
-1227
-1198
-1143
-1119
-1078
-951
-824
-612
-393
-239
9
242
513
712
868
848
824
763
608
476
281
183
30
-192
-345
-478
-609
-653
-634
-577
-481
-367
-330
-258
-239
-130
-70
8
130
163
243
309
351
294
427
396
431
491
629
726
842
1055
1215
1448
1583
1790
1936
2005
1982
1917
1796
1594
1319
1022
675
279
-148
-529
-883
-1268
-1492
-1754
-1979
-2196
-2324
-2317
-2242
-2073
-1864
-1658
-1383
-1152
-995
-831
-781
-712
-697
-685
-661
-688
-730
-764
-728
-630
-571
-384
-332
-190
83
302
531
823
1054
1151
1249
1251
1206
1124
1024
811
730
514
219
65
-120
-286
-387
-389
-256
94
269
304
163
164
152
224
391
561
840
955
1127
1221
1302
1382
1394
1293
1166
1006
835
713
703
908
1125
1213
1228
1235
1220
1268
1235
1242
1146
931
642
109
-335
-830
-1162
-1430
-1836
-2083
-2238
-2440
-2488
-2395
-2217
-2002
-1808
-1593
-1264
-984
-782
-534
-329
-94
-3
66
92
-10
-74
-168
-235
-222
-245
-198
-113
-23
134
327
449
647
825
974
1059
936
839
706
613
471
280
96
-139
-392
-570
-669
-790
-767
-727
-638
-445
-295
-119
-28
162
365
521
636
683
686
728
781
703
693
605
634
596
595
610
616
630
638
676
713
754
799
768
655
564
411
204
-18
-225
-517
-802
-1149
-1422
-1620
-1784
-1905
-2058
-2104
-2120
-1945
-1844
-1633
-1392
-1224
-1040
-852
-621
-441
-295
-195
-157
-140
-107
-137
-142
-152
-100
-65
-57
10
53
199
367
484
588
705
794
822
857
892
802
750
681
504
337
142
-16
-213
-311
-291
-272
-234
-50
134
237
415
593
820
960
1040
1155
1264
1256
1261
1274
1224
1148
1134
1155
1286
1384
1429
1470
1488
1519
1489
1523
1455
1308
1103
864
619
340
85
-143
-395
-723
-1018
-1212
-1480
-1710
-1879
-2019
-2082
-2069
-1986
-1855
-1710
-1510
-1297
-1156
-1038
-891
-755
-602
-444
-355
-267
-292
-307
-384
-343
-301
-252
-262
-238
-210
-121
-79
-90
-26
72
229
280
471
525
571
605
600
583
443
288
138
-88
-272
-384
-473
-550
-632
-602
-507
-312
-131
118
356
613
734
843
907
899
894
926
935
873
824
769
755
654
637
649
670
712
764
826
875
867
801
696
622
493
311
62
-182
-478
-822
-1110
-1345
-1499
-1665
-1746
-1826
-1838
-1788
-1634
-1492
-1334
-1155
-1072
-926
-786
-738
-603
-524
-440
-327
-258
-108
-63
6
29
100
135
166
270
326
403
468
520
541
546
508
495
480
388
323
182
53
-44
-184
-329
-454
-514
-553
-578
-528
-408
-327
-128
124
299
462
515
599
672
739
823
857
829
855
855
805
866
856
912
1060
1115
1211
1349
1473
1594
1636
1567
1589
1491
1375
1198
965
691
383
39
-324
-557
-856
-1079
-1245
-1345
-1369
-1374
-1295
-1240
-1201
-1088
-1054
-909
-840
-752
-628
-579
-509
-462
-492
-501
-423
-422
-392
-414
-385
-295
-235
-109
26
192
313
468
513
524
590
535
519
438
378
341
130
-2
-158
-381
-565
-712
-809
-870
-895
-982
-978
-923
-831
-671
-523
-261
-40
85
235
317
344
418
433
421
353
340
288
273
383
427
501
584
699
851
1028
1156
1226
1246
1235
1099
947
816
643
396
131
-84
-282
-518
-714
-865
-1028
-1144
-1176
-1136
-1106
-966
-838
-696
-609
-458
-336
-282
-209
-180
-113
-180
-209
-207
-239
-208
-199
-202
-169
-86
-69
-44
14
57
114
166
218
216
196
226
233
147
133
61
-76
-246
-385
-521
-662
-758
-841
-920
-903
-870
-837
-724
-641
-507
-350
-205
-28
141
246
419
571
609
636
681
699
786
842
880
985
1044
1158
1215
1338
1402
1394
1441
1474
1435
1387
1230
1072
955
708
540
360
169
52
-101
-166
-269
-396
-460
-547
-556
-613
-590
-539
-502
-435
-415
-372
-296
-197
-114
-95
-84
-77
-118
-92
-26
-10
9
-1
-16
36
96
121
73
-2
-59
-51
-20
-64
-46
-67
-145
-252
-444
-589
-725
-862
-988
-1076
-1034
-1017
-976
-961
-945
-834
-821
-697
-590
-434
-288
-147
37
180
194
183
155
90
175
162
253
328
378
428
484
522
588
654
723
797
828
885
894
760
668
477
292
206
62
-155
-307
-522
-701
-825
-898
-931
-971
-872
-763
-625
-506
-381
-251
-204
-116
-73
-35
10
59
41
69
85
39
106
199
277
346
401
435
483
422
412
403
370
285
254
207
149
87
-18
-112
-181
-268
-340
-393
-486
-551
-586
-632
-642
-569
-524
-426
-353
-275
-264
-215
-138
-102
10
114
133
166
146
189
275
320
458
554
665
775
848
889
925
982
1011
1003
955
916
888
856
779
633
543
422
243
119
17
-72
-195
-260
-240
-274
-307
-259
-213
-229
-116
-93
-81
-33
-81
-125
-125
-66
-16
44
50
112
188
237
266
270
239
235
263
246
228
266
251
144
82
-32
-127
-191
-347
-386
-504
-619
-611
-643
-678
-752
-837
-860
-921
-826
-799
-713
-646
-586
-502
-481
-460
-446
-369
-331
-306
-247
-204
-189
-115
-101
-36
-2
20
94
137
150
256
341
424
442
486
471
396
423
381
271
179
136
15
-90
-152
-226
-287
-320
-353
-387
-377
-389
-303
-159
-26
41
12
1
26
70
152
246
266
323
221
237
264
222
204
161
206
224
256
322
402
397
412
352
264
217
196
132
-18
-85
-197
-368
-445
-573
-704
-702
-692
-706
-655
-686
-703
-598
-535
-449
-331
-253
-169
-102
-42
5
91
188
226
329
385
427
457
513
504
571
649
648
716
707
752
710
720
764
690
706
650
631
582
520
421
251
197
32
-53
-164
-229
-241
-252
-242
-248
-195
-137
-41
-2
87
81
102
149
155
243
266
261
292
249
189
230
199
198
268
242
296
316
351
335
266
216
197
108
12
-45
-166
-265
-489
-669
-800
-1005
-1099
-1222
-1221
-1170
-1108
-979
-882
-849
-732
-637
-574
-462
-347
-179
25
288
400
461
412
428
374
300
272
219
106
7
-121
-158
-186
-200
-163
-125
-36
62
222
321
456
488
499
484
397
277
99
-37
-238
-444
-627
-783
-877
-981
-1027
-989
-861
-712
-499
-260
-15
159
304
536
707
809
920
880
848
752
581
481
308
143
-83
-214
-235
-319
-311
-284
-261
-244
-237
-218
-116
-71
-50
26
-19
-31
-85
-129
-175
-309
-419
-523
-610
-641
-615
-605
-529
-439
-344
-292
-179
4
186
353
392
531
613
667
714
816
871
855
900
901
971
947
905
836
845
822
779
785
758
690
627
535
357
226
105
-29
-202
-360
-444
-566
-612
-572
-568
-601
-600
-556
-467
-374
-233
-159
-67
65
196
305
351
396
424
417
455
500
438
390
350
302
260
200
276
336
250
228
162
51
-43
-171
-231
-338
-432
-555
-692
-763
-827
-921
-1025
-1106
-1170
-1133
-1098
-965
-849
-764
-635
-582
-454
-418
-300
-200
-104
-19
53
148
248
321
307
284
245
246
295
298
340
403
447
535
589
656
734
738
717
682
674
583
462
308
84
-19
-214
-386
-535
-663
-702
-754
-720
-658
-575
-442
-338
-300
-208
-82
-1
142
208
275
324
219
202
186
114
45
-49
-73
-117
-87
-26
-18
40
52
73
102
140
89
111
74
-40
-61
-155
-265
-392
-506
-665
-779
-794
-799
-780
-725
-645
-569
-489
-402
-249
-127
-33
75
110
209
294
317
371
375
446
453
462
452
506
562
591
563
570
597
613
670
707
770
781
738
703
647
543
414
314
209
99
39
-14
-58
-89
-170
-193
-203
-205
-152
-109
-27
72
108
219
301
385
433
464
488
470
453
446
416
346
306
248
194
143
168
110
136
125
93
84
119
70
79
8
-57
-88
-188
-289
-451
-560
-696
-725
-835
-917
-933
-1036
-1093
-1052
-1026
-961
-886
-820
-705
-592
-497
-372
-276
-145
-83
-5
40
86
141
171
191
196
207
219
233
204
179
201
259
251
253
238
204
207
212
165
100
83
2
-56
-105
-190
-232
-219
-317
-356
-333
-348
-310
-247
-123
4
85
107
83
156
200
271
264
292
345
339
381
288
263
284
258
196
135
126
108
100
92
122
88
49
-16
-162
-181
-184
-331
-406
-471
-519
-491
-502
-577
-644
-623
-580
-559
-463
-373
-333
-281
-198
-163
-46
53
127
193
165
214
314
473
487
551
628
624
609
606
600
575
518
480
440
394
374
301
250
217
98
22
-13
-40
-5
20
12
42
38
21
49
33
17
-14
-1
-22
53
75
150
209
245
334
368
388
423
472
492
495
520
559
561
527
469
403
259
197
151
84
56
55
34
-81
-153
-174
-232
-346
-399
-450
-454
-520
-576
-651
-646
-705
-681
-689
-708
-672
-641
-548
-537
-437
-327
-276
-215
-92
-58
14
44
139
171
158
221
235
244
225
222
198
166
111
83
53
33
-54
-94
-140
-173
-174
-228
-264
-347
-442
-459
-475
-470
-501
-490
-515
-471
-454
-391
-300
-235
-127
-107
-11
52
137
187
212
240
283
329
336
341
410
462
466
392
371
376
312
248
136
94
37
70
75
26
-6
-70
-169
-194
-290
-355
-379
-427
-434
-482
-461
-519
-560
-546
-501
-471
-398
-291
-235
-102
-11
43
101
169
264
358
410
451
478
513
588
608
627
631
633
574
602
588
589
592
536
494
406
320
254
217
174
84
-20
-117
-196
-222
-211
-234
-259
-220
-169
-113
-72
14
26
65
140
171
208
275
387
372
441
452
499
524
560
506
452
462
470
467
473
438
340
300
261
221
142
68
-34
-42
-128
-153
-266
-329
-438
-510
-613
-635
-647
-678
-695
-708
-675
-714
-678
-677
-634
-568
-443
-336
-333
-269
-223
-160
-135
-71
6
9
110
147
203
228
190
173
159
170
165
123
85
-3
-45
-116
-176
-264
-365
-391
-493
-592
-672
-726
-731
-787
-760
-700
-678
-629
-537
-407
-330
-256
-280
-202
-77
46
140
177
273
293
381
403
373
366
402
498
532
560
582
588
552
585
582
540
446
365
396
387
339
204
10
-16
-13
-121
-186
-332
-410
-414
-412
-386
-406
-401
-392
-288
-289
-207
-104
-132
-78
-22
103
132
166
177
160
220
257
293
267
260
294
319
281
320
350
318
343
357
363
374
377
360
321
242
246
241
129
96
72
15
-77
-122
-170
-195
-232
-217
-121
-131
-69
-57
4
2
26
170
155
230
227
233
319
317
290
269
258
205
174
130
126
190
165
215
273
286
268
293
264
223
164
111
152
93
72
-25
-119
-229
-324
-448
-477
-550
-581
-519
-507
-393
-343
-272
-233
-181
-117
-34
-13
-5
65
71
15
20
-12
-81
-114
-114
-123
-135
-104
-154
-111
-159
-132
-111
-91
-29
-102
-107
-181
-242
-252
-280
-330
-378
-452
-508
-506
-563
-566
-540
-578
-494
-474
-414
-332
-252
-122
-73
-24
-26
15
65
80
113
137
139
99
75
11
18
-7
-51
-7
8
12
52
107
45
37
41
50
68
68
37
1
18
67
42
7
-21
-77
-75
-90
-58
35
26
32
79
150
214
244
301
309
364
411
458
545
514
564
514
476
395
314
277
263
239
234
226
265
255
258
269
263
285
240
217
173
192
130
121
52
-22
-36
-85
-76
-93
-136
-177
-164
-181
-165
-73
-81
1
10
99
183
167
213
240
216
202
179
135
126
135
201
121
95
116
96
117
4
-35
-31
-77
-82
-106
-96
-126
-168
-175
-196
-228
-295
-313
-339
-369
-319
-324
-307
-304
-234
-169
-159
-110
-59
35
26
59
133
147
83
76
65
97
49
-16
37
3
-34
-27
-21
-14
-54
-18
-50
-113
-64
-97
-77
-14
36
81
2
-40
-84
-72
-115
-265
-303
-357
-395
-463
-503
-415
-370
-361
-354
-320
-193
-198
-131
-87
-58
-41
-14
-44
39
104
143
187
205
227
154
142
126
67
59
35
-57
-95
-205
-248
-292
-379
-418
-494
-496
-481
-425
-347
-298
-261
-142
-51
-52
53
172
195
221
297
352
281
198
143
13
-83
-105
-41
-70
-25
74
186
370
423
468
474
464
532
608
617
633
558
476
327
290
194
61
-45
-180
-238
-228
-188
-159
-166
-90
-76
14
100
207
297
330
364
373
445
406
399
329
249
204
183
251
271
233
246
287
281
208
209
225
206
164
197
257
187
196
162
144
116
28
0
-45
-44
-51
-66
-112
-171
-115
-232
-266
-302
-302
-318
-309
-306
-315
-224
-262
-202
-194
-178
-151
-71
-75
0
-46
-96
-78
-100
-147
-117
-92
-132
-117
-98
-35
-82
-70
-22
-129
-84
-49
-14
28
-14
-30
-42
-120
-140
-178
-227
-210
-351
-392
-454
-556
-541
-517
-523
-555
-522
-413
-368
-349
-313
-302
-271
-189
-182
-107
-27
4
39
12
7
-21
-30
7
-18
-13
35
62
21
15
2
-57
-43
-98
-89
-79
-67
-63
-53
-42
-69
-33
68
119
131
116
118
168
123
145
183
165
97
40
100
113
168
240
239
281
260
322
347
358
351
301
245
209
303
272
215
187
187
173
84
98
101
135
137
197
247
294
353
278
278
265
239
162
123
137
102
84
38
58
101
95
102
119
138
172
200
183
223
292
282
238
265
232
173
202
177
134
117
98
7
-28
-66
-59
-71
-109
-92
-83
-89
-41
-83
-32
-60
-81
-85
-72
-64
-147
-145
-198
-214
-250
-208
-227
-190
-187
-179
-134
-139
-131
-102
-83
-81
-72
-123
-85
-75
-81
-115
-97
-73
-177
-199
-185
-156
-151
-128
-152
-176
-100
-120
-89
-69
-66
-105
-79
-144
-126
-160
-193
-224
-324
-266
-256
-211
-140
-143
-177
-133
-166
-193
-221
-199
-223
-254
-257
-241
-199
-157
-137
-200
-205
-231
-289
-272
-255
-221
-177
-133
-110
-88
-37
31
25
59
32
35
115
168
209
165
140
84
33
11
-24
-127
-184
-142
-225
-196
-131
-11
2
7
78
175
265
337
441
479
446
506
572
535
472
322
196
114
43
10
-38
-34
-17
32
144
284
326
367
437
477
544
522
478
438
425
414
340
226
181
165
134
43
-55
18
4
56
131
139
242
262
287
282
332
337
338
297
277
190
135
133
29
-5
-32
-112
-117
-126
-148
-111
-151
-99
-74
-64
-42
-14
-40
-88
-119
-161
-234
-241
-190
-217
-211
-267
-255
-286
-344
-288
-260
-257
-205
-222
-195
-201
-183
-191
-294
-322
-350
-296
-278
-343
-363
-388
-411
-423
-358
-275
-254
-235
-153
-102
-97
-30
11
42
42
51
34
112
112
127
126
86
100
13
24
9
2
1
-20
6
8
56
44
58
47
52
80
48
-12
-100
-158
-159
-192
-210
-186
-214
-141
-168
-131
-143
-127
-61
-9
-26
-73
-38
-23
0
14
-16
-23
-59
-108
-62
-37
-32
-43
-13
-50
30
6
53
94
165
184
187
220
208
268
235
164
134
97
63
20
17
21
29
18
-4
-44
-40
-58
-157
-126
-95
18
76
136
166
156
129
174
194
162
201
197
227
196
172
221
286
302
284
290
317
322
332
379
448
404
384
388
363
312
298
342
244
236
200
99
135
133
73
14
-9
34
-17
10
93
68
51
51
31
-19
-38
-29
-92
-156
-213
-173
-191
-206
-213
-233
-222
-225
-224
-181
-178
-219
-192
-179
-133
-90
-133
-79
-43
-68
-74
-76
-34
-66
-95
-126
-144
-144
-173
-180
-202
-230
-210
-259
-254
-221
-206
-151
-88
-106
-142
-137
-174
-196
-205
-198
-169
-162
-198
-156
-176
-175
-67
-90
-79
-65
-51
-38
-23
-24
7
42
23
57
81
85
141
118
81
27
-43
-89
-198
-161
-93
-108
-112
-72
-71
-69
-84
-128
-90
-60
-24
-27
1
10
-5
-78
-106
-182
-273
-272
-282
-354
-400
-428
-500
-460
-461
-447
-339
-238
-148
6
136
192
156
186
272
408
499
529
633
665
595
520
429
316
291
283
254
194
144
117
78
22
44
64
65
109
167
276
339
361
459
483
432
363
297
325
205
147
145
155
174
180
144
150
142
-1
-124
-89
-13
90
264
410
613
741
780
852
733
662
517
286
168
-5
-143
-174
-341
-427
-520
-580
-599
-665
-538
-573
-517
-399
-282
-193
-34
53
-12
46
-33
-25
-65
-120
-165
-225
-166
-200
-201
-210
-193
-201
-244
-234
-137
-12
78
64
101
127
148
158
84
48
-13
-87
-96
-48
-49
-22
67
124
209
151
119
67
-20
-139
-124
-162
-205
-207
-209
-265
-387
-462
-543
-587
-583
-575
-539
-444
-404
-331
-264
-221
-177
-135
-106
-101
-105
-51
-55
19
-32
-91
-6
-34
-6
75
121
113
126
174
169
159
73
50
26
-51
-134
-141
-158
-215
-251
-364
-365
-316
-311
-241
-180
-207
-198
-204
-83
65
114
184
233
211
250
289
267
241
199
120
107
35
18
48
-4
103
153
187
315
300
355
434
466
468
486
510
548
532
497
522
501
442
414
365
312
248
206
90
93
57
57
104
81
135
166
268
270
301
301
230
142
53
-27
-25
-67
-78
-64
-55
-36
-39
15
44
96
78
100
122
105
157
110
129
121
89
92
38
44
-7
-43
-124
-217
-269
-315
-304
-250
-216
-156
-104
-21
-38
-51
9
-36
-7
-35
-95
-63
-111
-103
-178
-210
-214
-198
-210
-244
-225
-260
-268
-253
-281
-252
-248
-222
-188
-202
-120
-156
-167
-155
-191
-202
-254
-322
-322
-293
-357
-349
-370
-343
-336
-265
-279
-219
-156
-149
-174
-196
-158
-147
-142
-136
-163
-197
-150
-155
-187
-167
-108
-96
-78
-60
-58
-49
-8
30
75
172
184
171
189
212
201
143
171
112
93
116
89
110
33
13
-9
-24
11
-19
37
71
78
123
223
289
308
339
404
518
471
433
403
303
250
204
162
167
150
180
169
116
153
151
166
139
139
166
177
196
185
183
185
188
144
118
78
60
50
21
13
-32
-130
-155
-148
-137
-93
-48
-50
-92
-32
20
31
-6
17
87
82
121
84
159
225
163
146
193
193
158
126
159
207
145
179
214
157
104
128
69
15
-59
-42
4
-35
47
40
10
-2
-45
-24
-15
-65
-80
-73
-103
-34
-39
-4
-51
-81
-81
-144
-130
-187
-238
-247
-192
-209
-220
-218
-227
-222
-229
-231
-185
-117
-155
-163
-158
-102
-64
-166
-216
-246
-293
-317
-282
-306
-310
-272
-265
-252
-241
-222
-199
-184
-219
-226
-177
-227
-224
-212
-248
-269
-193
-156
-114
-67
-62
-93
-87
-121
-78
-38
-122
-56
-92
-138
-141
-106
-70
-55
-118
-136
-165
-134
-132
-149
-115
-76
-6
9
29
75
126
166
221
207
230
256
281
247
248
266
319
320
339
367
381
395
338
376
374
394
393
353
340
337
369
350
370
330
332
344
266
224
157
157
98
8
2
-21
18
9
49
40
9
22
26
64
56
71
5
-4
-18
15
-12
-17
36
-3
26
23
77
60
56
105
104
148
154
207
277
274
208
171
172
89
36
21
27
-89
-65
-36
-69
-16
-102
-118
-111
-95
-136
-202
-185
-179
-200
-209
-237
-236
-191
-188
-226
-203
-154
-161
-113
-98
-33
-75
-26
-65
-32
6
32
53
-31
20
20
-4
41
70
73
64
46
87
22
2
31
-54
-63
-124
-204
-220
-249
-255
-275
-264
-248
-251
-265
-292
-301
-296
-347
-332
-326
-305
-283
-255
-234
-207
-182
-184
-58
-54
-9
-4
0
25
-24
-90
-159
-185
-238
-202
-222
-144
-112
-197
-156
-117
-98
-99
-15
-57
-45
-12
21
82
91
122
116
124
82
54
101
102
210
191
240
287
232
190
180
155
137
129
118
123
166
174
135
163
167
175
165
203
263
224
194
181
228
246
223
231
170
146
120
69
70
49
4
10
16
17
-1
108
117
116
90
-12
-26
-85
-78
-32
-33
-38
-16
-24
31
100
125
179
224
202
140
140
155
160
173
213
185
140
136
155
179
206
182
209
202
216
225
194
224
129
85
73
35
47
24
44
54
15
-46
27
-15
7
0
-51
-2
-22
78
32
-21
1
2
-33
-64
-43
-81
-115
-120
-102
-103
-31
-29
1
31
-16
-37
-60
-79
-93
-217
-224
-285
-399
-373
-425
-389
-442
-456
-487
-518
-503
-546
-515
-568
-519
-472
-431
-364
-313
-258
-259
-201
-256
-243
-202
-196
-157
-154
-139
-208
-267
-292
-284
-332
-240
-213
-181
-132
-84
-2
-28
43
52
84
67
123
101
83
159
163
184
199
212
190
117
78
150
111
86
142
169
186
264
281
301
289
280
335
251
284
302
280
290
300
324
306
326
269
241
209
189
202
99
62
31
54
33
85
118
181
224
264
279
257
229
184
157
85
24
9
13
31
13
-19
-1
28
2
19
96
72
104
116
186
214
206
197
163
156
159
114
103
83
-33
-34
-99
-131
-115
-128
-48
1
2
104
142
129
116
123
102
13
51
69
71
67
43
41
56
-36
-44
-102
-141
-153
-174
-149
-93
-37
-38
21
54
61
107
72
42
7
-20
-63
-87
-122
-212
-219
-316
-297
-302
-343
-368
-328
-307
-305
-324
-358
-412
-427
-383
-330
-292
-210
-192
-229
-218
-256
-185
-258
-358
-403
-358
-341
-368
-296
-209
-123
-106
-42
2
2
54
74
19
24
22
-49
-126
-69
-59
23
103
82
128
102
69
3
50
90
130
154
174
212
264
310
338
307
261
264
209
206
178
127
162
129
94
84
51
26
-58
-30
0
5
4
14
-59
-97
-90
-84
-24
-42
45
107
124
170
189
152
98
100
131
86
69
88
81
51
21
45
29
55
36
108
101
67
137
169
202
151
173
184
203
184
159
86
92
54
15
33
61
3
-43
-37
-17
20
-77
-45
5
18
69
130
186
241
205
232
219
171
190
153
113
154
130
89
55
41
20
-12
-10
-38
-27
-31
-32
51
63
100
104
89
52
18
-28
-16
-96
-161
-102
-102
-99
-141
-194
-260
-298
-331
-316
-278
-255
-205
-174
-160
-119
-130
-145
-211
-223
-245
-302
-328
-369
-382
-363
-397
-379
-342
-302
-211
-214
-173
-137
-101
-71
-20
25
32
29
20
7
2
-9
-4
-41
-48
-63
-31
-7
1
49
76
96
138
185
206
287
273
208
166
108
110
91
62
101
95
74
109
113
111
73
49
22
17
38
51
15
-9
-1
-33
-40
-66
-62
-101
-127
-150
-168
-163
-134
-111
-84
-27
-20
-5
-26
0
63
88
105
87
100
63
8
27
60
65
39
56
76
93
33
43
54
6
5
34
44
35
85
111
118
122
158
187
227
262
229
209
176
139
87
82
97
102
131
55
122
82
67
61
14
68
32
32
20
59
81
61
75
95
90
68
111
53
36
8
28
49
87
169
193
226
224
213
144
152
124
96
82
77
99
74
99
85
50
30
4
-5
-68
-92
-116
-187
-211
-253
-232
-246
-225
-171
-154
-183
-194
-236
-293
-300
-325
-365
-377
-363
-373
-389
-360
-406
-405
-380
-353
-347
-381
-373
-359
-316
-310
-241
-180
-104
-41
12
36
51
53
67
59
70
86
61
96
79
40
60
42
61
59
73
116
116
140
152
184
194
192
164
176
150
133
116
75
51
24
5
-9
47
18
18
17
-10
-10
-26
-9
-27
-6
10
35
48
32
68
64
52
36
5
27
18
22
3
-37
-37
-54
-67
-11
-48
-48
2
-6
41
56
74
92
110
93
86
108
116
131
138
129
144
200
190
172
166
153
123
116
136
162
158
177
188
179
203
155
156
166
148
142
101
81
28
-27
-30
-17
-25
-36
-20
-42
-23
-57
-34
-16
-14
-15
-43
-72
-5
7
9
101
149
139
142
150
132
123
121
150
84
99
115
114
116
77
47
-12
-47
-73
-63
-97
-73
-88
-88
-83
-113
-146
-197
-221
-281
-280
-263
-267
-304
-308
-303
-294
-351
-363
-352
-305
-305
-283
-239
-231
-193
-174
-128
-131
-115
-107
-132
-151
-143
-128
-79
-70
-113
-122
-39
5
11
4
36
13
50
90
83
99
52
98
74
24
10
-15
-11
-46
-87
-85
-68
-88
-54
-46
-16
1
8
13
25
10
11
6
-40
-19
-17
-4
-11
-17
-4
59
80
102
141
169
171
147
164
165
139
126
117
132
139
93
93
77
41
6
-10
-17
46
84
89
117
92
100
141
116
144
182
173
198
202
186
135
113
98
93
45
88
56
11
2
-39
-40
-4
25
48
91
101
107
95
91
76
58
69
84
90
78
87
109
107
94
58
49
37
16
52
33
30
40
72
67
79
114
126
125
136
161
134
145
139
101
63
41
1
-34
-17
-56
-36
-36
-28
-27
-34
-78
-108
-149
-212
-239
-268
-262
-275
-251
-267
-291
-302
-288
-319
-300
-287
-323
-313
-301
-269
-264
-243
-217
-180
-164
-156
-112
-118
-115
-118
-107
-102
-81
-61
-67
-36
-12
-9
-9
-7
-2
-24
-62
-37
-36
-25
15
61
42
44
48
28
27
-6
-11
-16
-15
28
14
-4
8
-10
-37
-46
-41
-62
-6
30
31
48
40
29
87
89
98
126
125
124
140
132
101
112
67
82
106
113
150
165
177
202
237
231
225
223
208
169
145
134
125
84
65
58
60
31
2
39
7
-14
-63
-69
-113
-122
-145
-144
-136
-129
-95
-86
-87
-82
-52
-23
-3
4
6
47
41
34
83
115
100
83
115
94
54
30
31
39
15
26
65
102
109
129
174
219
223
212
249
234
228
198
137
108
90
55
20
9
-26
-33
-3
-9
-37
-64
-58
-93
-93
-91
-96
-71
-93
-71
-78
-55
-91
-65
-45
-82
-94
-130
-104
-143
-140
-134
-145
-159
-166
-183
-214
-212
-221
-244
-259
-213
-201
-163
-120
-79
-50
-40
-4
23
35
59
42
22
-9
-50
-74
-62
-75
-112
-113
-117
-65
-48
-73
-49
-57
-71
-79
-87
-62
-83
-61
-49
-82
-51
-76
-59
-33
-45
-35
-32
-66
-51
-44
-54
-8
23
38
48
44
28
54
33
41
47
82
114
116
119
161
200
173
218
214
229
228
254
258
238
254
264
223
181
157
125
114
114
74
27
-17
-51
-51
-61
-81
-106
-89
-83
-75
-61
-38
-52
-97
-100
-100
-93
-116
-145
-115
-110
-68
-66
-17
38
51
64
88
107
111
144
173
161
171
156
128
109
87
94
87
116
115
102
115
93
61
38
59
44
48
52
57
79
63
81
51
33
-26
-64
-91
-119
-113
-118
-113
-114
-93
-98
-64
-67
-90
-56
-57
-50
-72
-73
-66
-57
-44
-85
-67
-83
-47
-53
-91
-80
-76
-43
-48
-20
10
35
35
90
119
106
89
65
39
-7
3
3
-48
-59
-72
-105
-75
-79
-94
-103
-90
-131
-130
-145
-141
-109
-124
-118
-128
-100
-138
-168
-185
-188
-180
-159
-153
-136
-123
-99
-75
-66
-56
-36
-22
-41
-53
-51
-50
-46
-37
-22
17
12
33
82
127
120
129
150
149
199
196
223
250
223
209
178
147
111
42
45
65
43
50
72
66
63
43
30
24
7
-8
-14
-23
-51
-37
-79
-62
-49
-29
-8
-49
-66
-93
-60
-49
-29
20
58
86
85
94
106
123
114
100
133
158
149
120
81
57
43
35
46
63
60
51
81
58
57
77
83
63
48
62
47
47
31
9
0
2
36
36
11
-32
-44
-50
-59
-66
-41
2
19
27
33
61
86
83
53
45
21
-12
-17
-30
-48
-62
-60
-24
11
-23
-19
-16
-24
-12
-32
-13
-21
-23
-4
-15
-1
-23
-38
-44
-51
-71
-61
-40
-44
-21
-2
6
4
-5
-20
-5
-48
-80
-116
-145
-190
-215
-199
-206
-189
-191
-194
-194
-144
-134
-140
-113
-86
-40
-53
-58
-60
-66
-61
-62
-64
-55
-47
-38
-62
-78
-73
-72
-57
-32
-23
9
30
31
58
90
65
52
52
23
15
13
23
-7
15
19
-11
2
30
49
42
48
53
59
71
93
69
57
52
32
20
18
35
42
38
42
32
11
8
0
7
-18
9
16
69
117
136
139
155
153
149
155
147
143
85
89
109
103
64
69
64
66
64
74
87
78
51
46
50
12
16
-6
-9
3
-19
-19
-9
-2
-20
-4
25
26
2
25
50
75
92
93
125
141
102
86
42
3
-14
-62
-58
-73
-77
-51
-62
-63
-32
-22
-3
-5
28
32
21
-6
-38
-40
-72
-74
-67
-75
-79
-74
-88
-96
-125
-127
-102
-104
-74
-37
-4
3
16
32
37
49
16
-12
-23
-44
-15
-17
-43
-36
-25
-4
0
25
38
34
18
-8
-26
-38
-35
-49
-50
-86
-96
-85
-107
-116
-108
-116
-85
-79
-125
-106
-107
-133
-106
-123
-91
-76
-80
-54
-74
-72
-83
-113
-115
-110
-100
-113
-117
-86
-68
-57
-25
0
2
4
36
40
72
98
114
125
88
75
58
35
44
48
24
23
24
38
56
65
74
117
120
136
165
143
154
143
107
87
48
20
1
-24
-10
4
54
76
66
98
105
123
135
140
127
119
105
55
37
31
14
0
2
-36
-22
-34
-31
-3
28
78
106
138
178
164
170
149
137
123
59
17
-27
-70
-108
-134
-144
-129
-123
-123
-137
-120
-101
-84
-49
-28
-11
17
33
48
39
-15
-23
-36
-55
-74
-82
-63
-60
-45
-30
-7
-37
-20
-24
-8
20
26
71
76
60
58
56
35
12
28
23
24
49
64
49
48
38
37
38
41
23
23
40
-3
-2
-19
-25
-41
-76
-106
-126
-142
-153
-102
-107
-68
-37
-15
3
-9
17
-1
0
-28
-23
-13
-23
-53
-83
-77
-97
-126
-154
-141
-134
-136
-126
-109
-87
-64
-55
-25
-14
2
8
3
-21
-34
-63
-45
-38
-53
-30
-38
-44
-41
-24
14
21
21
31
25
27
14
8
4
-16
-51
-76
-95
-94
-106
-81
-66
-63
-47
16
76
77
120
156
166
171
154
144
152
140
123
102
81
94
85
73
57
55
53
65
94
126
159
157
200
199
176
166
162
142
99
54
37
8
-21
-31
-47
-44
-49
-60
-57
-56
-65
-59
-66
-66
-70
-83
-78
-96
-118
-82
-83
-98
-75
-79
-34
-21
12
44
62
88
114
122
114
138
121
135
137
103
121
102
65
49
21
15
-10
-18
-8
-20
-17
-19
25
27
45
38
38
40
14
29
3
26
-3
-40
-64
-86
-111
-122
-133
-156
-171
-155
-167
-166
-125
-120
-86
-51
-47
-15
10
16
16
11
-35
-46
-15
-47
-58
-34
-6
4
4
3
8
-2
-16
-34
-32
-53
-44
-31
-39
-27
-55
-46
-63
-90
-94
-110
-124
-124
-142
-128
-112
-118
-125
-129
-118
-126
-134
-115
-114
-113
-108
-95
-79
-101
-103
-66
-42
-26
11
23
62
80
79
87
88
98
123
130
140
154
156
160
162
172
156
177
163
157
162
154
172
154
138
149
157
166
200
195
185
162
161
146
110
86
50
35
10
-18
-16
-46
-73
-90
-119
-112
-122
-127
-129
-131
-119
-88
-84
-39
-32
-21
-3
9
3
-5
22
39
37
47
96
114
115
128
135
157
185
167
172
125
80
50
33
27
4
-32
-22
-9
-14
10
-3
17
48
55
65
57
39
51
29
5
-22
-50
-55
-98
-115
-141
-190
-199
-214
-237
-226
-200
-173
-148
-126
-78
-40
-12
31
24
7
11
-7
-34
-18
-11
-17
-40
-62
-57
-42
-33
-57
-41
-45
-28
-15
-2
17
-1
4
-10
-18
-43
-44
-43
-43
-43
-55
-50
-31
-54
-63
-48
-37
-52
-53
-60
-65
-77
-123
-117
-145
-156
-163
-168
-192
-177
-158
-151
-144
-132
-59
-16
25
40
71
78
107
125
124
142
119
94
65
37
28
1
0
8
-12
88
114
83
112
98
136
125
73
173
141
159
226
103
152
146
69
74
42
30
77
27
11
67
50
50
45
46
90
70
53
84
52
47
27
33
19
46
39
25
54
33
44
61
82
92
119
123
113
111
118
100
88
80
46
36
-13
-11
-52
-64
-44
-47
-8
-13
39
65
62
78
62
61
51
26
-1
-34
-83
-103
-148
-146
-119
-132
-101
-73
-46
-35
-15
-25
-33
-6
-29
-26
-27
-35
-43
-71
-80
-71
-97
-117
-107
-118
-130
-133
-122
-113
-78
-93
-69
-15
-42
-23
-32
-35
-43
-65
-86
-77
-99
-113
-75
-83
-95
-62
-16
-6
14
20
8
10
9
-7
-13
0
13
1
-19
-45
-55
-73
-81
-72
-58
-38
-36
-10
3
-3
41
66
40
75
96
87
100
70
31
17
-9
-41
-51
-62
-66
-87
-99
-102
-102
-70
-76
-45
-43
-28
6
31
40
47
82
48
71
63
50
55
29
8
-15
-11
7
4
22
54
60
51
49
69
64
48
45
51
49
43
33
43
66
72
93
111
115
130
137
142
133
130
96
111
107
67
84
55
57
28
44
16
-15
4
-31
-36
-31
-18
1
23
39
72
85
110
127
129
96
72
57
21
16
-4
7
10
22
34
40
47
66
41
41
32
20
19
27
26
23
16
15
39
-3
-13
-47
-81
-104
-120
-126
-117
-121
-136
-136
-125
-98
-84
-94
-74
-84
-104
-91
-107
-108
-112
-117
-115
-106
-71
-65
-93
-54
-58
-61
-42
-65
-43
-37
-27
-24
-9
-4
-38
-55
-51
-45
-61
-84
-81
-92
-89
-95
-81
-58
-60
-25
-10
27
62
70
79
86
82
71
38
23
-20
-41
-51
-74
-96
-105
-69
-79
-71
-53
-60
-46
-36
-19
40
82
74
81
96
87
85
46
24
28
1
-16
-13
-1
-1
-20
-25
-6
13
26
60
71
68
107
90
62
71
54
75
68
82
123
97
101
96
71
53
51
42
38
35
17
33
9
-21
-38
-46
-55
-66
-67
-41
-11
-2
-1
23
62
57
57
76
106
113
127
116
105
101
90
91
58
36
38
19
0
2
-21
-23
-36
-25
6
19
39
80
75
82
97
109
96
86
79
59
31
20
0
-8
-33
-55
-84
-104
-113
-127
-122
-127
-137
-132
-114
-91
-66
-58
-37
-32
-25
-20
2
20
36
25
32
45
36
41
41
39
40
30
11
4
-21
-37
-63
-70
-72
-97
-97
-93
-89
-85
-73
-61
-50
-31
-12
-1
1
21
20
-4
-46
-66
-92
-130
-157
-167
-180
-184
-178
-170
-145
-131
-125
-82
-56
-29
0
7
52
62
47
48
53
34
29
35
19
12
-19
-16
-27
-46
-51
-40
-26
-27
-9
19
43
48
38
50
40
38
42
40
51
28
46
50
55
64
66
49
58
46
41
59
32
29
0
-12
-33
-37
-15
-27
-18
8
29
34
36
57
43
52
76
85
110
104
136
162
176
187
170
162
119
76
40
17
-6
-5
-16
-4
-10
5
37
34
63
79
72
84
110
93
93
70
62
61
50
47
47
35
32
-4
-15
-42
-81
-81
-68
-52
-53
-40
-19
-14
-20
-37
-22
-48
-52
-19
-20
0
-5
23
17
22
17
9
7
-27
-31
-38
-57
-81
-97
-80
-94
-95
-103
-99
-82
-39
-9
10
42
49
57
51
22
15
-29
-63
-99
-136
-171
-182
-180
-195
-194
-182
-167
-162
-136
-87
-47
-38
-34
-11
21
5
-1
-13
-3
-17
-26
-20
-7
-18
-14
-6
7
11
-2
22
21
15
35
9
-1
-12
-43
-31
-20
-31
-42
-35
-25
-12
-2
20
20
32
72
113
143
143
137
133
79
47
21
-14
-20
-54
-49
-44
-48
-14
11
17
20
27
8
17
19
18
31
38
48
69
78
87
116
108
122
124
101
92
58
28
31
9
-19
-36
-27
-23
-5
0
12
12
21
37
52
91
112
155
152
172
169
154
133
93
42
-16
-50
-91
-102
-142
-145
-157
-146
-142
-129
-76
-57
-21
8
59
57
59
69
68
60
69
75
52
57
29
1
-30
-54
-65
-100
-86
-71
-68
-39
-29
