22
42
34
-4
-18
-18
-10
-31
-48
-23
22
39
23
10
32
44
22
-22
-30
5
8
-19
-43
-6
15
2
-24
-28
4
16
0
-13
14
43
31
-6
-3
11
5
-21
-33
-3
11
-2
-21
-6
14
19
-9
-30
-7
1
-3
-30
-26
-13
-23
-48
-74
-62
-44
-45
-70
-65
-38
-16
-34
-36
-26
-14
-23
-39
-46
-46
-37
-52
-56
-46
-44
-46
-54
-45
-23
-12
-24
-25
-24
-13
-28
-53
-43
-37
-13
-14
-16
6
21
23
12
-1
-2
5
-5
-8
-2
12
18
11
12
20
30
17
-4
-4
-4
-7
-17
-13
9
26
27
15
21
28
39
34
18
24
32
19
-7
-21
-17
-1
-8
-8
8
16
17
1
4
13
16
24
26
44
61
60
55
60
69
53
26
23
34
27
18
10
12
20
29
17
12
31
57
63
58
55
52
58
30
26
38
40
32
30
34
30
24
2
-1
11
15
8
8
22
41
46
37
37
38
28
6
-27
-22
1
-8
-25
-15
2
0
-4
-17
-23
-25
-24
-34
-44
-33
-26
-27
-34
-36
-36
-39
-42
-26
-2
10
-6
-5
9
13
5
-19
-18
-21
-27
-41
-61
-59
-52
-55
-77
-89
-76
-60
-48
-40
-27
6
25
15
12
8
-2
-28
-52
-51
-45
-51
-80
-85
-68
-66
-66
-66
-50
-32
-21
-16
-9
17
38
32
17
14
30
32
-4
-20
-11
-9
-11
-45
-56
-33
-24
-36
-40
-17
-4
7
4
20
43
44
29
11
19
40
32
4
-4
14
19
-6
-23
-7
13
4
-17
-29
-4
21
8
-9
15
52
57
29
15
25
34
25
14
27
48
47
36
41
70
84
63
51
51
58
51
24
23
55
78
66
42
53
76
62
24
8
20
37
21
6
22
48
60
41
19
29
43
25
3
0
6
3
-12
-8
6
27
26
11
16
16
20
-8
-25
-16
-19
-38
-54
-48
-27
-5
-16
-22
-7
-1
-19
-28
-39
-29
-25
-37
-35
-17
0
-2
-17
-19
-3
-7
-28
-44
-39
-22
-30
-42
-38
-34
-24
-43
-60
-46
-40
-54
-80
-68
-47
-32
-31
-34
-9
22
25
-2
-1
10
9
-25
-57
-59
-48
-48
-60
-50
-24
-1
7
-6
5
14
16
4
0
19
36
36
36
41
38
13
-22
-21
-11
-8
-21
-36
-20
0
-2
-12
-16
2
21
2
-23
-19
-5
-12
-43
-59
-51
-39
-40
-35
-9
13
12
2
9
17
13
-15
-27
-9
9
14
12
34
55
63
44
26
36
43
34
9
15
46
67
59
43
56
66
57
31
32
45
32
22
8
13
26
26
19
25
44
34
13
-3
-1
-6
-25
-47
-40
-17
-1
-2
-1
33
61
62
28
12
14
13
-4
-21
-10
5
17
18
21
33
41
24
17
23
31
26
4
9
23
32
33
43
45
75
65
32
8
6
15
-11
-31
-20
15
18
-6
-6
7
18
-15
-44
-43
-34
-43
-61
-60
-32
-9
-19
-28
-27
-10
-14
-41
-67
-74
-65
-76
-86
-67
-44
-31
-36
-41
-18
6
-19
-34
-23
-12
-13
-35
-39
-21
-9
-15
-33
-37
-13
7
-12
-36
-38
-28
-16
-24
-12
10
17
18
-3
-15
-31
-50
-71
-65
-56
-53
-58
-61
-24
6
14
7
-5
9
22
3
-22
-30
-11
-21
-45
-46
-23
1
6
3
18
41
49
38
32
42
54
40
31
29
45
66
52
34
44
60
41
17
18
33
35
22
27
55
70
65
37
15
19
13
-4
-26
-20
16
23
22
29
46
54
35
13
9
22
14
-8
-24
-18
-3
-6
-8
-2
11
34
41
54
63
64
54
32
32
40
21
8
17
34
34
24
13
15
24
19
5
-1
11
19
14
11
1
8
10
-4
-23
-29
-12
-11
-24
-13
-2
2
4
2
7
10
0
-8
-3
-13
-29
-58
-74
-65
-45
-45
-49
-44
-31
-4
-7
-9
-6
-10
-23
-39
-46
-28
-14
-17
-22
-24
-11
-2
-20
-35
-40
-51
-64
-68
-59
-39
-36
-31
-17
-8
-5
-8
-11
-6
13
12
4
13
25
18
5
-6
-22
-16
-21
-38
-41
-47
-41
-37
-40
-37
-24
-12
-11
-13
2
8
22
13
-1
2
-9
-16
-19
-10
2
2
-6
-4
-4
-1
-5
-13
-4
1
-5
-15
-10
4
18
22
18
24
27
32
23
11
19
30
29
21
26
32
40
32
14
12
18
13
0
2
2
0
-3
7
24
30
32
30
35
40
37
28
23
20
30
27
34
49
63
63
47
34
37
43
36
24
18
28
24
10
8
21
20
11
8
11
18
10
10
11
21
16
14
19
24
32
22
18
7
11
11
-7
-25
-33
-18
-15
-28
-21
-9
12
5
-4
-3
5
20
0
0
10
6
-1
-4
7
21
12
11
11
0
-18
-45
-64
-65
-65
-75
-68
-51
-41
-28
-37
-49
-45
-41
-41
-64
-60
-39
-15
-6
-7
1
11
10
-15
-17
-12
-29
-41
-59
-59
-54
-58
-56
-54
-27
-17
-26
-17
1
7
-9
-19
-16
-4
2
-11
-18
7
19
13
2
-16
-8
-14
-35
-55
-58
-39
-28
-29
-20
4
21
18
6
24
23
9
-4
-23
-8
11
16
28
41
56
50
29
16
25
24
-3
-36
-34
-6
9
0
-3
29
45
45
21
16
34
29
17
14
27
53
57
51
60
76
74
56
34
24
21
12
-2
-1
25
46
40
34
48
66
59
28
21
32
34
18
9
22
45
56
43
30
35
35
25
6
1
1
-11
-37
-54
-43
-23
-9
-4
2
22
24
3
5
6
-9
-25
-36
-27
0
16
19
13
15
27
15
-8
-23
-34
-32
-38
-44
-28
-7
12
4
6
11
1
-18
-39
-36
-25
-32
-31
-8
4
4
-2
-8
-7
-11
-30
-36
-48
-59
-65
-84
-92
-82
-56
-36
-33
-9
10
16
-2
-21
-18
-25
-39
-52
-35
-6
3
-9
-22
-26
-27
-39
-41
-26
-20
-24
-30
-24
-8
15
13
6
9
22
0
-41
-60
-63
-63
-65
-42
-5
42
54
38
30
54
54
22
-17
-27
-28
-44
-56
-48
-15
7
8
11
22
39
36
12
1
10
11
-8
-7
11
31
39
37
30
44
61
32
8
12
30
32
3
-5
29
51
61
54
45
54
40
11
3
24
44
41
50
76
100
97
75
65
70
78
61
28
7
17
17
-8
-16
18
46
36
18
12
40
29
-13
-39
-42
-18
-22
-34
-8
28
46
36
25
31
25
3
-37
-60
-43
-37
-42
-35
-2
27
22
-3
-21
-19
-12
-23
-27
0
28
22
-14
-16
11
17
-7
-15
6
23
20
-14
-31
-17
-16
-36
-47
-30
-10
-15
-42
-59
-64
-76
-109
-130
-127
-114
-90
-82
-60
-9
14
-2
-23
-24
-19
-46
-77
-92
-67
-31
-24
-21
-5
19
24
-1
-14
-14
-14
-26
-31
-3
33
36
36
30
32
32
21
26
36
46
26
18
22
41
49
34
18
1
7
-6
-38
-47
-41
-46
-58
-55
-25
0
4
2
14
31
43
42
28
25
16
7
-1
-12
-9
-5
-1
11
30
36
27
7
-5
4
-8
-30
-23
20
51
57
59
69
74
65
28
8
21
22
4
-5
30
78
99
95
85
74
49
3
-41
-47
-27
-28
-30
-10
18
26
4
-27
-36
-18
-2
-8
-7
30
55
47
14
5
32
38
17
4
18
19
-9
-49
-68
-61
-45
-37
-18
23
62
62
38
38
55
35
1
-32
-32
-18
-29
-39
-27
18
38
32
25
40
44
15
-26
-37
-2
13
0
-10
-5
6
-8
-44
-57
-54
-44
-51
-46
-18
23
28
17
26
51
54
38
16
-13
-44
-83
-127
-144
-128
-94
-72
-52
5
41
42
15
-9
-3
5
-23
-60
-51
-21
-10
-33
-23
-4
-5
-23
-43
-29
-20
-22
-34
-24
-7
0
-5
-19
-22
-25
-25
-43
-47
-45
-32
-38
-56
-42
-3
25
39
63
74
88
67
12
-18
-35
-64
-99
-102
-78
-42
-10
13
41
71
89
77
50
39
34
22
17
32
59
76
83
69
61
54
20
-15
-29
-17
-2
7
34
52
58
52
28
35
47
51
44
30
25
16
12
4
11
22
19
31
49
61
64
31
6
-4
-30
-45
-46
-24
2
-4
-10
10
29
32
25
20
12
4
-8
-29
-14
21
49
53
70
84
83
59
20
-33
-59
-67
-77
-52
-27
13
28
27
14
24
19
1
-13
-14
17
25
20
23
38
27
-11
-39
-41
-32
-33
-68
-89
-71
-53
-53
-53
-50
-30
-20
-31
-38
-45
-40
-45
-59
-54
-30
-27
-49
-62
-41
-11
2
11
35
44
33
3
-34
-45
-35
-44
-53
-42
-9
12
11
-8
-25
-34
-46
-60
-57
-20
12
41
57
73
69
41
1
-20
-23
-40
-60
-79
-60
-39
-23
-5
-1
1
-9
-27
-33
-38
-18
2
4
4
9
15
-11
-23
-1
20
25
23
41
65
62
27
-22
-32
-30
-17
21
53
76
87
78
47
14
-19
-39
-33
-7
30
81
112
120
106
78
50
30
14
25
46
36
17
2
-13
-29
-37
-27
8
42
45
30
20
-1
-33
-37
-24
-8
3
21
42
57
51
25
-3
0
5
-2
6
9
19
26
28
35
56
61
47
11
-14
-23
-21
-11
7
32
60
55
39
23
-1
-22
-38
-42
-31
-22
-19
-16
-4
13
10
0
-2
-7
-8
-18
-35
-51
-58
-78
-106
-115
-97
-74
-63
-49
-19
0
19
22
20
26
18
5
-4
-10
-11
6
-1
-4
-17
-36
-64
-101
-104
-79
-37
6
43
75
86
50
3
-9
-22
-32
-28
-12
-4
2
-8
-27
-36
-38
-34
-42
-46
-45
-55
-62
-81
-91
-74
-47
-4
30
71
95
77
35
-10
-43
-61
-64
-49
-29
-6
4
-12
-23
-10
-15
-7
15
40
55
57
53
45
46
31
9
-4
-10
-13
-10
-13
-16
-19
-14
0
20
49
77
95
107
97
80
67
52
27
-3
-29
-47
-43
-48
-23
3
23
44
72
83
79
74
70
61
52
46
37
20
23
42
38
31
29
17
1
-9
-1
14
40
72
83
78
73
61
27
3
-2
-19
-31
-37
-37
-36
-31
-19
16
39
48
60
50
29
10
-3
-22
-40
-53
-77
-67
-44
-29
-11
-12
-32
-57
-67
-52
-36
-27
-16
-4
-1
-6
-10
-27
-51
-78
-90
-88
-73
-54
-31
-25
-27
-30
-37
-30
-4
8
24
45
54
50
21
-7
-35
-48
-62
-62
-59
-63
-75
-69
-57
-56
-57
-39
-22
-12
16
49
63
59
56
49
49
26
1
-20
-41
-70
-78
-62
-31
-2
12
18
2
-13
-22
-7
17
42
71
86
60
13
-23
-62
-80
-66
-45
-4
32
20
-9
-36
-50
-52
-28
7
55
102
100
88
48
-13
-68
-86
-64
-28
21
34
44
45
35
11
-9
-8
-10
-2
3
21
28
26
27
22
33
50
65
64
53
31
32
36
27
23
24
27
11
-3
1
12
18
23
36
67
97
93
75
49
25
10
3
1
11
31
46
32
2
-17
-38
-57
-64
-41
10
37
35
32
28
29
0
-35
-43
-36
-25
-21
-15
-5
-7
-31
-38
-27
-17
-1
18
39
65
82
63
28
0
-11
-15
-14
-7
1
11
9
-6
-19
-18
-23
-29
-33
-23
9
19
24
27
20
8
-15
-29
-48
-66
-83
-79
-76
-83
-74
-76
-75
-50
-16
-2
3
-4
-9
-17
-49
-59
-62
-57
-68
-68
-57
-32
0
12
26
34
40
37
19
-4
-23
-33
-36
-26
-2
8
8
-8
-34
-56
-70
-83
-73
-29
2
40
69
77
76
45
-1
-30
-20
-12
-8
-9
-4
-17
-32
-36
-39
-25
-17
-13
-7
2
10
21
11
20
27
23
34
42
53
74
74
55
46
26
21
11
16
36
49
49
43
51
53
45
36
16
14
20
24
19
31
63
75
76
59
48
28
8
-13
-22
-9
5
16
1
16
27
20
15
11
7
-10
-18
-21
-21
-26
-48
-67
-63
-39
-10
23
46
58
64
39
6
-14
-10
16
33
37
48
52
29
3
-22
-38
-49
-44
-27
-8
13
19
9
4
-5
-2
11
13
26
52
56
42
19
-10
-23
-35
-34
-22
-22
-23
-33
-44
-59
-76
-84
-92
-80
-40
-14
-8
-4
0
-6
-10
-7
-10
-14
-23
-22
-7
-11
-17
-16
-19
-27
-30
-34
-52
-52
-50
-58
-65
-74
-65
-48
-28
-9
-3
10
10
0
-7
-5
6
4
4
11
20
16
-3
-15
-12
-6
-8
-11
-21
-37
-59
-67
-55
-42
-13
13
24
20
21
12
-3
-15
-19
-5
12
32
49
49
39
18
-7
-14
-2
12
11
29
47
52
50
36
26
8
2
16
31
44
58
80
83
78
76
68
65
62
49
41
39
46
45
32
15
-1
-1
10
11
21
25
16
14
5
-1
-11
-23
-33
-39
-44
-22
16
29
28
36
42
37
29
20
6
-7
-7
0
16
15
3
-1
-8
-25
-32
-36
-24
-9
4
22
45
46
38
31
29
46
53
50
29
7
-29
-52
-62
-56
-35
-26
-9
-18
-24
-40
-60
-56
-49
-38
-18
-3
11
34
32
7
-18
-41
-63
-71
-74
-74
-55
-39
-26
-27
-35
-24
-17
-16
-18
-11
5
11
-13
-33
-38
-52
-64
-63
-35
-13
-4
-10
-13
-10
-16
-20
-24
-5
19
33
45
45
42
39
26
5
-12
-22
-34
-41
-46
-39
-31
-36
-41
-35
-21
-12
-24
-20
-5
9
19
14
19
20
18
2
-20
-33
-47
-52
-55
-52
-40
-28
-30
-28
-11
19
52
78
96
103
102
72
35
8
-2
-16
-24
-15
10
29
35
47
61
76
78
82
83
84
89
76
57
43
27
10
-21
-41
-39
-34
-33
-9
24
54
57
44
49
45
36
32
42
48
45
33
7
-21
-47
-65
-63
-47
-17
17
48
61
48
42
17
-1
-14
-14
7
11
10
19
30
34
30
24
24
18
-2
-8
-2
0
-14
-40
-54
-50
-51
-46
-41
-29
-7
8
15
15
7
-1
-3
-21
-26
-20
-19
-13
-17
-23
-25
-47
-67
-72
-64
-50
-37
-18
-4
0
-1
-13
-14
-16
-24
-30
-27
-23
-24
-15
-10
-21
-24
-15
-12
-15
-18
-13
-21
-19
-23
-31
-29
-24
-32
-16
18
21
29
31
27
1
-31
-57
-85
-98
-94
-69
-38
-3
5
14
19
18
18
19
29
29
25
20
22
20
9
-4
-18
-37
-47
-53
-55
-51
-58
-50
-8
27
59
79
103
113
105
90
56
22
-20
-40
-44
-46
-52
-44
-29
-14
7
27
32
54
79
86
70
52
44
27
20
23
35
39
39
44
46
38
23
-2
-10
-2
20
35
45
66
70
58
30
2
-17
-21
-18
-14
-6
2
14
40
57
71
80
77
67
40
2
-32
-58
-68
-46
-7
32
52
60
60
54
36
9
1
3
-2
-2
-9
-11
-15
-32
-30
-37
-33
-16
9
17
-9
-30
-38
-39
-44
-45
-42
-24
2
2
-5
-25
-64
-89
-103
-102
-85
-55
-28
0
25
37
42
39
32
11
-15
-45
-60
-68
-55
-45
-36
-18
-3
3
1
9
5
-3
-16
-33
-48
-58
-49
-41
-27
-12
9
16
13
2
-16
-27
-33
-46
-53
-41
-29
-23
-12
-6
-7
-5
-20
-33
-40
-41
-45
-41
-27
2
30
52
68
77
75
44
9
-17
-34
-40
-44
-38
-12
3
-3
2
16
24
35
43
40
29
28
21
1
-2
5
23
29
29
29
22
7
-14
-23
-21
-27
-23
-6
19
41
61
74
76
91
103
94
74
49
34
18
4
14
47
72
74
64
45
18
-12
-45
-52
-37
-4
40
72
104
111
89
51
6
-13
-30
-42
-31
-9
-5
-4
-3
-5
-14
-3
6
18
48
77
82
59
27
-8
-33
-52
-53
-48
-27
-7
-7
-8
-1
-9
-23
-29
-19
4
11
22
26
25
10
-18
-51
-64
-78
-95
-104
-100
-87
-47
-19
1
8
12
18
0
-16
-15
-11
-27
-37
-35
-36
-50
-71
-75
-86
-78
-74
-68
-42
-11
-4
0
8
5
10
19
28
36
44
28
6
-2
-19
-41
-47
-51
-52
-39
-25
-23
-27
-5
16
14
2
7
22
23
11
4
6
-6
-32
-47
-44
-47
-38
-27
-13
-1
-4
0
3
13
42
69
82
69
61
48
22
-4
-15
-11
-18
-16
-10
2
2
-5
-15
-16
-6
4
27
44
67
76
71
58
55
50
38
28
29
37
38
32
29
19
9
0
-13
-35
-40
-24
1
30
63
83
76
68
48
31
10
-3
10
31
49
39
22
4
-25
-42
-45
-40
-28
-1
26
41
58
56
50
31
17
12
6
2
6
13
3
-20
-42
-64
-62
-49
-33
-3
33
71
92
87
75
58
26
-9
-31
-37
-31
-19
-7
7
7
-13
-33
-54
-53
-45
-36
-18
-2
13
14
-9
-42
-59
-64
-70
-61
-48
-20
-6
-6
-13
-16
-13
-25
-37
-41
-43
-49
-54
-63
-52
-42
-38
-35
-29
-17
14
24
31
62
65
49
24
3
-26
-56
-84
-91
-72
-51
-43
-41
-33
-29
-29
-50
-53
-40
-2
37
63
70
62
34
-18
-68
-109
-120
-115
-102
-58
-11
14
26
25
17
26
35
31
33
47
58
44
29
24
13
-2
-20
-25
-10
10
16
18
26
42
38
33
37
45
55
55
65
74
73
57
38
23
-5
-4
8
8
23
31
32
36
37
48
50
35
24
27
46
74
90
93
86
66
40
15
-1
-21
-38
-42
-32
-12
17
36
36
35
40
37
32
30
37
38
16
-9
-26
-42
-53
-58
-50
-32
-9
12
15
20
26
23
18
13
19
16
3
-10
-17
-42
-64
-87
-99
-88
-61
-31
-18
5
31
54
53
44
44
31
8
-1
-5
-6
-24
-62
-86
-94
-88
-88
-78
-51
-34
-40
-53
-50
-38
-34
-35
-36
-22
0
6
-4
-18
-25
-23
-28
-31
-15
3
9
-20
-31
-22
-4
-8
-17
-7
6
10
7
4
10
8
2
-11
-11
8
4
-13
-21
-24
-29
-55
-83
-103
-103
-93
-81
-71
-48
-16
-10
-14
-8
1
9
6
1
19
42
49
36
15
9
9
0
7
6
-4
-19
-28
-11
26
56
67
89
118
144
141
129
119
116
121
106
89
84
79
49
16
1
14
31
36
63
92
131
136
125
131
138
125
106
93
77
60
8
-58
-112
-153
-184
-210
-209
-178
-148
-116
-77
-28
26
63
65
56
43
31
11
-36
-61
-72
-76
-81
-88
-92
-83
-75
-55
-23
33
97
127
148
155
150
115
70
49
49
40
7
0
-14
-51
-90
-138
-156
-143
-115
-79
-43
3
67
104
120
126
121
119
102
91
91
90
77
59
65
59
23
-9
-35
-69
-87
-98
-119
-121
-95
-84
-87
-78
-58
-45
-46
-51
-72
-104
-138
-180
-207
-230
-223
-193
-182
-156
-121
-86
-87
-92
-98
-109
-114
-109
-101
-95
-81
-81
-91
-88
-108
-116
-118
-100
-51
-9
22
62
118
151
157
135
130
112
76
35
15
2
-23
-30
-18
24
104
206
313
436
531
585
592
579
552
513
434
369
330
302
287
221
161
111
58
-3
-84
-163
-196
-213
-255
-279
-293
-310
-354
-403
-457
-495
-534
-563
-578
-580
-541
-530
-501
-445
-358
-231
-123
-11
128
240
297
324
335
317
279
229
178
156
142
113
84
86
101
101
66
43
29
50
66
51
47
52
41
8
-31
-62
-70
-89
-99
-62
14
86
147
216
289
340
375
389
367
343
296
216
124
63
27
6
-15
-12
21
102
208
289
382
502
609
657
690
706
694
663
593
479
328
161
2
-142
-308
-437
-509
-546
-541
-550
-575
-582
-579
-618
-693
-793
-930
-1078
-1230
-1363
-1464
-1546
-1569
-1535
-1466
-1302
-1082
-858
-595
-283
32
319
541
708
851
925
956
901
804
720
595
445
290
154
73
9
-37
-25
16
133
230
266
303
316
313
240
129
41
-24
-74
-152
-185
-149
-105
-59
-8
97
246
424
555
685
820
901
920
869
801
723
601
391
172
9
-71
-117
-127
-64
41
243
463
690
928
1107
1215
1246
1242
1218
1126
910
648
381
191
85
-99
-308
-422
-486
-549
-655
-808
-863
-913
-1019
-1171
-1407
-1655
-1917
-2196
-2460
-2671
-2780
-2791
-2663
-2375
-1935
-1514
-1114
-636
-100
418
911
1325
1599
1950
2265
2374
2305
2079
1821
1672
1474
1082
625
248
135
39
-246
-317
-237
-55
255
275
237
440
551
519
389
168
-28
-409
-820
-997
-1154
-1264
-1202
-1096
-659
51
487
876
1353
1798
2185
2247
2035
1751
1430
1034
547
-77
-619
-902
-1085
-1188
-1156
-915
-393
220
834
1558
2212
2640
2915
2953
2890
2664
2013
1201
462
-212
-892
-1635
-2254
-2510
-2547
-2551
-2509
-2477
-2311
-2114
-2109
-2241
-2440
-2788
-3203
-3698
-4252
-4677
-5104
-5360
-5297
-5049
-4552
-3747
-2746
-1614
-320
957
2237
3315
4207
4979
5391
5381
5065
4542
3877
3180
2150
1055
226
-199
-325
-500
-473
-25
578
1235
1765
1925
2114
2262
2016
1543
947
189
-552
-1234
-1624
-1899
-1971
-1691
-1193
-377
741
1744
2434
3139
3737
4211
4336
3818
2949
2131
1259
218
-981
-2072
-2710
-2796
-2624
-2189
-1507
-655
433
1641
2800
3789
4403
4720
4851
4758
4391
3472
2230
1070
48
-914
-1760
-2442
-2763
-2590
-2364
-2332
-2263
-2151
-2078
-2059
-2267
-2669
-3283
-3944
-4522
-5192
-5919
-6513
-6960
-7022
-6615
-5968
-5092
-3892
-2526
-1097
419
1810
2966
3850
4640
5458
5975
5956
5524
4937
4512
3990
3019
1895
928
342
-46
-510
-769
-734
-399
181
646
960
1312
1569
1662
1542
1133
539
-313
-1168
-1679
-2019
-2388
-2497
-2292
-1695
-690
342
1108
1812
2636
3350
3668
3486
3057
2398
1644
767
-372
-1515
-2365
-3012
-3264
-2978
-2451
-1756
-745
601
2089
3435
4273
4646
4935
5185
5122
4407
3084
1853
968
45
-1119
-2340
-3037
-3036
-2821
-2772
-2696
-2580
-2315
-2139
-2385
-2712
-3048
-3636
-4414
-4946
-5356
-6007
-6798
-7131
-6873
-6293
-5557
-4575
-3409
-1878
38
1680
3066
4390
5446
6312
6974
7025
6513
5865
5128
4037
2690
1293
-79
-958
-1390
-1644
-1596
-1119
-344
398
1119
1852
2475
2683
2518
2317
2091
1491
342
-873
-1741
-2524
-3035
-3197
-3129
-2494
-1252
16
1271
2758
4077
5043
5584
5605
5185
4372
3275
1943
474
-882
-2134
-3018
-3460
-3491
-3157
-2522
-1478
-113
1458
3135
4540
5510
6268
6660
6408
5542
4405
2991
1377
-277
-1844
-3059
-3879
-4358
-4755
-4887
-4539
-4001
-3438
-2929
-2618
-2445
-2476
-2973
-3790
-4637
-5554
-6570
-7295
-7727
-7881
-7645
-7066
-6140
-4766
-3048
-1162
737
2534
4369
5994
7222
8003
8161
7958
7430
6225
4628
2942
1168
-331
-1575
-2618
-3125
-2951
-2291
-1250
-151
974
2277
3258
3762
3922
3624
3018
1975
518
-820
-2076
-3115
-3775
-4000
-3640
-2705
-1593
-309
1153
2576
3982
5058
5594
5752
5595
4914
3929
2554
838
-889
-2494
-3854
-4671
-4982
-4756
-3925
-2612
-780
1202
2990
4410
5452
6286
6711
6319
5322
4098
2797
1471
-131
-1781
-3067
-3971
-4571
-4847
-4852
-4682
-4153
-3348
-2637
-2198
-1939
-2001
-2354
-2900
-3600
-4430
-5542
-6552
-7215
-7548
-7556
-7290
-6715
-5647
-3997
-2111
-129
1791
3593
5452
7047
7969
8309
8124
7601
6881
5625
3997
2266
624
-615
-1596
-2301
-2431
-2243
-1528
-354
805
2053
3200
3978
4519
4732
4407
3601
2166
751
-304
-1399
-2342
-2971
-3165
-2515
-1446
-474
794
2245
3620
4993
5923
6075
5835
5236
4025
2568
894
-993
-2672
-3943
-4718
-5180
-5269
-4873
-3963
-2548
-712
1009
2615
4306
5576
6362
6519
5898
4729
3257
1630
-119
-1910
-3353
-4425
-5255
-5507
-5349
-5090
-4576
-3744
-2925
-2172
-1582
-1431
-1644
-2081
-2647
-3606
-4818
-5935
-6852
-7621
-7929
-7972
-7782
-6844
-5464
-3930
-1870
462
2613
4837
6740
8035
8778
8861
8420
7496
6057
4334
2385
637
-508
-1711
-2684
-2890
-2747
-1987
-742
253
1550
3150
4305
5002
5303
4971
4130
2938
1541
140
-1367
-2591
-3371
-3651
-3285
-2500
-1654
-401
1118
2464
3917
4986
5319
5548
5438
4634
3407
1750
-94
-1799
-3347
-4610
-5391
-5805
-5520
-4516
-3125
-1421
300
1890
3496
4998
6017
6393
6226
5519
4348
2985
1413
-540
-2340
-3590
-4517
-5098
-5309
-5251
-4936
-4177
-3187
-2398
-1743
-1219
-1003
-1028
-1332
-2127
-3296
-4464
-5530
-6439
-7163
-7508
-7468
-6929
-5813
-4372
-2652
-655
1451
3670
5726
7322
8380
8789
8742
8267
7269
5688
3737
1865
528
-711
-1802
-2208
-2267
-1687
-443
551
1505
2838
4058
4755
5086
5024
4358
3246
2074
800
-722
-1912
-2866
-3681
-3653
-2817
-2082
-1122
386
1928
3344
4617
5201
5102
4848
4157
2842
1097
-712
-2496
-3944
-4999
-5756
-6155
-5921
-5014
-3806
-2125
-251
1407
3022
4552
5618
6061
5919
5109
3960
2854
1480
-348
-1996
-3155
-4057
-4613
-4809
-4945
-4795
-3956
-2975
-2253
-1699
-1273
-1086
-1317
-1763
-2621
-3868
-5042
-6118
-7157
-7757
-7964
-8135
-7655
-6451
-5044
-3325
-1390
673
2831
5027
6839
7889
8479
8773
8487
7588
6215
4381
2543
979
-315
-1452
-2231
-2373
-2065
-1245
-14
1186
2408
3748
4708
5273
5569
5052
3937
2787
1390
-140
-1412
-2576
-3296
-3417
-3071
-2365
-1572
-519
837
2151
3287
4158
4539
4616
4460
3636
2276
850
-781
-2389
-3632
-4700
-5507
-5501
-4817
-3732
-2261
-505
1266
2897
4522
5779
6341
6385
6003
5071
4039
2682
953
-646
-1843
-2967
-3820
-4169
-4433
-4369
-3858
-3240
-2736
-2266
-1929
-1788
-1803
-2078
-2708
-3608
-4480
-5481
-6487
-7233
-7729
-7871
-7440
-6507
-5106
-3384
-1537
585
2861
4956
6689
7947
8576
8770
8451
7495
6059
4481
2961
1398
-9
-990
-1677
-1758
-1412
-831
37
1165
2381
3470
4326
4869
5040
4598
3641
2508
1232
-228
-1592
-2849
-3720
-4008
-3907
-3462
-2669
-1477
16
1342
2443
3400
3923
4023
3832
3009
1694
389
-1014
-2636
-3939
-4902
-5570
-5538
-5018
-3964
-2498
-964
692
2286
3804
5120
5856
6032
5834
5341
4444
3172
1604
17
-1428
-2675
-3780
-4564
-4999
-5122
-4789
-4326
-3897
-3340
-2905
-2703
-2599
-2700
-3200
-3888
-4630
-5566
-6402
-6947
-7409
-7528
-7034
-6145
-4913
-3324
-1443
621
2731
4790
6465
7690
8528
8914
8611
7755
6591
5069
3552
2098
649
-421
-899
-1022
-738
-134
693
1760
2836
3762
4452
4879
4923
4526
3749
2564
1250
-133
-1442
-2471
-3163
-3341
-3105
-2518
-1653
-387
1005
2160
2980
3522
3801
3710
3216
2272
1022
-296
-1548
-2813
-4006
-4753
-4945
-4672
-3956
-2837
-1397
311
2025
3595
4957
5720
6079
6058
5528
4559
3396
2074
572
-800
-2137
-3365
-4305
-4913
-5275
-5298
-5056
-4727
-4384
-3908
-3376
-3173
-3096
-3186
-3640
-4186
-4747
-5545
-6231
-6613
-6908
-6824
-6229
-5355
-4161
-2472
-493
1585
3624
5477
6936
8075
8894
8959
8339
7376
6240
4803
3190
1668
313
-646
-1081
-1267
-1196
-606
352
1447
2536
3397
3975
4336
4224
3638
2721
1510
327
-822
-1766
-2367
-2713
-2805
-2608
-2159
-1336
-241
790
1648
2536
3212
3547
3510
2760
1608
492
-789
-2317
-3576
-4571
-5191
-5049
-4498
-3779
-2598
-1151
377
1888
3171
4203
4887
5080
4908
4276
3204
2070
782
-882
-2350
-3523
-4547
-5231
-5695
-5870
-5602
-5141
-4742
-4241
-3794
-3465
-3311
-3444
-3677
-3854
-4170
-4751
-5308
-5746
-5897
-5702
-5228
-4437
-3222
-1587
275
2132
3874
5574
6945
7900
8478
8501
7970
7291
6235
4889
3670
2411
1105
281
-117
-344
-113
383
1017
1785
2518
3148
3605
3788
3847
3719
3087
2401
1720
804
111
-446
-1080
-1270
-1118
-923
-391
335
854
1385
1907
2104
2079
1819
1283
549
-324
-1154
-2089
-3042
-3633
-3961
-4054
-3756
-3199
-2484
-1373
-73
981
1966
2907
3438
3764
3847
3407
2782
2032
1100
-6
-1107
-2201
-3152
-3845
-4429
-4846
-5224
-5460
-5407
-5339
-5186
-4982
-4971
-4887
-4528
-4514
-4659
-4695
-5016
-5158
-4951
-4729
-4376
-3737
-2854
-1592
-26
1608
3168
4543
5970
7187
7776
7854
7520
6781
5943
4872
3468
2188
1211
454
44
-174
-204
129
783
1621
2310
2903
3397
3621
3571
3323
2804
1995
1187
422
-204
-673
-1085
-1301
-1290
-961
-465
131
632
1163
1566
1752
1842
1469
766
100
-714
-1775
-2691
-3311
-3800
-3840
-3601
-3383
-2753
-1758
-703
295
1216
2009
2673
3204
3374
3069
2657
2078
1092
62
-1012
-2111
-3074
-3859
-4567
-5180
-5529
-5683
-5723
-5672
-5482
-5191
-4922
-4568
-4303
-4158
-3859
-3708
-3800
-3732
-3474
-3132
-2524
-1848
-1116
-169
1050
2255
3436
4609
5560
6372
6921
7123
7011
6654
6122
5431
4588
3733
2831
2035
1471
1010
661
560
672
790
1129
1611
1784
1917
2084
2123
2133
2135
1922
1599
1372
1248
1031
736
583
542
696
924
990
893
901
929
756
486
150
-265
-636
-904
-1361
-1839
-2124
-2442
-2724
-2631
-2332
-1983
-1417
-969
-597
-21
568
856
1031
1196
1289
1230
913
389
-419
-1193
-1856
-2736
-3599
-4305
-5014
-5538
-5779
-6061
-6393
-6381
-6218
-6040
-5690
-5281
-4837
-4349
-3767
-3144
-2633
-1834
-1029
-434
311
1167
1955
2714
3510
4017
4464
5114
5479
5362
5248
5214
4934
4606
4275
3656
3044
2672
2150
1570
1228
849
553
556
503
470
550
522
513
489
518
666
735
858
1132
1488
1958
2283
2357
2499
2644
2548
2401
2179
1682
1248
906
377
-215
-713
-1201
-1634
-1898
-1979
-1984
-1835
-1542
-1295
-992
-546
-176
-93
10
194
337
378
293
99
-41
-56
-257
-653
-1200
-1744
-2193
-2569
-3002
-3653
-4254
-4658
-4948
-5350
-5815
-6138
-6233
-6194
-5967
-5560
-5080
-4493
-3771
-2976
-2139
-1106
-158
619
1419
2308
3126
3843
4374
4785
5119
5328
5399
5268
5136
4972
4642
4301
3999
3574
3028
2698
2398
2063
1737
1457
1211
874
606
323
-113
-379
-523
-559
-387
-140
288
933
1542
2074
2682
3159
3474
3738
3809
3801
3614
3195
2554
1877
1253
471
-183
-785
-1346
-1680
-1751
-1752
-1628
-1373
-1102
-802
-478
-143
-39
-125
-198
-390
-596
-917
-1362
-1739
-1948
-2099
-2253
-2493
-2810
-2991
-3140
-3405
-3748
-4210
-4710
-5067
-5378
-5820
-6224
-6503
-6707
-6699
-6556
-6262
-5747
-5056
-4085
-2935
-1740
-536
646
1802
2932
3959
4765
5313
5682
5905
5936
5827
5460
4936
4473
3996
3619
3395
3029
2596
2327
2121
2009
1808
1375
973
614
223
-256
-740
-1182
-1372
-1446
-1430
-1208
-805
-252
450
1149
1923
2832
3552
4203
4683
4881
4950
4846
4448
3781
3091
2413
1581
788
128
-568
-994
-1113
-1062
-878
-713
-365
24
296
490
343
3
-281
-722
-1310
-1968
-2514
-2958
-3314
-3500
-3652
-3806
-3876
-3808
-3789
-3832
-3865
-4066
-4390
-4637
-5038
-5550
-5930
-6311
-6606
-6580
-6217
-5728
-5148
-4365
-3267
-1982
-583
808
2070
3300
4532
5607
6292
6704
6798
6566
6362
5863
5045
4380
3710
3080
2702
2380
2070
1963
1956
2019
2114
1956
1568
1208
765
291
-294
-1055
-1594
-1951
-2089
-2022
-1928
-1585
-857
13
1080
2201
3144
3974
4760
5373
5528
5505
5166
4569
3905
3144
2204
1386
713
154
-195
-307
-186
-169
-76
102
246
447
490
45
-490
-942
-1415
-2110
-2915
-3600
-4152
-4489
-4690
-4823
-4968
-4872
-4608
-4453
-4395
-4436
-4650
-4867
-5140
-5593
-6059
-6523
-6815
-6993
-6949
-6652
-6216
-5567
-4569
-3346
-2010
-477
1031
2458
3849
5171
6178
6699
6931
6822
6535
6134
5394
4523
3767
3125
2590
2251
1989
1767
1796
2011
2230
2241
2105
2023
1723
1234
613
-255
-1081
-1709
-2272
-2710
-2831
-2734
-2287
-1518
-648
437
1681
2810
3866
4943
5769
6289
6402
6101
5669
5163
4456
3606
2734
1983
1527
1236
1106
983
877
1019
1303
1438
1413
1169
728
269
-236
-1002
-2037
-2920
-3692
-4279
-4714
-5143
-5508
-5656
-5557
-5477
-5488
-5647
-5860
-5928
-6032
-6273
-6513
-6777
-6931
-6944
-6800
-6611
-6327
-5771
-4873
-3767
-2444
-996
321
1655
3173
4571
5631
6487
7016
7326
7646
7479
6669
5745
4831
4021
3143
2296
1843
1435
1426
1785
1843
1867
2099
2133
1874
1640
1110
209
-732
-1620
-2453
-3314
-3935
-4176
-4215
-3670
-2557
-1423
-212
1284
2540
3823
5128
5863
6106
6200
6118
5711
5218
4463
3639
2967
2538
2327
2073
1828
1931
2214
2429
2678
2569
2101
1684
1130
423
-457
-1510
-2561
-3362
-4095
-4948
-5735
-6330
-6836
-7119
-7197
-7314
-7510
-7630
-7482
-7381
-7390
-7420
-7531
-7581
-7367
-7095
-6890
-6593
-5975
-5125
-4014
-2601
-1204
211
1716
3322
4860
6096
6878
7358
7631
7705
7484
6755
5901
5180
4427
3827
3368
2848
2520
2577
2677
2746
2827
2648
2383
2058
1542
898
-58
-1067
-1877
-2567
-3167
-3572
-3802
-3642
-3002
-2240
-1326
-154
873
1908
3033
3840
4325
4697
4799
4717
4669
4438
4017
3623
3331
3248
3479
3638
3690
3873
4167
4445
4507
4230
3672
3057
2386
1502
343
-829
-1801
-2687
-3552
-4357
-5062
-5546
-5810
-6041
-6322
-6443
-6614
-6868
-7016
-7254
-7578
-7799
-8054
-8344
-8397
-8120
-7724
-7350
-6622
-5604
-4387
-2874
-1304
117
1630
3253
4552
5549
6323
6803
6933
6921
6668
5979
5354
4870
4307
3774
3465
3214
3045
3082
3124
3093
3040
2933
2594
2000
1328
544
-477
-1454
-2276
-3023
-3489
-3703
-3753
-3354
-2756
-2065
-1187
-288
556
1488
2351
2842
3223
3478
3533
3552
3403
3141
2977
2972
3155
3489
3908
4377
4791
5175
5535
5671
5425
4940
4340
3508
2553
1462
354
-659
-1520
-2373
-3229
-4003
-4628
-4995
-5380
-5740
-5966
-6367
-6742
-7021
-7466
-7980
-8449
-8909
-9220
-9346
-9334
-9175
-8792
-8002
-6914
-5632
-4183
-2558
-861
810
2560
4106
5290
6147
6776
7095
7155
6977
6418
5901
5439
4935
4512
4204
3892
3713
3768
3865
3846
3687
3556
3273
2666
1962
1117
43
-932
-1759
-2701
-3410
-3788
-3968
-3724
-3174
-2502
-1680
-752
140
1116
2088
2756
3212
3411
3458
3477
3312
3018
2722
2695
2916
3248
3708
4197
4665
5370
6088
6295
6148
5873
5384
4732
3980
2890
1685
767
-125
-1151
-2022
-2744
-3432
-3930
-4357
-4810
-5349
-5839
-6364
-6980
-7526
-7943
-8420
-8925
-9134
-9214
-9253
-9125
-8801
-8363
-7541
-6421
-5182
-3893
-2405
-716
972
2574
3908
4889
5703
6503
6883
6810
6585
6234
5798
5386
4893
4283
3782
3550
3500
3389
3243
3046
2821
2579
2107
1497
712
-276
-1227
-1994
-2665
-3243
-3629
-3877
-3749
-3297
-2801
-2264
-1649
-920
-50
912
1556
1958
2350
2772
3046
3057
2926
2975
3165
3417
3846
4170
4449
4894
5328
5644
5768
5573
5214
4764
4222
3575
2838
1929
1095
322
-442
-1155
-1926
-2659
-3231
-3726
-4260
-4839
-5442
-6000
-6554
-7092
-7658
-8229
-8763
-9053
-9111
-9124
-9072
-8755
-8259
-7485
-6363
-5245
-4056
-2633
-1097
409
1810
2994
3990
4864
5599
6062
6173
6213
6210
5964
5763
5673
5370
5043
4862
4724
4574
4410
4118
3613
3059
2523
1835
879
-110
-993
-1773
-2382
-2862
-3293
-3464
-3207
-2761
-2286
-1816
-1252
-614
56
640
1069
1352
1569
1852
2095
2171
2288
2522
2841
3332
3956
4429
4881
5442
5862
6190
6185
5895
5534
5057
4486
3777
2934
2138
1398
719
48
-568
-1100
-1616
-2118
-2546
-3076
-3781
-4540
-5163
-5895
-6653
-7242
-7876
-8559
-8916
-9049
-9224
-9196
-8869
-8314
-7541
-6415
-5275
-4217
-3009
-1618
-348
769
1703
2331
2935
3724
4234
4350
4497
4682
4862
5058
5249
5252
5257
5454
5596
5466
5184
4784
4104
3317
2414
1335
164
-898
-1863
-2580
-3061
-3397
-3515
-3429
-3056
-2525
-1984
-1549
-1166
-764
-277
-10
61
94
29
137
281
388
594
1069
1738
2555
3429
4265
5020
5758
6411
6724
6689
6388
5928
5326
4565
3655
2764
1970
1219
517
-133
-618
-926
-1273
-1613
-1901
-2265
-2764
-3376
-4114
-4870
-5595
-6393
-7268
-7964
-8411
-8639
-8700
-8701
-8420
-7891
-7001
-5897
-4850
-3758
-2515
-1307
-253
658
1329
1848
2309
2775
2940
3058
3413
3769
4044
4538
4962
5229
5789
6341
6573
6564
6459
6072
5366
4529
3531
2262
943
-188
-1188
-2007
-2507
-2875
-3014
-2871
-2525
-2191
-1780
-1464
-1272
-927
-655
-601
-652
-732
-819
-805
-759
-588
-262
308
1221
2203
3135
4162
5055
5860
6555
6827
6724
6581
6203
5528
4802
3993
3113
2332
1594
847
238
-199
-640
-1056
-1375
-1747
-2232
-2776
-3419
-4216
-5017
-5717
-6495
-7294
-7806
-8204
-8577
-8733
-8566
-8290
-7739
-6836
-5943
-4991
-3911
-2733
-1628
-689
67
629
1125
1579
1885
1892
2018
2312
2635
3117
3708
4188
4763
5561
6150
6481
6639
6598
6323
5745
4880
3813
2556
1234
87
-924
-1787
-2397
-2749
-2873
-2783
-2565
-2257
-2084
-1954
-1677
-1493
-1501
-1584
-1842
-2005
-2110
-2147
-2065
-1832
-1299
-418
683
1774
2956
4031
5096
6124
6704
6898
6926
6764
6417
5776
4965
4251
3493
2736
2020
1334
761
392
-50
-485
-783
-1236
-1786
-2309
-3005
-3810
-4581
-5421
-6316
-7017
-7566
-8044
-8355
-8430
-8204
-7766
-6972
-5982
-5036
-3960
-2680
-1504
-421
460
961
1363
1741
1933
1895
1769
1632
1741
2074
2493
2997
3637
4468
5360
6127
6666
6948
6905
6657
6093
5210
4112
2805
1488
345
-644
-1621
-2369
-2820
-2953
-2810
-2470
-2161
-1976
-1638
-1300
-1194
-1332
-1514
-1813
-2211
-2444
-2557
-2676
-2491
-1883
-1005
27
1141
2313
3485
4733
5748
6359
6708
6928
6911
6543
5965
5254
4447
3608
2762
1891
1088
521
-26
-650
-1055
-1401
-1919
-2383
-2848
-3460
-4073
-4733
-5565
-6375
-7020
-7536
-7994
-8347
-8330
-8095
-7587
-6701
-5690
-4697
-3547
-2267
-1123
-98
712
1247
1672
1945
2079
2081
1857
1728
1789
1962
2237
2535
2996
3805
4619
5221
5717
6006
6003
5874
5447
4549
3530
2371
1217
211
-822
-1702
-2314
-2724
-2853
-2661
-2365
-2066
-1869
-1654
-1304
-1206
-1361
-1608
-1943
-2346
-2562
-2731
-2970
-2880
-2272
-1400
-461
607
1769
2979
4276
5347
5941
6331
6597
6703
6482
6113
5588
4915
4254
3557
2571
1722
1145
491
-182
-669
-1164
-1742
-2224
-2805
-3470
-4056
-4575
-5330
-6091
-6569
-6912
-7246
-7437
-7334
-7093
-6531
-5702
-4925
-4047
-2958
-1732
-620
408
1226
1790
2238
2475
2459
2351
2154
1994
2054
2133
2332
2582
2912
3423
3998
4437
4844
5124
5139
5043
4705
4131
3415
2519
1561
794
-18
-806
-1369
-1743
-1954
-1849
-1753
-1708
-1621
-1520
-1337
-1338
-1629
-1902
-2209
-2570
-2664
-2752
-2871
-2623
-1983
-1219
-386
573
1647
2720
3779
4574
4950
5143
5350
5352
4978
4543
4069
3503
3051
2512
1755
1221
862
419
39
-342
-756
-1249
-1856
-2537
-3298
-4116
-5016
-5920
-6698
-7209
-7491
-7814
-7923
-7643
-7152
-6407
-5503
-4613
-3502
-2269
-1031
111
934
1639
2322
2646
2674
2603
2410
2091
1779
1689
1688
1817
2126
2576
3096
3722
4318
4714
4974
5087
5004
4571
3818
2899
1935
1039
145
-796
-1549
-1897
-2009
-2058
-1823
-1618
-1376
-1038
-719
-516
-541
-721
-998
-1343
-1795
-2207
-2551
-2786
-2706
-2130
-1389
-619
287
1328
2457
3619
4530
4945
5219
5495
5565
5328
4802
4081
3417
2876
2185
1481
892
459
98
-165
-358
-692
-1127
-1494
-1976
-2638
-3291
-4095
-4989
-5782
-6429
-6970
-7391
-7728
-7809
-7473
-6809
-5931
-4891
-3691
-2320
-828
581
1751
2705
3464
4003
4194
4110
3865
3379
2898
2675
2417
2252
2375
2549
2840
3348
3785
4099
4368
4470
4415
4146
3554
2787
1867
903
86
-873
-1773
-2292
-2611
-2769
-2552
-2323
-2196
-1763
-1297
-1019
-836
-765
-837
-954
-1035
-1156
-1421
-1715
-1643
-1335
-838
-169
424
1112
2120
3111
3850
4389
4632
4773
4999
4977
4443
3788
3240
2625
1971
1222
420
-235
-752
-1205
-1554
-1950
-2395
-2859
-3412
-3817
-4322
-5076
-5717
-6289
-6842
-7129
-7355
-7686
-7705
-7256
-6668
-5948
-5008
-3878
-2521
-1043
234
1414
2461
3360
4031
4357
4481
4479
4304
4040
3720
3367
3259
3140
3041
3055
3055
3222
3425
3501
3488
3368
3123
2756
2170
1444
681
-147
-941
-1762
-2322
-2590
-2771
-2768
-2544
-2373
-2079
-1489
-985
-672
-358
-97
-33
17
-11
-178
-269
-306
-290
44
558
1056
1569
2250
3105
3911
4494
4820
4925
4924
4935
4596
3911
3281
2775
2144
1408
741
47
-477
-911
-1330
-1749
-2243
-2812
-3369
-3893
-4495
-5073
-5661
-6233
-6673
-7019
-7271
-7422
-7459
-7166
-6603
-5858
-4932
-4007
-2796
-1386
-182
937
2020
2928
3760
4521
4934
4960
5021
5004
4631
4193
3985
3776
3514
3460
3453
3410
3479
3608
3576
3413
3165
2719
2118
1371
590
-272
-1052
-1800
-2479
-2893
-3030
-3084
-3001
-2800
-2496
-2022
-1577
-1178
-839
-503
-236
-41
47
-95
-198
-96
-107
15
505
983
1409
2025
2663
3241
3838
4210
4249
4284
4409
4304
3804
3192
2661
2155
1665
1090
288
-341
-700
-1204
-1751
-2295
-2881
-3423
-3884
-4555
-5300
-5961
-6619
-7218
-7627
-7873
-8054
-8046
-7838
-7323
-6644
-5789
-4751
-3778
-2550
-1116
120
1256
2286
3150
3989
4668
4942
4954
5010
5029
4892
4666
4469
4377
4250
4362
4486
4368
4284
4280
4062
3717
3314
2680
1921
1063
188
-689
-1546
-2425
-3013
-3323
-3569
-3580
-3382
-3082
-2705
-2132
-1459
-1005
-672
-259
56
265
382
363
243
324
567
752
1165
1645
2059
2697
3573
4246
4786
5122
5219
5283
5186
4827
4275
3598
2950
2443
1716
865
142
-537
-1090
-1555
-2129
-2705
-3316
-3865
-4296
-4856
-5565
-6219
-6810
-7408
-7730
-7930
-8173
-8136
-7789
-7232
-6416
-5393
-4418
-3374
-2084
-686
618
1729
2779
3718
4581
5279
5672
5713
5759
5722
5549
5410
5109
4789
4556
4486
4426
4279
4005
3772
3503
3164
2694
2031
1286
446
-346
-1075
-1928
-2805
-3377
-3734
-3915
-3870
-3711
-3448
-2974
-2280
-1680
-1228
-742
-357
-28
257
374
364
397
443
526
826
1320
1751
2181
2796
3470
4065
4515
4654
4477
4377
4289
3936
3210
2465
1869
1376
919
288
-468
-1065
-1523
-1955
-2359
-2866
-3477
-4080
-4556
-5130
-5811
-6521
-7150
-7687
-7958
-7985
-8070
-8015
-7582
-6929
-6111
-5130
-4261
-3344
-2122
-793
443
1572
2545
3426
4255
4974
5295
5366
5421
5394
5396
5295
5138
4993
4891
4859
4824
4750
4508
4232
4033
3703
3199
2515
1640
747
-129
-816
-1549
-2337
-2859
-3177
-3327
-3250
-3041
-2912
-2574
-2005
-1540
-1088
-636
-348
-65
196
296
245
171
219
293
512
1082
1601
2042
2746
3589
4310
4864
5080
5009
4896
4855
4761
4259
3540
2977
2547
2076
1392
531
-103
-561
-995
-1451
-1999
-2665
-3335
-3933
-4636
-5434
-6263
-7051
-7691
-8142
-8355
-8555
-8698
-8531
-8114
-7332
-6399
-5465
-4467
-3241
-1860
-521
704
1789
2749
3732
4668
5235
5561
5899
6158
6289
6374
6295
6076
5878
5764
5621
5302
4906
4630
4298
3841
3350
2676
1845
891
20
-839
-1676
-2483
-3224
-3771
-4167
-4358
-4447
-4327
-4059
-3613
-3006
-2348
-1835
-1437
-894
-525
-357
-256
-148
-85
79
434
962
1636
2234
2856
3555
4283
5010
5525
5654
5580
5548
5465
5075
4286
3434
2880
2392
1748
978
215
-443
-966
-1542
-2248
-3039
-3819
-4568
-5361
-6185
-6912
-7652
-8330
-8780
-8983
-9016
-8968
-8911
-8627
-7893
-6945
-5969
-4967
-3878
-2520
-984
418
1646
2775
3908
5007
5889
6442
6887
7224
7404
7379
7098
6791
6516
6146
5813
5463
5011
4654
4272
3650
3097
2635
1939
1035
143
-705
-1518
-2219
-2977
-3763
-4256
-4396
-4399
-4368
-4159
-3724
-3210
-2542
-1920
-1497
-996
-530
-136
292
612
819
1050
1421
2009
2722
3345
3826
4288
4936
5604
6038
6055
5803
5613
5511
5212
4546
3819
3255
2827
2235
1486
669
-99
-770
-1396
-2089
-2929
-3799
-4624
-5488
-6247
-6960
-7708
-8412
-8940
-9201
-9220
-9151
-9082
-8793
-8133
-7197
-6195
-5247
-4219
-2908
-1492
-127
1200
2367
3435
4668
5723
6389
6857
7140
7272
7309
7192
6938
6496
5986
5605
5244
4856
4382
3850
3283
2764
2352
1796
931
-15
-861
-1570
-2276
-3061
-3870
-4469
-4748
-4797
-4844
-4857
-4622
-4151
-3535
-2810
-2195
-1705
-1044
-400
83
563
924
1091
1230
1628
2335
2933
3386
3816
4304
4975
5674
5911
5775
5536
5429
5396
5041
4281
3586
3188
2809
2190
1390
589
-140
-753
-1377
-2206
-3256
-4247
-5085
-6010
-6817
-7531
-8427
-9144
-9497
-9584
-9483
-9310
-9176
-8641
-7749
-6779
-5771
-4777
-3711
-2323
-815
631
1941
3097
4408
5741
6698
7310
7716
7880
8001
7992
7691
7226
6680
6224
5870
5496
4971
4488
4003
3408
2941
2480
1737
769
-139
-963
-1754
-2680
-3675
-4488
-5087
-5354
-5400
-5558
-5485
-5022
-4349
-3444
-2538
-1889
-1144
-236
490
1124
1696
1996
2204
2655
3178
3750
4232
4498
4832
5282
5900
6321
6290
6104
6010
5974
5895
5318
4405
3931
3608
2981
2164
1102
4
-793
-1524
-2448
-3505
-4587
-5657
-6601
-7493
-8268
-9018
-9720
-10114
-10265
-10141
-9875
-9637
-9293
-8463
-7418
-6424
-5327
-4232
-2940
-1308
212
1517
2826
4067
5391
6560
7297
7813
8123
8395
8559
8227
7738
7360
6749
6092
5554
4824
4124
3684
3072
2275
1684
991
66
-938
-1898
-2783
-3606
-4493
-5344
-6083
-6386
-6262
-6234
-6106
-5664
-4928
-3976
-2929
-2097
-1266
-269
491
1242
1908
2336
2672
3107
3465
3844
4537
4991
5238
5634
6049
6439
6715
6646
6338
6058
5941
5628
4719
3689
3048
2537
1898
1030
-190
-1231
-1827
-2595
-3574
-4525
-5394
-6159
-6855
-7606
-8272
-8945
-9500
-9803
-9943
-9832
-9561
-9308
-8870
-7954
-6835
-5657
-4446
-3269
-1852
-92
1657
3074
4427
5698
6994
8258
9056
9277
9221
9073
8838
8325
7417
6580
5764
4982
4467
3841
3026
2530
2153
1635
1185
630
-268
-1170
-1959
-2739
-3580
-4609
-5567
-6228
-6490
-6410
-6277
-6123
-5491
-4416
-3165
-1817
-733
163
1359
2434
3051
3572
3812
3824
4017
4226
4308
4567
4753
4823
5125
5450
5792
5908
5742
5567
5366
5277
5151
4287
3169
2676
2254
1376
250
-940
-2018
-2632
-3316
-4413
-5389
-6216
-6891
-7454
-8126
-8825
-9253
-9561
-9784
-9842
-9848
-9673
-9413
-9081
-8208
-7029
-6023
-4887
-3598
-2062
-133
1714
3146
4442
5853
7256
8460
9042
9152
9148
8989
8564
7769
6722
5748
5002
4348
3744
3022
2365
2102
1737
1206
830
350
-493
-1311
-2136
-3000
-3760
-4626
-5707
-6447
-6538
-6421
-6276
-5980
-5352
-4276
-2885
-1569
-523
468
1777
2843
3506
3958
4197
4392
4617
4683
4514
4606
4776
4757
4884
5129
5434
5731
5750
5451
5394
5537
5397
4765
3837
3229
2830
2059
1017
-308
-1424
-2119
-3030
-4243
-5241
-6035
-6787
-7493
-8257
-8936
-9363
-9673
-10020
-10109
-9878
-9501
-9083
-8588
-7806
-6806
-5505
-4245
-3083
-1599
234
2004
3510
4998
6314
7533
8802
9457
9499
9570
9400
8987
8277
7131
6111
5336
4570
3847
3097
2357
1949
1533
908
423
-157
-1010
-1833
-2741
-3625
-4281
-5193
-6174
-6757
-6889
-6610
-6265
-5937
-5064
-3819
-2423
-1124
-97
936
2151
3192
3653
3990
4239
4369
4548
4670
4706
4938
5101
5053
5054
5305
5780
6166
6052
5675
5556
5569
5316
4434
3174
2325
1769
860
-316
-1553
-2668
-3412
-4205
-5281
-6122
-6801
-7422
-7886
-8473
-9023
-9312
-9579
-9898
-9947
-9701
-9329
-9084
-8758
-7924
-6666
-5245
-3903
-2586
-1085
831
2845
4396
5697
6946
8053
9076
9524
9305
9080
8789
8273
7484
6325
5329
4498
3629
2908
2213
1495
1116
708
-4
-434
-879
-1665
-2609
-3551
-4270
-4759
-5408
-6259
-6692
-6536
-6116
-5634
-5128
-4269
-2963
-1507
-121
857
1715
2959
4083
4596
4846
4998
4978
5017
4880
4680
4763
4944
4958
5102
5257
5584
6030
5882
5389
5228
5096
4817
4078
2791
1971
1577
758
-408
-1574
-2628
-3303
-3950
-4924
-5885
-6544
-7009
-7382
-8012
-8629
-8945
-9302
-9682
-9757
-9547
-9196
-8733
-8315
-7519
-6184
-4747
-3392
-1902
-329
1407
3262
4805
6018
7047
8187
9149
9566
9420
9211
8874
8268
7646
6705
5481
4523
3781
2951
2313
1675
922
341
-219
-744
-1182
-1822
-2709
-3484
-4120
-4663
-5180
-5912
-6435
-6421
-6187
-5718
-5126
-4491
-3271
-1819
-445
811
1762
2764
3870
4468
4693
5005
5087
4955
4927
4828
4655
4807
4911
4856
4884
5245
5697
5593
5208
4982
4713
4405
3918
2750
1711
1278
660
-409
-1570
-2731
-3460
-3926
-4796
-5805
-6581
-7197
-7749
-8315
-8928
-9399
-9795
-10107
-10248
-10151
-9730
-9186
-8717
-7906
-6584
-5189
-3743
-2258
-770
1058
3039
4621
5784
6965
8010
8906
9480
9436
9099
8776
8331
7631
6616
5478
4542
3766
2979
2330
1691
987
496
-78
-733
-1232
-1918
-2849
-3677
-4358
-4857
-5367
-6097
-6633
-6528
-6024
-5447
-4929
-4249
-3073
-1539
-97
1126
2201
3220
4357
5160
5394
5633
5792
5589
5426
5207
5053
5257
5360
5162
5093
5290
5614
5724
5423
5114
4866
4475
4010
3031
1847
1336
819
-251
-1394
-2425
-3248
-3890
-4689
-5615
-6371
-7007
-7543
-8114
-8832
-9315
-9515
-9808
-10022
-9810
-9333
-8801
-8117
-7252
-6054
-4545
-2988
-1511
20
1762
3537
4900
5907
6927
7796
8507
9087
9154
8915
8656
8170
7382
6507
5632
4742
3854
2923
2077
1307
578
-98
-809
-1497
-1968
-2527
-3275
-3931
-4442
-4813
-5242
-5745
-6156
-6133
-5704
-5218
-4749
-4123
-3019
-1612
-295
917
1918
2901
3937
4766
5200
5470
5689
5726
5473
5090
4834
4807
4901
4826
4647
4586
4810
4888
4580
4205
3883
3500
3054
2301
1292
593
93
-625
-1510
-2476
-3319
-3934
-4691
-5625
-6421
-7109
-7749
-8281
-8870
-9325
-9444
-9665
-9949
-9851
-9373
-8668
-7910
-7102
-5927
-4497
-3023
-1583
-175
1346
3036
4555
5726
6827
7586
8192
8783
8985
8759
8483
7927
7050
6247
5462
4640
3733
2948
2288
1640
1010
400
-316
-923
-1344
-1993
-2791
-3451
-4073
-4600
-4974
-5418
-5878
-5874
-5370
-4833
-4277
-3448
-2476
-1338
40
1338
2417
3421
4492
5262
5623
5917
6112
6022
5769
5400
5057
4784
4710
4642
4357
4300
4493
4623
4629
4443
4139
3838
3543
3028
2083
1200
490
-316
-1242
-2310
-3358
-4103
-4718
-5566
-6341
-6943
-7541
-8007
-8456
-8895
-9103
-9190
-9303
-9309
-9063
-8564
-7931
-7171
-6187
-4955
-3483
-1890
-404
1008
2545
4077
5306
6383
7329
7821
8201
8567
8526
8223
7919
7295
6430
5670
4901
3908
2803
1911
1156
417
-233
-972
-1831
-2407
-2798
-3460
-4085
-4487
-4990
-5323
-5397
-5627
-5725
-5439
-4947
-4373
-3543
-2541
-1431
-185
1055
2344
3409
4360
5119
5634
5897
6055
6081
5878
5503
5099
4780
4604
4462
4117
3938
3947
4027
4139
3970
3517
3068
2693
2305
1573
515
-260
-855
-1524
-2407
-3346
-4253
-4947
-5608
-6245
-6795
-7343
-7834
-8220
-8597
-8782
-8768
-8851
-8889
-8621
-8036
-7292
-6534
-5713
-4603
-3192
-1625
-131
1191
2546
4071
5400
6474
7392
7878
8205
8573
8563
8073
7468
6737
5882
5100
4331
3296
2348
1680
950
303
-305
-995
-1675
-2240
-2742
-3334
-3970
-4452
-4907
-5188
-5112
-5101
-5093
-4742
-4125
-3366
-2353
-1352
-299
983
2207
3316
4328
5100
5776
6331
6528
6492
6417
6164
5700
5080
4556
4148
3935
3734
3280
3066
3203
3347
3243
2916
2499
2129
1837
1318
371
-615
-1246
-1726
-2467
-3293
-4031
-4619
-5035
-5445
-5954
-6346
-6676
-6968
-7264
-7676
-7881
-7948
-8164
-8262
-7949
-7345
-6641
-5918
-4994
-3831
-2358
-738
690
1942
3274
4558
5555
6430
7000
7151
7363
7494
7196
6733
6154
5390
4447
3594
2858
1918
905
93
-496
-1021
-1424
-1843
-2286
-2611
-2837
-3136
-3509
-3914
-4311
-4304
-4244
-4268
-4160
-3787
-3204
-2518
-1817
-1019
31
1081
2238
3341
4302
5126
5785
6158
6294
6246
6000
5538
4822
4153
3656
3403
3153
2757
2445
2405
2584
2692
2345
1848
1532
1422
1381
844
61
-430
-701
-1189
-1981
-2892
-3652
-4222
-4786
-5395
-5939
-6427
-6896
-7232
-7530
-7639
-7616
-7641
-7627
-7410
-6858
-6054
-5372
-4769
-3725
-2409
-1025
296
1344
2410
3638
4775
5660
6245
6464
6852
7223
7133
6769
6315
5651
4845
4129
3445
2612
1736
895
278
-138
-644
-1238
-1874
-2386
-2706
-2921
-3224
-3569
-3800
-3762
-3490
-3384
-3355
-3158
-2651
-1839
-1038
-336
454
1371
2267
3281
4087
4552
5034
5447
5597
5565
5423
5157
4672
4219
3946
3753
3491
3034
2628
2556
2729
2754
2365
1780
1396
1241
1086
442
-518
-947
-1018
-1340
-1947
-2660
-3176
-3408
-3776
-4442
-4999
-5500
-6000
-6479
-6997
-7443
-7815
-8053
-8245
-8210
-7764
-6990
-6443
-5754
-4557
-3174
-1608
-163
909
1949
3278
4430
5241
5726
5937
6075
6278
6216
5881
5353
4743
4209
3649
3049
2452
1748
1103
729
397
-40
-569
-1145
-1582
-1772
-2143
-2630
-3144
-3675
-3866
-3688
-3654
-3792
-3601
-3040
-2295
-1583
-882
-144
862
1973
2835
3513
4071
4587
4911
5087
5037
4718
4402
4008
3430
3029
3026
2910
2535
2321
2396
2661
2926
2666
2096
1860
1869
1773
1244
390
-97
-267
-524
-1166
-2113
-2720
-2967
-3374
-3991
-4600
-5267
-5786
-6107
-6599
-7068
-7352
-7586
-7816
-7773
-7405
-6789
-6318
-5875
-4971
-3724
-2260
-921
153
1354
2848
4158
5091
5776
6087
6444
6898
6810
6324
5794
5308
4886
4243
3462
2824
2294
1848
1462
1042
649
317
-127
-727
-1186
-1575
-1971
-2511
-3118
-3360
-3275
-3313
-3484
-3393
-2929
-2160
-1438
-943
-313
612
1630
2499
3042
3451
3985
4464
4589
4458
4266
4019
3782
3361
2901
2863
2912
2618
2460
2637
2907
3098
3002
2540
2170
2114
2012
1318
375
-113
-330
-671
-1284
-2109
-2860
-3106
-3433
-4185
-4802
-5303
-5750
-6082
-6606
-7297
-7721
-7994
-8238
-8325
-8163
-7720
-7272
-6725
-5691
-4371
-2963
-1511
-251
913
2400
3816
4767
5414
5808
6169
6600
6690
6359
5799
5226
4753
4076
3279
2431
1628
1046
666
285
-89
-400
-803
-1159
-1327
-1553
-1948
-2399
-2778
-2960
-2917
-2970
-3321
-3451
-3143
-2635
-2053
-1568
-1061
-258
913
1970
2628
3185
3824
4366
4744
4882
4757
4513
4321
4227
4042
4032
3969
3648
3368
3373
3478
3372
2898
2318
2069
2179
2119
1494
784
506
504
265
-348
-1224
-1841
-2054
-2509
-3324
-4313
-5219
-5868
-6406
-6965
-7573
-8144
-8512
-8603
-8372
-7910
-7380
-6870
-6106
-4942
-3617
-2212
-970
171
1476
2901
4164
5084
5606
5923
6358
6720
6652
6224
5625
5099
4732
4225
3426
2501
1808
1540
1323
880
395
-19
-456
-680
-885
-1344
-1924
-2452
-2818
-3006
-3083
-3400
-3721
-3747
-3377
-2733
-2199
-1811
-1191
-223
884
1823
2397
2834
3446
4110
4464
4518
4297
4011
3796
3729
3662
3465
3226
3043
2977
2996
3138
3084
2685
2308
2148
2207
2036
1370
707
509
441
81
-707
-1698
-2372
-2637
-2996
-3795
-4693
-5577
-6100
-6416
-6938
-7533
-8119
-8473
-8472
-8250
-7905
-7594
-7317
-6474
-5253
-3954
-2639
-1426
-249
1151
2798
4030
4770
5325
5804
6423
6817
6632
6106
5509
5083
4735
4083
3132
2261
1630
1379
1186
547
-18
-205
-455
-769
-1060
-1465
-1963
-2295
-2568
-2770
-2896
-3209
-3442
-3331
-2892
-2365
-1942
-1575
-1035
-109
970
1819
2222
2611
3248
3886
4315
4352
4109
3946
3998
3962
3891
3800
3535
3366
3547
3568
3522
3434
3116
2770
2720
2769
2212
1394
966
845
736
369
-350
-1153
-1562
-1732
-2194
-2909
-3775
-4562
-5098
-5658
-6486
-7359
-8011
-8407
-8614
-8559
-8264
-8082
-7562
-6557
-5336
-4038
-2743
-1527
-304
1180
2555
3585
4418
5106
5635
6173
6600
6489
6126
5718
5359
4914
4280
3613
2790
1996
1725
1492
861
478
287
-103
-274
-372
-875
-1421
-1782
-2070
-2343
-2810
-3351
-3751
-3851
-3549
-3134
-2832
-2413
-1798
-929
190
1085
1584
2134
2733
3290
3759
3845
3657
3567
3499
3434
3481
3348
2994
2944
3127
3180
3188
3001
2672
2536
2738
2903
2506
1909
1686
1719
1647
1268
576
-274
-912
-1422
-2167
-3161
-4254
-5283
-6084
-6785
-7454
-8124
-8713
-9046
-9029
-8763
-8535
-8290
-7857
-6892
-5531
-4240
-3097
-1892
-554
1047
2597
3677
4373
4933
5642
6316
6574
6260
5774
5247
4968
4632
3898
3185
2685
2408
2368
2296
1765
1359
1229
937
596
86
-604
-1337
-1938
-2237
-2470
-2984
-3518
-3781
-3781
-3386
-2990
-2822
-2402
-1655
-682
325
1044
1526
2086
2788
3208
3419
3330
3167
3200
3246
3297
3358
3319
3180
3374
3769
4139
4278
4102
3894
3905
4122
4108
3519
2678
2264
2148
1872
1104
52
-748
-1122
-1468
-2124
-2981
-3889
-4600
-5200
-5925
-6763
-7704
-8470
-8838
-9032
-9056
-9044
-8995
-8446
-7402
-6120
-4833
-3686
-2440
-826
925
2347
3510
4375
5008
5845
6675
6783
6456
6200
5972
5794
5378
4614
3714
3084
2887
2660
2120
1615
1212
885
742
536
-72
-833
-1367
-1872
-2311
-2662
-3290
-4044
-4418
-4303
-4006
-3802
-3628
-3224
-2544
-1484
-435
93
518
1233
2003
2592
2902
2911
2908
3088
3347
3643
3746
3666
3692
3906
4240
4494
4338
3929
3689
3659
3736
3406
2734
2197
2055
2047
1823
1124
299
-141
-516
-1125
-2019
-3116
-4189
-4907
-5629
-6540
-7471
-8413
-9059
-9322
-9411
-9408
-9331
-9148
-8532
-7360
-6097
-4814
-3588
-2279
-645
1113
2483
3531
4482
5349
6232
6836
6844
6647
6497
6261
5908
5242
4502
3897
3324
2984
2747
2254
1891
1727
1358
991
723
226
-448
-1100
-1697
-2155
-2688
-3399
-3940
-4340
-4458
-4187
-4100
-3907
-3219
-2380
-1437
-498
296
1134
2052
2867
3520
3872
4013
4213
4180
4007
4068
4033
3697
3447
3461
3594
3945
4076
3936
3801
4013
4353
4166
3554
3106
2973
2761
2346
1578
664
85
-374
-1205
-2323
-3426
-4416
-5234
-6049
-6871
-7619
-8357
-8895
-9182
-9236
-8968
-8731
-8604
-7982
-6885
-5661
-4524
-3426
-2187
-798
704
1879
2638
3380
4352
5289
5895
6087
6007
6066
6256
6149
5512
4734
4166
3601
2947
2393
1843
1386
1123
682
144
-155
-510
-1077
-1546
-2033
-2471
-2817
-3294
-3822
-4088
-4074
-3880
-3719
-3603
-3034
-2186
-1399
-677
-127
496
1481
2288
2654
2916
3152
3292
3417
3421
3335
3405
3374
3258
3365
3534
3743
3960
3889
3729
3676
3788
3682
3173
2698
2615
2628
2210
1543
876
326
-100
-810
-1877
-2948
-3847
-4619
-5561
-6520
-7383
-8043
-8540
-8886
-9176
-9160
-8877
-8636
-8210
-7395
-6281
-5246
-4141
-2807
-1327
347
1901
3089
4099
5087
6055
6661
6693
6499
6379
6256
6042
5526
4768
4156
3825
3443
2978
2464
2017
1772
1490
1099
644
183
-299
-776
-1361
-1863
-2300
-2988
-3579
-3798
-3738
-3562
-3398
-3221
-2875
-2155
-1241
-608
-229
213
985
1866
2390
2684
2964
3258
3542
3597
3476
3484
3483
3453
3472
3495
3676
3875
3895
3884
3984
3981
3935
3601
2980
2755
2705
2333
1681
1040
499
175
-350
-1238
-2141
-2981
-3763
-4700
-5825
-6884
-7698
-8387
-8991
-9507
-9741
-9563
-9290
-8885
-8036
-6867
-5645
-4290
-2916
-1446
198
1579
2669
3644
4482
5246
5817
5841
5590
5562
5666
5543
5088
4491
4127
3984
3549
2884
2440
2090
1865
1717
1251
744
361
-16
-431
-1078
-1806
-2370
-3092
-3911
-4369
-4600
-4717
-4667
-4615
-4187
-3238
-2315
-1470
-619
263
1337
2360
2789
3098
3452
3700
3861
3633
3089
2849
2890
2707
2476
2456
2622
2975
3267
3450
3718
3980
4338
4453
4148
3917
3885
3522
2869
2107
1282
599
-191
-1270
-2355
-3396
-4524
-5555
-6618
-7614
-8217
-8666
-9141
-9408
-9342
-8902
-8315
-7925
-7296
-6291
-5217
-4090
-3004
-2013
-706
706
1784
2703
3630
4491
5308
5835
5982
6099
6184
6130
5921
5529
5263
5129
4684
4235
3860
3313
2878
2453
1710
1016
516
-159
-912
-1719
-2419
-2795
-3256
-3897
-4332
-4301
-4059
-3766
-3447
-2890
-2103
-1214
-324
281
709
1447
2123
2349
2537
2769
2904
3070
3101
2893
2741
2833
2993
2925
2910
3194
3513
3877
4222
4387
4407
4464
4560
4173
3608
3265
2766
2073
1357
498
-302
-934
-1682
-2588
-3313
-3987
-4833
-5639
-6363
-7031
-7609
-8206
-8813
-9214
-9280
-9058
-8869
-8576
-7825
-6862
-5726
-4430
-3208
-1839
-209
1279
2491
3573
4504
5235
5895
6198
6155
6146
6052
5797
5440
5029
4566
4095
3601
3074
2542
1977
1476
939
418
84
-375
-1026
-1452
-1906
-2495
-2822
-3261
-3882
-4187
-4174
-4069
-4003
-3659
-2996
-2281
-1460
-604
149
889
1863
2472
2866
3277
3457
3502
3488
3438
3117
2854
2849
2739
2552
2779
3130
3386
3797
4168
4251
4311
4393
4167
3676
3184
2800
2351
1752
1100
431
-154
-824
-1776
-2716
-3492
-4416
-5408
-6241
-7043
-7682
-8024
-8399
-8730
-8775
-8588
-8224
-7782
-7192
-6326
-5301
-4180
-2891
-1629
-350
927
1987
3023
4153
4888
5417
6029
6292
6354
6563
6438
5974
5603
5202
4660
3927
3137
2512
2044
1577
1161
759
278
-35
-388
-891
-1303
-1840
-2350
-2703
-3186
-3594
-3654
-3647
-3566
-3223
-2733
-2070
-1447
-855
-202
530
1328
1988
2503
2922
3402
3702
3814
3807
3546
3264
3136
3045
2678
2456
2482
2565
2857
3187
3275
3245
3271
3425
3524
3118
2655
2425
2063
1644
1052
63
-814
-1611
-2565
-3427
-4389
-5537
-6388
-6972
-7540
-7980
-8409
-8727
-8844
-8785
-8492
-8076
-7805
-7307
-6274
-5149
-3945
-2617
-1435
-159
1173
2292
3256
4004
4484
5015
5537
5732
5757
5725
5674
5591
5275
4837
4366
3727
3123
2657
2016
1331
859
349
-105
-572
-1075
-1521
-1963
-2386
-2639
-2854
-3126
-3303
-3331
-3169
-2903
-2606
-2239
-1795
-1237
-494
268
871
1499
2244
2875
3397
3728
3803
3720
3658
3481
3194
2929
2800
2741
2764
2991
3196
3288
3524
3707
3604
3540
3489
3191
2893
2548
2124
1764
1374
846
97
-666
-1320
-2122
-3002
-3869
-4898
-5775
-6415
-7122
-7737
-8059
-8401
-8579
-8449
-8225
-7841
-7354
-6710
-5747
-4606
-3331
-1980
-782
454
1830
2951
3744
4507
5014
5320
5726
5894
5611
5435
5283
4968
4658
4268
3716
3108
2704
2418
1984
1445
1007
628
212
-219
-777
-1458
-1890
-2397
-2896
-3098
-3348
-3640
-3628
-3406
-3225
-2838
-2343
-1840
-1245
-373
502
1212
2028
2872
3529
3995
4330
4371
4184
3965
3567
2989
2540
2249
1997
1891
1966
2064
2336
2865
3237
3283
3294
3324
3313
3063
2596
2079
1478
1027
421
-634
-1534
-2305
-3323
-4262
-5106
-5968
-6662
-7269
-7955
-8398
-8600
-8763
-8745
-8528
-8034
-7265
-6464
-5596
-4463
-3323
-2210
-1117
-272
505
1447
2192
2732
3364
3854
4321
4928
5308
5481
5576
5674
5718
5462
4960
4442
3825
3271
2785
2042
1169
622
218
-292
-816
-1452
-2054
-2432
-2764
-2992
-3180
-3422
-3476
-3269
-2928
-2461
-1958
-1361
-649
140
971
1725
2332
2900
3410
3706
3808
3787
3521
3081
2814
2565
2220
1951
1960
2165
2486
2796
2960
3289
3694
3867
3835
3678
3554
3496
3210
2631
2098
1477
913
178
-986
-2059
-2813
-3683
-4587
-5261
-5941
-6417
-6853
-7333
-7688
-7798
-7817
-7744
-7636
-7399
-6760
-6216
-5641
-4751
-3910
-3038
-2028
-1186
-377
666
1640
2615
3528
4181
4767
5501
6053
6173
6201
6099
5848
5491
4998
4321
3631
2915
2272
1582
739
36
-524
-1192
-1677
-1994
-2268
-2342
-2401
-2436
-2261
-2100
-2184
-2281
-2265
-2132
-1797
-1444
-1149
-668
-48
789
1510
2050
2561
3021
3422
3604
3518
3235
3111
2897
2572
2328
2284
2396
2466
2507
2565
2889
3252
3340
3117
2949
2859
2718
2371
1651
889
398
44
-663
-1625
-2465
-3019
-3583
-4260
-4992
-5754
-6329
-6760
-7410
-7975
-8160
-8215
-8115
-7875
-7443
-6725
-5912
-5118
-4285
-3386
-2324
-1261
-491
132
986
1949
2934
3728
4269
4891
5604
6052
6085
6020
5861
5533
5134
4567
3795
3189
2713
2119
1417
609
-56
-571
-1069
-1502
-1811
-1951
-1936
-1996
-2202
-2134
-2048
-2190
-2271
-2211
-1994
-1606
-1112
-632
18
849
1674
2280
2777
3202
3635
3960
3908
3750
3538
3457
3381
3041
2721
2623
2605
2534
2467
2463
2607
2879
3067
3039
2982
2966
2873
2572
1876
1108
499
-72
-828
-1807
-2633
-3228
-3813
-4451
-5111
-5703
-6134
-6502
-6914
-7280
-7396
-7388
-7236
-6955
-6555
-5904
-5198
-4709
-4130
-3309
-2460
-1608
-949
-242
729
1684
2548
3375
3972
4566
5243
5677
5807
5772
5622
5428
5144
4618
3944
3251
2494
1820
1116
264
-487
-1034
-1451
-1671
-1843
-1980
-1945
-2026
-2191
-2147
-2149
-2291
-2318
-2320
-2172
-1835
-1455
-1062
-497
273
1044
1677
2120
2646
3103
3378
3473
3360
3195
3073
2885
2526
2296
2082
1953
2008
1999
2034
2161
2365
2579
2656
2514
2306
2196
1978
1538
972
424
-20
-661
-1508
-2250
-2870
-3538
-4254
-4969
-5652
-6274
-6755
-7136
-7409
-7598
-7643
-7393
-7046
-6651
-5993
-5224
-4625
-4008
-3138
-2197
-1367
-632
76
848
1712
2532
3212
3902
4576
5196
5778
6085
6114
6055
5892
5630
5054
4291
3657
2971
2227
1613
939
231
-239
-672
-1067
-1275
-1414
-1602
-1711
-1737
-1620
-1513
-1650
-1698
-1670
-1650
-1386
-1034
-767
-365
210
957
1705
2291
2883
3412
3724
3841
3914
3772
3433
3204
2774
2395
2205
2045
1992
2032
2086
2205
2390
2644
2759
2606
2455
2325
2084
1679
1078
382
-227
-868
-1686
-2571
-3384
-4166
-4783
-5211
-5718
-6303
-6687
-6876
-7036
-7166
-7143
-6967
-6699
-6389
-5790
-5070
-4473
-3907
-3215
-2415
-1703
-1104
-498
194
909
1680
2516
3320
4001
4710
5388
5791
5922
5904
5685
5301
4700
4011
3313
2395
1565
931
361
-216
-861
-1347
-1572
-1766
-1988
-2068
-2146
-2203
-2143
-2021
-1908
-1859
-1816
-1738
-1494
-1180
-816
-342
225
906
1579
2192
2727
3096
3356
3507
3571
3543
3410
3234
2971
2709
2584
2475
2329
2247
2191
2173
2172
2241
2297
2231
2106
1908
1759
1615
1173
467
-183
-777
-1474
-2294
-3153
-3924
-4535
-5037
-5540
-5983
-6277
-6398
-6515
-6582
-6496
-6320
-6088
-5709
-5223
-4692
-4102
-3587
-3069
-2487
-1875
-1275
-618
86
792
1665
2611
3505
4314
4938
5440
5988
6282
6225
5967
5624
5126
4457
3734
2890
2054
1246
580
-144
-879
-1288
-1426
-1620
-1773
-1715
-1613
-1500
-1348
-1219
-1159
-1191
-1195
-1159
-1062
-839
-657
-286
254
722
1255
1848
2350
2735
3070
3491
3793
3861
3771
3597
3427
3181
2861
2472
2172
1999
1850
1764
1684
1609
1690
1742
1635
1504
1224
931
560
-83
-744
-1248
-1764
-2464
-3211
-3893
-4496
-4951
-5429
-5859
-6172
-6409
-6497
-6469
-6386
-6203
-5853
-5481
-5161
-4811
-4312
-3825
-3419
-2971
-2401
-1673
-905
-185
458
1237
2181
2982
3674
4269
4747
5208
5598
5703
5495
5149
4710
4140
3465
2622
1711
899
269
-286
-842
-1195
-1304
-1408
-1429
-1401
-1445
-1385
-1314
-1295
-1256
-1198
-1169
-1107
-986
-763
-439
-73
249
564
1062
1632
2132
2577
3080
3638
4005
4225
4401
4261
3997
3706
3270
2693
2179
1836
1628
1439
1194
1079
1049
1130
1064
789
533
390
268
-66
-494
-889
-1266
-1727
-2318
-3105
-3810
-4332
-4852
-5344
-5715
-5987
-5994
-5855
-5780
-5610
-5323
-5039
-4826
-4542
-4096
-3561
-3079
-2506
-1857
-1234
-480
211
731
1223
1859
2414
2867
3416
4015
4531
5028
5409
5459
5411
5266
4667
3836
2882
2039
1380
576
-71
-447
-791
-922
-1022
-1342
-1452
-1225
-1101
-1068
-1032
-978
-780
-715
-646
-563
-612
-516
-211
1
299
851
1385
2028
2723
3240
3834
4243
4342
4384
4289
3936
3540
3071
2490
2081
1761
1469
1107
751
441
276
210
87
-153
-214
-34
169
179
-53
-321
-695
-1147
-1802
-2789
-3813
-4486
-5140
-5710
-6033
-6417
-6561
-6346
-6055
-5815
-5597
-5305
-4860
-4407
-3843
-3066
-2553
-2218
-1635
-1070
-648
-147
207
483
1009
1607
2162
2835
3441
3889
4422
4802
4818
4587
4267
3936
3424
2832
2385
1833
1345
1025
562
-86
-619
-1093
-1471
-1663
-1846
-1979
-1945
-1859
-1667
-1408
-1169
-873
-781
-711
-387
-11
304
763
1255
1748
2387
2927
3221
3496
3717
3795
3821
3723
3409
3235
3157
2938
2534
2141
1949
1681
1323
1010
701
589
698
670
543
578
484
283
-22
-625
-1332
-1811
-2300
-3046
-3741
-4189
-4546
-4908
-5152
-5312
-5426
-5370
-5267
-5284
-5149
-4684
-4227
-3844
-3319
-2820
-2345
-1842
-1391
-1147
-821
-185
322
734
1378
2112
2657
3301
3899
4229
4490
4761
4717
4470
4372
4189
3662
3210
2980
2347
1501
1036
428
-389
-764
-1059
-1507
-1696
-1574
-1532
-1571
-1514
-1421
-1401
-1326
-1097
-1016
-1019
-702
-256
162
711
1086
1373
1947
2494
2809
3051
3303
3608
3881
4028
4067
3929
3562
3082
2521
1846
1197
660
107
-238
-356
-374
-247
-177
-264
-266
-219
-354
-654
-1138
-1677
-2040
-2388
-3032
-3723
-4273
-4745
-5141
-5495
-5867
-6137
-6019
-5773
-5539
-5175
-4617
-3976
-3497
-3197
-2764
-2391
-2152
-1794
-1438
-923
-208
471
1005
1663
2328
2745
3116
3397
3508
3650
3893
3998
3872
3821
3862
3689
3388
2985
2369
1722
1199
569
-131
-544
-843
-1088
-1275
-1409
-1500
-1497
-1452
-1402
-1376
-1180
-842
-551
-189
255
678
1031
1412
1674
1887
2197
2521
2813
3122
3497
3908
4158
4283
4302
4031
3654
3139
2441
1739
1219
837
548
292
70
43
126
160
13
-228
-460
-573
-643
-1005
-1437
-1741
-1981
-2348
-2835
-3412
-4056
-4465
-4651
-4882
-5084
-5082
-4912
-4763
-4465
-4045
-3726
-3483
-3200
-2948
-2582
-2039
-1658
-1291
-750
13
593
982
1343
1602
1875
2275
2698
2881
3051
3414
3767
3928
3971
3849
3526
3193
2838
2348
1675
993
386
6
-354
-766
-1207
-1541
-1647
-1738
-1798
-1822
-1697
-1572
-1200
-712
-468
-332
-103
156
371
618
797
901
1233
1807
2406
2862
3309
3673
3906
4044
3989
3548
3049
2700
2184
1632
1155
674
221
-102
-269
-413
-585
-555
-553
-636
-605
-597
-619
-810
-1157
-1515
-1843
-2333
-3013
-3631
-4172
-4475
-4692
-4855
-4910
-4908
-4758
-4521
-4326
-4258
-4082
-3744
-3385
-2992
-2536
-1951
-1357
-829
-345
99
511
819
1081
1388
1705
2063
2489
2842
3129
3388
3582
3623
3590
3529
3350
3039
2812
2603
2246
1898
1480
930
407
-109
-636
-1142
-1504
-1671
-1788
-1677
-1439
-1199
-946
-658
-360
-124
56
220
458
857
1349
1786
2257
2772
3279
3579
3731
3846
3804
3665
3524
3316
2973
2588
2230
1814
1364
1004
742
481
324
276
272
348
361
271
121
-141
-404
-866
-1583
-2299
-2833
-3302
-3744
-4100
-4387
-4454
-4388
-4286
-4323
-4410
-4399
-4320
-4335
-4279
-4067
-3851
-3518
-3047
-2552
-2036
-1563
-1234
-853
-418
35
476
928
1372
1777
2203
2685
3135
3263
3343
3600
3666
3617
3560
3277
2847
2536
2262
1706
954
330
-163
-690
-1167
-1511
-1796
-1895
-1709
-1459
-1372
-1224
-1086
-1001
-849
-780
-777
-746
-470
-29
461
996
1625
2177
2625
3189
3687
3895
4018
4246
4276
4148
4017
3596
2943
2403
1909
1335
882
606
292
137
253
384
293
229
183
-95
-378
-716
-1426
-2188
-2585
-2977
-3494
-3966
-4399
-4747
-4913
-5068
-5252
-5319
-5375
-5226
-5007
-4741
-4321
-3940
-3516
-2983
-2532
-2098
-1642
-1332
-952
-393
143
602
1035
1447
1893
2251
2483
2634
2829
3048
3325
3602
3653
3752
3858
3720
3452
3039
2468
1900
1217
410
-224
-685
-1105
-1339
-1445
-1512
-1487
-1446
-1399
-1247
-1093
-982
-865
-704
-346
166
686
1134
1497
1864
2368
2786
2964
3265
3582
3854
4173
4353
4238
4011
3793
3378
2883
2314
1799
1422
1306
1253
1106
990
953
907
654
302
-207
-797
-1328
-1803
-2347
-2862
-3230
-3532
-3786
-3988
-4174
-4397
-4678
-4829
-4872
-4984
-4965
-4732
-4509
-4220
-3803
-3466
-3418
-3267
-2991
-2760
-2383
-1889
-1282
-627
96
785
1292
1718
2118
2336
2591
3004
3283
3429
3759
4077
4197
4295
4183
3698
2990
2339
1654
689
-206
-723
-1101
-1334
-1372
-1525
-1669
-1622
-1635
-1671
-1681
-1741
-1693
-1401
-1021
-680
-316
76
485
713
919
1150
1365
1654
2147
2729
3216
3676
4028
4270
4393
4157
3808
3384
2857
2413
2073
1803
1614
1382
1113
968
737
324
-197
-694
-1159
-1496
-1701
-2060
-2482
-2712
-2817
-2995
-3388
-3902
-4302
-4581
-4879
-5136
-5221
-5195
-4911
-4494
-4150
-3879
-3685
-3478
-3317
-3105
-2777
-2359
-1939
-1467
-813
-190
416
961
1376
1802
2258
2670
3013
3378
3753
4111
4428
4553
4397
4143
3775
3273
2639
1948
1342
898
556
284
36
-145
-289
-536
-808
-1009
-1231
-1430
-1428
-1351
-1090
-733
-406
-47
277
594
846
1002
1163
1481
1838
2241
2634
2965
3258
3573
3785
3790
3621
3374
3131
2859
2631
2396
2126
2046
2013
1799
1463
1114
683
295
-132
-634
-1123
-1525
-1735
-1985
-2399
-2727
-3034
-3428
-3872
-4291
-4662
-4922
-5018
-4931
-4674
-4489
-4255
-4072
-4017
-3963
-3838
-3788
-3752
-3582
-3303
-2872
-2441
-1959
-1440
-822
-138
491
1012
1497
2035
2491
3014
3441
3658
3827
3997
3882
3486
3128
2576
2003
1552
1220
782
423
306
124
-78
-266
-478
-845
-1152
-1357
-1578
-1651
-1553
-1406
-1233
-925
-598
-387
-167
105
434
777
1164
1535
1942
2403
2921
3264
3449
3642
3709
3665
3499
3278
3011
2797
2706
2526
2247
2080
1841
1526
1263
1018
697
462
257
-35
-380
-578
-837
-1329
-1858
-2356
-2817
-3297
-3876
-4450
-4734
-4742
-4696
-4639
-4556
-4462
-4251
-4046
-3936
-3892
-3804
-3577
-3304
-3022
-2687
-2250
-1851
-1378
-822
-286
255
849
1344
1820
2424
2989
3637
4128
4326
4476
4596
4459
4102
3578
3025
2571
2105
1564
1009
606
414
131
-271
-678
-1007
-1315
-1474
-1505
-1564
-1463
-1215
-958
-775
-595
-518
-429
-277
-155
2
296
679
1070
1563
2112
2602
2982
3310
3674
3863
3920
3948
3819
3539
3365
3215
2837
2393
1980
1617
1208
841
510
132
-204
-356
-581
-840
-967
-1290
-1714
-2107
-2583
-3295
-3991
-4468
-4891
-5170
-5279
-5324
-5348
-5360
-5218
-4986
-4847
-4672
-4435
-4230
-3930
-3552
-3170
-2772
-2244
-1706
-1100
-476
39
601
1162
1664
2141
2570
3101
3648
3969
4202
4386
4303
4065
3742
3267
2756
2235
1826
1393
827
428
153
-267
-631
-847
-1163
-1420
-1427
-1438
-1494
-1354
-1117
-924
-798
-534
-307
-246
-54
98
96
308
755
1060
1417
2084
2700
3116
3598
4039
4234
4349
4407
4307
4008
3718
3432
3071
2648
2223
1763
1356
1006
682
326
10
-170
-505
-685
-907
-1349
-1742
-2119
-2502
-2911
-3383
-3838
-4249
-4615
-4804
-4917
-5054
-5139
-5102
-5063
-5023
-4900
-4753
-4558
-4247
-3812
-3344
-2771
-2096
-1342
-586
172
889
1507
2074
2647
3134
3508
3792
3956
4055
4010
3892
3635
3261
2951
2654
2286
1983
1744
1374
1064
896
607
195
-127
-409
-747
-1060
-1288
-1492
-1719
-1731
-1553
-1475
-1372
-1109
-888
-673
-297
52
290
685
1242
1693
2135
2647
2971
3157
3417
3592
3558
3514
3526
3412
3156
2989
2786
2383
2005
1775
1530
1299
1139
945
696
451
158
-171
-686
-1301
-1814
-2344
-2882
-3467
-4024
-4471
-4754
-4937
-5079
-5126
-5146
-5177
-5163
-5195
-5299
-5269
-5179
-5010
-4828
-4488
-3997
-3472
-2805
-2001
-1232
-449
421
1243
2012
2709
3330
3895
4260
4349
4442
4364
4145
3953
3673
3284
2925
2596
2237
1811
1492
1245
895
569
291
-35
-337
-529
-755
-972
-1107
-1218
-1284
-1313
-1335
-1453
-1576
-1548
-1373
-1179
-910
-494
-56
542
1253
1819
2287
2917
3392
3782
4174
4323
4318
4173
3983
3633
3175
2752
2305
1882
1633
1581
1527
1449
1426
1278
1056
920
689
204
-290
-723
-1281
-1951
-2613
-3265
-3883
-4337
-4801
-5201
-5570
-5804
-5908
-5970
-5894
-5761
-5617
-5291
-4817
-4420
-3995
-3507
-3009
-2413
-1631
-840
-108
739
1557
2330
3021
3536
3876
4036
4158
4249
4241
4141
4026
3845
3688
3458
3061
2659
2303
1884
1428
1025
567
153
-131
-467
-804
-1076
-1314
-1567
-1737
-1859
-2068
-2207
-2166
-1993
-1696
-1348
-952
-474
-13
438
861
1228
1625
2058
2486
2911
3229
3375
3485
3472
3379
3229
2939
2669
2472
2318
2189
2099
2022
1901
1735
1512
1221
810
323
-215
-938
-1482
-1890
-2411
-2903
-3273
-3605
-3921
-4151
-4389
-4740
-5082
-5316
-5497
-5672
-5784
-5803
-5818
-5695
-5459
-5212
-4848
-4394
-3819
-3099
-2218
-1254
-333
697
1765
2714
3553
4239
4662
4812
4903
4916
4639
4294
4020
3557
3136
2894
2459
1952
1678
1435
1115
911
729
509
385
230
11
-302
-641
-938
-1328
-1735
-2010
-2292
-2453
-2334
-2124
-1782
-1285
-708
-129
475
1029
1544
2108
2599
3031
3508
3810
3960
4031
3980
3827
3634
3402
3095
2759
2521
2397
2299
2196
2168
2157
2039
1887
1690
1288
752
205
-347
-897
-1464
-2018
-2532
-2983
-3411
-3763
-4217
-4786
-5277
-5680
-5983
-6223
-6339
-6328
-6156
-5895
-5547
-5154
-4850
-4456
-3786
-3037
-2296
-1356
-389
606
1646
2674
3453
3975
4411
4713
4890
4923
4840
4582
4225
3956
3625
3075
2468
2005
1559
1185
916
559
236
112
72
-84
-235
-451
-806
-1168
-1513
-1975
-2572
-2937
-3068
-3131
-2975
-2564
-2131
-1670
-1028
-375
207
864
1546
2146
2696
3231
3703
3860
3847
3818
3599
3259
2956
2591
2190
2044
2035
1987
1934
1975
2008
1930
1864
1717
1310
837
481
10
-545
-1047
-1673
-2350
-2942
-3561
-4260
-4994
-5623
-6087
-6463
-6659
-6696
-6620
-6482
-6168
-5805
-5475
-5017
-4572
-4034
-3268
-2441
-1623
-690
284
1166
1992
2694
3273
3736
4147
4538
4726
4811
4848
4840
4666
4524
4351
3914
3510
3131
2710
2201
1727
1249
957
692
371
66
-320
-751
-1159
-1614
-2104
-2430
-2671
-2703
-2537
-2285
-2009
-1640
-1236
-809
-315
171
704
1275
1794
2270
2678
2978
3175
3244
3193
3140
3063
2940
2880
2752
2685
2700
2702
2794
2822
2755
2623
2413
2128
1742
1235
721
280
-189
-703
-1180
-1717
-2331
-2974
-3573
-4168
-4794
-5370
-5807
-6189
-6500
-6601
-6562
-6493
-6381
-6101
-5750
-5468
-5063
-4469
-3808
-3097
-2290
-1386
-445
593
1565
2434
3243
3942
4469
4781
4946
4991
4915
4791
4634
4414
4140
3800
3437
2958
2510
2139
1716
1333
1032
685
258
-215
-692
-1162
-1631
-2080
-2472
-2853
-3111
-3167
-3142
-3023
-2642
-2212
-1733
-1106
-519
-60
430
923
1186
1451
1767
2105
2363
2586
2831
2967
3005
3055
3040
2867
2825
2840
2841
2898
2948
2899
2834
2744
2484
2026
1507
1045
471
-144
-718
-1315
-1972
-2516
-3017
-3557
-4160
-4737
-5273
-5795
-6197
-6536
-6772
-6786
-6555
-6340
-6052
-5638
-5268
-4822
-4291
-3708
-3068
-2286
-1293
-197
904
2008
2961
3755
4397
4822
5049
5204
5334
5340
5305
5230
5059
4752
4455
4059
3527
3042
2510
1984
1550
1089
627
194
-237
-624
-1025
-1454
-1893
-2271
-2592
-2766
-2788
-2720
-2471
-2067
-1624
-1110
-622
-301
-1
265
508
779
1112
1506
2004
2483
2824
3105
3348
3555
3641
3664
3642
3594
3527
3424
3231
2970
2714
2474
2146
1699
1254
794
383
-110
-622
-1078
-1527
-2000
-2429
-2863
-3365
-3962
-4555
-5116
-5689
-6149
-6484
-6721
-6869
-6788
-6563
-6316
-6142
-5886
-5416
-4872
-4179
-3307
-2350
-1216
29
1191
2270
3256
4104
4754
5211
5449
5494
5425
5149
4823
4531
4210
3858
3502
3124
2769
2384
1943
1498
990
544
162
-231
-600
-982
-1435
-1868
-2196
-2533
-2861
-3047
-3110
-3044
-2822
-2481
-2079
-1663
-1261
-840
-382
1
425
821
1210
1686
2111
2578
3068
3539
3947
4230
4340
4260
4065
3805
3523
3222
2913
2677
2442
2205
1928
1528
1133
701
231
-289
-834
-1340
-1791
-2234
-2666
-3122
-3681
-4229
-4729
-5245
-5748
-6105
-6408
-6648
-6704
-6637
-6435
-6215
-5867
-5383
-4824
-4167
-3389
-2478
-1481
-313
956
2212
3424
4435
5259
5917
6278
6321
6192
5903
5564
5219
4877
4511
4092
3647
3277
2909
2397
1870
1401
911
501
192
-182
-599
-975
-1343
-1819
-2243
-2622
-2953
-3182
-3222
-3083
-2898
-2578
-2163
-1741
-1328
-823
-411
-85
407
954
1456
2050
2668
3211
3676
4019
4215
4215
4025
3771
3480
3137
2893
2652
2400
2248
2117
1936
1651
1293
914
499
91
-315
-695
-1107
-1532
-2033
-2616
-3237
-3880
-4518
-5131
-5672
-6185
-6573
-6741
-6753
-6675
-6566
-6394
-6178
-5873
-5413
-4870
-4179
-3284
-2148
-933
318
1483
2500
3328
4016
4531
4747
4837
4896
4835
4707
4673
4623
4472
4245
4004
3716
3326
2860
2432
1988
1578
1252
802
253
-292
-798
-1302
-1757
-2250
-2725
-3028
-3193
-3263
-3300
-3227
-2982
-2687
-2346
-1933
-1550
-1192
-724
-114
487
1165
1836
2398
2861
3273
3511
3566
3573
3499
3369
3300
3210
3101
3038
2968
2813
2524
2248
1980
1637
1326
1052
696
334
-2
-440
-958
-1449
-1971
-2520
-3138
-3751
-4301
-4831
-5316
-5659
-5835
-5889
-5948
-5978
-5895
-5754
-5491
-5089
-4533
-3836
-2994
-2027
-1020
-2
978
1822
2520
3207
3800
4219
4543
4788
4948
5040
5049
4953
4771
4550
4358
4068
3788
3451
3077
2705
2301
1809
1259
696
126
-466
-1100
-1669
-2230
-2766
-3133
-3336
-3424
-3385
-3228
-3005
-2716
-2345
-1931
-1544
-1090
-550
-65
393
836
1287
1682
2033
2308
2494
2665
2796
2913
2978
3008
2993
2960
2843
2758
2599
2351
2139
1934
1751
1467
1158
828
453
42
-362
-827
-1334
-1885
-2423
-2944
-3512
-4095
-4564
-4970
-5281
-5485
-5679
-5780
-5806
-5742
-5621
-5388
-5070
-4719
-4302
-3762
-3114
-2362
-1501
-545
435
1310
2134
2838
3401
3885
4290
4523
4604
4695
4720
4652
4501
4362
4130
3820
3488
3028
2537
2079
1577
1066
595
74
-488
-978
-1461
-1926
-2293
-2591
-2798
-2898
-2891
-2755
-2543
-2279
-1973
-1634
-1296
-955
-697
-434
-97
242
580
966
1369
1742
2058
2334
2557
2693
2871
2991
3008
3010
3012
3005
2957
2857
2674
2477
2207
1892
1548
1239
924
540
149
-257
-682
-1237
-1762
-2232
-2738
-3174
-3471
-3771
-4038
-4176
-4250
-4349
-4423
-4455
-4525
-4546
-4477
-4350
-4193
-3863
-3320
-2690
-1960
-1179
-388
391
1176
1929
2541
3132
3666
4083
4398
4608
4752
4738
4613
4411
4084
3711
3386
3026
2674
2384
2069
1696
1209
675
101
-477
-1037
-1521
-1936
-2297
-2508
-2606
-2605
-2527
-2393
-2205
-2018
-1865
-1743
-1534
-1260
-995
-711
-344
104
534
937
1265
1606
1836
1961
2060
2116
2199
2292
2425
2556
2572
2466
2343
2094
1796
1586
1413
1267
1107
931
660
308
-63
-584
-1148
-1665
-2147
-2656
-3041
-3267
-3420
-3521
-3541
-3576
-3694
-3864
-4031
-4255
-4539
-4681
-4689
-4606
-4368
-3965
-3448
-2835
-2169
-1476
-791
-109
595
1312
2029
2738
3400
3944
4316
4526
4560
4471
4232
3916
3627
3336
2988
2648
2321
1963
1567
1155
750
324
-105
-454
-775
-1048
-1229
-1317
-1397
-1468
-1520
-1645
-1802
-1882
-1868
-1824
-1698
-1462
-1134
-728
-253
204
584
983
1299
1565
1820
2033
2261
2461
2666
2721
2681
2601
2451
2244
2079
1972
1851
1747
1672
1557
1380
1188
972
728
461
140
-248
-636
-979
-1254
-1517
-1763
-2013
-2306
-2596
-2855
-3161
-3487
-3790
-4023
-4161
-4277
-4257
-4150
-3998
-3724
-3367
-2977
-2546
-2090
-1593
-966
-220
515
1250
1937
2508
2948
3330
3632
3769
3835
3816
3623
3342
3004
2588
2229
1930
1672
1406
1194
1065
817
583
435
259
15
-283
-522
-817
-1125
-1349
-1615
-1895
-2053
-2110
-2143
-2089
-1880
-1629
-1354
-1012
-625
-256
140
479
852
1230
1563
1863
2060
2233
2282
2255
2220
2200
2097
1921
1714
1463
1212
955
782
664
591
529
431
316
184
29
-181
-402
-590
-865
-1179
-1482
-1793
-2144
-2501
-2812
-3130
-3431
-3713
-3944
-4114
-4216
-4202
-4155
-4007
-3797
-3510
-3146
-2679
-2146
-1611
-1020
-375
288
950
1560
2122
2612
3032
3284
3402
3385
3249
3081
2883
2691
2536
2406
2233
2119
2011
1909
1771
1573
1300
1011
683
325
-48
-421
-800
-1153
-1470
-1808
-2094
-2246
-2310
-2247
-2033
-1743
-1389
-918
-372
109
586
1053
1422
1716
1920
2018
2178
2273
2313
2378
2361
2242
2080
1872
1656
1442
1221
1084
1061
1111
1202
1292
1363
1396
1312
1103
803
396
-54
-523
-989
-1343
-1632
-1904
-2154
-2435
-2692
-2936
-3166
-3288
-3339
-3336
-3187
-3017
-2848
-2659
-2455
-2319
-2185
-2027
-1852
-1591
-1287
-851
-421
-10
436
826
1130
1363
1479
1623
1753
1919
2105
2242
2398
2541
2617
2593
2455
2185
1834
1374
875
364
-86
-454
-767
-1020
-1262
-1454
-1594
-1679
-1708
-1676
-1581
-1426
-1158
-822
-482
-146
117
341
501
592
656
696
784
890
1072
1244
1369
1499
1601
1690
1733
1757
1753
1743
1692
1638
1586
1520
1426
1322
1173
926
576
138
-267
-670
-1016
-1290
-1533
-1726
-1823
-1915
-1995
-2121
-2275
-2401
-2532
-2622
-2674
-2721
-2706
-2653
-2625
-2565
-2483
-2379
-2274
-2086
-1826
-1554
-1292
-1003
-723
-418
-110
200
516
862
1221
1532
1872
2098
2290
2475
2657
2823
2877
2824
2651
2345
1964
1587
1167
792
470
204
3
-186
-293
-343
-362
-371
-384
-394
-334
-288
-270
-194
-139
-77
29
129
288
451
545
616
683
725
768
812
895
1093
1330
1598
1837
2030
2180
2263
2224
2119
2000
1833
1599
1309
1008
643
264
-39
-331
-587
-796
-993
-1141
-1288
-1400
-1479
-1564
-1628
-1694
-1798
-1888
-2046
-2230
-2402
-2585
-2698
-2802
-2862
-2844
-2787
-2648
-2480
-2289
-2119
-1907
-1627
-1343
-1015
-612
-182
248
667
1005
1329
1588
1765
1842
1884
1844
1788
1725
1630
1554
1476
1428
1367
1239
1067
909
736
563
411
259
138
-38
-230
-359
-533
-630
-702
-713
-704
-668
-603
-535
-451
-356
-267
-190
-133
-88
-21
53
167
352
583
844
1154
1415
1571
1699
1771
1758
1672
1564
1451
1272
1070
887
653
415
162
-158
-409
-600
-760
-863
-954
-995
-1037
-1079
-1078
-1123
-1161
-1243
-1386
-1480
-1620
-1751
-1872
-1971
-2028
-2090
-2158
-2248
-2286
-2258
-2134
-1933
-1650
-1253
-758
-258
184
603
980
1258
1447
1587
1685
1743
1738
1753
1746
1762
1813
1826
1782
1668
1523
1325
1114
924
759
684
606
515
413
316
217
28
-157
-324
-481
-589
-619
-600
-550
-433
-337
-277
-250
-170
-115
-57
77
193
320
468
641
830
1027
1174
1302
1343
1419
1508
1504
1473
1436
1398
1363
1312
1223
1064
856
582
262
-40
-334
-597
-815
-936
-1009
-1086
-1109
-1189
-1261
-1343
-1452
-1565
-1663
-1713
-1760
-1843
-1979
-2136
-2274
-2329
-2303
-2210
-2044
-1771
-1438
-1124
-762
-404
-91
210
498
660
755
815
831
883
968
1062
1120
1125
1116
1084
1007
905
782
666
600
601
588
551
499
408
311
153
-51
-241
-408
-516
-592
-678
-745
-815
-889
-909
-956
-927
-836
-756
-595
-389
-162
38
274
479
700
874
944
984
963
1015
1045
1118
1202
1251
1356
1415
1429
1383
1252
1119
947
745
551
349
210
129
35
-64
-208
-364
-545
-761
-949
-1115
-1236
-1309
-1321
-1388
-1500
-1590
-1664
-1710
-1709
-1662
-1645
-1612
-1532
-1389
-1161
-974
-794
-574
-367
-153
14
196
335
465
640
849
1058
1222
1402
1505
1579
1571
1520
1409
1310
1199
1068
977
872
800
700
686
608
483
366
244
109
9
-117
-248
-371
-471
-529
-546
-547
-519
-497
-478
-440
-426
-362
-288
-166
-24
161
314
425
545
604
646
677
703
750
819
932
1060
1144
1203
1196
1127
996
883
757
640
583
497
448
388
308
176
-15
-202
-411
-638
-914
-1115
-1286
-1433
-1519
-1624
-1667
-1684
-1675
-1681
-1708
-1718
-1726
-1689
-1621
-1495
-1379
-1217
-994
-858
-739
-589
-469
-389
-256
-88
85
252
426
642
738
796
820
739
678
634
591
602
608
606
638
679
666
600
491
346
185
32
-108
-169
-210
-236
-247
-247
-270
-300
-342
-400
-430
-503
-519
-501
-423
-282
-134
-14
75
185
273
410
504
625
786
936
1097
1289
1448
1491
1474
1426
1297
1089
925
781
657
577
524
530
508
489
384
232
-10
-268
-472
-674
-760
-857
-888
-920
-986
-1088
-1215
-1346
-1492
-1533
-1584
-1560
-1471
-1325
-1159
-1030
-859
-713
-569
-419
-286
-110
70
232
431
608
773
877
965
1022
1052
1071
1078
1064
1060
1074
1101
1128
1144
1141
1071
900
663
409
159
-53
-185
-249
-236
-193
-180
-154
-201
-260
-340
-444
-522
-626
-614
-587
-533
-498
-446
-395
-411
-355
-266
-170
-18
165
373
597
769
936
1051
1097
1111
1088
1061
999
943
842
740
700
667
677
642
545
405
222
5
-254
-433
-631
-774
-854
-917
-946
-1009
-1130
-1281
-1480
-1651
-1764
-1856
-1907
-1912
-1848
-1751
-1659
-1586
-1504
-1424
-1295
-1147
-945
-682
-476
-291
-99
57
177
285
396
481
557
632
712
808
957
1138
1299
1413
1472
1454
1345
1170
977
734
542
404
305
255
262
257
240
217
180
87
-45
-143
-240
-264
-266
-295
-328
-357
-375
-377
-358
-335
-312
-251
-158
-69
-7
85
227
346
499
631
708
764
786
783
792
778
786
835
872
895
875
733
572
385
197
89
-23
-80
-63
-67
-65
-134
-284
-481
-660
-827
-959
-1028
-1072
-1087
-1080
-1075
-1016
-940
-878
-757
-621
-524
-441
-333
-215
-99
48
201
326
426
491
503
449
368
329
351
412
510
660
822
911
952
907
794
635
469
317
190
124
91
86
88
43
-30
-156
-280
-371
-451
-462
-468
-439
-373
-283
-218
-158
-167
-186
-171
-208
-224
-198
-69
69
247
402
507
578
605
588
588
596
572
592
605
630
679
649
589
444
268
73
-151
-377
-523
-586
-613
-611
-595
-572
-623
-723
-844
-1015
-1199
-1362
-1427
-1488
-1504
-1449
-1385
-1317
-1280
-1206
-1176
-1094
-958
-818
-617
-353
-87
138
324
441
472
494
567
627
679
729
773
836
918
1007
1071
1145
1159
1084
1032
953
875
771
684
649
591
533
476
386
219
6
-188
-398
-592
-697
-780
-779
-772
-758
-734
-746
-744
-738
-689
-608
-487
-374
-233
-79
18
105
196
315
414
510
620
676
772
856
970
1049
1106
1181
1173
1131
1008
859
750
691
644
603
574
575
572
552
458
294
114
-78
-285
-476
-620
-705
-827
-904
-941
-984
-1056
-1108
-1153
-1151
-1104
-1024
-904
-812
-690
-563
-464
-404
-367
-330
-261
-191
-83
1
114
265
401
505
595
693
726
735
721
755
756
733
731
729
684
662
566
450
308
96
-84
-271
-384
-482
-478
-453
-395
-334
-312
-271
-269
-293
-307
-324
-343
-357
-347
-275
-223
-180
-141
-116
-79
-16
46
123
215
333
421
455
502
512
483
458
453
454
441
457
451
425
370
274
175
52
-97
-239
-368
-468
-587
-673
-698
-711
-728
-790
-828
-873
-917
-947
-940
-950
-962
-912
-855
-776
-678
-605
-518
-445
-368
-275
-210
-85
29
150
253
342
469
551
621
651
657
657
634
603
581
577
602
595
567
531
467
362
203
29
-68
-177
-273
-316
-283
-230
-213
-196
-244
-283
-300
-300
-282
-249
-209
-183
-100
-22
5
6
8
50
127
244
370
481
582
660
744
820
859
862
910
939
993
1040
1043
1041
1067
1093
1091
1022
944
834
677
497
325
171
30
-56
-101
-143
-201
-271
-320
-395
-536
-657
-774
-877
-945
-952
-946
-942
-962
-993
-998
-978
-978
-983
-932
-803
-676
-540
-397
-259
-129
-37
11
27
39
61
112
170
253
341
361
372
377
370
360
330
261
230
210
191
121
46
9
-81
-119
-178
-246
-287
-332
-401
-455
-532
-534
-514
-511
-472
-451
-439
-410
-343
-262
-125
-12
118
237
354
421
422
426
393
352
362
394
426
488
569
588
601
603
576
521
393
284
231
180
114
57
10
-10
-50
-102
-172
-244
-310
-408
-512
-596
-648
-710
-736
-735
-749
-768
-778
-782
-772
-732
-657
-573
-416
-240
-91
44
127
206
233
260
256
277
341
397
440
511
562
562
584
578
538
505
469
382
336
314
310
363
420
456
426
350
240
48
-108
-273
-391
-467
-526
-496
-470
-457
-460
-463
-458
-419
-313
-157
19
184
334
468
588
624
626
644
657
660
665
674
691
729
791
875
933
972
1011
1018
938
865
747
605
491
394
324
267
180
72
-73
-267
-446
-633
-745
-812
-850
-892
-912
-937
-964
-1026
-1109
-1193
-1232
-1236
-1190
-1064
-936
-810
-693
-567
-467
-414
-377
-308
-259
-220
-163
-93
1
123
212
270
276
241
238
227
226
257
349
429
465
524
497
405
298
153
-3
-162
-250
-303
-354
-402
-408
-459
-506
-503
-492
-452
-382
-331
-240
-147
-40
92
183
280
386
450
466
483
445
385
331
303
332
406
515
598
639
677
651
603
528
434
413
439
442
433
358
284
156
-28
-175
-313
-396
-448
-461
-466
-475
-492
-535
-597
-623
-629
-650
-681
-711
-677
-650
-648
-586
-493
-402
-282
-190
-91
-24
-4
-21
-46
11
105
220
357
476
580
679
719
712
699
710
709
712
714
704
701
643
570
422
278
117
-53
-177
-291
-399
-443
-435
-413
-366
-358
-320
-303
-328
-308
-293
-252
-238
-183
-84
-33
1
-27
-42
-25
19
70
143
224
343
472
600
716
837
937
991
1015
1008
976
912
867
806
734
637
554
450
356
238
82
-63
-203
-303
-391
-439
-497
-528
-586
-679
-779
-914
-1042
-1127
-1194
-1204
-1184
-1176
-1118
-1065
-1036
-1018
-980
-912
-817
-709
-592
-497
-378
-277
-179
-67
44
183
318
415
493
535
562
587
618
616
587
536
467
357
277
173
65
12
-32
-71
-143
-184
-251
-288
-302
-313
-294
-262
-245
-200
-136
-87
-99
-148
-156
-175
-204
-189
-162
-119
-64
-17
52
108
196
321
472
604
738
833
898
958
957
941
949
936
940
901
798
697
517
360
222
130
30
-39
-95
-192
-287
-369
-454
-530
-583
-627
-682
-730
-726
-739
-774
-839
-904
-926
-891
-845
-708
-558
-439
-315
-208
-101
-9
93
213
364
494
623
728
796
842
854
847
861
842
828
793
731
687
600
483
382
277
174
135
71
40
-15
-82
-156
-252
-309
-392
-439
-467
-501
-559
-615
-660
-709
-748
-736
-708
-653
-571
-443
-331
-234
-132
-8
113
237
433
527
638
746
804
879
895
894
815
725
667
589
517
504
478
435
389
345
271
161
48
-52
-169
-279
-340
-376
-396
-467
-498
-592
-707
-827
-944
-1050
-1129
-1171
-1164
-1072
-960
-829
-707
-546
-402
-306
-237
-174
-110
-81
-20
32
108
172
208
248
238
251
273
284
347
409
488
514
517
492
417
324
179
37
-71
-197
-276
-310
-333
-322
-270
-248
-262
-301
-345
-418
-459
-475
-487
-463
-392
-267
-140
-48
19
82
164
272
323
399
471
534
620
733
820
876
903
889
860
789
724
658
579
519
443
368
275
170
120
32
-26
-72
-143
-208
-256
-272
-265
-271
-291
-299
-357
-418
-521
-607
-680
-738
-718
-640
-487
-281
-100
44
174
265
319
352
370
339
344
376
421
492
518
526
498
472
430
386
388
366
348
363
345
351
312
222
136
29
-49
-178
-297
-417
-500
-566
-598
-672
-741
-768
-769
-763
-803
-821
-821
-773
-693
-561
-377
-236
-36
90
193
270
331
342
422
533
638
761
842
942
972
943
858
768
639
578
513
449
419
365
321
250
139
22
-83
-149
-202
-294
-387
-496
-596
-668
-691
-738
-797
-816
-898
-970
-1029
-1046
-1008
-934
-811
-704
-597
-514
-438
-393
-344
-298
-242
-152
-50
27
86
154
191
282
356
405
461
458
469
473
464
466
449
442
442
447
418
348
253
158
40
-87
-172
-227
-259
-311
-320
-366
-382
-405
-448
-454
-459
-411
-361
-274
-202
-154
-101
-12
41
102
204
263
357
436
529
593
641
700
755
792
834
821
812
815
764
715
647
583
533
481
487
481
420
375
313
194
35
-86
-157
-205
-254
-297
-325
-406
-480
-536
-613
-614
-637
-624
-568
-529
-509
-441
-388
-331
-264
-212
-152
-99
-28
38
104
132
180
223
272
331
349
365
404
419
404
406
431
399
401
377
338
287
223
158
53
-62
-164
-272
-353
-396
-463
-482
-476
-510
-515
-513
-557
-584
-561
-570
-561
-574
-545
-461
-374
-278
-244
-183
-146
-95
-21
62
141
219
272
359
416
464
489
512
547
563
571
565
550
537
519
464
362
273
187
80
10
-71
-144
-194
-238
-331
-392
-419
-473
-504
-499
-507
-563
-608
-646
-727
-778
-785
-774
-734
-657
-585
-515
-397
-306
-241
-187
-94
-19
32
117
147
197
251
318
389
438
516
533
524
520
537
534
479
448
399
366
296
227
174
89
53
7
4
4
-3
13
25
42
29
1
-16
-33
-59
-42
-23
9
103
167
234
248
238
205
119
78
43
81
130
167
268
352
397
414
435
443
407
365
358
355
310
279
222
156
54
-54
-160
-209
-241
-274
-291
-289
-289
-253
-225
-251
-262
-294
-288
-252
-225
-157
-125
-35
90
106
134
119
88
87
58
62
48
72
162
209
268
303
352
376
348
306
247
175
105
72
57
15
-69
-157
-203
-286
-380
-469
-490
-518
-528
-553
-576
-600
-591
-543
-530
-491
-495
-467
-444
-390
-392
-379
-321
-275
-206
-120
-39
31
42
81
165
223
288
363
448
534
564
606
621
618
589
558
515
447
378
295
238
134
72
39
-7
-93
-153
-220
-275
-342
-425
-484
-532
-561
-585
-601
-643
-705
-724
-757
-770
-746
-737
-694
-614
-532
-452
-380
-308
-254
-200
-144
-88
-31
98
253
373
485
574
648
685
678
659
631
598
616
652
678
637
615
591
553
519
481
432
343
296
234
193
162
129
70
37
5
-18
-53
-100
-132
-187
-231
-249
-240
-226
-161
-112
-90
-36
21
46
77
133
221
295
358
400
423
371
330
281
260
241
215
217
241
292
277
299
294
291
277
273
270
222
182
122
67
-3
-64
-136
-213
-276
-351
-400
-431
-450
-464
-467
-439
-415
-395
-362
-366
-357
-353
-330
-321
-298
-256
-224
-117
-74
-27
-11
4
19
1
25
17
-6
-13
-34
-16
0
9
40
52
51
27
6
-17
-34
-40
-88
-126
-148
-147
-158
-157
-138
-158
-205
-240
-266
-288
-296
-287
-246
-215
-184
-155
-149
-96
-43
-23
10
70
100
143
222
229
237
235
235
165
99
85
34
26
47
85
86
54
40
15
-53
-100
-132
-175
-219
-265
-323
-358
-387
-442
-453
-450
-426
-373
-363
-317
-264
-223
-209
-194
-149
-90
-40
-8
29
71
124
173
218
296
377
434
523
572
585
583
540
516
512
548
620
632
626
604
570
519
459
369
270
157
74
13
-56
-127
-163
-178
-191
-166
-156
-170
-156
-172
-169
-163
-167
-135
-145
-113
-71
-64
-20
15
55
87
126
195
242
308
397
454
461
499
499
489
478
453
405
403
374
287
237
176
150
83
29
-39
-127
-201
-233
-287
-337
-413
-468
-455
-431
-410
-390
-387
-379
-394
-431
-482
-530
-510
-489
-446
-428
-402
-376
-377
-347
-286
-222
-161
-74
15
113
154
157
167
161
198
235
260
280
273
256
244
207
189
162
128
71
-9
-98
-137
-171
-163
-122
-134
-98
-72
-59
-109
-156
-199
-245
-280
-275
-273
-262
-206
-182
-131
-88
-98
-98
-85
-45
-13
12
57
93
101
106
134
112
67
52
37
18
-1
8
5
5
-43
-60
-58
-86
-109
-140
-171
-212
-195
-189
-200
-189
-170
-181
-182
-165
-146
-119
-117
-96
-55
-53
-29
-10
-10
5
24
27
86
135
211
291
367
427
432
467
455
428
394
395
374
341
327
329
322
305
321
284
240
208
190
182
150
148
126
110
101
76
47
56
25
-20
-34
-64
-54
-66
-85
-59
-78
-63
-20
-27
-18
28
73
119
180
244
282
288
280
271
258
266
259
224
232
207
166
171
159
154
128
100
84
58
56
30
-28
-101
-161
-227
-273
-310
-353
-395
-409
-426
-447
-459
-430
-432
-430
-393
-340
-334
-325
-328
-348
-346
-375
-379
-331
-276
-253
-223
-144
-99
-90
-52
-32
-28
-29
-18
-50
-85
-76
-69
-33
-2
33
51
7
-2
-17
-34
-16
-57
-86
-99
-92
-112
-128
-111
-91
-91
-67
-35
-45
-46
-50
-56
-58
-62
-29
1
27
69
100
111
141
182
225
228
264
314
315
306
290
244
201
183
160
144
122
135
112
99
92
50
-21
-80
-128
-141
-149
-167
-139
-133
-144
-137
-105
-116
-116
-122
-107
-73
-49
-22
-24
-11
-9
-9
2
54
86
99
139
197
265
250
298
349
348
372
372
356
305
296
261
229
250
243
262
257
271
255
217
224
196
169
133
93
56
15
-32
-69
-111
-136
-133
-141
-131
-142
-124
-125
-94
-90
-98
-81
-90
-108
-152
-148
-150
-176
-165
-121
-93
-33
8
45
69
58
68
72
73
84
94
96
117
89
46
22
-1
-52
-77
-73
-47
-33
-28
-24
-38
-31
-36
-71
-133
-188
-251
-266
-258
-267
-271
-274
-281
-280
-294
-316
-355
-380
-367
-341
-284
-224
-167
-115
-92
-49
-38
-58
-71
-108
-113
-146
-149
-139
-156
-110
-63
-69
-61
-15
16
62
102
151
151
136
114
71
26
-8
-43
-52
-34
-51
-53
1
11
-4
27
25
32
49
51
54
47
63
89
120
156
156
183
212
231
245
241
251
243
229
236
224
221
240
236
233
202
187
164
124
82
28
-21
-42
-43
-15
26
48
106
120
89
96
78
54
22
-1
-35
-73
-128
-187
-192
-236
-234
-248
-234
-225
-209
-166
-101
-43
24
64
107
136
155
207
183
188
179
209
222
203
225
202
191
184
173
151
147
86
84
134
156
208
228
238
240
242
252
240
217
197
182
161
130
105
50
9
-34
-75
-107
-124
-148
-172
-179
-192
-195
-222
-199
-204
-217
-170
-199
-173
-155
-170
-120
-125
-146
-166
-179
-200
-230
-249
-257
-254
-256
-222
-234
-192
-192
-190
-157
-138
-137
-125
-153
-173
-172
-184
-186
-198
-209
-214
-198
-175
-160
-171
-167
-158
-133
-109
-81
-46
-37
-4
18
26
44
11
0
2
-53
-72
-70
-74
-84
-108
-87
-116
-107
-106
-83
-53
-26
-3
-43
-9
3
12
17
24
57
56
34
19
38
55
67
81
105
126
139
163
167
184
179
199
178
244
287
309
399
402
430
434
385
385
359
354
330
353
377
393
400
403
384
332
306
279
203
118
77
0
-84
-146
-178
-220
-242
-265
-254
-270
-294
-304
-289
-278
-266
-222
-200
-185
-177
-167
-179
-178
-160
-136
-117
-64
-20
6
29
57
106
118
165
175
189
207
201
219
225
246
261
271
304
285
256
252
267
270
264
296
299
283
272
253
206
112
28
-47
-82
-116
-147
-182
-217
-228
-225
-260
-259
-260
-257
-277
-279
-292
-295
-292
-331
-363
-410
-409
-431
-419
-402
-410
-424
-404
-357
-249
-176
-109
-69
-36
19
37
58
35
49
99
150
162
136
124
112
76
61
17
-11
-50
-76
-61
-68
-82
-125
-183
-195
-218
-205
-210
-221
-185
-182
-167
-177
-196
-177
-217
-270
-282
-270
-250
-221
-174
-130
-85
-44
16
57
75
83
110
135
166
183
229
270
275
276
294
278
236
247
247
231
253
263
251
248
261
294
320
305
291
278
228
217
204
164
154
159
119
132
135
118
89
58
61
54
64
101
119
125
139
135
94
99
102
90
121
112
94
57
71
58
-5
11
21
27
28
53
51
8
-12
10
-19
-60
-89
-105
-121
-107
-94
-103
-95
-112
-114
-134
-182
-213
-280
-309
-300
-313
-290
-228
-176
-120
-65
-6
40
82
129
170
198
207
190
167
169
150
152
131
114
131
126
145
173
166
160
163
142
83
21
-26
-95
-132
-156
-172
-172
-143
-121
-128
-97
-89
-115
-140
-168
-199
-235
-243
-266
-273
-258
-280
-281
-299
-285
-261
-255
-246
-223
-163
-94
-6
17
59
115
140
130
112
94
83
85
113
143
142
117
136
116
56
39
13
-38
-63
-69
-102
-137
-152
-141
-158
-196
-207
-240
-242
-208
-178
-132
-119
-105
-69
-61
-83
-122
-163
-168
-172
-192
-174
-174
-160
-170
-150
-121
-93
-53
-28
33
116
192
228
246
265
294
299
315
317
307
301
288
298
274
242
242
261
262
244
251
260
232
194
167
127
82
76
84
73
144
193
230
255
243
228
219
185
155
135
117
106
75
58
54
8
-14
-4
31
76
82
58
59
47
2
20
4
-2
-52
-84
-89
-124
-143
-151
-162
-176
-173
-170
-189
-184
-154
-150
-129
-120
-135
-132
-137
-121
-113
-123
-106
-43
-12
23
55
56
62
92
104
93
82
48
40
42
55
29
41
31
38
22
28
20
-3
36
25
12
9
-2
-36
-48
-69
-78
-54
-66
-78
-84
-93
-116
-126
-142
-149
-167
-176
-226
-241
-256
-311
-326
-331
-347
-324
-294
-238
-216
-213
-179
-156
-113
-82
-53
-29
13
40
38
43
-1
-14
-2
-19
-33
-48
-43
-34
-11
10
65
92
120
164
169
198
212
199
212
214
196
173
160
116
72
46
5
-51
-98
-96
-122
-136
-162
-171
-141
-140
-143
-150
-159
-128
-138
-129
-126
-99
-40
4
58
94
113
134
160
185
220
227
232
218
228
229
241
267
303
306
319
328
362
401
422
430
404
396
389
386
366
372
332
277
236
195
125
39
-31
-71
-103
-128
-118
-108
-125
-123
-138
-154
-181
-167
-159
-170
-149
-155
-141
-168
-165
-191
-189
-173
-198
-181
-197
-192
-175
-153
-85
-52
-24
16
57
81
43
60
42
11
7
17
46
84
109
129
133
113
115
89
51
-7
-72
-128
-194
-225
-243
-280
-278
-266
-252
-254
-227
-222
-199
-165
-188
-184
-215
-217
-196
-204
-198
-181
-170
-171
-169
-171
-129
-76
-44
4
27
34
39
70
101
120
136
112
109
87
109
113
112
125
98
133
122
84
36
-27
-75
-116
-114
-72
-47
-18
-8
-27
-7
-16
-40
-61
-99
-100
-88
-96
-120
-120
-112
-110
-113
-116
-106
-94
-88
-117
-89
-49
-37
-6
36
80
96
136
172
192
191
205
220
220
232
229
214
215
190
169
165
134
104
60
36
51
72
71
113
154
175
185
175
214
245
240
247
263
272
244
222
202
138
114
124
119
119
99
83
61
62
61
41
16
-1
-14
15
92
114
96
118
121
131
133
131
169
197
198
174
128
89
28
-39
-106
-180
-215
-260
-280
-284
-303
-334
-378
-363
-324
-305
-299
-241
-199
-183
-152
-96
-51
-60
-26
-16
-24
-39
-37
-39
-53
-105
-182
-213
-256
-298
-330
-314
-277
-264
-238
-215
-187
-160
-78
-22
41
127
163
139
115
81
12
-77
-171
-233
-272
-259
-285
-298
-319
-355
-364
-339
-312
-287
-214
-110
-6
66
124
141
178
194
155
212
245
228
261
272
257
201
140
96
42
0
-18
-20
-46
-15
-9
-12
19
61
157
216
282
309
313
276
242
174
118
68
-19
-53
-13
37
21
40
15
-35
-41
-15
3
51
109
127
155
188
187
170
149
93
99
138
198
252
250
229
180
96
37
7
-17
-63
-117
-72
-39
-41
-52
-65
-54
6
75
89
137
190
180
162
112
27
-42
-99
-110
-151
-149
-99
-63
-70
-110
-92
-50
-11
29
81
114
141
155
171
147
134
125
68
80
87
81
97
86
29
-31
-75
-129
-173
-169
-171
-174
-149
-121
-122
-145
-150
-131
-47
15
96
188
227
238
173
86
-5
-98
-161
-166
-152
-125
-109
-128
-147
-149
-142
-101
-79
-118
-159
-123
-100
-118
-72
-49
-52
-91
-96
-125
-143
-151
-122
-130
-165
-205
-207
-243
-279
-272
-274
-253
-230
-196
-153
-148
-148
-82
18
92
184
278
249
247
226
115
43
1
12
18
-4
-4
5
-48
-106
-115
-87
-68
-70
-32
-15
0
12
-3
-15
-21
-31
-7
7
22
38
78
95
77
23
-7
-30
-81
-64
-45
-36
-11
15
29
21
-8
14
63
159
209
273
335
348
337
293
247
186
130
103
121
104
88
103
103
88
79
42
48
68
49
61
110
154
162
187
201
183
130
122
146
142
135
128
103
32
-32
-85
-144
-180
-189
-138
-93
-60
-20
-17
-24
9
68
92
120
196
213
196
176
124
82
24
-71
-98
-98
-119
-117
-88
-77
-81
-90
-75
-57
-70
-32
4
13
66
115
144
132
85
87
109
91
118
140
83
24
-32
-99
-162
-238
-300
-330
-318
-294
-266
-220
-194
-151
-90
-16
43
59
84
62
11
-46
-142
-213
-265
-314
-348
-370
-370
-338
-303
-299
-266
-237
-203
-173
-182
-174
-119
-51
-40
14
58
37
9
-32
-45
-31
18
52
90
77
43
-7
-80
-106
-176
-185
-166
-122
-38
56
128
176
223
259
273
268
232
210
182
138
60
-9
-17
-27
-12
-23
-39
-18
-18
-45
-54
-71
-44
-48
-38
-18
9
98
153
152
133
135
155
158
190
257
297
313
273
269
249
173
91
51
34
33
83
145
212
224
199
225
241
236
236
267
256
203
104
36
-27
-58
-42
-26
-19
-7
29
-6
-52
-94
-78
-80
-53
-19
20
4
4
-6
-59
-98
-138
-135
-98
-26
11
66
109
137
120
51
21
-26
-87
-129
-146
-141
-108
-45
-9
-32
-50
-52
-39
-27
-13
24
33
-8
-70
-110
-173
-212
-226
-230
-215
-187
-141
-146
-192
-241
-232
-202
-180
-134
-52
-19
20
21
-17
-59
-112
-123
-92
-95
-39
41
64
77
39
4
-37
-59
-79
-72
-67
-69
-33
-1
5
13
4
8
-9
22
39
3
7
-42
-108
-156
-209
-220
-213
-228
-203
-143
-130
-148
-155
-149
-142
-117
-66
18
70
89
114
114
112
80
79
117
114
145
163
169
173
167
151
127
105
108
91
72
109
134
222
283
281
225
247
265
228
197
144
106
47
-19
-54
-80
-131
-134
-96
-71
-33
9
21
16
-2
-16
-8
40
112
184
234
221
171
154
157
102
67
53
58
96
124
135
106
97
54
8
-20
-69
-76
-27
50
123
241
301
288
254
205
171
111
47
-11
-74
-139
-191
-232
-253
-258
-246
-243
-218
-168
-187
-232
-239
-223
-236
-201
-135
-41
54
89
83
25
-33
-76
-82
-81
-96
-98
-59
-41
-38
-33
-58
-84
-140
-157
-174
-169
-86
13
138
251
284
281
262
200
132
63
-17
-60
-115
-149
-197
-222
-244
-242
-230
-259
-270
-284
-271
-271
-220
-185
-165
-81
12
114
186
144
98
74
80
33
-11
9
-26
-46
-35
10
19
-6
-51
-73
-104
-130
-117
-41
27
88
185
231
265
239
221
201
137
123
72
41
-2
-67
-137
-170
-158
-147
-178
-236
-207
-175
-160
-128
-112
-118
-90
-28
63
125
149
161
199
235
241
234
195
162
130
126
130
104
137
151
123
59
-50
-127
-120
-93
-24
72
169
227
281
335
344
334
294
282
219
160
105
34
5
-41
-99
-93
-102
-99
-73
-66
-105
-170
-192
-204
-193
-147
-58
39
103
133
164
184
173
165
175
154
149
144
153
192
170
122
35
-70
-161
-198
-187
-158
-72
12
59
110
146
158
122
95
82
25
-12
-65
-92
-80
-118
-153
-184
-222
-256
-259
-263
-307
-341
-338
-338
-348
-312
-266
-189
-100
-60
-14
54
103
117
107
48
-12
2
41
56
41
20
-19
-95
-186
-263
-289
-250
-191
-92
13
86
146
154
157
129
106
130
109
86
27
-11
-55
-135
-163
-184
-171
-151
-132
-162
-200
-221
-221
-193
-182
-122
-47
26
72
75
100
150
162
173
152
131
102
116
148
137
119
102
69
20
-40
-99
-117
-90
-20
89
164
201
252
245
203
165
149
150
174
145
132
122
50
-22
-51
-96
-116
-95
-98
-107
-109
-93
-106
-124
-141
-114
-84
-29
53
113
181
226
238
240
195
149
148
181
192
176
170
133
80
14
-54
-89
-87
-53
45
137
173
193
206
184
143
134
132
145
124
114
94
79
42
-39
-45
-60
-81
-75
-123
-145
-135
-142
-140
-129
-127
-140
-126
-70
-53
-8
42
66
57
2
-42
-70
-36
-2
14
23
21
-13
-50
-103
-161
-184
-166
-107
-33
25
41
29
-9
-66
-104
-97
-85
-54
-18
8
6
-22
-44
-52
-92
-117
-119
-112
-121
-137
-146
-139
-136
-139
-125
-154
-161
-170
-164
-104
-96
-64
-50
-50
-42
-32
-14
13
10
-27
-16
-26
-48
-65
-90
-72
-9
33
70
91
93
67
3
-50
-69
-56
-45
-9
-1
21
29
-4
0
4
20
11
49
82
59
24
1
-5
-22
-23
-37
-47
-30
-17
26
86
120
145
126
126
109
105
128
134
141
135
133
103
70
37
19
52
75
139
205
211
204
165
118
76
44
-4
-11
-12
-18
-28
4
28
15
9
14
47
102
120
122
107
89
87
70
61
18
-5
6
26
22
28
43
60
75
64
51
79
117
127
105
81
33
-36
-71
-77
-51
22
94
119
136
101
50
-5
-73
-99
-113
-97
-110
-118
-110
-104
-80
-83
-89
-81
-62
-30
-8
-4
-16
-22
-38
-63
-68
-82
-115
-117
-123
-89
-85
-99
-90
-96
-115
-136
-141
-115
-78
-88
-99
-114
-141
-154
-164
-134
-69
-13
53
91
109
84
12
-33
-77
-101
-98
-91
-106
-147
-169
-164
-131
-109
-68
-59
-48
-25
-18
-10
-16
-9
14
42
28
18
22
13
-5
-27
-56
-69
-53
-58
-63
-66
-50
-29
-39
-35
-51
-66
-64
-51
-20
47
126
191
247
271
262
242
190
104
88
64
43
20
-3
-21
-42
-23
-5
2
19
65
101
137
173
179
168
174
181
192
180
156
138
96
75
70
28
4
-7
-36
-53
-59
-44
-15
-4
-4
-15
-31
-34
-17
16
78
150
190
209
204
175
127
64
-18
-46
-58
-73
-90
-108
-111
-84
-71
-64
-35
-35
12
52
69
71
76
82
76
51
19
-12
-35
-37
-39
-23
-10
-25
-21
-34
-45
-74
-81
-51
-50
-37
-32
-36
-49
-89
-69
-38
6
78
104
139
128
85
20
-44
-91
-105
-103
-90
-105
-120
-89
-81
-96
-95
-81
-61
-44
-27
-13
-5
12
9
22
-1
-21
-59
-54
-41
-58
-43
-40
-61
-99
-123
-152
-150
-141
-110
-77
-44
-41
-57
-80
-93
-83
-32
27
72
89
107
102
64
15
-54
-97
-117
-128
-135
-149
-131
-83
-51
-31
-5
16
20
3
10
-8
6
37
63
69
57
57
48
51
45
37
13
-10
-22
-26
-10
-22
-35
-34
-29
-29
-29
-32
-53
-44
-10
26
90
166
221
283
295
253
200
151
126
94
48
6
-9
-1
14
38
57
63
90
100
81
66
75
101
112
142
171
184
185
169
136
123
103
82
80
62
23
-18
-70
-106
-133
-137
-141
-136
-128
-134
-128
-116
-78
-21
69
113
148
170
143
144
127
102
59
7
-38
-81
-131
-113
-76
-70
-60
-72
-90
-75
-81
-88
-77
-67
-23
-4
14
40
37
37
31
18
5
-30
-55
-64
-115
-132
-151
-158
-157
-156
-137
-135
-121
-125
-116
-96
-48
8
82
135
183
197
184
146
114
76
34
-14
-57
-81
-93
-104
-101
-93
-100
-104
-121
-139
-154
-170
-173
-148
-129
-100
-59
-55
-43
-48
-42
-40
-54
-68
-87
-107
-116
-111
-104
-99
-107
-122
-87
-48
-46
-43
-50
-43
-10
60
119
176
222
240
246
221
175
143
111
56
9
-11
19
66
100
124
128
112
91
56
30
-12
-47
-20
11
43
74
71
51
19
-2
23
50
56
49
42
46
54
59
58
42
12
0
-6
-3
1
30
77
129
185
192
213
213
191
181
168
157
137
87
41
1
3
22
71
91
79
81
55
0
-40
-57
-82
-68
-40
5
17
3
-8
-23
-40
-53
-68
-86
-105
-117
-125
-124
-136
-145
-148
-148
-154
-167
-149
-112
-76
-44
13
61
80
79
93
105
80
64
46
0
-61
-108
-138
-121
-99
-56
-2
8
23
26
2
-25
-71
-95
-91
-71
-55
-51
-9
15
20
-20
-61
-93
-126
-121
-121
-115
-88
-78
-80
-102
-125
-153
-158
-125
-89
-49
-31
2
33
55
78
130
162
158
147
115
62
6
-58
-93
-105
-105
-93
-83
-54
-32
-1
26
34
-4
-33
-61
-85
-53
-15
25
39
11
-20
-49
-58
-47
-44
-14
-1
12
33
36
39
18
3
11
-7
-20
-3
18
35
51
110
166
210
250
264
267
254
244
227
161
66
-34
-99
-137
-132
-71
-6
38
74
81
58
39
18
52
109
158
151
130
116
99
61
29
26
21
24
11
4
-18
-53
-68
-31
-4
-7
-23
-39
-35
-41
-7
33
65
84
103
142
168
176
173
155
93
-5
-100
-181
-219
-208
-174
-145
-119
-91
-60
-31
-6
18
51
101
135
134
112
105
102
59
2
-44
-82
-135
-156
-146
-148
-145
-133
-91
-85
-110
-138
-147
-127
-89
-64
-36
-13
-7
-6
12
17
36
78
95
86
46
-19
-83
-166
-214
-218
-196
-178
-143
-85
-51
-27
-6
39
58
45
33
53
91
119
99
52
-11
-96
-182
-217
-225
-195
-143
-88
-38
-27
-35
-20
0
28
67
80
79
67
30
8
17
2
3
35
37
51
38
15
-1
-37
-42
-49
-67
-82
-78
-47
14
49
77
103
113
99
89
112
113
90
60
18
-13
-51
-96
-123
-126
-94
-36
35
89
109
105
104
130
118
128
148
147
141
113
96
48
27
29
34
47
47
62
77
83
94
122
134
83
29
9
35
60
75
93
122
100
48
14
-9
-37
-63
-53
-31
-37
-38
-54
-66
-76
-77
-32
21
59
89
110
95
80
49
26
9
-37
-56
-60
-68
-67
-63
-33
-3
-2
-28
-47
-48
-28
19
89
99
83
62
34
-2
-42
-45
-41
-29
-34
-51
-79
-114
-148
-152
-143
-153
-147
-113
-60
-44
-39
-38
-41
-13
-3
-1
17
22
36
25
-16
-75
-141
-216
-241
-226
-195
-136
-59
-32
-51
-81
-105
-104
-51
43
123
159
167
160
110
48
-13
-41
-23
-19
8
4
-21
-59
-88
-88
-106
-108
-78
-33
5
44
70
80
74
40
24
39
49
56
80
97
68
30
-5
-54
-96
-118
-79
-20
16
42
46
49
41
31
60
127
154
138
103
79
65
46
17
12
-1
-20
-22
-29
-43
-64
-49
-19
-11
1
19
34
33
51
93
134
165
153
116
70
13
-31
-39
-11
0
-11
-10
-7
12
14
28
31
35
37
53
82
57
66
74
83
82
71
50
34
3
7
45
59
44
27
12
3
8
4
12
16
29
38
44
37
-14
-26
-10
7
22
11
-13
-64
-100
-104
-100
-106
-96
-89
-71
-69
-51
-31
-12
-24
-69
-91
-117
-101
-101
-88
-77
-72
-78
-88
-83
-74
-33
28
82
110
132
95
65
43
4
4
8
-14
1
-1
-6
-29
-62
-88
-95
-100
-101
-86
-65
-50
-64
-78
-93
-129
-163
-154
-125
-79
-53
-5
63
61
15
-30
-66
-75
-80
-59
-19
-1
-13
-32
-28
-37
-5
43
92
149
200
243
242
209
163
137
117
87
57
24
-5
-12
3
5
-26
-80
-112
-120
-80
-14
35
71
64
26
-36
-76
-118
-121
-73
-22
19
32
9
-32
-67
-76
-64
-41
3
49
58
59
36
26
43
73
120
166
191
220
232
219
217
195
166
86
33
24
26
38
74
90
74
39
0
-34
-59
-40
-2
41
62
47
13
-49
-96
-115
-104
-75
-59
-56
-64
-62
-77
-114
-129
-94
-41
12
42
77
88
69
64
63
69
70
70
57
42
38
71
93
81
40
-26
-63
-78
-76
-58
-14
15
5
2
-22
-60
-65
-48
-39
-34
-45
-64
-107
-169
-229
-234
-211
-187
-164
-149
-105
-96
-110
-110
-80
-55
-45
-21
5
6
-1
-5
16
27
21
9
-16
-39
-43
-9
38
40
20
12
-29
-36
-33
-15
36
54
74
91
75
51
21
12
5
-19
-24
-14
-18
-62
-87
-99
-123
-129
-127
-101
-105
-83
-36
4
56
69
63
57
52
38
20
43
73
85
98
70
20
-3
0
32
55
76
106
113
108
94
86
84
108
133
135
135
130
136
131
126
91
32
-4
-7
4
-13
-22
-23
-30
-52
-88
-105
-99
-51
-12
45
92
128
131
114
103
68
57
59
55
68
75
41
-11
-41
-47
-31
-6
-22
-20
-7
5
2
-10
-10
14
40
40
49
61
85
90
68
41
0
-29
-22
-21
-53
-52
-34
-6
-19
-58
-107
-131
-127
-121
-107
-76
-49
-33
-8
-10
-2
-2
2
11
16
-2
-38
-82
-116
-140
-121
-97
-106
-133
-140
-125
-107
-85
-88
-57
-29
-3
20
34
56
68
63
47
31
0
-1
-2
-3
-1
26
55
64
39
-7
-63
-98
-78
-67
-42
-4
2
15
21
15
22
32
44
46
45
23
-7
-22
-51
-72
-66
-65
-68
-86
-89
-73
-65
-39
-35
-29
0
-1
10
6
-15
9
39
62
77
85
72
35
23
-7
-7
41
62
60
46
23
-11
-49
-60
-47
-21
14
49
64
95
117
113
105
95
83
72
38
12
-19
-33
-20
-21
-27
-49
-57
-57
-41
-20
26
82
107
117
91
73
66
64
88
118
139
113
57
8
-45
-60
-58
-13
32
48
42
2
-34
-65
-55
-23
1
12
31
47
47
42
34
36
31
46
48
29
-5
-42
-62
-56
-45
-48
-47
-56
-61
-61
-40
14
54
69
73
60
51
50
61
81
84
53
12
-32
-80
-98
-82
-64
-43
-21
5
-8
-54
-70
-79
-66
-65
-60
-47
-35
-36
-52
-39
-35
-35
-17
-4
-18
-37
-49
-44
-52
-44
-26
4
3
-41
-52
-47
-36
-11
32
36
27
25
37
43
50
45
30
34
34
23
-11
-34
-65
-87
-80
-54
-25
-20
-22
-31
-53
-78
-104
-104
-92
-91
-104
-109
-92
-74
-41
-22
-18
-18
-12
-10
-12
-16
-15
15
34
15
-19
-31
-36
-40
4
60
87
74
78
85
64
58
82
121
142
129
84
33
-6
-30
-37
-8
40
74
112
117
75
33
-1
-3
31
53
58
34
9
18
15
23
59
67
47
22
-8
-35
-47
-38
-1
27
32
26
-7
-11
3
30
64
86
92
81
52
8
1
36
93
102
74
31
-17
-60
-80
-57
-24
26
82
111
94
60
21
-7
-2
0
-6
-6
-34
-39
-17
13
47
58
33
2
-27
-37
-39
-46
-47
-42
-20
-13
-39
-70
-83
-65
-63
-64
-61
-67
-65
-60
-22
2
14
10
-16
-49
-96
-131
-125
-117
-85
-37
-17
-20
-13
-16
-35
-16
-4
-9
-27
-52
-55
-35
-15
29
66
74
58
26
-13
-5
15
33
37
36
23
10
-5
-40
-69
-67
-63
-66
-64
-61
-51
-59
-52
-51
-39
-24
-30
-36
-41
-24
-20
-2
20
10
9
-8
-8
-7
-4
11
26
36
14
-37
-64
-40
-11
25
48
70
82
73
58
53
70
92
99
88
61
37
19
1
5
-5
-18
2
8
-4
-12
-22
-37
-21
6
38
65
70
57
45
50
46
26
25
41
42
38
14
-5
2
41
70
77
51
2
-15
-18
2
33
63
84
94
113
107
81
63
83
85
63
49
36
35
1
-36
-48
-55
-47
-38
-13
6
-6
-15
-7
-9
6
26
49
51
23
25
28
18
6
-6
-19
-39
-76
-85
-61
-45
-33
-30
-31
-25
-55
-72
-64
-61
-48
-24
5
20
-6
-29
-29
-49
-82
-101
-98
-88
-100
-111
-134
-161
-165
-128
-65
-36
-37
-56
-32
-7
-6
6
23
15
-10
-24
-23
-9
-13
-5
11
14
-3
-19
-16
-6
21
56
76
85
65
11
-30
-46
-33
-15
19
22
6
-17
-39
-58
-75
-75
-60
-35
-18
-27
-62
-93
-93
-78
-52
-10
8
6
22
24
45
60
60
62
47
42
17
-3
4
38
89
106
112
121
113
104
103
126
169
192
193
172
129
86
51
48
26
9
1
3
5
-14
-34
-50
-43
-38
-23
-5
-11
-40
-43
-25
-15
-15
-4
6
13
5
-3
14
14
19
10
-6
-40
-69
-70
-40
1
20
33
47
54
68
81
98
139
168
174
163
137
107
79
50
7
-35
-72
-66
-50
-53
-40
-37
-24
-32
-38
-42
-66
-93
-73
-39
-15
-8
-31
-71
-110
-141
-164
-138
-118
-96
-81
-89
-96
-109
-122
-112
-75
-58
-31
-14
11
14
10
23
58
89
85
59
21
-1
11
32
35
15
-16
-33
-53
-51
-39
-32
4
39
54
30
-31
-79
-73
-27
31
47
38
-4
-58
-93
-89
-61
-46
-20
1
-3
-61
-86
-75
-52
-11
32
48
61
47
22
5
-21
-15
15
31
35
3
-33
-16
8
29
47
32
6
-26
-47
-52
-40
-14
28
57
39
-17
-71
-49
-2
53
88
90
75
45
20
3
5
22
25
38
57
47
15
21
29
49
62
50
36
35
38
37
40
40
63
81
54
22
-7
6
54
94
117
109
60
0
-56
-85
-79
-48
7
