SAMPLES:	22209
BITSPERSAMPLE:	16
CHANNELS:	1
SAMPLERATE:	16000
NORMALIZED:	FALSE
-76
-9
-10
5
16
3
23
-18
-69
-90
-67
-3
10
35
3
-34
-56
-73
-70
-45
-17
-8
1
-2
4
-24
-26
-23
-3
4
16
45
23
6
-4
-11
-2
29
42
59
47
26
20
8
13
22
35
50
56
50
44
23
18
24
16
10
2
11
28
24
10
8
-1
-8
-5
-4
-16
-11
-7
8
8
-7
-10
-18
-23
-29
-31
-28
-28
-41
-43
-44
-44
-35
-31
-35
-29
-28
-31
-20
-36
-43
-37
-34
-25
-28
-19
-25
-26
-27
-40
-34
-37
-10
-13
-17
-18
1
-9
-31
-28
-15
8
11
-12
-21
-23
-18
0
-6
18
16
6
2
5
-1
5
19
8
12
9
5
-2
4
-2
-10
-18
-21
-15
10
14
24
24
10
6
-17
-27
-20
-15
-2
16
12
2
1
-18
-13
-10
11
25
32
51
38
25
7
9
6
26
34
51
63
58
43
18
16
9
11
28
44
40
36
25
3
-8
-11
-10
12
20
35
13
-6
-12
-14
-8
-11
5
-7
-6
-22
-30
-40
-38
-29
-25
-2
-4
-12
-7
-11
5
3
-2
9
18
26
24
11
7
23
39
40
33
26
34
48
22
-2
1
24
33
33
30
25
29
29
16
12
29
13
22
19
15
13
0
7
-4
-10
-4
-6
-18
-13
-15
-17
-22
-44
-32
-38
-36
-25
-31
-30
-21
-12
2
1
-5
-5
-14
-14
-26
-17
-20
-28
-15
-17
-23
-20
-18
-18
-18
-10
-15
-5
8
7
-3
-13
-25
-38
-35
-44
-45
-29
-38
-43
-52
-64
-77
-67
-46
-38
-23
-10
-15
-34
-38
-42
-30
-20
-9
19
29
35
5
-9
-13
-26
-10
-2
19
43
39
40
32
30
8
14
16
13
16
14
15
2
4
-11
-3
-10
0
22
25
15
15
27
12
4
8
8
21
20
18
8
13
18
17
36
40
35
26
34
27
23
6
27
33
32
21
12
45
40
18
12
17
14
14
11
21
24
17
15
20
17
21
32
12
3
-6
-3
8
17
30
23
21
24
11
17
12
6
14
1
13
3
0
7
6
5
-2
8
13
26
17
10
11
-5
-14
1
11
6
16
7
10
5
-6
6
-6
-14
-17
-16
-1
-10
-24
-26
-21
-34
-44
-36
-42
-42
-38
-26
-23
-42
-33
-39
-37
-30
-44
-50
-50
-49
-51
-49
-50
-53
-42
-48
-36
-41
-35
-29
-41
-33
-26
-20
-20
-23
-17
-30
-35
-24
-18
-10
-15
-12
-14
-8
3
4
0
-2
-1
12
5
-1
0
-4
-12
-16
9
7
14
18
8
6
15
5
10
21
30
24
19
36
31
41
38
22
23
25
16
20
9
26
28
35
27
27
26
18
28
38
24
22
33
38
39
25
36
19
31
11
19
19
10
20
31
19
21
11
0
2
-11
1
-3
3
-6
15
1
0
14
6
14
3
-8
-10
-3
4
9
-1
4
-7
-5
15
11
9
-20
-11
-9
2
3
0
1
4
10
4
16
18
9
11
16
10
11
9
9
4
-4
8
3
-1
-7
-14
-11
-5
5
17
18
15
3
5
1
3
3
-5
0
-4
-3
-24
-19
-29
-34
-28
-24
-22
-22
-14
-31
-34
-31
-27
-27
-13
-9
-8
-6
-2
4
-4
3
-17
-17
-5
-3
-8
-23
-25
-37
-18
-23
-14
-3
-23
-25
-32
-20
-28
-12
-9
-7
-11
-17
-14
-24
-28
-25
-26
-32
-32
-29
-24
-17
-9
-7
3
7
-5
-11
-11
-16
-19
-19
-21
-33
-24
-17
-16
-4
0
-6
3
-5
-5
-10
-1
1
2
1
-19
-5
4
6
10
22
26
31
32
38
30
24
25
29
23
41
42
32
33
37
40
35
45
41
43
41
33
36
27
28
20
37
47
42
37
37
39
34
39
44
37
38
40
33
19
19
27
31
19
27
27
15
15
8
-5
-10
-10
-19
4
8
5
-4
-10
-11
-29
-19
-19
-27
-21
-18
-22
-21
-25
-16
-9
-14
-16
4
5
0
-1
-10
7
11
15
24
32
13
10
-1
-14
-15
-23
-17
-34
-34
-16
-20
-4
-5
-4
2
1
-7
-19
-32
-32
-26
-30
-34
-33
-17
-25
-24
-48
-46
-37
-31
-13
-17
-23
-17
-23
-38
-50
-60
-60
-60
-37
-47
-47
-44
-41
-39
-35
-36
-20
-13
-18
-17
-31
-24
-17
-3
4
-5
-15
-9
11
22
28
14
19
22
11
18
2
12
29
30
30
18
17
37
37
15
11
10
20
17
18
19
20
11
9
14
24
24
16
16
14
2
-8
0
3
22
27
35
31
32
30
22
33
36
26
14
22
21
17
10
5
-4
14
22
16
28
12
7
-5
-10
-1
20
27
15
2
-1
16
27
22
15
1
6
0
-12
-2
-2
-4
-1
3
5
23
24
-5
2
-4
-5
3
5
20
28
21
19
15
7
1
9
0
-5
1
0
-2
9
3
10
14
16
21
23
12
8
9
-7
-14
-5
11
5
6
8
2
1
4
5
-16
-23
-26
-21
-11
-10
-7
-13
-10
-20
-21
-16
-15
-19
-20
-19
-19
-38
-34
-43
-50
-54
-46
-32
-35
-24
-24
-39
-43
-26
-17
-19
-32
-34
-42
-45
-43
-50
-46
-49
-49
-48
-39
-48
-50
-48
-47
-35
-23
0
-10
-7
-5
-16
-22
-12
-13
-14
-13
-5
-15
-8
-12
-2
4
-9
-7
1
9
15
22
24
33
35
36
39
45
50
54
46
45
35
39
47
47
45
42
52
58
67
59
60
55
49
41
37
45
35
42
48
58
36
33
13
13
16
14
18
19
20
12
15
1
10
8
5
6
15
14
-9
-6
-10
-12
-10
-9
-3
12
16
14
3
-4
10
9
22
14
13
5
4
-1
-24
-20
-14
-28
-19
-2
-6
-8
-11
-12
-7
3
5
-12
-9
12
-1
-1
-2
-10
-11
-10
-15
-13
-9
12
6
-14
-6
-11
-8
4
9
1
-14
-6
-5
-18
-24
-11
-8
-9
-7
-21
-16
-2
-20
-31
-29
-28
-28
-30
-38
-39
-38
-32
-36
-60
-48
-57
-58
-65
-64
-55
-51
-50
-52
-38
-45
-31
-29
-17
-8
-22
-12
-4
0
0
-9
-3
-16
6
4
14
18
27
43
24
35
30
26
20
0
3
10
7
13
2
0
-8
2
4
5
23
15
18
35
26
30
12
5
23
18
17
17
12
2
2
-7
4
12
13
31
22
15
26
34
29
36
35
42
47
45
39
31
43
22
17
10
12
13
15
18
0
8
21
12
5
6
8
16
15
-5
-7
-7
-20
-20
-23
-10
-2
6
-7
-12
-14
-9
-8
-12
6
2
10
14
9
17
25
23
29
16
14
31
5
1
15
2
4
8
10
5
-5
-1
15
8
19
9
2
14
0
4
2
-1
-1
-1
6
7
4
-6
2
4
16
-6
-15
-7
-14
-8
-35
-41
-41
-40
-38
-43
-41
-47
-31
-28
-26
-21
-19
-17
-16
-28
-29
-32
-33
-39
-29
-30
-41
-38
-34
-18
-23
-3
-9
-24
-14
-13
-12
-19
-11
-12
-12
-26
-38
-43
-34
-34
-28
-18
-4
-1
-3
3
0
8
9
6
24
25
28
29
16
16
0
-4
4
20
20
25
22
1
-6
-8
-8
0
-4
4
15
4
3
-7
-7
-1
-7
6
14
10
25
17
12
12
1
9
20
20
23
28
17
16
23
29
35
27
36
24
25
29
37
29
25
23
31
33
12
16
9
2
-5
7
10
20
23
16
15
18
6
12
22
8
10
22
26
15
19
19
1
7
17
27
20
11
11
24
15
10
17
10
21
5
9
-4
-12
-11
-14
-13
-23
-23
-17
-13
-23
-25
-7
-3
-2
-1
-10
-11
-10
-4
-16
-8
-2
0
-5
-8
-12
-21
-19
-15
-4
-4
1
-5
-12
-26
-23
-7
-8
-10
-9
3
5
-11
-23
-30
-23
-25
-46
-49
-44
-35
-23
-31
-30
-5
-12
-15
-27
-30
-24
-22
-20
-15
-30
-38
-28
-33
-29
-35
-39
-28
-30
-23
-21
-25
-13
-4
-3
-5
-9
-16
-11
-6
-22
-23
-22
-12
2
-3
-5
-3
-15
-12
-6
-6
7
2
15
9
12
10
16
23
27
24
36
31
35
40
14
19
5
14
12
21
29
33
28
33
29
25
37
38
33
35
21
21
19
9
8
-2
21
37
30
17
31
27
37
40
46
51
49
40
35
28
28
26
29
39
16
12
21
17
8
11
16
17
18
20
18
4
-3
0
-8
-13
-16
-6
-11
-8
-4
-22
-26
-36
-30
-17
-26
-19
-5
8
1
-5
1
-7
4
10
-4
3
-7
-8
-6
-17
-7
1
-7
-16
-6
-7
-4
-8
-8
-6
-11
-4
-5
-8
-20
-33
-33
-47
-39
-23
-14
-18
-19
-24
-26
-11
-11
2
-10
-8
-15
-16
-20
-18
-19
-29
-16
-12
4
12
-5
-18
-12
-12
-18
-6
0
-5
-17
-9
-10
-14
-29
-36
-31
-27
-5
8
-2
-11
-21
-30
-19
-5
-6
-2
12
3
-7
-31
-33
-26
-9
-15
-18
1
5
-3
3
-7
-3
7
8
19
19
13
12
4
-3
4
10
17
26
20
23
9
14
15
22
17
5
0
-8
-6
7
5
0
8
2
19
19
16
0
-1
-2
-2
-5
3
11
7
14
7
12
8
18
13
21
19
26
31
22
24
19
11
13
30
30
31
34
37
25
23
29
30
20
11
13
34
32
24
19
19
33
31
28
32
22
18
18
18
14
6
11
10
19
22
7
4
-6
-9
-16
-34
-20
-7
-10
-11
-20
-13
-16
-21
-16
-21
-15
-13
-20
-20
-17
-21
-37
-30
-16
-20
-26
-24
-4
-9
-17
-8
-5
-7
-15
-10
-13
-16
-14
4
-6
-3
-4
-13
-21
-24
-26
-26
-25
-19
-19
-18
-3
-8
-8
-21
-6
5
-13
-10
-1
3
-1
-2
-8
-16
-3
-7
-14
-7
-11
-18
-11
-16
-25
-43
-24
-30
-37
-29
-20
-1
-4
-14
-10
-8
-17
-2
3
-12
-16
-14
-11
-1
2
2
-13
-21
-11
-9
-9
-3
23
28
26
28
11
3
3
5
0
-4
0
5
-2
-6
-12
-15
-16
-23
-17
-15
-15
3
5
0
0
4
1
5
11
10
15
12
23
35
36
41
38
59
54
36
51
47
55
52
50
46
57
56
62
70
53
57
60
56
64
63
47
47
34
30
30
22
29
27
28
26
30
19
10
-2
-14
-10
-13
-13
-15
-22
-29
-35
-37
-43
-43
-32
-35
-33
-31
-41
-35
-41
-24
-25
-20
-26
-46
-41
-50
-42
-54
-53
-59
-43
-50
-45
-38
-30
-16
-20
-16
-14
-13
-13
-3
-7
-9
7
6
-3
1
12
17
26
34
27
23
20
14
28
15
22
44
39
52
43
35
28
24
13
11
-6
-17
-10
-21
-12
-26
-40
-46
-48
-54
-53
-63
-66
-63
-76
-91
-107
-85
-95
-94
-85
-96
-87
-77
-86
-93
-80
-75
-58
-30
-4
17
25
19
27
40
66
84
84
102
118
115
115
117
114
129
126
119
120
103
81
65
65
56
46
45
43
36
32
26
-4
-6
-11
-12
-15
-40
-28
-29
-42
-44
-44
-52
-57
-51
-69
-78
-87
-88
-91
-78
-80
-83
-64
-56
-50
-49
-49
-37
-15
-13
0
8
12
27
46
72
86
94
118
123
120
119
108
123
124
122
137
135
126
124
113
108
96
84
67
55
55
47
30
21
5
-3
-2
-6
-11
-21
-15
-25
-32
-46
-66
-61
-59
-61
-77
-77
-79
-89
-83
-131
-143
-131
-141
-134
-138
-135
-135
-135
-136
-126
-133
-109
-87
-74
-39
-37
-36
-42
-34
-14
-9
1
34
27
47
71
78
102
103
114
114
128
137
124
134
135
130
128
132
123
92
68
45
42
33
15
5
-1
-17
-27
-34
-51
-60
-61
-75
-77
-64
-61
-74
-84
-109
-118
-149
-152
-156
-178
-179
-176
-185
-189
-194
-189
-181
-155
-136
-136
-122
-108
-84
-59
-52
-32
2
22
37
50
65
84
93
123
165
182
209
220
225
226
239
258
258
260
253
269
257
251
237
215
184
160
138
117
92
49
24
-12
-11
-14
-29
-18
-31
-33
-41
-63
-62
-66
-79
-90
-101
-112
-134
-136
-142
-158
-172
-182
-182
-181
-177
-173
-173
-152
-133
-114
-91
-81
-65
-57
-55
-38
-26
-7
13
18
11
18
41
56
68
107
122
122
149
171
206
199
207
233
226
237
240
250
240
232
213
173
137
109
99
53
51
28
-6
-8
-20
-15
-8
7
17
12
40
41
39
18
-29
-30
-59
-63
-84
-130
-150
-176
-212
-258
-298
-312
-352
-404
-428
-484
-517
-530
-547
-549
-546
-529
-495
-472
-457
-425
-395
-368
-328
-291
-242
-184
-135
-74
-33
51
115
174
273
327
392
475
525
594
652
718
777
829
876
898
913
893
898
867
807
767
739
688
640
590
528
466
399
321
236
175
94
7
-127
-239
-314
-397
-493
-621
-749
-847
-947
-1024
-1101
-1188
-1213
-1236
-1223
-1182
-1096
-1027
-944
-825
-729
-581
-453
-341
-193
-107
-40
31
114
125
138
134
123
79
29
22
24
19
28
100
158
230
293
431
561
667
794
901
964
1044
1141
1200
1214
1212
1187
1147
1085
1033
985
939
879
842
810
771
748
731
716
645
611
563
523
454
312
148
-17
-236
-414
-633
-910
-1163
-1391
-1574
-1777
-1943
-2077
-2149
-2131
-2093
-1954
-1821
-1647
-1459
-1265
-999
-818
-651
-472
-332
-216
-100
-58
-35
-27
-32
-95
-118
-175
-267
-305
-326
-331
-324
-244
-112
-68
37
166
316
443
561
747
881
1004
1104
1224
1294
1352
1390
1461
1514
1522
1590
1634
1587
1638
1724
1820
1858
1816
1808
1774
1735
1658
1508
1315
1144
965
686
392
-5
-358
-634
-1029
-1337
-1646
-1974
-2213
-2450
-2651
-2859
-2983
-3034
-3088
-3055
-2930
-2716
-2477
-2185
-1896
-1638
-1390
-1108
-783
-580
-407
-213
-76
117
324
392
398
298
372
345
266
175
99
68
3
-20
11
-53
-30
40
90
171
334
494
632
784
959
1152
1346
1543
1692
1844
1987
2132
2242
2353
2475
2634
2753
2829
2980
3067
3107
3116
3032
2977
2895
2684
2443
2066
1777
1463
1053
636
105
-362
-859
-1359
-1856
-2409
-2968
-3528
-4028
-4444
-4811
-5054
-5246
-5380
-5461
-5375
-5203
-4939
-4592
-4235
-3796
-3181
-2453
-1736
-1168
-741
-202
286
741
1075
1204
1211
1462
1778
1923
1792
1487
1359
1318
1247
1164
1060
757
705
769
683
527
449
501
398
398
465
632
806
973
1096
1128
1266
1636
1942
1937
1990
2307
2698
2910
3040
3111
3189
3326
3589
3695
3610
3659
3628
3558
3356
3063
2726
2411
1943
1321
756
171
-422
-1083
-1873
-2649
-3335
-3831
-4453
-5121
-5664
-6061
-6288
-6314
-6301
-6300
-6234
-5895
-5313
-4788
-4173
-3483
-2680
-2009
-1417
-852
-342
100
532
779
881
1159
1562
1928
1941
1756
1823
2054
2197
2266
2204
2138
2172
2261
2268
1944
1652
1566
1470
1233
971
802
735
589
460
385
386
550
751
980
1143
1496
1971
2425
2647
2896
3155
3518
3880
4089
4108
4081
4129
4025
3820
3394
2916
2499
2112
1681
1130
540
33
-401
-1022
-1537
-2108
-2744
-3159
-3728
-4245
-4740
-5129
-5358
-5615
-5876
-6076
-5986
-5767
-5543
-5341
-5009
-4335
-3533
-2749
-2089
-1516
-840
10
682
1151
1487
1815
2135
2452
2630
2537
2407
2467
2549
2345
2163
2068
1866
1777
1669
1448
1237
1114
1107
875
603
442
463
411
197
73
27
70
277
364
482
589
929
1442
1758
1936
2217
2751
3168
3474
3636
3723
3802
3898
3740
3381
3068
2734
2435
1982
1352
746
159
-288
-874
-1520
-2041
-2544
-2985
-3564
-4113
-4627
-4914
-5158
-5429
-5681
-5808
-5723
-5537
-5289
-5031
-4723
-4207
-3400
-2709
-2095
-1477
-759
-4
665
1129
1429
1730
2137
2419
2563
2425
2448
2637
2589
2343
2205
2145
1958
1797
1720
1443
1145
1109
919
580
217
27
-48
-234
-595
-824
-873
-897
-741
-618
-460
-207
301
863
1230
1534
1994
2459
2792
3304
3598
3788
3990
4192
4207
4041
3868
3696
3432
3085
2787
2427
1908
1404
974
443
-150
-673
-1210
-1825
-2463
-3091
-3537
-4074
-4597
-4933
-5339
-5623
-5644
-5503
-5407
-5340
-5012
-4471
-3973
-3482
-2842
-2101
-1459
-839
-212
359
850
1313
1614
1779
2010
2281
2531
2554
2465
2464
2468
2432
2428
2273
2025
1803
1687
1528
1128
733
406
52
-325
-531
-811
-1060
-1092
-1105
-1114
-1053
-746
-361
-102
130
619
1185
1584
1815
2098
2429
2748
3183
3511
3628
3675
3732
3889
3808
3513
3348
3172
3000
2769
2340
1840
1430
985
428
-309
-981
-1593
-2287
-3024
-3744
-4458
-4999
-5428
-5840
-6210
-6432
-6354
-6122
-5880
-5635
-5157
-4543
-3891
-3281
-2714
-2030
-1382
-683
-107
270
579
997
1371
1622
1903
2180
2500
2779
2815
2716
2828
3133
3151
2910
2714
2523
2289
2020
1564
945
377
-73
-330
-751
-1187
-1280
-1317
-1235
-1204
-1092
-793
-455
-20
483
909
1395
1930
2334
2572
2732
3128
3535
3645
3711
3757
3816
3972
4037
3887
3657
3572
3646
3548
3136
2725
2344
1988
1375
631
-144
-980
-1757
-2587
-3460
-4322
-4994
-5641
-6198
-6670
-6934
-6828
-6620
-6359
-5983
-5538
-4935
-4102
-3341
-2715
-2113
-1193
-396
222
636
1023
1415
1773
2111
2348
2403
2559
3001
3232
3018
2998
3207
3195
3106
2948
2756
2262
1813
1372
811
31
-463
-781
-1272
-1880
-2122
-2019
-1940
-1864
-1735
-1467
-1139
-581
70
520
826
1420
2024
2364
2583
2910
3223
3358
3484
3700
3852
3984
4150
4030
3847
3813
3935
3988
3703
3280
2902
2640
2178
1533
679
-301
-1234
-2081
-2927
-3995
-4924
-5618
-6323
-6924
-7237
-7289
-7296
-7101
-6647
-6174
-5571
-4747
-3955
-3470
-2870
-1952
-891
-37
430
854
1342
1788
2107
2295
2235
2145
2641
3141
3066
2751
2775
2938
2794
2710
2718
2433
1949
1587
1091
252
-355
-587
-1189
-2131
-2644
-2505
-2387
-2488
-2605
-2472
-2127
-1377
-717
-276
-16
600
1565
2198
2446
2737
3300
3646
3929
4175
4422
4652
4965
5111
5032
5051
5288
5429
5321
4990
4565
4246
3938
3278
2262
1173
316
-472
-1450
-2762
-3963
-4742
-5441
-6288
-7066
-7535
-7718
-7652
-7510
-7223
-6823
-6191
-5425
-4798
-4159
-3476
-2597
-1625
-804
-251
361
1074
1683
1959
2154
2431
2496
2884
3396
3385
3103
3162
3317
3126
2851
2754
2481
1780
1442
1020
194
-604
-1172
-1754
-2587
-3201
-3200
-3213
-3305
-3266
-2919
-2352
-1641
-853
-195
228
833
1788
2496
2868
3242
3786
4133
4452
4845
5122
5311
5614
5819
5922
6058
6120
6067
5775
5597
5410
5092
4438
3595
2816
1846
710
-358
-1427
-2766
-4051
-5054
-6001
-6941
-7698
-8231
-8710
-8914
-8693
-8293
-7887
-7473
-6796
-5993
-5229
-4415
-3591
-2920
-2219
-1344
-433
233
786
1406
1823
2208
2573
2987
3376
3671
3815
3850
3830
3782
3606
3287
2934
2328
1772
1242
504
-401
-1247
-1934
-2492
-2949
-3383
-3560
-3439
-3197
-2857
-2484
-1881
-1162
-359
480
1085
1794
2553
3140
3579
3942
4383
4762
5084
5481
5798
6085
6400
6629
6859
6963
6948
6775
6472
6270
5954
5336
4390
3519
2656
1636
436
-767
-1970
-3237
-4410
-5488
-6636
-7532
-8067
-8646
-9176
-9374
-9191
-8830
-8442
-7987
-7332
-6482
-5339
-4197
-3422
-2787
-1816
-792
69
650
1190
1787
2358
2927
3189
3355
3605
3928
3929
3805
3692
3648
3472
2912
2253
1688
1267
727
-148
-1069
-1681
-2147
-2466
-2923
-3317
-3476
-3146
-2663
-2295
-1793
-1116
-283
588
1281
2042
2804
3337
3892
4307
4618
4938
5261
5414
5498
5851
6371
6610
6676
6899
7159
7271
7226
6919
6379
5915
5442
4468
3169
1868
867
-307
-1898
-3397
-4458
-5433
-6691
-7951
-8793
-9271
-9623
-9935
-10287
-10200
-9615
-8970
-8561
-8079
-7099
-5933
-4920
-4030
-3058
-1707
-460
467
1352
2359
3329
4151
4566
4647
5113
5715
5611
4976
4588
4462
3970
3176
2367
1402
505
-130
-960
-2062
-2901
-3285
-3619
-4320
-4757
-4527
-4213
-4122
-3877
-3297
-2362
-1335
-462
436
1254
2330
3379
4075
4712
5413
6153
6651
6970
7228
7517
7843
7987
8146
8250
8223
8122
8007
7636
7126
6515
5803
4868
3905
2815
1524
169
-1149
-2409
-3795
-5136
-6324
-7428
-8510
-9383
-10090
-10530
-10636
-10623
-10465
-10085
-9404
-8534
-7544
-6635
-5556
-4355
-3149
-1967
-1026
-189
650
1868
2867
3487
3993
4681
5256
5607
5682
5546
5114
4980
4915
4118
3116
2684
2151
946
-255
-857
-1613
-2866
-3552
-4073
-4868
-5276
-5112
-5071
-5357
-4975
-3731
-2740
-2032
-772
880
2087
3290
4511
5526
6278
7013
7595
7932
8033
8165
8115
7716
7462
7468
7417
7188
6796
6501
6491
6344
5964
5261
4400
3779
3160
2130
998
-278
-1578
-2919
-4311
-5488
-6698
-7873
-8897
-9852
-10522
-10709
-10679
-10740
-10679
-10141
-9141
-7991
-7031
-6008
-4804
-3569
-2389
-1260
-365
334
1102
1934
2812
3361
3755
4091
4302
4360
4490
4345
4033
3685
3491
3211
2495
1890
1274
326
-647
-1226
-1895
-2847
-3573
-4144
-4652
-4945
-4976
-4814
-4746
-4399
-3466
-2096
-983
257
1680
3018
4304
5508
6484
7163
7669
8027
8165
8074
7929
7740
7340
6687
6275
6246
6182
5897
5533
5235
5162
4983
4541
3695
2926
2354
1672
898
-343
-1611
-2694
-3859
-5003
-6117
-7025
-7898
-8761
-9353
-9707
-9728
-9563
-9294
-8978
-8376
-7316
-6172
-5188
-4294
-3306
-2202
-1222
-290
421
984
1633
2258
2755
3124
3469
3701
3693
3615
3505
3370
3126
2626
1956
1217
750
325
-537
-1370
-1929
-2403
-2924
-3276
-3454
-3750
-3945
-3749
-3355
-3107
-2482
-1610
-771
161
1349
2752
3851
4776
5831
6698
7320
7718
7988
8091
7867
7619
7323
6966
6367
5796
5230
4810
4660
4511
4226
3827
3644
3495
3077
2587
2001
1251
574
-200
-1154
-2197
-3147
-4125
-5157
-6202
-6891
-7431
-8233
-8841
-9083
-9081
-8979
-8727
-8306
-7815
-7044
-6026
-5027
-4203
-3287
-2329
-1563
-982
-378
230
770
1069
1359
1649
1826
1987
2008
1742
1514
1416
1327
1117
514
144
-43
-387
-841
-1181
-1327
-1566
-2071
-2325
-2305
-2307
-2151
-1925
-1718
-1188
-366
645
1406
2263
3330
4551
5490
6211
6902
7372
7640
7741
7676
7287
6734
6248
5742
5112
4622
4260
3903
3621
3578
3594
3510
3343
3477
3477
3068
2530
2085
1601
943
129
-917
-1946
-2886
-3773
-4832
-5865
-6579
-7167
-7749
-8309
-8616
-8527
-8271
-8123
-7840
-7346
-6685
-5801
-5131
-4562
-3866
-3091
-2395
-2008
-1619
-1025
-351
84
421
820
1184
1496
1751
1700
1710
1845
2061
1914
1420
1285
1204
721
133
-229
-422
-741
-1065
-1196
-1342
-1388
-1050
-741
-499
86
980
1875
2543
3334
4415
5404
5964
6468
6858
7068
7059
6875
6389
5723
5302
4909
4295
3707
3422
3187
2998
3038
3321
3526
3598
3691
3931
3943
3576
3166
2614
1985
1340
526
-565
-1765
-2753
-3639
-4670
-5677
-6433
-7084
-7730
-8197
-8489
-8516
-8473
-8443
-8247
-7829
-7160
-6402
-5878
-5367
-4771
-4136
-3457
-3008
-2688
-2105
-1389
-789
-322
94
665
1170
1467
1588
1736
2029
2161
2005
1676
1479
1507
1349
936
480
287
166
-180
-488
-639
-641
-428
-219
-47
338
1033
1876
2530
3141
4000
4946
5520
5945
6122
6353
6265
6007
5514
4924
4469
4090
3842
3361
2987
2923
3172
3406
3682
3952
4281
4629
4865
4901
4642
4109
3594
3017
2307
1356
204
-996
-2105
-3216
-4353
-5401
-6238
-6993
-7813
-8289
-8517
-8666
-8711
-8742
-8572
-8123
-7474
-6880
-6318
-5749
-5099
-4431
-3816
-3288
-2759
-2208
-1584
-958
-305
461
1042
1546
2016
2303
2870
3163
3065
3097
2955
2828
2575
2273
1751
1256
967
755
235
-100
-119
-221
-214
10
409
810
1244
1896
2602
3239
3867
4502
4813
4987
5283
5293
5084
4850
4567
4224
3837
3558
3542
3418
3318
3303
3457
3902
4402
4779
4879
4899
5154
5244
4724
3873
3156
2513
1769
705
-542
-1708
-2762
-3818
-4948
-5936
-6601
-7227
-7946
-8604
-8953
-8856
-8888
-9028
-9046
-8604
-7917
-7432
-6975
-6540
-5884
-5017
-4238
-3600
-2962
-1992
-996
-275
354
1267
2141
2809
3148
3321
3739
4137
4199
3762
3157
2988
2899
2390
1784
1332
996
760
391
-65
-185
-291
-305
-404
-479
3
626
978
1151
1664
2423
3050
3274
3586
4063
4363
4391
4393
4266
4163
4195
4089
3914
3823
3986
4051
3965
4062
4555
5088
5172
4980
4843
4941
4967
4449
3441
2521
1985
1533
420
-930
-1921
-2688
-3589
-4634
-5528
-6135
-6664
-7422
-8131
-8531
-8452
-8452
-8793
-8907
-8551
-7800
-7226
-6770
-6284
-5492
-4468
-3639
-2972
-2275
-1248
-106
770
1364
2260
3191
3845
4076
4124
4325
4562
4477
4115
3446
2841
2732
2212
1484
889
449
89
-403
-716
-800
-887
-1085
-1054
-1119
-854
-341
29
213
484
1083
1851
2357
2624
3137
3599
3946
4263
4463
4644
4792
4807
4863
4916
5097
5198
5092
5046
5296
5587
5558
5233
4842
4692
4564
4090
3264
2402
1746
1226
301
-938
-1896
-2655
-3467
-4501
-5464
-6054
-6572
-7243
-8027
-8562
-8667
-8647
-8871
-9038
-8793
-8254
-7613
-7136
-6563
-5711
-4762
-3890
-3059
-2273
-1177
-12
719
1371
2189
3114
3715
3815
3787
3919
3987
3974
3425
2548
2126
1929
1414
594
138
-99
-417
-783
-955
-986
-1080
-1119
-1142
-1099
-802
-377
-65
-53
271
974
1590
1940
2346
3061
3685
4157
4479
4970
5359
5635
5729
5770
5909
6144
6184
5864
5543
5509
5786
5695
5203
4721
4343
4127
3772
3007
2050
1300
887
384
-558
-1547
-2121
-2752
-3618
-4475
-5129
-5638
-6233
-6993
-7694
-8073
-8203
-8247
-8616
-8781
-8235
-7485
-7026
-6463
-5765
-4904
-3958
-3172
-2366
-1549
-537
429
975
1542
2307
2981
3259
3262
3154
3258
3216
2827
2208
1352
901
654
229
-451
-805
-877
-776
-883
-904
-821
-791
-596
-422
-255
66
328
628
878
1227
1864
2466
2905
3369
4047
4715
5279
5680
6137
6375
6494
6604
6702
6542
6368
6056
5596
5189
4876
4717
4321
3771
3198
2778
2415
2064
1472
683
45
-109
-285
-995
-1835
-2352
-2793
-3324
-4085
-4796
-5385
-6061
-6832
-7600
-8020
-8257
-8510
-8866
-8862
-8335
-7636
-7031
-6422
-5660
-4695
-3604
-2659
-1897
-1048
-110
686
1138
1590
2050
2363
2383
2004
1739
1598
1501
938
129
-328
-357
-356
-601
-782
-617
-330
60
351
342
498
851
1118
1063
946
1092
1305
1196
1263
1711
2217
2647
3005
3478
4233
5115
5831
6273
6619
7010
7261
7212
7000
6687
6109
5399
4644
3864
3103
2613
2196
1555
835
519
524
445
48
-397
-561
-224
224
-71
-635
-1025
-1133
-1445
-2265
-3177
-3812
-4527
-5450
-6338
-7134
-7481
-7825
-8281
-8482
-8208
-7555
-6989
-6629
-6029
-4987
-3966
-3104
-2583
-2126
-1487
-619
-57
168
301
544
849
849
698
650
416
486
500
256
339
587
1002
1117
1259
1925
2465
2529
2634
2651
2749
2707
2465
2143
1794
1660
1714
1511
1528
1926
2358
2814
3351
4112
4921
5511
5950
6362
6580
6574
6392
5936
5175
4377
3573
2683
1780
1023
420
236
48
-225
-373
-222
233
517
593
675
1033
1671
1665
1035
612
417
-109
-1040
-2039
-2892
-3681
-4632
-5727
-6639
-7189
-7602
-8026
-8487
-8505
-8096
-7695
-7465
-7114
-6351
-5528
-4852
-4302
-3843
-3172
-2407
-1839
-1438
-985
-452
-39
202
401
747
1053
1356
1454
1383
1733
2151
2264
2359
2496
2947
3345
3432
3447
3455
3450
3358
2980
2545
2313
2111
1821
1452
1414
1699
2034
2188
2422
2990
3772
4434
4797
5099
5409
5567
5437
4994
4441
3856
3174
2285
1528
851
326
120
-4
-42
3
168
538
1043
1419
1583
1791
2333
2885
2830
2364
1970
1626
1046
33
-1157
-2045
-3053
-4200
-5395
-6437
-7177
-7831
-8470
-8901
-9041
-8858
-8487
-8192
-7763
-7128
-6373
-5639
-4952
-4354
-3663
-2847
-1924
-1225
-811
-354
354
921
1237
1427
1612
1907
2386
2604
2609
2719
3075
3503
3614
3862
4326
4396
4275
4230
3971
3609
3110
2605
2042
1433
1019
963
829
760
944
1276
1819
2584
3138
3643
4161
4646
4932
4906
4786
4553
4124
3270
2482
1931
1313
680
189
188
405
486
561
734
1375
2263
2612
2626
2956
3668
3998
3469
2685
2166
1643
648
-663
-1874
-2989
-4155
-5418
-6767
-7748
-8346
-8866
-9554
-9993
-9850
-9407
-9077
-8760
-8212
-7380
-6434
-5602
-5027
-4287
-3347
-2368
-1533
-938
-271
357
1003
1475
1730
1965
2217
2566
3044
3239
3396
3716
4037
4216
4448
4834
4974
4745
4509
4399
4026
3424
2804
2228
1636
1049
654
487
416
509
698
1023
1594
2488
3216
3668
4120
4610
4925
4837
4552
4264
3863
3146
2450
1879
1279
765
558
685
865
1023
1346
1823
2402
2912
3195
3389
3694
4163
4088
3454
2769
2201
1362
120
-1255
-2384
-3480
-4820
-6186
-7369
-8184
-8922
-9623
-10114
-10334
-10099
-9740
-9336
-8774
-8091
-7128
-6184
-5287
-4429
-3558
-2704
-1739
-823
-125
428
1063
1622
2188
2572
2782
2927
3096
3682
4090
4128
4241
4520
4881
5071
5195
5287
4974
4552
4370
3853
3062
2450
1819
1040
123
-252
-173
-267
-294
-81
480
1272
2200
2896
3411
3952
4584
4945
4815
4501
4212
3738
2953
2333
1832
1362
784
478
639
977
1234
1402
1688
2207
2841
3121
3044
3044
3369
3330
2625
1813
1284
507
-661
-1907
-3081
-4211
-5289
-6524
-7806
-8643
-9262
-9702
-10191
-10554
-10311
-9718
-9179
-8608
-7888
-6922
-5850
-4830
-3908
-3104
-2215
-1126
-215
412
986
1690
2316
2625
2926
3258
3537
3746
4046
4166
4331
4580
4780
4777
4764
5002
5060
4628
4234
3918
3388
2713
1927
1334
670
28
-218
-279
-245
-29
242
799
1569
2519
3321
3802
4304
4894
5181
5159
4931
4606
4088
3374
2679
2098
1544
933
605
551
754
924
999
1177
1550
2088
2378
2298
2324
2620
2696
2298
1615
1048
481
-443
-1574
-2654
-3771
-4817
-5945
-7189
-8104
-8680
-9172
-9714
-10109
-9970
-9472
-8924
-8194
-7512
-6680
-5574
-4425
-3540
-2772
-1959
-982
-101
545
1176
1631
2074
2411
2710
2915
3131
3342
3675
4039
4288
4587
4767
4882
4988
5136
5241
4987
4552
4307
3827
3147
2481
1842
1048
354
-127
-201
-202
-132
28
433
1096
1907
2574
3014
3530
3933
4255
4327
4129
3865
3355
2706
1986
1382
802
142
-482
-648
-462
-375
-432
-346
13
597
1095
1302
1443
1810
2405
2498
2065
1665
1425
800
-127
-1190
-2197
-3193
-4376
-5748
-6882
-7654
-8284
-8988
-9688
-9863
-9482
-8965
-8512
-7935
-7127
-6133
-5019
-4070
-3340
-2541
-1632
-851
-75
572
1076
1507
1750
2103
2509
2883
3105
3078
3538
4268
4644
4630
4790
5053
5401
5586
5595
5336
5026
4798
4253
3518
2920
2383
1715
857
326
306
121
-6
-56
243
817
1638
2164
2364
2661
3151
3415
3291
3052
2756
2294
1592
1016
480
22
-513
-934
-919
-633
-315
-192
29
645
1528
2150
2491
2874
3493
4137
4228
3869
3419
3012
2192
1069
-138
-1376
-2665
-4207
-5799
-7042
-7988
-8730
-9547
-10172
-10204
-9747
-9299
-8810
-8239
-7375
-6223
-5114
-4254
-3560
-2669
-1747
-894
-309
247
802
1339
1732
2044
2405
2847
3233
3546
3915
4397
4938
5188
5325
5606
5972
6178
5976
5612
5172
4709
4166
3303
2424
1657
855
90
-497
-784
-822
-904
-809
-470
70
657
1171
1696
2155
2562
2792
2859
2643
2340
1977
1405
821
355
-149
-565
-628
-397
-126
-28
350
1091
1792
2537
3055
3527
4240
4856
5043
4730
4207
3710
3045
1770
325
-1024
-2494
-4131
-5801
-7268
-8463
-9432
-10228
-10880
-11104
-10734
-10115
-9573
-8898
-7957
-6852
-5563
-4490
-3656
-2752
-1796
-780
5
548
991
1480
1953
2406
2831
3142
3402
3657
4188
4834
5264
5464
5707
6034
6381
6641
6560
6165
5744
5361
4731
3764
2781
1797
842
-142
-802
-1188
-1549
-1795
-1735
-1313
-789
-22
605
1146
1833
2552
3049
3340
3345
3294
2973
2403
1935
1430
943
415
172
238
456
663
854
1262
1979
2937
3652
4056
4573
5224
5661
5440
4820
4157
3314
2183
695
-895
-2455
-4070
-5841
-7572
-8890
-9876
-10651
-11372
-11689
-11481
-10807
-10083
-9299
-8327
-7115
-5825
-4617
-3597
-2698
-1728
-832
-42
543
1092
1535
1872
2132
2512
2999
3384
3632
3983
4634
5327
5695
5837
6151
6591
6982
7044
6767
6129
5573
4986
4073
2974
1930
917
-138
-1180
-1775
-2102
-2510
-2642
-2485
-1958
-1115
-244
510
1190
2019
2818
3367
3636
3584
3431
3137
2742
2224
1710
1124
571
234
388
682
749
1035
1460
2203
3091
3612
3861
4347
5072
5387
4994
4273
3535
2558
1262
-321
-1947
-3567
-5201
-6909
-8477
-9660
-10512
-11181
-11731
-11826
-11359
-10544
-9712
-8807
-7717
-6416
-5045
-3804
-2807
-1913
-990
-153
494
1028
1546
1872
2149
2405
2758
3146
3488
3768
4196
4877
5618
6115
6374
6699
7115
7484
7574
7160
6628
6035
5218
4165
2902
1670
481
-721
-1810
-2546
-2913
-3195
-3281
-3030
-2324
-1356
-457
401
1219
2185
3113
3715
3998
4080
3948
3706
3266
2599
1997
1366
809
595
669
901
1061
1333
1866
2626
3444
3997
4419
4794
5369
5490
4931
4087
3316
2244
765
-964
-2570
-4204
-5953
-7586
-9051
-10210
-10988
-11533
-11839
-11710
-11120
-10184
-9336
-8348
-7181
-5840
-4510
-3295
-2389
-1494
-639
43
620
1098
1587
1981
2209
2555
2942
3438
3833
4059
4395
5156
6241
6687
6783
6950
7355
7610
7323
6745
6062
5166
4270
3162
1637
265
-970
-2254
-3473
-4233
-4376
-4483
-4630
-4172
-3312
-2171
-916
220
1268
2357
3538
4383
4785
4915
4779
4577
4052
3392
2692
1886
1239
939
850
890
1079
1404
1944
2701
3610
4291
4690
5134
5617
5606
4920
4045
3115
1916
285
-1466
-3208
-5057
-6777
-8378
-9809
-10875
-11485
-11874
-11973
-11684
-10902
-9828
-8706
-7549
-6354
-4944
-3596
-2412
-1612
-893
-189
470
890
1207
1523
1814
2003
2225
2710
3218
3678
3993
4455
5359
6276
6691
6763
6936
7239
7331
7035
6305
5445
4499
3476
2159
604
-752
-1937
-3097
-4148
-4657
-4660
-4408
-4129
-3453
-2229
-806
704
2002
3149
4320
5484
6256
6530
6334
6102
5679
4797
3846
2985
2003
1231
822
689
760
1001
1331
1791
2557
3402
4103
4441
4809
5147
4961
4256
3285
2236
944
-740
-2519
-4247
-5952
-7556
-8977
-10220
-11145
-11532
-11683
-11573
-11155
-10151
-8945
-7813
-6648
-5410
-4143
-2917
-1936
-1300
-754
-241
241
538
620
766
1084
1269
1451
1834
2330
2798
3178
3790
4621
5317
5781
5969
6031
6212
6278
5898
5221
4412
3725
2774
1484
210
-862
-1943
-2878
-3600
-3778
-3685
-3357
-2773
-1968
-802
635
2115
3361
4524
5640
6506
6990
7005
6732
6191
5393
4365
3284
2198
1088
150
-334
-388
-346
-232
174
932
1789
2633
3219
3610
4049
4505
4415
3765
2797
1908
758
-891
-2577
-4160
-5657
-7139
-8591
-9702
-10336
-10686
-10822
-10819
-10392
-9438
-8369
-7376
-6416
-5383
-4250
-3140
-2425
-1974
-1446
-1015
-658
-465
-397
-63
249
451
600
1016
1699
2312
2741
3284
4073
5015
5748
5940
6032
6331
6561
6398
5829
5188
4550
3703
2677
1598
649
-279
-1132
-1828
-2099
-2006
-1640
-1255
-725
365
1655
2872
3947
4771
5640
6406
6742
6706
6243
5563
4701
3634
2408
1280
223
-673
-1205
-1291
-1216
-1022
-612
29
975
1958
2676
3209
3767
4328
4542
4039
3256
2401
1348
-133
-1855
-3422
-4851
-6348
-7786
-9043
-9907
-10297
-10573
-10743
-10572
-9766
-8778
-7966
-7159
-6274
-5211
-4242
-3535
-3074
-2628
-2086
-1666
-1413
-1212
-883
-467
-226
-10
481
1218
1842
2275
2879
4026
5177
5812
6185
6596
7144
7487
7378
6965
6467
5818
5121
4089
2942
1916
981
-51
-912
-1279
-1344
-1263
-1123
-631
330
1414
2410
3225
3948
4760
5394
5666
5473
4939
4363
3594
2484
1295
146
-802
-1634
-2242
-2325
-2018
-1663
-1212
-418
666
1899
2882
3544
4048
4702
5156
4805
3931
3061
2126
806
-859
-2512
-4098
-5678
-7265
-8619
-9505
-10129
-10546
-10832
-10878
-10388
-9549
-8787
-8131
-7348
-6288
-5294
-4426
-3827
-3413
-2860
-2300
-1883
-1471
-1112
-676
-64
385
1011
1882
2698
3479
4289
5294
6413
7246
7733
8163
8569
8864
8844
8388
7802
7112
6314
5210
3859
2651
1506
364
-582
-1228
-1554
-1733
-1634
-1267
-601
298
1195
1985
2788
3531
4141
4425
4304
3945
3450
2841
1910
864
-120
-951
-1593
-2074
-2135
-1738
-1315
-762
142
1162
2319
3225
3884
4427
4980
5507
5271
4386
3367
2431
1172
-462
-2277
-4009
-5536
-7038
-8433
-9611
-10376
-10908
-11252
-11360
-11031
-10266
-9539
-8833
-8024
-7011
-5921
-4907
-4226
-3736
-3090
-2360
-1778
-1329
-869
-312
377
985
1636
2380
3171
4049
4856
5782
6827
7684
8277
8679
9017
9264
9192
8692
8049
7193
6237
5208
3907
2541
1172
23
-1098
-1942
-2433
-2737
-2828
-2535
-1879
-1091
-258
736
1639
2419
3152
3681
3873
3704
3294
2766
2030
1063
222
-562
-1142
-1639
-1846
-1523
-1118
-541
264
1231
2288
3374
4088
4542
5009
5496
5407
4563
3545
2608
1410
-198
-2038
-3889
-5496
-6991
-8396
-9583
-10546
-11086
-11369
-11521
-11280
-10605
-9689
-8922
-8009
-6976
-5807
-4739
-3873
-3163
-2538
-1762
-935
-396
25
520
1177
1842
2423
3095
3909
4687
5406
6160
7116
7982
8518
8888
9143
9325
9290
8930
8189
7333
6378
5297
3989
2525
1198
-41
-1253
-2178
-2754
-3056
-3121
-2955
-2449
-1638
-664
299
1211
2048
2875
3543
3841
3818
3547
3116
2480
1566
591
-262
-958
-1534
-1868
-1799
-1410
-865
-196
597
1590
2684
3550
4028
4431
4981
5156
4625
3610
2525
1467
83
-1610
-3413
-5066
-6622
-8021
-9326
-10359
-10966
-11274
-11431
-11377
-10843
-9898
-8978
-8171
-7216
-6072
-4888
-3828
-3055
-2504
-1782
-954
-377
4
458
1040
1693
2149
2680
3461
4374
5173
5847
6671
7647
8410
8802
8936
9009
9152
8878
8203
7274
6325
5309
4044
2603
1186
-97
-1311
-2338
-3162
-3484
-3399
-3220
-2890
-2183
-1156
-97
887
1714
2528
3347
3764
3870
3606
3145
2706
1903
966
57
-659
-1256
-1675
-1756
-1361
-800
-193
455
1284
2374
3365
3926
4153
4519
4956
4783
3948
2834
1744
598
-1015
-2921
-4657
-6152
-7487
-8853
-10015
-10723
-11019
-11237
-11253
-10865
-9958
-8900
-8040
-7081
-6051
-4838
-3672
-2810
-2262
-1652
-878
-177
313
641
1230
1928
2423
2895
3632
4460
5171
5760
6516
7429
8265
8771
8885
8912
8989
8876
8333
7406
6374
5336
4148
2845
1441
186
-1013
-2082
-2877
-3227
-3215
-3034
-2788
-2280
-1281
-108
860
1639
2424
3182
3743
3921
3714
3325
2816
2105
1209
246
-559
-1255
-1867
-2164
-1929
-1437
-966
-417
379
1409
2509
3124
3491
3927
4458
4611
3934
2955
1883
818
-617
-2448
-4168
-5670
-7070
-8496
-9687
-10477
-10839
-11047
-11139
-10838
-10094
-9051
-8072
-7185
-6201
-5019
-3854
-2924
-2356
-1819
-1110
-441
-5
425
855
1444
1983
2418
3213
4067
4864
5483
6126
7051
8123
8654
8749
8761
8852
8923
8466
7606
6612
5584
4497
3238
1858
498
-720
-1763
-2656
-3132
-3284
-3122
-2900
-2490
-1572
-442
545
1280
1935
2594
3209
3522
3342
3002
2440
1884
1064
82
-692
-1394
-1954
-2315
-2130
-1629
-1018
-580
197
1238
2385
3318
3791
4171
4713
5028
4546
3604
2570
1544
146
-1549
-3282
-4869
-6323
-7783
-9138
-10060
-10480
-10732
-10868
-10647
-10024
-8967
-7982
-7224
-6354
-5224
-4117
-3197
-2547
-2058
-1416
-727
-250
142
643
1239
1952
2393
3011
3887
4739
5508
6173
6907
7935
8753
8994
9040
9086
9207
8970
8219
7178
6177
5074
3870
2467
1051
-132
-1257
-2171
-2793
-3140
-3073
-2942
-2707
-2131
-1240
-285
527
1205
1835
2514
2861
2920
2631
2111
1489
756
-100
-990
-1681
-2256
-2618
-2626
-2195
-1641
-1106
-325
763
1955
2978
3715
4127
4631
5112
4931
4197
3168
2062
853
-701
-2578
-4268
-5753
-7219
-8591
-9655
-10301
-10722
-10946
-10867
-10459
-9565
-8619
-7844
-7017
-5980
-4884
-3877
-3090
-2591
-1984
-1335
-693
-150
332
927
1680
2277
2952
3793
4666
5495
6131
6945
7914
8697
9169
9317
9312
9349
9204
8576
7668
6650
5579
4340
2962
1584
256
-984
-2086
-2846
-3228
-3403
-3368
-3119
-2641
-1853
-915
-39
646
1279
1983
2455
2622
2547
2186
1676
1121
379
-461
-1253
-1808
-2242
-2354
-1981
-1460
-854
-100
825
1956
2958
3718
4219
4643
5164
5156
4518
3559
2378
1171
-262
-2099
-3825
-5380
-6814
-8240
-9349
-10062
-10524
-10795
-10823
-10447
-9721
-8749
-7887
-7068
-6080
-4988
-3906
-3046
-2458
-1897
-1170
-435
92
574
1215
1866
2429
3105
3866
4763
5615
6234
6940
7888
8813
9286
9350
9313
9333
9201
8704
7681
6556
5494
4321
2970
1537
153
-1138
-2245
-3074
-3642
-3906
-3780
-3710
-3291
-2517
-1549
-689
73
747
1406
2074
2417
2391
2046
1635
1191
550
-247
-1015
-1517
-1856
-1996
-1761
-1215
-565
18
926
2029
3069
3833
4283
4670
5101
5233
4647
3751
2649
1462
34
-1683
-3448
-5076
-6568
-8050
-9344
-10155
-10651
-10986
-11105
-10879
-10179
-9192
-8327
-7516
-6586
-5464
-4318
-3352
-2664
-2079
-1324
-572
60
586
1173
1852
2573
3145
3820
4653
5510
6194
6778
7522
8454
9135
9311
9195
9101
9110
8666
7764
6674
5559
4405
3109
1633
250
-988
-2183
-3087
-3693
-4053
-4028
-3818
-3536
-2880
-1887
-913
-109
647
1330
1959
2434
2542
2272
1869
1414
876
200
-512
-1139
-1536
-1702
-1544
-1098
-497
202
918
1959
3031
3911
4439
4744
5121
5379
5040
4180
3055
1847
544
-1116
-2899
-4574
-6142
-7650
-8948
-9919
-10433
-10725
-10918
-10724
-10167
-9262
-8287
-7441
-6661
-5638
-4445
-3406
-2665
-2193
-1479
-700
-54
517
990
1665
2412
2980
3612
4470
5409
6244
6837
7400
8262
9134
9443
9294
9139
9021
8729
7972
6795
5631
4476
3237
1854
448
-870
-2071
-3047
-3745
-4221
-4237
-4017
-3817
-3358
-2486
-1493
-620
134
729
1412
2064
2436
2213
1867
1531
1111
463
-208
-748
-1260
-1534
-1555
-1212
-610
80
755
1614
2587
3547
4236
4556
4882
5225
5047
4351
3301
2147
925
-668
-2497
-4233
-5752
-7279
-8703
-9810
-10528
-10873
-11073
-11050
-10620
-9819
-8754
-7798
-6926
-5947
-4724
-3618
-2782
-2139
-1525
-729
-92
416
823
1397
2097
2695
3198
3930
4831
5684
6429
6903
7629
8576
9154
9119
8863
8804
8633
8133
7164
5950
4855
3644
2254
718
-656
-1829
-2781
-3581
-4059
-4171
-3979
-3632
-3212
-2473
-1405
-323
457
1134
1771
2364
2790
2805
2511
2078
1657
1095
301
-389
-904
-1241
-1241
-966
-428
263
1012
1804
2749
3668
4411
4821
5088
5354
5255
4572
3580
2355
1019
-500
-2289
-4081
-5645
-7072
-8525
-9692
-10431
-10800
-10908
-10850
-10583
-9867
-8878
-7901
-6988
-6052
-4947
-3890
-3064
-2481
-1953
-1257
-626
-180
241
815
1515
2178
2748
3564
4565
5549
6329
6908
7686
8664
9206
9193
9044
8916
8732
8318
7326
6059
4863
3651
2354
891
-408
-1526
-2547
-3359
-3891
-4098
-3866
-3577
-3227
-2524
-1516
-521
278
912
1453
2013
2440
2538
2255
1854
1509
924
165
-427
-928
-1190
-1214
-982
-443
246
963
1759
2616
3527
4254
4678
4932
5155
5050
4376
3455
2260
945
-426
-2195
-3995
-5506
-6913
-8307
-9534
-10354
-10845
-11028
-11036
-10792
-10181
-9216
-8255
-7358
-6446
-5347
-4355
-3421
-2674
-2202
-1480
-804
-331
223
710
1375
2134
2726
3410
4360
5417
6251
6844
7647
8562
9170
9373
9225
9101
8974
8623
7752
6646
5505
4385
3045
1579
322
-849
-1904
-2829
-3447
-3644
-3545
-3377
-3087
-2481
-1629
-628
195
812
1445
1999
2449
2572
2360
1961
1512
923
234
-347
-905
-1207
-1339
-1224
-658
24
660
1409
2333
3298
4161
4647
4898
5201
5306
4811
3874
2762
1530
128
-1556
-3380
-5057
-6550
-7932
-9271
-10175
-10651
-10955
-11034
-10879
-10369
-9463
-8459
-7581
-6724
-5695
-4594
-3607
-2855
-2279
-1610
-856
-258
220
773
1496
2143
2713
3373
4270
5283
6120
6748
7373
8308
9101
9371
9327
9113
8979
8655
7915
6812
5584
4431
3120
1654
272
-942
-2151
-3173
-3788
-4093
-3992
-3802
-3573
-3050
-2177
-1216
-376
362
1027
1605
2125
2385
2241
1910
1493
1012
368
-213
-772
-1212
-1403
-1293
-789
-36
629
1321
2300
3295
4197
4855
5040
5155
5324
4979
4072
2911
1640
243
-1366
-3146
-4847
-6368
-7731
-9075
-10162
-10755
-11012
-11185
-11086
-10709
-9933
-8868
-7916
-7099
-6163
-5075
-3978
-3103
-2511
-1856
-1132
-417
204
739
1410
2104
2749
3465
4318
5293
6207
7007
7592
8356
9239
9704
9676
9461
9249
8924
8247
7180
5989
4723
3509
2174
684
-612
-1709
-2778
-3556
-3965
-4060
-3902
-3623
-3148
-2390
-1424
-553
210
845
1418
1947
2259
2336
2060
1686
1358
779
188
-301
-733
-946
-994
-653
6
715
1479
2270
3201
4116
4881
5195
5272
5443
5351
4666
3585
2223
862
-652
-2398
-4191
-5839
-7235
-8495
-9714
-10524
-10822
-11032
-11115
-10884
-10285
-9359
-8311
-7528
-6750
-5765
-4646
-3719
-3009
-2480
-1815
-1042
-351
257
732
1493
2380
3122
3909
4897
5861
6754
7455
8115
8861
9479
9752
9570
9278
8989
8496
7623
6371
5068
3777
2439
1065
-377
-1580
-2661
-3559
-4126
-4354
-4246
-3993
-3548
-2912
-2013
-1068
-190
541
1152
1723
2155
2273
2139
1764
1318
844
257
-372
-825
-1128
-1203
-1025
-543
228
993
1781
2671
3638
4471
5000
5086
5111
5215
4904
3997
2693
1298
-136
-1758
-3469
-5163
-6695
-7966
-9108
-10153
-10639
-10779
-10882
-10726
-10257
-9613
-8687
-7733
-7013
-6280
-5319
-4293
-3504
-2912
-2318
-1656
-974
-188
432
1157
2077
2857
3639
4544
5560
6517
7388
7998
8615
9367
9815
9704
9363
9024
8649
8015
7074
5799
4420
3305
2147
751
-554
-1538
-2477
-3169
-3422
-3611
-3524
-3132
-2739
-2180
-1250
-342
307
886
1405
1854
2217
2298
2126
1796
1395
953
357
-205
-589
-920
-923
-643
-134
575
1324
2030
2862
3780
4512
4857
4843
4792
4719
4188
3096
1793
373
-1050
-2643
-4243
-5783
-7275
-8475
-9436
-10308
-10680
-10697
-10800
-10578
-10033
-9380
-8467
-7519
-6881
-6087
-5126
-4204
-3372
-2775
-2186
-1473
-697
35
664
1366
2327
3169
3961
5044
6022
6873
7678
8210
8801
9531
9819
9537
9115
8821
8385
7552
6366
5116
3769
2639
1565
94
-1212
-2086
-2892
-3557
-3805
-3833
-3643
-3308
-2795
-2110
-1254
-307
345
860
1390
1926
2111
2052
1810
1328
1006
644
41
-575
-940
-1206
-1237
-841
-137
620
1425
2282
3032
3926
4725
5034
4888
4671
4521
4058
2869
1434
-21
-1509
-2967
-4534
-6181
-7574
-8561
-9449
-10165
-10457
-10393
-10297
-10059
-9662
-8962
-8047
-7259
-6671
-6123
-5150
-4274
-3541
-2868
-2350
-1620
-746
83
767
1646
2689
3687
4554
5492
6452
7301
8171
8844
9301
9650
9980
9885
9323
8724
8136
7296
6265
5065
3867
2705
1575
314
-984
-1872
-2557
-3089
-3410
-3491
-3340
-2976
-2504
-1941
-1331
-607
51
615
1027
1422
1641
1630
1518
1177
821
477
45
-471
-836
-988
-946
-750
-153
633
1386
2218
3134
3920
4507
4942
5014
4710
4451
4047
2955
1588
204
-1262
-2728
-4195
-5783
-7203
-8191
-8968
-9722
-10108
-10131
-10095
-9957
-9533
-9057
-8424
-7555
-7016
-6498
-5615
-4724
-3968
-3262
-2620
-1926
-1018
-56
767
1658
2661
3826
4772
5698
6622
7394
8307
8973
9234
9485
9719
9703
9116
8442
7846
6914
5834
4689
3435
2201
1120
23
-1182
-2177
-2724
-3270
-3759
-3868
-3757
-3503
-2939
-2436
-1939
-1169
-451
114
654
1022
1278
1425
1385
1081
633
422
36
-474
-785
-896
-839
-613
-86
695
1501
2324
3141
3818
4472
4974
4987
4656
4262
3846
3007
1704
188
-1275
-2663
-4065
-5486
-6777
-7813
-8559
-9132
-9623
-9699
-9585
-9386
-9020
-8664
-8101
-7421
-6817
-6340
-5721
-4932
-4103
-3297
-2617
-1849
-922
64
1066
2124
3106
4317
5433
6240
7195
8084
8877
9430
9556
9617
9730
9629
9005
8226
7494
6718
5856
4748
3584
2411
1296
319
-748
-1726
-2362
-2992
-3585
-3776
-3697
-3489
-3132
-2827
-2400
-1699
-946
-316
169
527
902
1182
1266
1140
907
628
272
-161
-443
-595
-666
-556
-216
449
1239
2009
2694
3333
3941
4457
4579
4302
3812
3508
2918
1664
324
-978
-2273
-3694
-5084
-6290
-7392
-8212
-8705
-9391
-9638
-9416
-9364
-9290
-8947
-8442
-7844
-7165
-6742
-6231
-5391
-4434
-3438
-2640
-1905
-957
70
1163
2288
3270
4370
5442
6234
7045
7933
8570
8983
9179
9178
9149
9068
8697
7872
7142
6533
5668
4534
3501
2436
1375
347
-582
-1510
-2378
-3031
-3626
-3971
-4018
-3859
-3553
-3258
-2763
-2073
-1342
-646
-174
359
862
1179
1227
1196
977
717
433
96
-228
-497
-527
-439
-238
366
1238
1879
2522
3266
3868
4411
4669
4561
4098
3636
3170
2202
830
-505
-1858
-3206
-4423
-5543
-6661
-7453
-7958
-8564
-8816
-8659
-8659
-8707
-8457
-8055
-7524
-6877
-6260
-5793
-5108
-4103
-3161
-2359
-1561
-674
299
1432
2565
3528
4437
5445
6183
6879
7673
8226
8568
8738
8783
8702
8623
8311
7535
6703
6087
5273
4291
3383
2435
1254
256
-511
-1550
-2455
-3080
-3620
-4108
-4168
-4005
-3962
-3689
-3205
-2707
-1990
-1233
-647
-33
586
952
1198
1437
1283
1022
744
421
124
-188
-320
-314
-291
108
889
1464
2008
2699
3347
3849
4214
4229
3966
3457
3077
2480
1330
43
-1136
-2371
-3675
-4780
-5863
-6853
-7482
-7992
-8481
-8562
-8513
-8556
-8571
-8282
-7866
-7329
-6703
-6142
-5562
-4647
-3524
-2571
-1731
-842
145
1074
2274
3260
4007
4903
5870
6569
7186
7745
8078
8273
8435
8432
8125
7866
7301
6589
5939
5279
4606
3630
2643
1718
697
-165
-1036
-1963
-2782
-3361
-3869
-4121
-4092
-4135
-3982
-3553
-2986
-2322
-1518
-809
-142
472
983
1302
1467
1562
1446
1094
780
546
202
-145
-374
-439
-355
108
828
1328
1900
2553
3176
3609
3815
3820
3410
3010
2647
1919
792
-393
-1521
-2584
-3612
-4587
-5523
-6263
-6707
-7111
-7545
-7568
-7559
-7733
-7587
-7268
-6937
-6400
-5759
-5345
-4832
-3957
-2925
-1973
-1134
-192
731
1773
2936
3860
4506
5317
6102
6557
7081
7509
7657
7831
7938
7695
7390
7085
6681
6035
5213
4582
3960
3013
2092
1267
258
-604
-1379
-2274
-3088
-3598
-3972
-4214
-4288
-4216
-3948
-3552
-2993
-2329
-1620
-882
-290
273
888
1323
1483
1573
1540
1136
807
614
259
-154
-432
-510
-470
-140
504
1055
1571
2166
2903
3398
3676
3786
3355
2982
2646
2026
1001
-65
-1161
-2292
-3255
-4162
-5038
-5842
-6352
-6846
-7287
-7402
-7434
-7565
-7528
-7215
-6945
-6391
-5826
-5405
-4795
-3798
-2784
-1895
-990
-115
829
1809
2899
3702
4337
5016
5617
5994
6395
6793
6872
6979
7051
6762
6721
6630
6035
5337
4769
4241
3633
2967
2171
1167
201
-428
-1354
-2314
-2866
-3490
-4067
-4182
-4039
-4006
-3700
-3282
-2796
-2056
-1311
-676
-108
447
972
1318
1496
1629
1354
945
800
480
150
-94
-372
-445
-268
124
725
1245
1766
2437
2958
3309
3727
3689
3264
2954
2679
2083
1219
263
-855
-1818
-2759
-3505
-4359
-5122
-5648
-6114
-6410
-6536
-6576
-6772
-6764
-6601
-6373
-5877
-5371
-4972
-4434
-3526
-2617
-1660
-684
162
997
1955
3009
3767
4285
4885
5378
5690
5947
6178
6344
6399
6281
6019
5994
5876
5529
5061
4609
4109
3591
3058
2107
1110
282
-517
-1515
-2339
-3010
-3749
-4194
-4307
-4433
-4356
-3929
-3574
-3068
-2346
-1578
-830
-89
549
991
1379
1602
1653
1388
1056
778
378
68
-326
-619
-667
-519
-325
79
694
1238
1847
2392
2812
3195
3337
3212
2848
2555
2248
1516
542
-422
-1310
-2261
-3051
-3779
-4529
-5148
-5484
-5897
-6241
-6313
-6297
-6317
-6233
-6034
-5735
-5193
-4650
-4078
-3396
-2507
-1622
-896
-50
784
1499
2206
2989
3535
4090
4756
5126
5261
5505
5644
5761
5802
5594
5425
5383
5196
4874
4366
3808
3307
2750
2128
1303
443
-385
-1147
-2001
-2726
-3240
-3735
-4062
-4139
-4046
-3763
-3306
-2786
-2217
-1609
-817
-26
609
1047
1341
1550
1672
1576
1220
817
448
185
-152
-472
-683
-631
-464
-151
530
1153
1769
2401
2765
3102
3426
3499
3255
2900
2641
2175
1407
553
-263
-1168
-2061
-2698
-3443
-4174
-4591
-5046
-5508
-5641
-5726
-5777
-5616
-5445
-5259
-4757
-4101
-3534
-3003
-2323
-1535
-737
-46
571
1132
1660
2286
2790
3165
3581
3976
4168
4323
4519
4730
4938
4938
4799
4772
4765
4632
4315
3707
3170
2739
2084
1410
559
-367
-1110
-1888
-2636
-3295
-3769
-4064
-4163
-4100
-3909
-3495
-2947
-2419
-1888
-1169
-416
198
643
979
1115
1211
1245
956
564
242
-57
-432
-809
-977
-1027
-944
-608
-93
590
1291
2002
2501
2877
3325
3559
3545
3320
3119
2936
2398
1531
740
-48
-937
-1598
-2292
-3117
-3768
-4199
-4743
-5214
-5341
-5398
-5485
-5392
-5192
-4926
-4299
-3710
-3285
-2732
-2029
-1331
-709
-171
325
821
1310
1842
2115
2490
3049
3329
3534
3811
4011
4247
4452
4428
4373
4446
4458
4290
3894
3465
3122
2584
1948
1264
425
-289
-953
-1791
-2518
-3051
-3456
-3716
-3909
-3804
-3387
-2980
-2445
-1828
-1176
-461
192
716
1129
1293
1322
1390
1200
748
402
51
-362
-684
-878
-934
-856
-658
-292
409
1103
1817
2475
3008
3485
3874
4130
4111
3785
3570
3460
2747
1921
1257
444
-425
-1094
-1771
-2607
-3244
-3705
-4196
-4583
-4724
-4875
-5005
-4997
-5003
-4691
-4189
-3799
-3491
-3090
-2532
-1975
-1491
-1009
-576
-157
379
917
1325
1716
2188
2429
2639
2967
3358
3653
3843
3915
4020
4123
4071
3975
3652
3241
2843
2461
1836
1070
340
-281
-1045
-1777
-2365
-2927
-3345
-3654
-3779
-3702
-3323
-2919
-2494
-1930
-1359
-759
-139
277
496
647
794
748
474
171
-120
-535
-836
-1054
-1288
-1265
-1047
-799
-399
369
1250
2015
2685
3338
3853
4196
4476
4423
4069
4036
3896
3227
2457
1674
874
79
-642
-1361
-2175
-2749
-3175
-3721
-4033
-4189
-4319
-4476
-4445
-4344
-4194
-3781
-3491
-3353
-3060
-2577
-2205
-1729
-1364
-1114
-646
-224
250
629
951
1476
1909
2239
2784
3249
3556
3862
3965
4084
4265
4360
4177
3794
3446
3070
2634
2012
1275
472
-253
-885
-1555
-2106
-2621
-3043
-3313
-3301
-3281
-2993
-2603
-2205
-1732
-1237
-594
-117
156
242
354
397
362
205
-171
-544
-730
-800
-862
-911
-880
-681
-308
175
823
1721
2433
2990
3623
4178
4627
4839
4794
4474
4200
3983
3531
2836
1980
1187
452
-280
-1021
-1722
-2370
-2857
-3296
-3747
-3888
-4018
-4285
-4372
-4499
-4475
-4078
-3880
-3788
-3585
-3284
-2866
-2380
-2100
-1837
-1452
-947
-337
48
470
970
1352
1766
2232
2640
3050
3297
3421
3535
3796
3882
3752
3454
3067
2784
2418
1915
1272
516
-183
-756
-1351
-1889
-2361
-2775
-3051
-3144
-3159
-2954
-2706
-2468
-2105
-1734
-1249
-781
-477
-445
-291
-211
-106
-128
-356
-539
-628
-765
-810
-758
-715
-436
51
487
1115
2034
2700
3299
3878
4384
4865
5118
5099
4861
4570
4438
4068
3350
2620
1816
979
388
-333
-1142
-1766
-2332
-2884
-3324
-3579
-3822
-4120
-4375
-4470
-4466
-4355
-4132
-4036
-3968
-3637
-3236
-2890
-2616
-2348
-1961
-1493
-886
-390
33
498
978
1526
1961
2429
2927
3230
3443
3626
3853
4087
4084
3766
3375
3077
2830
2426
1793
1085
287
-395
-958
-1552
-2056
-2429
-2766
-2977
-2901
-2883
-2646
-2357
-2124
-1822
-1362
-881
-626
-456
-371
-360
-200
-67
-165
-313
-435
-431
-438
-363
-283
-25
365
859
1405
2143
2931
3502
4025
4577
4973
5269
5418
5258
4887
4648
4406
3797
3011
2288
1557
857
310
-427
-1202
-1689
-2218
-2877
-3374
-3785
-4225
-4579
-4890
-5157
-5235
-5172
-5067
-5087
-4881
-4542
-4134
-3717
-3248
-2829
-2407
-1780
-1164
-692
-217
311
722
1149
1659
2105
2523
2897
3096
3341
3663
3720
3564
3383
3181
2967
2664
2227
1478
777
253
-406
-1107
-1586
-2117
-2704
-2867
-2979
-3133
-3096
-2987
-2893
-2678
-2175
-1771
-1444
-1124
-886
-673
-369
-120
-157
-174
-114
3
111
259
387
456
788
1211
1667
2307
3062
3669
4134
4688
5218
5533
5765
5793
5535
5329
5217
4847
4172
3490
2767
2023
1304
540
-300
-1086
-1775
-2423
-3029
-3581
-4056
-4591
-5058
-5353
-5537
-5560
-5431
-5381
-5339
-4967
-4561
-4235
-3785
-3371
-2976
-2441
-1861
-1356
-930
-411
249
725
1249
1834
2257
2756
3150
3483
3656
3888
4107
3996
3813
3609
3244
2884
2344
1633
989
368
-263
-942
-1588
-2203
-2648
-2910
-3050
-3245
-3219
-3069
-2928
-2692
-2363
-1976
-1610
-1208
-903
-616
-294
-92
107
77
145
306
460
617
800
1069
1395
1900
2408
2942
3606
4256
4738
5232
5638
5814
5905
5878
5560
5202
4968
4537
3737
2996
2234
1447
623
-224
-1063
-1962
-2620
-3264
-4054
-4631
-5073
-5647
-6012
-6291
-6486
-6454
-6265
-6135
-5869
-5494
-5024
-4553
-4097
-3658
-3159
-2638
-1959
-1317
-891
-315
294
809
1340
1820
2211
2656
3071
3453
3762
4007
4147
4121
3914
3721
3519
3057
2464
1861
1149
468
-191
-919
-1606
-2261
-2780
-3169
-3396
-3497
-3537
-3401
-3133
-2800
-2452
-1975
-1534
-1130
-604
-141
207
526
773
977
1239
1352
1543
1716
1838
2025
2405
2765
3018
3545
4073
4597
5103
5450
5733
5882
5929
5816
5595
5231
4833
4345
3604
2875
2095
1270
487
-420
-1370
-2243
-3036
-3708
-4456
-5134
-5567
-5943
-6282
-6415
-6517
-6532
-6344
-6122
-5791
-5374
-4839
-4299
-3814
-3381
-2898
-2333
-1847
-1390
-934
-354
235
758
1284
1765
2275
2783
3190
3500
3665
3876
4002
3866
3659
3475
3026
2575
2045
1359
661
-33
-663
-1339
-1991
-2562
-3001
-3368
-3538
-3607
-3556
-3235
-2865
-2463
-2040
-1461
-841
-312
148
490
871
1149
1351
1526
1621
1769
1888
1979
2156
2402
2748
3094
3499
4014
4489
4964
5339
5597
5784
5846
5820
5511
5099
4747
4292
3611
2750
1938
1132
206
-633
-1470
-2405
-3138
-3769
-4465
-5128
-5585
-5907
-6252
-6453
-6489
-6467
-6316
-6120
-5986
-5644
-5204
-4749
-4287
-3881
-3406
-3019
-2517
-1924
-1507
-1054
-431
126
613
1142
1678
2198
2661
3085
3430
3600
3820
3950
3835
3558
3306
2920
2398
1825
1225
519
-228
-843
-1561
-2258
-2693
-3074
-3376
-3448
-3342
-3170
-2799
-2305
-1794
-1215
-561
56
615
1061
1358
1654
1954
2101
2149
2192
2260
2288
2261
2405
2642
2895
3212
3604
4184
4762
5217
5593
5884
5974
5989
5983
5595
5110
4636
4017
3208
2337
1515
606
-299
-1170
-2039
-2904
-3613
-4191
-4858
-5373
-5722
-6070
-6284
-6414
-6504
-6457
-6222
-5940
-5717
-5355
-4910
-4514
-4086
-3674
-3296
-2962
-2373
-1821
-1449
-907
-233
326
710
1245
1705
2248
2714
3089
3410
3660
3918
3978
3861
3597
3291
2856
2295
1647
871
71
-685
-1414
-2135
-2752
-3190
-3576
-3644
-3530
-3394
-3032
-2496
-1990
-1479
-794
-116
474
968
1310
1649
1910
2072
2106
2144
2249
2272
2285
2358
2458
2642
2960
3318
3733
4304
4850
5195
5519
5674
5671
5642
5391
4971
4488
3996
3362
2457
1525
664
-263
-1112
-1844
-2595
-3335
-3938
-4478
-5097
-5498
-5826
-6187
-6337
-6458
-6487
-6405
-6256
-6007
-5814
-5445
-4996
-4535
-4126
-3620
-3159
-2640
-2034
-1573
-1143
-618
-16
422
959
1551
2015
2493
2926
3322
3575
3748
3952
3882
3638
3477
3168
2608
1968
1367
628
-186
-817
-1415
-2112
-2617
-2978
-3171
-3206
-3017
-2689
-2271
-1675
-1051
-404
216
853
1377
1768
2048
2319
2428
2526
2487
2409
2452
2383
2324
2388
2525
2751
3081
3518
4116
4652
5057
5445
5694
5751
5735
5625
5288
4679
4137
3525
2707
1794
919
24
-881
-1617
-2387
-3175
-3800
-4363
-4849
-5284
-5640
-5980
-6259
-6425
-6538
-6527
-6389
-6223
-5999
-5686
-5278
-4813
-4439
-4012
-3602
-3163
-2640
-2054
-1628
-1150
-582
-122
396
950
1479
1929
2418
2952
3343
3654
3925
4060
3917
3671
3399
2932
2295
1644
926
124
-564
-1216
-1931
-2482
-2838
-3082
-3079
-2949
-2700
-2294
-1788
-1195
-559
100
603
1143
1594
1915
2144
2277
2371
2370
2259
2226
2266
2116
2170
2259
2444
2858
3177
3620
4130
4540
4894
5227
5363
5372
5328
5103
4638
4031
3487
2824
1905
1030
212
-628
-1338
-2100
-2921
-3644
-4186
-4688
-5211
-5659
-6020
-6311
-6516
-6588
-6564
-6456
-6265
-6056
-5782
-5339
-4906
-4405
-3921
-3482
-3047
-2632
-2045
-1587
-1236
-730
-189
394
1001
1598
2190
2690
3255
3803
4099
4306
4463
4430
4112
3859
3504
2907
2156
1409
665
-145
-773
-1365
-1941
-2527
-2743
-2811
-2763
-2544
-2168
-1774
-1176
-472
210
759
1243
1691
2014
2317
2443
2428
2435
2360
2166
2119
2093
2042
2062
2287
2610
2971
3424
3954
4427
4786
5181
5358
5328
5199
4946
4487
3971
3465
2769
1897
944
117
-737
-1600
-2384
-3111
-3848
-4443
-4920
-5339
-5695
-6014
-6218
-6401
-6483
-6461
-6310
-6133
-6025
-5787
-5340
-4874
-4448
-4011
-3619
-3191
-2694
-2151
-1639
-1264
-836
-191
308
860
1430
1919
2387
2977
3547
3872
4167
4368
4229
3973
3744
3403
2887
2261
1469
641
-135
-799
-1416
-2087
-2509
-2718
-2786
-2693
-2548
-2270
-1850
-1294
-662
-16
518
979
1389
1661
1848
1964
2119
2013
1908
1828
1874
1906
1910
2043
2194
2438
2760
3195
3611
4086
4484
4808
5018
5043
5031
4813
4441
3925
3459
2900
2143
1243
453
-328
-1223
-1951
-2658
-3438
-4053
-4500
-4973
-5407
-5685
-5986
-6247
-6315
-6321
-6208
-5980
-5770
-5527
-5126
-4602
-4146
-3688
-3234
-2838
-2418
-1914
-1383
-1071
-656
-117
401
962
1584
2111
2564
3117
3679
4049
4322
4432
4427
4221
4028
3722
3141
2496
1773
1005
208
-492
-1157
-1832
-2367
-2659
-2778
-2742
-2498
-2202
-1832
-1409
-788
-213
360
874
1281
1652
1923
2075
2196
2122
1991
1901
1774
1716
1737
1772
1912
2190
2510
2974
3447
3870
4231
4542
4789
4899
4827
4739
4360
3825
3319
2753
1952
1069
267
-605
-1476
-2228
-2976
-3679
-4304
-4883
-5404
-5735
-6001
-6210
-6328
-6383
-6298
-6155
-5880
-5607
-5361
-5050
-4638
-4203
-3759
-3350
-2884
-2395
-1912
-1333
-882
-332
226
737
1276
1780
2298
2787
3224
3630
3960
4235
4335
4284
4137
3899
3546
3031
2507
1724
917
199
-458
-1212
-1861
-2290
-2670
-2828
-2845
-2689
-2412
-1962
-1397
-914
-318
276
743
1133
1417
1620
1700
1831
1803
1611
1668
1718
1639
1784
1884
2007
2264
2609
2949
3376
3870
4255
4525
4771
4977
4947
4787
4404
3872
3381
2796
1919
1001
227
-652
-1568
-2357
-3175
-3947
-4498
-4968
-5473
-5857
-6021
-6166
-6244
-6215
-6063
-5852
-5552
-5207
-4878
-4336
-3834
-3427
-3005
-2551
-2120
-1607
-1058
-552
-169
267
715
1060
1545
1943
2393
2929
3394
3741
4071
4268
4289
4186
4079
3882
3433
2970
2301
1516
756
-46
-919
-1704
-2345
-2856
-3208
-3363
-3374
-3231
-2884
-2463
-1990
-1424
-728
-147
428
923
1353
1698
1862
1967
1998
1953
1933
1853
1670
1679
1674
1802
2012
2270
2595
3029
3501
3870
4231
4520
4646
4683
4662
4455
4060
3607
3139
2346
1499
662
-238
-1124
-1947
-2720
-3534
-4162
-4633
-5110
-5481
-5700
-5854
-5832
-5743
-5702
-5556
-5216
-4889
-4594
-4145
-3693
-3260
-2856
-2479
-2141
-1788
-1241
-730
-322
101
585
958
1373
1817
2267
2688
3040
3390
3571
3764
3835
3770
3662
3340
3063
2557
1871
1153
400
-367
-1186
-1919
-2562
-3133
-3543
-3768
-3823
-3675
-3388
-2947
-2357
-1645
-952
-338
359
939
1400
1838
2097
2214
2275
2200
2081
1984
1913
1864
1861
2006
2159
2364
2662
3073
3508
3905
4308
4608
4737
4820
4769
4543
4106
3574
3062
2349
1505
594
-321
-1144
-1980
-2781
-3466
-4130
-4592
-4907
-5195
-5389
-5485
-5525
-5438
-5355
-5150
-4786
-4540
-4187
-3835
-3474
-3081
-2664
-2341
-1933
-1518
-1106
-718
-324
88
552
1018
1410
1828
2277
2703
3093
3453
3765
3917
3925
3928
3823
3491
3113
2684
2055
1342
696
-38
-825
-1544
-2110
-2693
-3077
-3277
-3346
-3277
-3070
-2754
-2390
-1841
-1261
-678
-135
455
941
1328
1584
1760
1856
1935
1871
1832
1838
1800
1755
1827
2015
2147
2448
2714
3019
3444
3747
4005
4189
4215
4139
4060
3813
3377
2919
2396
1653
903
134
-628
-1390
-2175
-2855
-3503
-4021
-4433
-4878
-5261
-5421
-5579
-5592
-5540
-5413
-5166
-4891
-4582
-4227
-3843
-3432
-2971
-2568
-2108
-1676
-1300
-937
-480
-115
270
730
1030
1404
1817
2173
2494
2760
3097
3541
3712
3797
3869
3649
3370
3004
2534
1857
1206
597
-130
-941
-1592
-2184
-2848
-3174
-3334
-3375
-3310
-3033
-2662
-2226
-1651
-1035
-389
148
680
1132
1547
1886
2012
2115
2133
2058
1986
1926
1876
1833
1822
1999
2188
2343
2607
2989
3303
3567
3902
4083
4168
4186
4060
3754
3370
2980
2477
1728
991
264
-499
-1290
-1963
-2660
-3268
-3744
-4045
-4372
-4658
-4771
-4918
-4933
-4905
-4826
-4594
-4287
-4002
-3622
-3221
-2898
-2524
-2114
-1755
-1389
-1036
-650
-304
-73
276
652
915
1263
1584
1895
2335
2679
2930
3223
3402
3409
3323
3202
2893
2452
2007
1335
646
13
-619
-1310
-1953
-2384
-2837
-3222
-3351
-3324
-3298
-2993
-2665
-2276
-1774
-1201
-683
-162
400
798
1184
1528
1673
1831
2003
2007
1976
1941
1934
1817
1842
1953
2061
2182
2429
2678
2886
3084
3237
3361
3386
3394
3329
3098
2745
2465
2104
1589
1038
458
-169
-800
-1367
-1928
-2518
-3073
-3370
-3670
-3973
-4137
-4237
-4371
-4366
-4287
-4172
-3938
-3691
-3424
-3136
-2786
-2446
-2146
-1909
-1597
-1313
-973
-664
-470
-120
120
394
736
1023
1337
1643
1969
2225
2515
2778
2919
2994
2969
2704
2442
2038
1541
918
292
-285
-886
-1409
-1797
-2167
-2502
-2636
-2675
-2672
-2470
-2148
-1819
-1309
-796
-262
251
687
1091
1416
1725
1972
2011
1985
1966
1962
1877
1860
1776
1714
1745
1699
1875
2033
2202
2404
2595
2898
3095
3230
3300
3340
3164
2891
2646
2369
1896
1342
834
271
-317
-795
-1325
-1885
-2329
-2709
-3072
-3370
-3559
-3702
-3803
-3851
-3746
-3679
-3541
-3330
-3142
-2871
-2537
-2317
-2053
-1904
-1753
-1515
-1292
-1189
-1019
-784
-562
-309
-54
283
568
918
1221
1565
1836
2016
2184
2328
2274
2223
2061
1776
1337
873
444
-75
-524
-974
-1479
-1896
-2118
-2271
-2352
-2315
-2164
-1851
-1558
-1227
-774
-251
86
431
821
1013
1213
1399
1459
1516
1506
1439
1378
1340
1279
1242
1224
1256
1340
1477
1746
1993
2234
2479
2712
2822
2976
3082
3079
2980
2724
2552
2245
1849
1438
932
419
-76
-497
-949
-1460
-1784
-2158
-2580
-2899
-3070
-3246
-3418
-3443
-3515
-3423
-3287
-3221
-3055
-2908
-2757
-2583
-2358
-2287
-2124
-1933
-1798
-1697
-1529
-1244
-1038
-738
-366
16
411
845
1192
1500
1922
2278
2349
2445
2408
2264
2070
1836
1387
913
529
108
-354
-779
-1058
-1368
-1586
-1577
-1604
-1519
-1339
-1100
-835
-493
-110
278
574
858
1189
1405
1580
1659
1670
1656
1603
1445
1339
1264
1185
1111
1193
1218
1313
1560
1818
2098
2314
2590
2730
2886
3063
3175
3103
2965
2909
2654
2319
1925
1532
1028
530
75
-457
-995
-1449
-1820
-2293
-2621
-2911
-3169
-3341
-3435
-3545
-3560
-3516
-3475
-3433
-3289
-3142
-3053
-3015
-2939
-2785
-2665
-2461
-2331
-2169
-1877
-1586
-1306
-984
-592
-217
251
667
1060
1419
1743
2033
2169
2260
2167
2024
1775
1479
1212
850
460
85
-281
-643
-990
-1212
-1306
-1293
-1222
-1122
-863
-613
-389
-133
122
306
513
666
830
899
971
1003
951
932
821
733
642
609
580
680
831
954
1242
1575
1911
2193
2485
2749
2964
3187
3283
3266
3219
3195
2993
2607
2309
1957
1474
996
590
22
-530
-979
-1366
-1816
-2216
-2516
-2854
-3106
-3322
-3447
-3502
-3518
-3582
-3475
-3352
-3214
-3098
-3016
-2953
-2918
-2763
-2600
-2514
-2315
-2074
-1869
-1506
-1102
-718
-340
143
570
987
1549
2034
2318
2551
2686
2686
2620
2536
2259
1810
1509
1178
638
209
-98
-453
-762
-934
-972
-994
-888
-766
-590
-425
-135
96
192
369
540
605
661
746
687
701
734
607
557
569
520
633
734
825
1073
1286
1567
1870
2169
2519
2833
3108
3330
3515
3558
3550
3455
3377
3127
2798
2498
2082
1552
1031
448
-160
-611
-1106
-1616
-2163
-2601
-2928
-3262
-3501
-3743
-3920
-3943
-4009
-4063
-3988
-3879
-3848
-3694
-3601
-3636
-3481
-3341
-3291
-3103
-2845
-2519
-2099
-1717
-1241
-765
-283
269
730
1189
1593
1963
2273
2406
2467
2438
2286
2153
1880
1515
1215
824
512
159
-186
-369
-617
-694
-779
-773
-637
-533
-398
-231
-100
-24
165
302
318
379
402
361
366
357
322
305
289
340
447
573
704
927
1219
1576
1923
2279
2630
3029
3399
3689
3856
3919
3860
3786
3743
3501
3152
2758
2283
1787
1321
777
201
-357
-875
-1417
-1908
-2344
-2737
-3155
-3409
-3637
-3896
-3946
-3971
-4004
-3989
-3946
-3865
-3831
-3760
-3632
-3560
-3304
-3097
-2967
-2610
-2309
-1948
-1441
-945
-426
89
649
1190
1560
1850
2215
2434
2455
2578
2535
2372
2229
1961
1630
1407
1095
729
443
127
-97
-276
-310
-333
-388
-235
-185
-85
83
144
257
315
442
423
441
448
366
333
389
408
324
330
402
447
550
851
1065
1321
1691
2058
2325
2702
3002
3211
3444
3591
3687
3570
3485
3320
2957
2643
2216
1680
1227
731
156
-446
-978
-1448
-1998
-2524
-2959
-3358
-3740
-4033
-4243
-4395
-4378
-4449
-4456
-4364
-4281
-4203
-4067
-3983
-3901
-3708
-3486
-3195
-2954
-2538
-2175
-1723
-1203
-713
-186
318
724
1136
1492
1881
2230
2348
2453
2543
2416
2242
2040
1772
1546
1236
968
633
310
33
-175
-344
-416
-432
-355
-279
-215
-112
12
157
205
387
443
525
592
665
631
594
685
601
584
626
712
798
929
1063
1310
1587
1945
2373
2735
3117
3484
3696
3904
3989
3928
3876
3735
3570
3237
2808
2403
1895
1327
721
168
-423
-934
-1431
-1940
-2386
-2832
-3236
-3569
-3844
-4041
-4178
-4259
-4304
-4349
-4289
-4233
-4121
-4039
-3945
-3894
-3740
-3563
-3313
-3012
-2549
-2062
-1581
-970
-403
130
709
1131
1489
1802
2140
2468
2477
2458
2380
2263
2051
1835
1566
1260
944
712
346
25
-87
-318
-514
-525
-555
-579
-394
-321
-235
-79
66
154
202
338
406
450
483
521
481
564
674
671
800
894
983
1205
1459
1645
1876
2270
2597
2842
3104
3410
3627
3709
3784
3718
3571
3358
3143
2728
2232
1730
1180
662
69
-521
-1104
-1656
-2126
-2534
-2986
-3339
-3750
-4062
-4254
-4478
-4601
-4628
-4674
-4697
-4613
-4527
-4371
-4169
-4039
-3830
-3566
-3269
-2888
-2478
-2079
-1620
-1160
-599
-114
326
787
1218
1622
2048
2355
2557
2638
2602
2578
2420
2251
1981
1737
1468
1155
858
584
388
100
-111
-226
-326
-442
-414
-355
-331
-223
-93
72
227
374
485
530
600
738
753
802
920
935
984
1059
1172
1319
1461
1646
1902
2162
2432
2776
3002
3311
3537
3639
3778
3770
3780
3591
3317
3143
2777
2272
1827
1304
676
163
-344
-943
-1537
-2061
-2524
-2990
-3411
-3722
-4070
-4323
-4512
-4586
-4646
-4634
-4565
-4576
-4418
-4226
-4021
-3786
-3527
-3295
-2942
-2542
-2194
-1764
-1384
-1035
-660
-180
315
711
1091
1478
1759
2005
2174
2260
2343
2275
2154
2045
1846
1540
1261
954
698
404
81
-112
-362
-522
-606
-665
-640
-587
-557
-438
-296
-162
-50
49
158
298
443
567
661
772
904
966
1055
1220
1358
1382
1547
1746
1970
2266
2477
2677
2892
3082
3303
3387
3442
3378
3325
3219
2975
2750
2388
1972
1497
1013
526
36
-464
-994
-1607
-2122
-2543
-2992
-3453
-3770
-4062
-4298
-4531
-4714
-4727
-4787
-4690
-4574
-4434
-4205
-3910
-3653
-3431
-3196
-2936
-2524
-2191
-1873
-1445
-982
-540
-126
412
834
1191
1537
1874
2056
2203
2356
2390
2366
2305
2181
1934
1745
1554
1227
954
707
480
216
-35
-174
-309
-485
-526
-519
-478
-381
-269
-133
10
212
394
606
731
881
1028
1142
1285
1375
1503
1645
1735
1888
2042
2129
2257
2402
2563
2735
2964
3098
3239
3296
3361
3384
3318
3251
3010
2772
2486
2108
1659
1185
645
101
-380
-929
-1352
-1956
-2413
-2821
-3273
-3647
-4033
-4285
-4468
-4680
-4758
-4707
-4716
-4599
-4518
-4379
-4144
-3843
-3602
-3404
-3087
-2836
-2487
-2144
-1735
-1332
-898
-438
-22
349
717
1100
1384
1670
1898
2123
2189
2223
2192
2110
2001
1836
1569
1354
1087
824
624
381
115
-96
-248
-402
-491
-507
-587
-632
-575
-413
-313
-232
40
181
340
531
687
886
984
1105
1284
1413
1550
1710
1863
1956
2122
2239
2389
2525
2669
2785
2892
2949
3033
3025
2958
2917
2791
2641
2305
1991
1772
1387
916
456
-25
-452
-941
-1359
-1811
-2274
-2697
-3069
-3436
-3702
-3941
-4188
-4326
-4495
-4516
-4497
-4425
-4307
-4156
-3988
-3736
-3524
-3241
-2897
-2675
-2278
-1920
-1635
-1188
-788
-401
-62
349
769
1114
1449
1661
1881
2055
2156
2117
2086
2002
1898
1798
1669
1482
1325
1176
987
762
532
360
127
-58
-111
-152
-183
-208
-137
-74
-12
230
357
464
640
760
884
986
1101
1238
1349
1577
1695
1786
1930
2070
2235
2281
2360
2445
2498
2563
2581
2675
2683
2664
2674
2670
2535
2365
2145
1866
1606
1234
789
424
11
-451
-881
-1318
-1790
-2207
-2645
-3024
-3378
-3628
-3874
-4068
-4249
-4431
-4438
-4435
-4386
-4343
-4195
-3994
-3803
-3513
-3297
-3026
-2708
-2384
-2034
-1775
-1368
-969
-583
-254
216
579
904
1220
1486
1664
1800
1987
1935
1892
1900
1932
1818
1712
1605
1411
1168
1034
835
616
461
200
18
-128
-179
-221
-293
-271
-198
-121
-14
169
250
419
624
757
924
1086
1151
1270
1455
1554
1675
1779
1788
1812
1906
2050
2106
2207
2244
2242
2313
2333
2417
2409
2369
2321
2242
2060
1870
1604
1379
1077
656
315
-60
-542
-1017
-1414
-1832
-2202
-2551
-2932
-3244
-3485
-3704
-3940
-4150
-4193
-4205
-4236
-4173
-4123
-4042
-3903
-3646
-3402
-3144
-2832
-2479
-2154
-1819
-1466
-1072
-720
-389
-26
301
607
881
1215
1469
1687
1831
1979
2074
2119
2087
2096
2023
1828
1736
1588
1395
1195
984
755
630
522
419
353
318
279
245
282
366
421
471
569
671
752
864
961
1051
1202
1280
1413
1543
1562
1594
1626
1684
1731
1827
1890
1917
1934
1939
1963
2032
2024
2010
1935
1886
1870
1718
1586
1321
1073
839
475
152
-204
-533
-903
-1304
-1655
-2034
-2430
-2848
-3143
-3465
-3672
-3875
-4094
-4196
-4280
-4272
-4297
-4239
-4117
-3979
-3841
-3549
-3251
-3014
-2692
-2386
-2036
-1705
-1221
-884
-553
-163
253
558
804
1152
1392
1539
1745
1926
1993
2016
2032
1991
1917
1918
1785
1601
1428
1226
1006
947
819
636
445
433
407
374
347
361
427
480
615
689
781
878
997
1098
1254
1295
1343
1440
1450
1521
1529
1571
1598
1518
1591
1647
1669
1651
1674
1752
1778
1838
1830
1829
1764
1735
1643
1495
1367
1079
837
555
254
-90
-415
-845
-1242
-1530
-1883
-2221
-2474
-2802
-3096
-3338
-3507
-3681
-3879
-3919
-3937
-3979
-3947
-3834
-3716
-3521
-3358
-3176
-2922
-2556
-2302
-1927
-1522
-1183
-798
-429
-94
195
496
822
1064
1315
1493
1638
1780
1829
1882
1927
1875
1861
1802
1680
1526
1408
1297
1115
1030
889
701
674
590
501
451
496
515
540
616
704
784
840
935
1004
1093
1195
1303
1348
1446
1431
1424
1515
1524
1524
1517
1533
1529
1492
1454
1391
1397
1354
1391
1391
1327
1281
1211
1132
1013
823
603
424
148
-83
-376
-646
-892
-1234
-1531
-1779
-2055
-2308
-2543
-2823
-3023
-3247
-3455
-3550
-3639
-3646
-3680
-3760
-3679
-3610
-3451
-3236
-3043
-2749
-2515
-2249
-2009
-1597
-1287
-979
-622
-350
14
297
659
913
1037
1237
1402
1485
1608
1681
1724
1780
1709
1745
1642
1527
1429
1265
1110
991
873
688
610
551
535
477
482
507
520
634
734
803
924
1058
1213
1363
1467
1503
1607
1610
1590
1662
1700
1721
1760
1741
1731
1783
1825
1767
1686
1674
1611
1616
1596
1549
1470
1342
1216
1064
881
681
545
292
93
-101
-401
-740
-1025
-1307
-1578
-1854
-2123
-2384
-2695
-3005
-3246
-3342
-3549
-3696
-3773
-3846
-3797
-3656
-3523
-3448
-3301
-3091
-2898
-2670
-2371
-2087
-1827
-1408
-1055
-720
-349
-6
311
557
839
1020
1165
1420
1567
1634
1727
1736
1673
1715
1680
1608
1503
1333
1204
1058
992
910
744
625
578
472
433
417
447
480
612
681
827
984
1053
1156
1299
1389
1443
1516
1629
1645
1574
1554
1512
1508
1451
1390
1319
1347
1288
1198
1220
1185
1118
1083
1043
983
936
831
733
608
503
318
144
-45
-293
-473
-742
-985
-1218
-1447
-1659
-1870
-2178
-2470
-2688
-2874
-3020
-3231
-3398
-3555
-3605
-3654
-3669
-3589
-3500
-3381
-3295
-3051
-2782
-2495
-2194
-1878
-1518
-1179
-789
-490
-192
139
441
748
1011
1219
1417
1580
1640
1750
1820
1888
1938
1879
1889
1758
1657
1604
1492
1406
1273
1124
1007
896
820
720
621
567
600
660
727
784
878
1015
1116
1238
1357
1458
1483
1558
1654
1715
1688
1726
1691
1676
1666
1624
1585
1471
1399
1312
1227
1161
1122
1053
1021
926
861
748
664
605
430
281
89
-122
-329
-502
-762
-1057
-1292
-1551
-1814
-2098
-2357
-2618
-2798
-2977
-3161
-3315
-3365
-3444
-3449
-3391
-3291
-3249
-3125
-3002
-2868
-2689
-2568
-2376
-2214
-1964
-1701
-1388
-1035
-819
-527
-211
28
216
410
626
880
1048
1209
1379
1490
1652
1689
1796
1802
1851
1885
1909
1909
1787
1719
1662
1625
1521
1529
1514
1515
1471
1453
1458
1468
1451
1453
1516
1448
1390
1423
1443
1367
1472
1454
1382
1292
1296
1307
1159
1119
1037
930
842
735
626
542
429
275
196
58
-108
-163
-300
-475
-659
-871
-971
-1128
-1282
-1465
-1720
-1867
-2032
-2198
-2350
-2477
-2606
-2744
-2901
-2983
-3023
-3035
-3013
-2996
-2922
-2783
-2652
-2522
-2367
-2184
-1919
-1668
-1401
-1161
-903
-667
-418
-225
-47
211
463
654
802
968
1107
1237
1360
1510
1564
1604
1598
1653
1627
1666
1587
1485
1426
1295
1192
1099
1076
1061
1008
951
1011
1084
1089
1174
1170
1222
1298
1356
1398
1404
1406
1371
1357
1347
1366
1378
1364
1298
1271
1234
1236
1240
1180
1101
1084
1019
903
824
781
760
576
408
278
150
54
-45
-206
-370
-497
-651
-681
-789
-1011
-1162
-1295
-1359
-1513
-1703
-1811
-2019
-2177
-2324
-2507
-2574
-2665
-2774
-2793
-2718
-2682
-2591
-2453
-2353
-2275
-2118
-1913
-1647
-1478
-1362
-1165
-1009
-879
-745
-596
-491
-340
-146
14
215
402
489
651
871
956
1099
1181
1194
1254
1349
1373
1292
1351
1352
1336
1283
1238
1224
1165
1156
1163
1236
1269
1319
1364
1457
1510
1532
1668
1664
1768
1829
1861
1782
1692
1682
1596
1471
1387
1272
1178
1145
1016
895
786
634
497
350
229
80
-74
-216
-405
-557
-717
-848
-1046
-1232
-1322
-1505
-1648
-1716
-1894
-2012
-2125
-2193
-2241
-2295
-2254
-2283
-2337
-2294
-2213
-2109
-2070
-1999
-1902
-1851
-1753
-1598
-1502
-1352
-1235
-1112
-919
-803
-614
-438
-298
-159
-87
31
132
256
352
544
651
769
782
846
978
973
1071
1101
1112
1160
1212
1265
1269
1329
1351
1411
1479
1465
1540
1519
1553
1559
1484
1463
1485
1535
1518
1491
1495
1508
1495
1460
1467
1421
1394
1401
1383
1454
1379
1289
1259
1125
1038
893
694
516
385
193
-59
-201
-418
-588
-752
-973
-1198
-1405
-1466
-1591
-1638
-1700
-1778
-1816
-1816
-1833
-1940
-1978
-1982
-1978
-2011
-1992
-2011
-2056
-2046
-2010
-1987
-1928
-1772
-1657
-1518
-1401
-1266
-1113
-970
-835
-652
-504
-392
-373
-223
-114
5
111
54
136
177
235
234
257
320
407
506
629
622
692
769
814
946
1025
1077
1117
1135
1119
1140
1202
1224
1192
1232
1210
1181
1239
1270
1289
1340
1354
1412
1396
1463
1530
1453
1458
1373
1367
1431
1388
1254
1168
1069
1018
897
760
601
384
285
72
-104
-237
-399
-559
-686
-865
-989
-1145
-1304
-1419
-1484
-1536
-1674
-1776
-1750
-1751
-1729
-1747
-1731
-1606
-1556
-1525
-1507
-1527
-1450
-1281
-1183
-1162
-1067
-939
-810
-714
-657
-575
-496
-314
-226
-136
-51
12
71
121
248
230
207
281
300
324
361
366
346
367
447
421
386
449
484
549
695
689
692
791
843
946
936
923
943
1009
1082
1087
1093
1092
1075
1097
1147
1152
1167
1202
1132
1168
1155
1147
1175
1120
1147
1109
1052
931
819
738
709
541
308
169
20
-115
-303
-525
-705
-822
-920
-1108
-1253
-1381
-1485
-1482
-1469
-1504
-1517
-1485
-1441
-1449
-1393
-1330
-1323
-1313
-1297
-1190
-1195
-1140
-1161
-1132
-1034
-1038
-1037
-1042
-947
-850
-734
-665
-587
-485
-297
-210
-189
-184
-117
-8
65
83
66
30
56
101
112
113
144
182
232
291
330
481
553
596
757
902
965
1038
1087
1200
1234
1172
1179
1180
1212
1169
1046
964
954
975
903
854
782
827
940
970
963
973
961
1004
1021
1017
953
821
725
603
493
302
205
30
-235
-381
-537
-737
-880
-1003
-1077
-1090
-1084
-1085
-1095
-1097
-1049
-1051
-1088
-1097
-983
-965
-999
-1008
-1035
-947
-811
-730
-816
-808
-680
-620
-586
-570
-505
-394
-276
-201
-161
-58
61
48
50
128
183
239
269
213
242
236
168
192
177
277
191
189
219
238
320
405
444
406
549
642
714
674
612
644
664
744
667
612
604
575
527
509
437
410
401
362
361
443
511
482
497
565
530
524
476
478
479
388
343
200
92
52
-16
-201
-324
-384
-417
-451
-575
-686
-657
-645
-652
-656
-802
-789
-692
-668
-630
-623
-601
-587
-596
-574
-544
-519
-577
-527
-499
-526
-486
-487
-527
-322
-290
-356
-368
-353
-321
-237
-183
-269
-270
-181
-95
-97
-165
-189
-123
-53
-51
-84
-41
-10
53
105
109
134
136
217
221
264
308
266
265
315
299
358
341
313
309
339
342
283
223
247
379
323
163
133
126
190
233
207
197
248
366
399
375
332
366
323
325
292
226
236
100
138
83
-2
-52
-91
-80
-76
-84
-90
-104
-34
30
31
62
54
100
163
226
245
217
179
251
356
343
275
244
258
230
230
177
171
153
140
157
38
61
26
-5
-4
-88
-117
-181
-236
-216
-257
-233
-234
-284
-259
-259
-299
-324
-312
-273
-241
-226
-251
-261
-185
-150
-113
-123
-123
-104
-39
-66
-122
-147
-188
-182
-243
-268
-305
-316
-298
-335
-342
-316
-336
-304
-260
-214
-249
-208
-184
-159
-5
41
58
70
110
136
95
43
6
36
72
113
81
93
166
184
242
238
262
291
338
359
411
388
344
330
335
370
370
346
318
254
265
296
265
264
255
251
194
190
188
197
178
184
97
-32
-74
-94
-169
-314
-369
-400
-361
-415
-485
-448
-489
-423
-341
-300
-343
-317
-301
-288
-248
-274
-295
-333
-351
-361
-385
-384
-368
-429
-415
-424
-459
-476
-450
-402
-347
-364
-408
-439
-270
-232
-246
-204
-298
-244
-131
-103
-92
-84
-34
102
151
196
221
286
432
419
398
534
577
713
767
736
795
808
839
897
941
975
918
901
932
953
930
838
837
861
850
872
855
700
674
722
667
570
483
387
331
306
196
102
97
35
-46
-183
-343
-377
-393
-467
-517
-613
-695
-695
-734
-696
-668
-680
-788
-756
-665
-606
-570
-604
-651
-663
-601
-652
-677
-637
-676
-692
-673
-696
-723
-712
-599
-567
-495
-524
-520
-486
-451
-515
-503
-443
-444
-436
-461
-432
-494
-488
-444
-411
-458
-390
-331
-209
-101
-9
111
169
362
454
565
621
642
675
725
780
773
775
808
881
922
932
896
861
908
953
965
951
945
983
997
1020
967
973
916
855
822
708
632
510
474
396
287
234
143
22
-28
-81
-206
-283
-301
-283
-289
-374
-378
-449
-502
-542
-577
-556
-669
-685
-688
-741
-863
-907
-872
-982
-981
-1005
-1035
-1025
-955
-896
-913
-934
-920
-818
-778
-771
-743
-779
-753
-696
-628
-636
-597
-577
-561
-422
-397
-357
-264
-260
-175
-39
30
98
275
370
384
506
576
655
772
896
958
984
1012
1036
1099
1097
1076
1047
1076
1114
1179
1195
1151
1156
1168
1117
1139
1125
1112
1111
1090
1106
1097
1025
962
913
849
743
697
540
399
315
169
15
-71
-122
-183
-256
-392
-425
-518
-509
-529
-618
-709
-778
-879
-930
-994
-1140
-1195
-1185
-1256
-1249
-1225
-1332
-1279
-1237
-1237
-1192
-1211
-1222
-1171
-1053
-1009
-974
-942
-847
-837
-795
-773
-771
-704
-644
-557
-564
-542
-451
-448
-342
-270
-274
-212
-64
40
147
206
245
363
529
533
637
729
778
929
961
1035
1093
1162
1146
1172
1213
1219
1239
1210
1165
1169
1198
1178
1128
1138
1208
1149
1086
1086
1010
1043
960
848
720
634
612
539
376
219
153
82
-8
-81
-181
-301
-378
-497
-541
-596
-661
-726
-716
-773
-856
-951
-1075
-1049
-1039
-1073
-1127
-1146
-1192
-1218
-1178
-1198
-1192
-1158
-1070
-1023
-1030
-987
-909
-849
-743
-698
-708
-695
-594
-473
-401
-369
-410
-351
-271
-206
-133
-99
-102
-71
38
80
148
218
261
350
445
550
586
696
805
862
911
978
1056
1169
1168
1196
1176
1164
1215
1283
1292
1291
1286
1272
1290
1279
1239
1167
1161
1161
1187
1150
1029
958
930
896
809
714
613
501
407
313
154
36
-80
-176
-248
-360
-399
-488
-622
-667
-781
-935
-1008
-1071
-1125
-1144
-1205
-1299
-1411
-1435
-1468
-1504
-1535
-1513
-1549
-1574
-1578
-1571
-1523
-1438
-1342
-1294
-1251
-1181
-1143
-1016
-904
-767
-706
-694
-593
-430
-324
-326
-285
-206
-57
14
120
83
155
299
350
410
423
465
542
672
689
684
728
800
852
858
837
867
875
911
952
973
930
971
1003
997
1072
1043
996
1027
1138
1132
1076
908
887
883
851
804
727
731
724
754
652
535
416
391
391
387
287
196
109
40
-92
-243
-292
-402
-525
-565
-662
-740
-755
-883
-932
-1011
-1081
-1108
-1116
-1133
-1091
-1077
-1154
-1177
-1083
-987
-995
-987
-1062
-997
-825
-732
-726
-745
-678
-543
-418
-365
-340
-253
-89
11
103
117
235
268
309
363
322
381
415
424
477
524
475
486
500
540
593
577
509
499
630
641
643
576
567
633
638
724
653
629
647
704
682
658
549
560
592
623
650
553
602
590
571
566
540
508
476
479
519
465
366
286
293
244
130
43
-110
-78
-113
-163
-305
-391
-469
-496
-582
-722
-865
-947
-929
-963
-1004
-1108
-1167
-1204
-1246
-1238
-1255
-1314
-1279
-1280
-1231
-1148
-1175
-1118
-1039
-949
-880
-868
-823
-688
-553
-504
-475
-437
-374
-233
-84
-55
-16
-4
197
284
257
337
354
426
482
463
436
406
500
562
560
635
645
649
654
701
742
705
693
695
691
736
708
658
717
783
774
764
698
592
618
697
682
593
560
590
682
643
590
604
600
591
575
474
345
342
298
323
229
233
189
49
-17
-51
-98
-200
-224
-345
-413
-528
-635
-706
-757
-795
-793
-833
-923
-913
-898
-825
-878
-959
-919
-847
-833
-898
-913
-865
-672
-592
-624
-565
-520
-428
-398
-307
-240
-143
-51
26
146
170
250
287
362
391
442
473
446
498
553
549
565
507
477
570
530
558
499
511
564
556
537
495
475
460
427
394
396
375
386
428
421
430
369
272
352
327
257
252
221
163
161
180
118
173
236
241
208
141
73
-6
18
37
-13
-174
-179
-181
-211
-280
-379
-474
-498
-482
-644
-695
-735
-755
-725
-739
-780
-823
-864
-888
-897
-972
-977
-995
-1009
-928
-882
-883
-821
-766
-678
-538
-504
-454
-418
-290
-191
-148
-141
-102
-8
89
177
168
176
239
392
407
437
477
479
580
590
597
524
569
618
595
564
505
421
322
374
360
329
311
277
294
395
419
422
415
452
512
470
440
324
269
366
346
332
239
222
362
394
446
375
388
443
489
453
464
508
438
486
395
387
269
198
203
184
133
38
-32
-67
-84
-120
-208
-345
-411
-430
-412
-503
-541
-578
-670
-626
-681
-760
-751
-774
-671
-666
-718
-736
-657
-562
-514
-496
-540
-421
-382
-313
-275
-225
-201
-124
-3
63
132
162
202
290
369
365
381
336
349
406
396
341
277
222
225
261
282
213
172
195
112
59
-32
-72
-41
-46
-108
-133
-116
-51
-81
-35
19
-81
-53
-30
-25
39
14
18
74
133
174
184
155
145
167
235
255
236
254
353
406
383
310
225
247
252
208
61
50
31
-27
-59
-201
-248
-316
-386
-407
-438
-504
-597
-589
-608
-597
-663
-688
-635
-563
-583
-602
-550
-565
-472
-410
-408
-388
-315
-171
-93
-81
-60
-23
83
186
244
251
311
396
443
492
517
542
582
605
623
629
592
578
479
443
434
356
306
266
238
224
196
58
57
93
62
28
13
-18
-35
14
-32
-74
-145
-38
53
54
-6
-60
-34
67
100
90
72
86
233
202
181
244
288
280
321
326
286
239
228
210
201
216
69
87
1
-16
-26
-159
-242
-236
-241
-253
-343
-440
-536
-498
-463
-535
-566
-574
-484
-480
-460
-431
-455
-362
-372
-387
-351
-371
-300
-160
-106
-24
67
40
119
111
186
195
201
285
310
295
274
263
291
348
369
330
287
168
174
188
86
23
-25
-39
4
-17
-48
-105
-181
-140
-191
-229
-290
-304
-273
-191
-144
-212
-190
-143
-76
-65
-64
-104
-137
-71
-25
-8
9
-9
-4
97
158
134
118
190
257
320
293
231
311
321
324
324
280
175
163
120
44
-31
-176
-226
-173
-185
-251
-247
-268
-255
-232
-274
-288
-253
-168
-112
-158
-154
-181
-209
-168
-107
-75
-73
-25
33
121
187
131
178
208
267
305
259
309
350
446
433
422
386
326
377
347
287
215
206
176
138
124
-11
-90
-200
-189
-222
-227
-295
-374
-290
-268
-336
-341
-340
-317
-221
-248
-317
-335
-277
-120
-132
-121
-120
-127
-12
94
99
161
189
198
277
315
250
253
405
432
460
473
509
482
489
436
481
443
366
362
323
243
170
115
143
132
84
-15
-178
-233
-230
-216
-246
-264
-261
-301
-308
-281
-387
-421
-399
-381
-356
-364
-377
-321
-260
-247
-175
-159
-118
-145
-136
-71
-94
-96
-41
64
139
104
105
119
73
148
128
8
42
58
62
10
-1
-127
-151
-149
-187
-221
-320
-277
-327
-320
-359
-455
-464
-413
-376
-363
-360
-332
-339
-377
-324
-309
-300
-333
-249
-79
17
3
-2
48
178
216
228
312
409
455
486
485
437
488
503
549
487
409
410
377
447
448
336
239
271
270
259
246
195
137
135
159
96
46
-28
-4
19
21
12
-73
-54
-40
-15
10
-39
-66
2
-22
-19
-23
-47
-20
65
89
10
29
25
114
122
66
9
-25
96
72
18
1
-35
-11
6
17
7
-12
-56
-14
-80
-141
-272
-295
-234
-225
-197
-258
-312
-259
-205
-222
-252
-302
-245
-195
-154
-124
-225
-185
-112
-98
-95
-50
-59
15
131
198
242
190
221
300
324
331
312
288
359
371
363
329
277
340
337
257
252
221
129
205
153
79
-28
-92
-15
-32
-102
-164
-222
-189
-182
-184
-190
-288
-338
-296
-274
-247
-299
-303
-237
-241
-188
-189
-215
-264
-196
-24
-60
-101
-106
-28
25
-12
-43
-80
-39
15
-33
-85
-79
-27
17
3
-39
-78
-129
-96
-64
-68
-138
-201
-168
-172
-172
-152
-174
-261
-236
-177
-212
-225
-257
-255
-203
-125
-184
-158
-44
17
-12
-17
-22
86
186
121
174
187
293
325
432
486
430
441
447
517
519
464
503
530
494
545
538
505
431
385
384
415
377
221
182
196
167
72
17
-61
-52
-22
-59
-164
-133
-64
-56
-180
-281
-242
-225
-203
-247
-293
-275
-250
-187
-179
-213
-202
-179
-187
-121
-104
-53
-83
-119
-32
-6
20
0
-5
-29
-67
-57
-110
-170
-121
-56
-60
-201
-230
-236
-235
-163
-227
-236
-216
-184
-176
-264
-266
-243
-222
-184
-192
-141
-141
-164
-134
-74
-74
-33
-6
0
121
211
208
228
280
365
456
372
361
466
543
623
612
529
505
502
499
486
398
364
363
339
297
225
161
202
129
108
67
-49
-45
-115
-201
-297
-298
-305
-319
-315
-368
-430
-492
-502
-435
-380
-402
-462
-535
-462
-409
-428
-447
-389
-307
-256
-201
-250
-257
-146
-62
-66
-132
-184
-117
-103
-65
-40
-70
-63
-12
9
-36
-22
-85
-60
-54
-114
-108
-163
-181
-153
-90
-43
-82
-140
-67
-16
-31
-22
-58
1
60
107
99
110
142
183
281
273
276
287
386
439
452
392
416
489
474
499
499
512
482
533
505
550
498
380
410
375
435
356
277
280
282
286
198
108
92
141
94
43
-11
-23
-56
-102
-88
-186
-189
-165
-156
-133
-203
-255
-257
-223
-175
-168
-226
-241
-171
-140
-161
-212
-205
-195
-99
-44
-60
-114
-205
-156
-98
-74
-158
-195
-182
-236
-237
-233
-284
-240
-165
-189
-222
-266
-183
-152
-209
-170
-248
-268
-263
-193
-209
-200
-273
-288
-161
-76
-111
-132
-88
-10
72
71
72
117
115
168
213
133
63
134
231
267
281
285
300
273
335
307
292
255
261
286
237
232
233
176
208
136
127
70
4
41
1
-26
-119
-202
-222
-187
-230
-198
-232
-279
-232
-232
-319
-375
-339
-305
-331
-350
-344
-363
-258
-217
-202
-199
-242
-134
-134
-135
-90
-108
-121
-103
-50
-44
-36
-21
-17
79
128
120
12
39
99
131
92
33
46
48
66
60
10
-15
66
111
140
133
127
150
154
153
120
108
133
264
340
324
362
279
307
351
444
461
431
498
546
552
493
455
444
427
466
438
409
371
339
374
315
314
276
209
154
178
137
29
-2
-61
-125
-123
-166
-209
-236
-252
-208
-313
-343
-297
-255
-246
-301
-400
-420
-324
-325
-346
-379
-387
-319
-299
-289
-301
-326
-318
-314
-288
-273
-257
-177
-202
-142
-189
-221
-268
-334
-303
-258
-260
-284
-247
-301
-241
-187
-219
-241
-139
-76
-9
-39
-111
-124
-92
-11
-12
-35
-48
-7
39
77
57
110
200
273
257
337
323
366
379
289
318
258
253
254
287
276
273
223
211
190
186
225
257
213
225
217
159
113
27
80
133
44
-37
-25
-39
-7
-1
-109
-152
-166
-103
-128
-227
-190
-193
-197
-187
-212
-249
-221
-251
-302
-308
-277
-176
-164
-228
-182
-164
-155
-157
-167
-110
-70
-118
-136
-169
-70
-48
-102
-176
-113
-37
-8
17
-42
26
48
55
76
43
31
93
102
23
39
96
92
144
146
147
135
173
207
165
216
301
292
263
314
362
401
340
362
334
395
475
363
382
391
428
391
347
308
335
348
259
259
184
163
179
167
105
45
40
24
55
-60
-3
7
-14
-39
-97
-91
-149
-175
-249
-249
-250
-313
-324
-296
-286
-269
-305
-326
-272
-242
-275
-230
-228
-210
-198
-242
-258
-212
-138
-133
-129
-144
-124
-132
-171
-202
-232
-193
-157
-154
-122
-142
-110
-101
-82
-138
-113
-71
-105
-169
-126
-79
-124
-115
-124
-112
-108
-131
-183
-164
-91
-63
-92
-103
-81
-108
-58
-5
25
33
71
161
237
174
126
167
138
76
73
113
154
155
196
260
280
240
273
298
261
230
137
142
103
81
57
19
-58
-92
3
14
-22
-62
-29
-74
-63
-18
-82
-109
-137
-151
-138
-196
-181
-183
-168
-186
-202
-242
-205
-121
-63
-22
-12
-3
12
34
168
126
35
85
121
162
100
88
93
143
181
163
139
51
111
116
131
157
160
167
155
168
138
108
35
105
85
80
89
46
46
109
198
173
148
109
157
216
237
137
105
130
200
228
197
135
214
259
289
197
127
83
105
180
146
100
79
41
18
26
19
31
28
-1
-67
-120
-130
-121
-113
-156
-101
-127
-269
-283
-264
-207
-302
-323
-313
-310
-306
-290
-382
-343
-312
-345
-294
-312
-331
-289
-270
-311
-323
-288
-262
-248
-151
-108
-89
-63
-18
-29
29
54
-9
-2
-50
20
47
11
1
17
96
138
3
-71
-25
7
13
-39
-50
-20
50
78
42
-3
44
65
-11
-32
-22
-1
-36
-41
6
21
37
76
58
78
133
78
57
79
92
113
69
0
20
112
91
5
-1
31
118
134
83
67
26
83
60
43
58
36
149
153
118
126
83
105
110
56
42
57
1
64
87
64
38
18
0
98
161
131
104
55
123
146
71
39
54
154
133
94
-26
-2
131
88
145
111
58
105
94
49
94
62
13
24
53
83
106
81
85
91
24
24
34
-37
-27
48
52
-8
-87
-11
89
91
-14
-70
-19
43
68
-42
-120
-115
-78
-70
-103
-132
-123
-117
-115
-118
-156
-152
-120
-56
-101
-92
-49
-139
-182
-170
-205
-208
-212
-221
-203
-215
-211
-223
-201
-109
-86
-133
-202
-174
-162
-119
-44
-103
-151
-84
-55
-33
-26
-113
-85
-49
-82
-60
-82
-78
-22
-1
15
12
18
93
148
129
72
45
52
90
156
125
74
52
97
88
94
3
-61
33
19
-69
-70
-31
-27
0
24
-31
-4
-20
-51
-50
2
-22
-55
32
-24
5
43
-43
-66
-26
16
60
32
16
38
75
60
65
55
66
110
93
145
124
143
212
166
166
185
198
256
271
226
210
221
228
180
149
100
124
54
24
82
117
81
65
75
45
23
8
-16
-36
66
23
36
14
-21
36
46
61
-31
24
55
26
57
-25
32
79
69
42
44
51
80
103
116
121
74
71
57
34
26
-5
-58
-53
-107
-61
-72
-187
-194
-193
-177
-237
-293
-288
-204
-178
-185
-257
-216
-151
-148
-167
-202
-188
-188
-102
-83
-66
-71
-51
-74
-142
-113
-84
-42
-47
-33
7
33
-19
11
52
121
96
-32
6
26
65
60
16
-74
-74
0
-19
-60
-132
-88
-49
-129
-172
-158
-154
-158
-170
-170
-149
-118
-123
-154
-200
-125
-86
-106
-84
-72
-32
-12
-40
-10
66
38
32
-12
42
87
80
111
11
32
140
231
209
200
225
262
250
203
150
165
149
109
54
-18
52
83
-39
-52
28
10
-9
34
-3
44
106
118
125
98
124
125
149
50
75
127
133
90
55
49
52
39
-9
55
77
65
78
23
-21
48
25
-63
-31
-68
-19
96
55
-6
24
29
-17
-40
-57
-41
30
58
37
74
61
52
95
68
118
172
136
100
154
203
165
121
82
147
149
114
35
23
71
85
121
-6
27
84
9
-36
-104
-120
-37
-28
-40
-59
-88
-113
-161
-138
-213
-190
-179
-218
-160
-122
-94
-118
-101
-156
-106
-44
-74
-120
-152
-65
-109
-87
-169
-126
-116
-65
-85
-94
13
9
12
-107
-81
-35
-12
6
-4
10
10
31
63
36
-3
-44
-63
-58
-44
21
-17
-98
-92
-116
-53
-80
-182
-222
-135
-85
-111
-106
-182
-170
-129
-131
-175
-150
-130
-118
-104
-92
-52
-52
3
22
-69
-56
-40
66
25
44
60
17
65
58
87
71
55
20
70
140
146
136
67
71
155
128
125
120
114
114
87
42
-6
-12
11
-9
-3
-14
-81
-18
-24
29
28
72
81
94
109
67
77
104
137
198
163
117
151
76
84
139
122
123
121
138
127
115
160
64
92
93
56
115
109
192
163
150
147
122
96
56
19
-45
-103
-131
-63
-70
-64
-46
-142
-102
-31
-19
-6
-64
-42
41
45
90
83
20
56
56
-1
-21
-5
41
30
53
10
-8
-4
-24
-45
-4
8
-9
61
92
39
3
5
-22
13
40
48
-26
-9
11
-27
-7
-81
-156
-132
-53
-73
-83
-70
-70
-55
-84
-59
-46
-33
-60
-99
-106
-116
-136
-101
-134
-106
-124
-179
-123
-117
-130
-92
-100
-75
-54
-73
-119
-155
-156
-182
-152
-121
-97
-95
-105
-44
-39
-64
-112
-128
-38
-14
-6
-34
-118
-65
-74
-70
-61
-57
-27
1
-25
6
24
15
74
88
41
26
61
77
109
128
109
79
168
174
174
170
77
116
142
126
132
123
60
19
76
43
37
18
3
-29
-22
11
39
16
-5
30
9
3
-62
-12
0
1
-17
-33
37
41
61
31
-1
13
46
58
62
-4
10
52
52
110
107
70
125
94
111
84
110
86
49
70
44
58
82
44
18
9
-17
-16
-36
-39
27
-25
-85
-83
-117
-33
-53
-55
-34
-8
2
28
-14
-33
-17
-6
17
33
-9
-9
27
59
64
8
45
32
30
55
67
73
71
78
98
101
64
61
26
17
-14
-77
-51
-24
-20
-38
-103
-113
-96
-92
-90
-120
-89
-119
-109
-106
-112
-146
-140
-140
-162
-138
-154
-102
-122
-143
-149
-99
-118
-94
-82
-81
-26
-48
-27
20
18
25
-2
47
69
132
146
104
82
36
80
110
89
106
90
78
81
63
68
4
42
34
-28
-14
-16
35
21
14
11
0
-45
-54
-36
11
-31
-34
-27
-12
7
7
7
-28
10
19
15
-13
-33
7
20
-28
-5
-18
15
76
51
-6
-41
31
61
42
-2
-2
-12
20
15
-17
-8
18
26
14
-22
-34
-27
-68
-70
-91
-12
-57
-65
-18
9
14
-41
-29
-44
-22
26
10
6
40
46
53
61
33
44
70
125
141
117
136
184
196
125
146
125
128
145
95
71
75
100
65
24
58
13
41
47
-8
10
-23
-48
-104
-69
-70
-89
-111
-152
-127
-127
-136
-201
-155
-112
-87
-84
-66
-88
-101
-68
-66
-62
-115
-80
-65
-51
-26
-42
-32
-34
-8
-17
40
31
85
81
35
42
45
36
23
72
74
92
71
41
36
74
30
22
53
49
57
12
-4
-51
-33
-38
-37
-27
-63
-38
-21
-71
-100
-98
-124
-75
-43
-69
-59
-81
-57
-27
-42
-74
-109
-74
-36
-36
-1
-28
-48
-33
-17
-51
-67
-61
-42
-25
-49
-64
-49
5
-9
28
35
27
-2
-12
17
-18
-28
-25
-4
-14
10
12
26
36
56
76
110
63
81
115
96
108
111
96
112
128
156
162
105
142
129
112
105
95
139
131
148
111
60
118
87
76
46
27
44
46
48
70
97
79
91
86
90
74
26
11
-20
-40
-2
-7
-58
-46
-25
-33
-99
-69
-64
-77
-77
-82
-88
-42
-39
-61
-54
-85
-76
-38
-13
-4
5
-30
-38
-63
-54
-25
-36
-41
-51
-49
-8
1
-49
-32
-35
-19
-25
-54
-44
-39
-45
-67
-88
-90
-74
-87
-75
-59
-97
-102
-74
-85
-64
-76
-69
-68
-69
-70
-74
-107
-78
-52
-50
14
-8
-21
-7
34
33
21
54
34
31
46
19
12
-1
47
21
-3
19
28
35
1
-23
-39
-81
-52
-47
-38
-34
-20
-20
-41
-60
-48
-39
-70
-43
-23
-14
-20
-36
-28
-11
-7
-21
-4
-23
15
21
4
34
41
69
73
44
50
79
77
59
74
100
105
118
106
106
76
86
76
69
103
81
91
54
49
82
80
70
76
101
91
90
68
28
59
44
27
34
8
17
17
19
8
-7
26
32
37
24
15
37
23
17
21
9
17
-18
16
68
57
65
49
54
51
74
43
61
76
63
54
-1
-26
-50
-37
-32
-58
-52
-51
-24
-39
-49
-99
-104
-98
-113
-91
-123
-122
-99
-120
-85
-83
-87
-75
-86
-77
-48
-75
-81
-70
-48
-30
-29
-35
-23
-20
-24
-14
-21
-20
-1
25
29
0
8
23
-7
0
-8
2
8
16
17
3
7
-5
-52
-26
-31
-32
-4
-20
14
8
-7
0
-32
-19
1
15
-14
-63
-35
-25
-43
-36
-42
-9
-3
-3
19
8
-4
35
22
-2
-9
9
-7
-26
1
8
19
13
22
-10
-8
6
3
-2
19
10
10
-37
-49
-24
-20
-45
-93
-68
-45
-37
-59
-43
-37
-37
-35
-49
-62
-26
2
4
0
-35
-9
-5
7
-3
32
55
20
33
30
45
68
48
62
69
87
81
71
78
88
105
117
98
85
97
86
105
73
80
105
123
112
75
75
82
60
86
60
39
72
59
64
38
56
52
20
23
17
25
37
28
19
14
1
-17
-47
-12
3
5
-10
-16
-18
4
18
-24
-27
-30
-15
-16
-10
-20
-20
-34
-41
-61
-84
-61
-32
-29
-75
-51
-36
-39
-62
-48
-72
-89
-91
-108
-66
-56
-82
-89
-85
-58
-17
-48
-64
-49
-46
-8
-4
-29
-19
-15
4
0
-27
-27
-21
-2
0
-27
5
23
32
25
8
30
35
19
0
-5
-9
-11
-18
-5
-24
-15
-10
-54
-21
-32
-30
-44
-43
-12
7
-19
-39
-58
-62
-30
-29
-61
-86
-57
-61
-23
-35
-33
-2
6
-17
-46
-33
-19
-14
-15
-8
-18
-1
-19
-23
-17
-6
8
30
52
76
76
60
62
72
89
97
96
84
82
91
79
75
72
74
95
78
60
54
58
44
65
63
58
64
71
72
61
49
31
-1
0
11
15
10
15
17
3
28
-8
-23
25
19
42
6
-16
-7
4
4
-9
-19
-25
-10
-13
-5
-17
-3
-16
-24
-2
-16
-42
-34
-46
-32
-35
-28
-33
-56
-48
-41
-64
-43
-36
-45
-13
-23
-29
-27
-13
15
7
-20
-34
-21
-4
-24
-39
-33
-29
-16
-9
-16
-19
-7
-1
4
-2
17
3
12
9
12
29
29
5
-7
19
35
29
12
19
43
22
6
-12
-2
-8
18
30
0
7
16
34
19
9
18
13
8
15
16
14
20
6
-17
-24
-6
3
-13
-7
-8
-3
-6
-16
2
-22
-40
-64
-75
-67
-72
-100
-102
-99
-108
-90
-98
-73
-68
-59
-52
-54
-41
-16
-30
-28
-28
-26
-32
-36
-37
-38
-40
-18
-5
-13
12
2
6
15
18
37
40
54
58
49
54
46
41
45
50
41
85
56
48
76
70
71
81
71
75
105
104
99
90
99
87
66
80
72
73
84
73
65
77
67
72
67
40
47
65
78
80
82
81
63
21
11
6
21
5
-14
-11
1
7
-9
-7
-44
-51
-52
-36
-51
-85
-88
-94
-89
-103
-86
-85
-92
-108
-96
-109
-76
-115
-120
-99
-97
-100
-107
-85
-66
-53
-50
-43
-56
-53
-44
-27
-49
-40
-29
-5
-13
-23
-34
-25
-10
-5
27
39
36
14
34
33
53
48
30
52
32
43
29
31
32
18
32
16
-9
2
35
23
-13
-3
-12
-10
-10
-9
0
9
16
28
17
6
0
-9
-2
16
41
4
3
-8
-14
1
-18
-28
-10
14
14
25
6
0
16
8
15
-5
2
8
-1
5
-24
-18
-9
-15
-16
-19
-12
-24
6
18
13
10
12
4
-8
11
-8
-23
-16
-11
-13
20
3
-9
14
10
2
-14
-26
-17
3
17
2
-11
-7
-2
-5
8
3
10
30
17
19
24
19
28
32
18
27
45
60
65
71
57
63
59
52
52
64
37
33
56
64
61
59
33
30
36
37
40
15
39
54
31
38
33
14
14
6
-3
-13
-12
-3
-1
-14
-22
-23
-18
-20
-9
-36
-27
-34
-56
-28
-17
-19
-41
-33
-45
-31
-36
-49
-56
-40
-23
-45
-52
-45
-28
-43
-54
-58
-59
-59
-44
-40
-43
-58
-43
-20
-21
-31
-28
-29
-27
-20
-3
7
-12
-15
-21
-6
-20
-40
-42
-23
-26
-10
-19
-27
-29
-6
-7
-29
-19
-18
-11
-15
-16
-33
-25
-20
-8
-6
-7
-6
-6
1
-5
-4
-10
-23
-31
-12
-2
9
-9
2
20
17
16
9
20
36
64
41
26
40
24
29
27
9
13
23
19
7
10
13
6
8
3
-18
-12
2
-17
-12
0
-5
-6
-7
14
25
37
26
22
15
19
21
-5
19
16
24
47
15
9
33
54
54
43
41
59
76
64
76
58
40
46
40
43
37
25
15
16
5
5
0
8
16
24
25
23
13
19
25
25
22
3
14
17
24
12
10
25
11
27
11
-8
16
4
0
0
-5
18
28
35
27
18
26
23
16
8
6
-15
-14
-9
-26
-15
-19
-14
-43
-41
-31
-31
-39
-39
-29
-25
-22
-58
-44
-45
-38
-42
-35
-58
-38
-36
-41
-36
-58
-45
-41
-39
-35
-34
-38
-29
-38
-31
-40
-47
-53
-35
-33
-47
-50
-70
-71
-62
-55
-33
-21
-29
-15
-17
-42
-57
-41
-55
-52
-35
-57
-38
-26
-26
-26
-27
-25
-31
-33
-20
-23
-31
-9
-9
-12
-16
-13
-5
1
22
32
34
29
32
37
30
32
17
15
31
58
54
71
59
76
79
69
66
45
62
54
67
54
51
41
39
35
28
34
31
23
34
43
19
25
33
19
37
44
56
59
56
61
53
39
49
48
30
49
29
27
32
43
47
38
26
39
36
41
38
22
25
9
26
7
4
16
14
5
6
8
-11
-14
-37
-37
-35
-28
-36
-27
-24
-21
-30
-34
-26
-20
-9
0
-17
-26
-16
-22
-40
-51
-40
-51
-39
-43
-48
-27
-29
-23
-9
-16
-17
-16
-9
-11
-21
-19
-34
-37
-27
-28
-35
-42
-37
-35
-49
-36
-39
-38
-20
-30
-20
-33
-43
-34
-34
-20
-35
-45
-24
-20
-29
-38
-51
-29
-28
-23
-20
-22
-16
-22
-19
-12
-5
-6
-7
-7
2
6
-6
1
-3
6
14
15
27
38
34
23
17
24
41
51
42
26
19
32
21
25
24
17
26
8
33
24
2
22
1
-9
-3
-3
15
23
24
20
28
37
34
16
7
1
-8
-2
5
17
23
12
-6
12
10
25
26
26
31
27
35
8
3
-10
2
7
0
-13
8
3
-8
7
10
7
17
14
14
23
17
15
4
16
34
21
20
33
17
32
38
22
47
45
39
39
27
16
22
22
21
14
8
6
3
14
-7
5
-5
0
-4
-16
-18
-27
-25
-37
-23
-18
-40
-37
-25
-34
-29
-31
-29
-21
-29
-35
-44
-44
-32
-33
-13
-11
-21
-14
-11
-6
-1
-17
-19
-8
-6
-7
-4
1
-29
-20
7
-1
3
-2
2
17
-5
-12
-18
-4
-2
2
4
-18
3
7
-4
-15
-13
-33
-39
-35
-51
-50
-51
-41
-36
-46
-58
-48
-51
-64
-26
-35
-52
-36
-46
-27
-20
-4
-21
-32
-15
-13
-17
-17
-16
-7
-12
8
18
14
34
38
28
43
49
42
57
33
40
44
50
46
41
44
37
30
47
43
33
41
46
44
54
53
58
52
42
35
30
41
33
32
31
40
16
29
36
33
40
27
7
8
23
24
17
10
3
-14
-3
-3
-3
-13
-5
-2
-4
-18
-22
-24
-26
-21
-34
-26
-32
-47
-37
-24
-46
-27
-9
-22
-2
-20
-40
-29
-33
-32
-21
-29
-25
-17
-9
-23
-18
-17
-10
-4
4
12
-3
-15
-2
15
26
21
14
12
22
15
12
11
11
12
23
12
21
30
23
41
34
30
24
15
17
20
9
8
16
18
13
13
17
-10
-15
4
20
-11
-12
-6
-15
-22
-31
-32
-23
-30
-29
-21
-23
-15
-11
-13
-12
-26
-26
-13
-26
-8
-34
-42
-33
-38
-33
-22
-39
-38
-19
-39
-22
-28
-24
-16
-28
-19
-28
-29
-20
-20
-13
-14
-17
-24
-24
-9
7
-6
-6
-4
-9
11
0
-5
-15
4
11
20
24
28
25
28
24
15
28
31
33
27
32
17
31
43
28
37
29
23
24
32
30
27
41
34
37
44
49
60
50
34
30
32
23
8
2
9
3
-3
-4
10
-13
-17
-3
-15
-20
-21
-2
-13
-15
-20
-24
-12
-19
-23
-27
-31
-23
-23
-30
-35
-34
-29
-29
-14
-16
-19
-21
-21
-18
4
1
0
15
15
24
31
10
12
7
8
22
19
16
20
29
37
32
34
45
34
34
29
37
20
22
34
36
42
30
35
32
8
-1
-7
-3
-8
0
1
0
-5
0
-15
-14
-16
-30
-16
-24
-27
-28
-24
-13
-16
-21
-30
-25
-31
-34
-21
-26
-17
-30
-40
-31
-31
-37
-37
-14
-17
-16
-20
-34
-29
-38
-46
-33
-18
-25
-27
-26
-12
-25
-20
-13
-5
0
-4
-14
-17
-12
-9
-12
-16
-21
-5
1
-1
-1
-8
6
6
0
-3
15
20
30
33
18
17
8
2
3
6
12
-6
-4
7
5
7
26
24
16
24
14
10
3
-1
2
4
-2
-2
-3
-6
-4
12
1
-9
1
-8
3
2
0
12
19
9
3
12
15
30
16
15
22
22
24
16
22
28
31
32
36
32
23
30
22
18
26
26
40
32
42
36
23
26
30
24
21
11
10
-6
-15
15
7
-2
-2
8
8
8
1
3
-1
0
2
8
8
8
16
3
-3
-6
-3
1
-2
-2
3
6
-3
-2
-8
-10
-6
-3
2
7
1
1
-12
-3
-11
-12
-13
-22
-33
-34
-28
-25
-15
-27
-27
-25
-22
-42
-42
-40
-42
-35
-31
-32
-31
-38
-41
-41
-50
-47
-38
-46
-48
-36
-31
-21
-27
-31
-17
-19
-17
-16
-4
-1
-6
-5
-18
-19
-19
-21
-1
-3
-2
4
12
10
7
10
9
10
10
3
-5
-13
3
0
-12
-4
10
9
12
-2
-3
7
-2
3
-2
-1
11
3
5
10
15
22
11
17
9
8
22
30
21
34
38
42
36
36
49
46
44
38
33
32
33
26
36
26
33
40
20
31
32
19
20
17
18
29
19
8
1
4
0
13
30
17
14
16
18
4
-8
-7
-9
8
8
-6
-6
-6
-5
-7
-10
-12
0
0
-10
-10
-15
-17
-12
-1
-2
-3
1
-2
4
9
4
3
-3
-12
-6
-4
-11
-10
-10
-6
-3
-10
-13
-17
-6
5
-12
-23
-26
-18
-14
-11
-21
-25
-20
-33
-23
-23
-24
-19
-20
-18
-16
-23
-19
-11
-12
-10
-11
-13
-8
2
4
3
-5
-16
-9
3
-4
-16
-8
-12
-14
5
-10
-6
1
5
13
11
9
4
-5
-12
-5
-5
-1
4
-4
-5
-4
-8
14
4
7
13
6
7
3
10
8
-2
-11
-6
1
8
8
-6
-16
-7
-18
-12
-7
-14
-4
-2
0
-4
0
-13
-9
-5
-3
-4
-5
-9
-2
-12
-29
-26
-27
-18
-20
-16
-21
-13
2
-5
-3
-10
-9
-2
2
11
8
12
4
1
12
29
19
14
12
13
17
30
35
31
38
46
46
54
58
47
58
56
42
39
47
34
35
35
36
30
31
28
25
26
21
16
10
15
13
13
4
5
-3
-10
-21
-11
-18
-9
-11
-23
-16
-25
-17
-8
-20
-22
-4
-17
-20
-8
-8
-14
-15
-18
-16
-14
-12
-12
-2
-3
-1
-7
-14
-13
-3
8
2
9
3
-5
1
-1
-10
-12
-17
-13
-17
-19
-29
-22
-34
-29
-26
-25
-21
-26
-23
-29
-25
-23
-33
-40
-20
-29
-22
-23
-30
-27
-30
-21
-35
-36
-24
-25
-15
-9
-3
11
0
11
7
12
19
24
32
28
24
29
24
13
26
21
17
20
16
2
11
5
-1
2
6
3
3
7
-3
-14
-8
-5
-15
-16
-16
-14
-22
-19
-21
-9
-12
-8
14
11
15
8
14
13
8
18
27
10
23
19
23
40
39
34
45
49
37
38
39
28
26
22
22
25
9
5
13
2
0
5
7
-14
-9
-1
1
4
13
8
-7
-1
-3
-1
-2
-6
-16
-7
-12
-12
0
-9
-5
-10
-9
0
-3
-7
-5
-17
-2
-1
-12
-1
6
11
2
15
15
6
8
9
13
9
9
10
8
3
2
3
-13
-16
-10
-16
-15
-5
-5
-10
-12
-22
-11
-13
-24
-13
-4
-10
-31
-26
-21
-21
-14
-9
-9
-5
2
-1
-4
-5
-6
5
-1
-6
4
10
9
0
-1
1
-4
0
-5
-14
-7
-4
6
8
8
3
7
0
0
5
4
3
-11
-9
-17
-5
-3
-15
-12
-28
-17
-18
-11
-15
-24
-18
-23
-10
-12
-13
-19
-21
-22
-22
-10
-15
-15
-21
-27
-18
-23
-18
-18
-13
-10
-16
-16
-9
-3
-1
-9
8
15
13
22
20
27
19
27
27
18
19
24
26
25
22
25
13
26
26
21
33
28
38
27
25
27
27
25
11
12
14
11
13
25
18
17
20
17
20
24
13
22
16
17
12
0
2
4
19
12
13
5
15
15
15
10
10
11
12
17
5
7
-8
-9
-19
-24
-6
-25
-24
-22
-23
-12
-17
-16
-25
-14
-13
-18
-21
-5
5
4
2
-6
-9
-12
-20
-21
-20
-19
4
-1
-3
5
-4
8
2
0
-8
-5
-5
4
0
-8
-1
-6
3
-3
-5
-13
-22
-20
-8
-11
-15
-7
-16
5
2
-6
6
-9
1
3
-7
-7
2
1
1
9
13
17
6
5
8
4
-4
3
7
7
9
6
1
13
15
5
-12
-11
-5
-13
-19
-22
-23
-25
-22
-31
-27
-20
-17
-27
-23
-19
-12
-13
-16
-18
-23
-26
-25
-28
-28
-27
-28
-25
-23
-24
-16
-6
-2
-7
-3
-4
-2
4
11
9
0
8
15
10
18
21
11
18
28
22
12
12
8
18
29
17
19
13
20
19
22
26
24
18
9
15
12
16
25
16
11
11
19
26
18
16
10
10
13
19
28
24
19
26
16
22
30
36
35
29
37
29
33
35
28
32
29
23
28
15
11
9
6
5
1
-4
-13
-9
-3
6
-4
-2
-1
-3
-4
-12
-9
-16
-23
-20
-15
-16
-25
-29
-19
-17
-10
-11
-16
-9
-15
-9
-5
-4
-6
-2
-9
-13
-10
-14
-20
-20
-27
-34
-32
-32
-32
-31
-34
-28
-32
-18
-32
-39
-31
-40
-45
-43
-34
-50
-46
-42
-29
-32
-38
-30
-24
-24
-23
-22
-23
-24
-19
-9
-17
-14
-9
-15
-9
-10
-5
7
10
6
19
25
12
19
20
24
24
22
27
29
35
40
36
36
34
37
34
27
32
30
28
35
29
26
35
36
44
49
39
29
11
16
4
-1
3
-1
7
10
14
8
13
4
8
13
10
8
0
-6
-12
-9
-5
-18
-20
-2
-3
-9
-12
-16
-11
-12
-8
-8
-12
-19
-1
-1
-7
8
8
15
11
7
10
13
14
20
18
10
20
24
16
15
16
0
5
11
16
7
11
13
15
4
13
13
-2
7
7
8
2
0
-12
-6
-11
-8
-8
-5
-6
-5
-14
-5
-6
-18
-20
-9
-9
-13
-13
-14
-7
-15
-10
-2
0
-4
-7
-9
-11
-7
-15
-25
-25
-27
-28
-22
-24
-24
-20
-12
-12
-13
-18
-29
-19
-24
-27
-27
-8
-14
-21
-22
-25
-21
-22
-13
-9
-7
-6
-6
2
3
0
1
-1
5
-5
4
9
1
7
10
11
3
6
14
2
4
7
6
17
5
4
-1
2
4
-1
3
8
-2
-2
0
-1
17
12
5
16
5
-3
4
-13
-4
3
-2
5
2
-3
-5
4
6
5
6
11
10
12
17
16
18
17
10
12
26
29
25
12
23
27
25
22
14
17
16
23
25
20
15
20
23
15
14
13
18
17
7
2
-2
3
0
0
-4
1
2
-5
-5
0
-3
-15
-15
-13
-7
-19
-12
-8
-3
-8
-4
0
-5
-7
-1
-1
-7
-11
-4
10
-7
-5
0
0
2
4
6
12
-2
1
1
13
18
3
6
2
8
-1
-10
-11
-1
-6
-15
-8
-11
-7
0
-10
-16
-17
-6
-17
-12
-19
-24
-24
-27
-29
-15
-8
-18
-24
-27
-12
-14
-20
-16
-14
-6
-4
-21
-13
-14
-6
-1
-10
-16
-9
-12
-21
-5
-2
0
-6
3
10
5
-1
-4
-7
-9
-9
-15
-12
0
-2
-3
-15
-30
-13
-7
-7
-8
-5
10
2
5
3
6
17
12
18
14
8
10
2
-6
-1
11
10
11
18
10
10
13
4
15
16
22
12
7
13
18
14
7
10
17
27
24
15
14
16
3
2
14
16
15
15
14
7
4
11
14
20
25
39
26
25
13
20
19
10
4
6
13
20
6
-2
21
22
10
5
12
10
13
3
1
9
9
3
-2
12
9
5
-1
-11
-5
-22
-11
2
-5
4
10
-6
-6
-3
-15
-2
-17
-17
-7
-9
-16
-27
-26
-21
-21
-23
-15
-8
-4
-11
-19
-23
-20
-21
-22
-21
-13
-13
-16
-17
-12
-19
-18
-6
-5
-1
0
-10
-13
-12
-15
-11
-12
-12
-5
-9
-27
-32
-20
-25
-23
-17
-16
-9
-14
-16
-19
-20
-15
-13
-22
-21
-18
-11
-2
-11
-13
5
-9
-7
-2
-6
-2
-1
-1
3
-2
1
9
15
10
13
21
15
16
29
28
26
29
28
33
20
12
14
17
8
16
10
25
22
16
12
16
18
20
21
21
22
16
23
19
10
11
12
-2
9
3
-7
-5
-15
-6
7
2
9
-2
3
10
15
3
-4
3
11
19
13
8
13
9
4
7
13
5
6
10
-7
-4
-9
-8
9
5
7
11
-1
-4
2
-12
-10
-12
-12
-4
-2
1
0
-1
10
7
6
5
8
20
15
15
10
15
9
0
-13
-22
-18
-3
-2
-8
-7
-6
-16
-21
-9
-5
-11
-15
-10
-9
-10
-23
-33
-26
-15
-16
-16
-25
-19
-8
-17
-22
-18
-6
3
-2
-15
-10
3
-4
-4
-10
-10
-6
-12
-11
-3
2
8
12
1
8
16
10
8
2
8
6
2
9
14
21
0
-11
2
-1
6
9
-3
3
11
7
-2
-2
8
6
3
-8
-13
-13
-15
-20
-30
-19
-6
-5
-14
-12
-7
-2
-10
-15
-3
3
5
0
-5
5
7
-7
-9
1
4
0
-10
-12
-6
-1
-7
-15
-11
-3
10
-2
-8
-5
11
8
10
9
18
25
13
9
12
13
8
-3
-9
2
-3
-7
-1
-2
13
7
-12
0
13
22
7
5
8
24
21
11
19
19
32
23
6
22
39
32
17
10
10
10
11
-5
2
3
1
15
10
10
7
3
1
-9
7
3
-11
-16
-9
6
-11
-17
-12
15
12
-1
-12
-6
8
3
-6
-14
4
15
7
5
9
15
12
-4
3
6
5
7
-3
-2
1
-5
-8
-10
6
11
1
-10
9
17
9
-8
-12
13
8
11
-2
-1
13
17
-11
-24
-14
-5
-12
-24
-21
-8
-10
-21
-24
-21
-29
-39
-35
-31
-29
-26
-34
-38
-19
-9
-11
-25
-27
-14
-1
-15
-29
-23
-4
2
-24
-18
-8
3
-10
-28
-27
-4
-10
-14
-5
6
14
-7
-2
-3
9
11
-2
-10
4
2
-3
5
-1
12
17
0
-9
6
15
6
-9
-2
24
32
5
-4
-2
14
4
-20
-19
6
25
6
-6
1
15
11
1
7
24
25
14
18
23
29
24
12
14
24
23
14
5
13
28
29
18
2
17
39
29
19
9
27
40
17
-10
4
12
15
7
8
12
18
8
0
16
10
7
-7
0
4
-2
0
-7
7
5
3
-11
-18
10
-1
-13
-35
-28
1
13
11
-4
3
12
3
-8
3
11
14
13
0
1
13
7
8
9
17
9
-3
9
12
1
-11
-21
-6
5
-14
-21
-32
-29
-16
-21
-32
-26
-17
-4
-17
-32
-17
-11
-6
-16
-24
-11
3
-6
-19
-26
-17
-17
-30
-28
-12
-25
-28
-20
-16
-20
-25
-18
-12
-5
-8
-9
-17
-22
-4
-2
-4
-19
-17
2
8
-15
-33
-13
-13
-16
-25
-25
5
-8
-22
-15
-3
4
-5
-4
-8
0
-6
-7
2
0
11
13
2
19
22
23
20
5
8
26
25
23
13
20
35
33
16
16
25
33
23
16
22
22
22
15
25
13
20
12
15
12
5
16
9
8
11
19
12
13
10
12
8
-1
-3
0
13
22
10
9
21
22
13
8
10
23
25
12
11
15
17
12
17
22
25
18
14
6
-5
8
3
6
10
10
11
14
4
-13
0
2
-2
-16
-14
3
-17
-25
-22
-18
-23
-39
-34
-16
-16
-24
-31
-25
-7
-12
-11
1
6
-3
5
-1
-6
-14
-14
-8
-12
-17
-17
-14
-11
-10
-27
-16
-13
-21
-15
0
-15
-36
-31
-16
-3
-8
-28
-26
-4
-6
-28
-29
-28
-17
-8
-23
-22
-15
-12
-21
-16
-16
-2
2
-11
-15
-13
-8
-15
-12
-5
8
-7
-20
-9
10
15
-4
2
14
20
12
-7
-8
8
20
7
-10
-2
18
12
-2
1
9
7
2
-10
-9
10
7
-3
-5
4
18
18
2
13
22
29
15
6
29
43
29
7
12
41
44
21
15
44
56
42
32
32
55
58
56
34
26
43
28
13
0
13
11
2
-11
2
11
-3
-8
-11
0
5
-8
-21
3
9
5
-9
-5
5
10
-7
-30
-36
-5
5
-14
-23
-15
3
2
-11
-5
-1
-3
-3
5
13
11
1
-17
-5
-4
6
0
-14
-7
-8
-20
-32
-24
-7
-1
-18
-27
-25
-1
-7
-31
-22
-5
5
-8
-17
-15
6
-4
-27
-29
-9
-15
-30
-33
-22
-12
-26
-31
-20
-13
-5
-14
-26
-18
-11
-10
-27
-22
-8
2
-4
-16
-13
5
11
-10
0
4
10
3
-9
-8
2
14
-2
-11
2
5
7
-18
-23
6
10
0
-2
13
21
4
-13
7
16
16
8
-6
20
35
17
18
8
7
28
22
5
16
32
22
10
10
15
29
24
16
0
7
10
-6
-8
7
14
-1
-7
-8
5
-2
-12
-14
2
10
-1
0
3
13
7
-7
-11
-12
0
13
0
4
15
8
6
-10
-15
3
1
-12
-11
-9
0
-1
-13
1
9
6
10
6
13
21
0
11
11
9
13
15
8
