7
8
5
11
14
17
25
28
30
34
34
37
33
29
22
22
20
14
14
19
13
13
8
10
10
11
17
16
16
17
16
12
11
10
5
-1
2
2
-9
-7
-5
-15
-11
-8
-13
-17
-19
-22
-21
-17
-19
-15
-8
-4
-5
-3
0
1
-2
-6
-7
-9
-9
-15
-13
-14
-8
-2
-1
-4
-4
-7
-8
-2
-12
-18
-18
-26
-20
-16
-21
-23
-22
-21
-25
-20
-22
-24
-24
-21
-22
-21
-24
-28
-32
-34
-36
-35
-39
-40
-41
-36
-42
-37
-32
-38
-37
-34
-38
-30
-25
-26
-26
-24
-23
-23
-17
-21
-14
-7
-7
-2
-2
3
2
3
13
10
7
13
17
16
14
17
11
14
16
18
19
17
21
19
16
18
18
9
8
9
12
15
14
19
22
25
28
37
31
29
26
23
18
12
12
10
17
19
21
24
22
20
15
12
14
13
18
30
31
31
31
30
29
24
28
23
21
23
30
30
19
14
7
8
5
0
-10
-6
2
6
8
7
8
2
3
9
8
13
11
11
17
13
15
16
16
12
18
15
10
10
5
2
0
-7
-3
3
7
9
14
12
3
2
2
-2
-2
-7
-12
-5
-16
-14
-15
-31
-33
-36
-38
-33
-29
-21
-18
-19
-19
-16
-20
-19
-15
-14
-5
-10
-7
-3
-8
-10
-18
-17
-19
-20
-20
-12
-7
-9
-12
-17
-17
-23
-30
-35
-35
-35
-31
-28
-30
-31
-30
-28
-31
-34
-32
-31
-28
-26
-22
-14
-14
-13
-8
-9
-9
-19
-20
-12
-9
-9
-2
0
-6
-6
-10
-7
-11
-8
-1
-1
4
8
9
2
0
2
-1
4
5
4
3
2
-3
-7
-5
1
0
1
0
2
0
-2
-1
1
5
9
16
18
29
30
27
29
25
26
24
28
28
30
28
30
29
31
31
30
27
24
28
31
34
37
37
37
39
31
30
25
22
16
15
13
18
18
19
22
17
17
16
15
18
22
25
28
27
29
32
26
34
31
27
30
20
17
15
9
6
0
3
5
6
9
13
6
4
8
2
2
-1
-3
-3
-4
0
-9
-16
-15
-22
-31
-36
-38
-32
-32
-27
-24
-30
-31
-31
-27
-24
-26
-26
-23
-24
-20
-20
-23
-29
-27
-22
-25
-22
-25
-26
-31
-34
-32
-30
-21
-15
-20
-14
-13
-19
-17
-17
-19
-18
-22
-22
-16
-26
-22
-29
-39
-36
-45
-48
-48
-47
-44
-37
-36
-27
-25
-23
-23
-17
-13
-17
-12
-9
-10
-13
-10
-12
-12
-4
-4
-8
-12
-10
-11
-3
6
10
15
21
29
31
30
24
18
15
23
25
19
20
25
26
23
17
15
9
9
8
8
18
19
25
29
28
31
33
40
44
40
39
43
43
41
40
38
32
27
29
30
34
33
33
38
41
42
44
42
35
34
36
39
32
32
30
29
24
20
16
19
18
11
7
1
1
4
-1
0
0
0
0
1
-5
1
-4
-3
-6
-10
-11
-11
-13
-10
-5
2
-2
-4
5
7
14
6
5
-1
-1
-3
-8
-9
-8
-8
-7
-5
-6
-13
-20
-24
-33
-36
-33
-27
-32
-35
-37
-34
-39
-42
-46
-54
-52
-57
-49
-45
-42
-39
-39
-35
-35
-38
-38
-36
-25
-14
-13
-4
-1
-9
-12
-8
-11
-12
-13
-14
-10
-9
-9
-11
-16
-22
-26
-31
-24
-28
-33
-23
-20
-18
-20
-21
-28
-32
-32
-37
-45
-35
-27
-24
-17
-12
-6
-7
-7
1
2
3
17
21
23
30
35
36
38
40
44
47
46
48
48
51
55
48
47
44
36
39
35
35
34
37
39
36
30
27
25
19
20
9
3
-4
-7
-4
-2
-1
13
11
16
19
20
24
21
24
23
29
31
39
38
37
38
33
29
30
30
25
30
30
28
30
31
36
35
29
24
19
12
6
-2
-1
-10
-14
-16
-21
-18
-23
-28
-26
-29
-34
-33
-30
-30
-29
-23
-18
-16
-9
-11
-12
-11
-13
-10
-8
-3
0
-2
-3
-4
-6
-2
-2
-7
0
2
2
6
3
2
2
-5
-7
-11
-17
-17
-21
-24
-24
-31
-36
-36
-37
-39
-44
-47
-48
-46
-46
-44
-36
-29
-32
-26
-21
-18
-18
-15
-15
-19
-15
-6
-8
-4
-9
-8
-8
-14
-8
-5
-1
3
2
2
5
1
-3
-2
-1
-10
-14
-10
-15
-22
-30
-29
-30
-27
-24
-18
-20
-15
-20
-25
-18
-20
-19
-14
-8
-8
-11
-9
-3
-2
5
12
18
20
26
34
33
33
37
44
43
47
49
48
50
44
50
47
44
44
41
42
40
37
37
41
36
34
36
33
20
22
23
26
20
17
18
9
11
7
2
-1
1
-1
7
10
8
12
15
14
16
15
24
24
22
24
26
28
32
40
35
25
27
24
19
17
11
13
6
-2
4
-2
-11
-11
-16
-19
-18
-24
-25
-16
-20
-20
-21
-21
-19
-24
-28
-26
-29
-29
-24
-25
-23
-23
-22
-19
-18
-13
-7
-12
-6
-9
-14
-5
-2
0
-7
-10
-11
-12
-17
-20
-20
-23
-22
-22
-31
-31
-28
-28
-29
-28
-25
-28
-32
-35
-29
-28
-29
-24
-23
-26
-30
-26
-27
-33
-32
-32
-25
-16
-17
-14
-13
-5
-2
-1
2
6
-2
-5
-2
3
1
7
8
3
-5
-11
-7
-7
-8
-4
4
1
1
3
3
1
0
-3
3
9
14
16
14
10
5
4
6
9
7
5
7
9
12
11
13
18
14
17
16
26
29
28
32
29
38
37
33
30
30
28
33
32
22
12
16
13
9
18
16
19
16
19
15
17
23
17
23
24
31
32
32
29
26
23
22
22
16
14
11
11
12
5
7
5
7
2
4
10
8
11
13
11
2
-3
-1
3
0
-4
-6
-11
-10
-13
-11
-5
-15
-10
-5
-3
0
-4
-6
-6
-10
-4
0
-3
-3
-2
0
-5
-2
-7
-11
-14
-16
-15
-21
-19
-20
-16
-11
-16
-18
-27
-23
-18
-31
-24
-22
-21
-20
-19
-10
-15
-15
-18
-19
-23
-27
-24
-24
-28
-28
-28
-32
-30
-24
-22
-19
-11
-15
-15
-19
-18
-12
-16
-9
-12
-18
-17
-14
-20
-19
-26
-32
-29
-24
-22
-16
-9
-10
-13
-9
-8
-3
-6
-13
-16
-14
-6
1
7
6
-2
-6
-5
1
-6
-4
10
6
7
14
11
14
21
13
10
4
7
17
18
18
18
18
22
20
22
27
27
28
21
22
26
26
26
26
22
30
29
24
28
27
28
24
23
29
27
31
37
33
42
46
46
48
36
29
28
30
26
23
32
37
37
41
41
32
23
21
25
21
20
17
19
14
10
7
9
4
0
-1
-2
-8
-6
-2
-5
-17
-16
-13
-9
-8
-14
-15
-13
-20
-21
-16
-13
-5
-5
-3
0
1
-6
-5
-8
-18
-16
-17
-16
-15
-14
-10
-20
-28
-34
-28
-31
-35
-36
-33
-36
-40
-37
-36
-36
-36
-23
-27
-40
-33
-22
-25
-37
-41
-42
-49
-40
-27
-32
-33
-35
-36
-37
-37
-32
-25
-21
-14
-10
-6
-1
-3
-11
-21
-26
-15
-10
-15
-14
-15
-13
-18
-19
-21
-20
-13
-8
-7
-9
-18
-15
-4
1
6
10
14
10
8
7
8
-1
2
3
5
2
10
18
18
18
15
16
18
17
21
25
33
35
38
49
46
43
35
28
23
21
33
42
44
33
29
41
40
40
40
40
31
26
28
32
38
49
58
51
42
40
42
38
28
14
13
14
17
23
23
23
16
14
15
12
5
5
0
-2
-5
-2
8
20
23
18
8
-3
-3
4
2
-5
-1
1
-4
-1
4
5
-1
-15
-12
-19
-22
-13
-7
-14
-20
-16
-13
-5
-6
-6
-20
-28
-36
-38
-24
-13
-16
-31
-33
-33
-29
-24
-31
-37
-50
-54
-42
-31
-22
-16
-18
-22
-24
-19
-14
-13
-16
-18
-14
-9
-1
-2
-3
-21
-34
-35
-37
-26
-27
-22
-20
-16
-12
-6
-1
-4
-12
-11
-12
-21
-27
-30
-29
-21
-14
-16
-19
-28
-29
-28
-23
-24
-39
-44
-38
-30
-19
-3
3
-1
0
2
6
9
9
6
0
1
3
14
15
14
17
15
11
13
17
26
30
28
28
31
38
53
51
43
33
21
15
12
16
21
27
31
29
24
22
22
24
20
13
6
6
23
35
46
53
46
40
29
33
34
25
14
9
8
5
15
17
27
25
13
10
9
6
7
6
1
2
8
24
34
31
30
16
6
7
17
25
18
22
25
23
29
34
32
20
16
12
8
-2
3
21
25
29
31
41
47
49
43
24
6
-5
-11
-19
-32
-31
-25
-36
-41
-49
-53
-52
-50
-52
-57
-60
-70
-82
-77
-80
-83
-94
-97
-89
-93
-87
-60
-45
-45
-30
-12
-5
-4
-7
-15
-28
-48
-56
-56
-41
-18
5
21
21
26
30
35
16
-10
-39
-76
-101
-106
-100
-116
-120
-107
-96
-85
-60
-17
5
17
41
42
39
38
34
35
18
7
-11
3
36
77
110
134
165
194
232
261
256
231
191
141
102
55
27
0
-39
-78
-92
-106
-80
-55
-45
-39
-30
-9
-15
-15
-32
-53
-81
-113
-133
-148
-140
-128
-119
-105
-75
-31
26
67
89
114
128
136
136
113
79
56
22
-7
-32
-52
-52
-31
-6
6
24
43
59
50
47
46
32
15
-17
-26
-38
-43
-39
-28
-29
-35
-7
35
58
71
109
131
131
152
178
192
175
134
98
60
61
52
23
-8
-55
-73
-60
-58
-83
-87
-86
-83
-88
-119
-127
-124
-164
-179
-177
-190
-186
-195
-186
-175
-158
-107
-27
30
62
101
132
158
190
214
244
224
198
208
188
145
139
155
133
107
96
102
79
29
10
2
-52
-110
-121
-143
-205
-225
-224
-247
-270
-267
-228
-218
-215
-185
-155
-146
-132
-120
-96
-83
-77
-75
-63
-41
-34
7
60
61
53
65
84
70
46
54
60
43
10
-10
-30
-40
-47
-36
-27
-37
-39
-16
10
6
-2
28
67
95
148
196
203
188
206
263
240
184
128
76
44
-10
-48
-77
-104
-101
-68
-68
-82
-68
-60
-49
-39
-79
-99
-148
-207
-220
-238
-219
-197
-173
-132
-80
21
151
256
303
361
432
450
492
511
467
422
379
329
280
249
216
173
93
38
46
35
19
-11
-56
-87
-130
-158
-187
-242
-321
-375
-413
-467
-476
-444
-401
-320
-279
-200
-111
-47
14
73
135
130
120
116
93
62
56
61
51
30
31
82
136
167
173
171
167
138
134
127
51
-46
-120
-152
-146
-149
-132
-113
-118
-68
25
62
64
40
19
8
-39
-85
-135
-196
-223
-208
-209
-170
-137
-126
-88
-33
2
26
15
-16
-78
-158
-173
-155
-163
-158
-93
-44
21
90
178
298
323
363
432
447
433
395
337
260
169
105
91
45
-82
-164
-183
-205
-204
-181
-184
-227
-274
-257
-240
-301
-374
-409
-423
-462
-457
-406
-364
-354
-313
-191
-115
-88
-22
59
107
117
158
213
213
188
166
168
136
131
190
237
285
343
424
482
497
512
528
512
449
366
313
253
118
-5
-89
-197
-275
-287
-275
-254
-214
-131
-27
19
24
59
81
22
-46
-131
-205
-288
-392
-423
-410
-421
-385
-256
-134
-15
170
386
592
702
762
881
912
852
809
747
634
575
546
494
417
337
312
323
323
311
298
223
115
17
-91
-190
-388
-629
-809
-932
-1039
-1130
-1177
-1202
-1206
-1179
-1027
-889
-824
-691
-590
-535
-479
-391
-342
-331
-348
-331
-270
-198
-83
1
84
190
303
397
502
596
646
660
582
521
508
491
446
361
287
218
191
151
90
21
-29
-36
-40
-57
-86
-104
-102
-106
-127
-178
-174
-211
-327
-393
-423
-468
-505
-499
-435
-363
-268
-112
19
157
322
521
673
788
933
1023
1006
948
928
860
754
667
585
529
438
386
369
341
344
324
264
180
43
-96
-211
-405
-648
-871
-1049
-1236
-1376
-1408
-1347
-1310
-1264
-1077
-890
-741
-591
-425
-236
-134
-83
13
75
101
112
76
61
77
141
237
347
418
475
620
748
837
897
918
859
715
558
360
182
21
-85
-187
-339
-331
-255
-186
-112
-8
121
260
356
406
491
498
444
337
207
104
-37
-166
-184
-198
-200
-112
50
278
498
696
891
995
971
977
935
836
659
456
324
189
84
33
54
65
80
104
158
202
161
140
37
-177
-402
-631
-861
-1090
-1298
-1490
-1635
-1723
-1768
-1680
-1539
-1381
-1224
-1057
-877
-695
-514
-391
-370
-397
-388
-367
-368
-416
-464
-447
-318
-197
-31
190
433
713
920
1021
1180
1294
1290
1143
879
499
125
-209
-523
-824
-1041
-1034
-913
-746
-463
-99
259
502
617
730
734
480
237
50
-212
-450
-619
-673
-626
-524
-161
391
879
1350
1815
2190
2459
2634
2694
2576
2206
1748
1323
923
545
245
23
-138
-258
-277
-65
178
281
305
311
253
26
-234
-659
-1250
-1855
-2371
-2750
-3141
-3367
-3373
-3295
-3062
-2680
-2142
-1505
-902
-382
46
412
574
577
408
184
-29
-184
-192
-159
-63
150
559
1095
1663
2113
2385
2460
2395
2247
1905
1358
701
34
-571
-932
-1123
-1226
-1197
-1097
-745
-287
96
477
770
882
869
832
688
542
311
56
-141
-308
-316
-158
109
487
939
1527
2175
2718
3068
3368
3615
3573
3248
2709
2086
1359
696
204
-289
-779
-1127
-1187
-1151
-1029
-875
-725
-580
-663
-767
-936
-1364
-1956
-2703
-3435
-3961
-4433
-4872
-5010
-4967
-4753
-4202
-3409
-2607
-1834
-1090
-363
78
318
525
453
246
24
-185
-303
-331
-219
55
507
1055
1567
1918
2207
2366
2335
2221
1796
1177
679
175
-426
-1008
-1390
-1493
-1508
-1339
-988
-546
-127
281
649
923
1088
1060
990
896
664
416
364
477
660
982
1590
2277
2929
3595
4246
4703
4893
4840
4752
4487
3779
3034
2236
1340
486
-152
-745
-1236
-1649
-1811
-1558
-1262
-1081
-928
-779
-841
-1164
-1637
-2150
-2827
-3590
-4304
-4877
-5224
-5293
-5097
-4723
-4199
-3452
-2552
-1455
-570
8
526
807
937
849
634
281
-150
-311
87
466
469
560
718
1013
1226
1149
842
151
-460
-569
-684
-939
-1141
-1290
-928
-258
225
792
1364
1708
2131
2391
2375
2178
1638
1246
1025
691
579
725
970
1496
2227
2966
3743
4372
4885
5489
5650
5382
5144
4510
3768
2919
1901
1000
167
-586
-1110
-1402
-1660
-1693
-1605
-1505
-1396
-1365
-1313
-1362
-1680
-2273
-2870
-3509
-4285
-4914
-5288
-5506
-5654
-5426
-4963
-4393
-3707
-2900
-2102
-1473
-938
-634
-378
-299
-401
-416
-367
-91
273
508
703
719
815
1034
1017
646
43
-654
-1137
-1200
-1432
-1820
-1958
-1824
-1367
-822
-413
-2
190
464
943
1147
1122
961
786
744
787
895
1250
1592
1825
2190
2895
3763
4610
5204
5457
5719
5825
5795
5570
4886
3905
3072
2433
1856
1287
630
247
-45
-409
-498
-736
-985
-1160
-1401
-1471
-1563
-1959
-2494
-3051
-3642
-4153
-4702
-5133
-5396
-5647
-5540
-4950
-4364
-3905
-3429
-2891
-2136
-1465
-1018
-503
-291
-260
-39
441
1038
1301
1262
1224
1255
1121
1005
597
-209
-983
-1315
-1189
-1108
-1215
-1170
-820
-276
427
979
1245
1265
1211
1359
1446
1157
757
525
397
364
685
1111
1603
2071
2790
3929
4711
5386
5981
6159
6139
5944
5722
5503
4926
4050
3317
2788
2204
1804
1424
957
637
401
252
46
-574
-1185
-1683
-2187
-2660
-3388
-4264
-4924
-5367
-5846
-6027
-6127
-6238
-6206
-6045
-5608
-5124
-4589
-4002
-3606
-3169
-2580
-2018
-1670
-1432
-1031
-370
296
766
1142
1449
1539
1425
1206
928
217
-496
-813
-1248
-1386
-1224
-1041
-609
-155
246
817
1172
1265
1203
909
443
-14
-554
-1052
-1270
-1281
-746
-35
611
1567
2649
3536
4453
5302
5789
6141
6232
6169
5854
5314
4826
4307
3802
3395
3108
2753
2608
2544
2312
2171
1939
1601
1288
755
80
-686
-1502
-2227
-2986
-3740
-4396
-5003
-5480
-5713
-5948
-6286
-6338
-6255
-6238
-6004
-5757
-5447
-5068
-4612
-3959
-3132
-2033
-1211
-704
-334
-23
179
128
-62
-689
-1462
-1593
-1539
-1640
-1341
-688
132
1262
2468
3433
4089
4471
4764
4828
4260
3355
2357
1379
574
-170
-388
-36
329
987
2287
3728
4771
5765
6499
6885
6841
6499
6020
4888
3527
2436
1659
1025
381
-9
-17
232
656
1157
1701
1898
1778
1612
1386
824
-69
-1065
-2046
-3055
-3931
-4444
-4851
-5303
-5577
-5399
-5035
-4634
-4259
-3954
-3755
-3654
-3481
-3487
-3629
-3755
-3916
-3949
-3929
-3880
-3883
-3955
-3861
-3665
-3489
-3244
-2923
-2736
-2612
-2240
-1906
-1631
-1173
-737
-270
184
694
1324
1896
2375
2538
2732
3067
3180
3146
3215
3527
3784
4136
4652
5051
5325
5642
6150
6529
6681
6737
6557
6193
5610
5159
4644
3854
3229
2499
1856
1421
916
468
53
-468
-882
-1066
-1279
-1602
-2013
-2484
-2737
-3060
-3486
-3941
-4430
-4781
-5078
-5420
-5529
-5659
-5938
-5880
-5536
-5053
-4607
-3983
-3182
-2520
-1831
-1169
-691
-726
-1219
-1777
-2272
-2750
-3335
-3818
-4353
-4661
-4540
-4031
-3247
-2590
-1879
-927
53
939
1553
1796
1880
1902
1866
1720
1633
1552
1502
1903
2544
3279
4036
4917
6006
6899
7777
8611
9041
9068
8792
8309
7574
6666
5608
4411
3212
2170
1493
963
544
265
27
77
415
619
653
463
8
-528
-1205
-2075
-3077
-4281
-5487
-6361
-6962
-7274
-7202
-7122
-6685
-5799
-4788
-3629
-2520
-1721
-1100
-669
-514
-632
-1293
-2113
-2820
-3748
-4479
-4782
-5050
-5257
-5405
-5262
-4711
-4108
-3474
-2804
-2399
-1910
-1298
-829
-568
-556
-720
-726
-655
-602
-310
-11
496
1270
2332
3550
4684
5635
6657
7760
8787
9495
9392
9190
9057
8675
8066
7081
6053
4998
3926
3358
2791
2008
1624
1302
972
818
464
-53
-414
-1105
-1857
-2440
-3470
-4241
-5086
-6062
-6534
-7022
-7240
-7025
-6853
-6472
-5596
-4810
-4056
-3171
-2469
-1551
-925
-765
-595
-827
-979
-1205
-1838
-2285
-2714
-3049
-3132
-3201
-3464
-3412
-3207
-3020
-2594
-2567
-2497
-2268
-2333
-2127
-2062
-2102
-2173
-2340
-2086
-1713
-1340
-684
199
1065
2226
3407
4506
5518
6306
7194
8097
8607
8860
8953
8971
8866
8494
8125
7571
6642
5788
5249
4654
3917
3110
2412
1830
1271
806
148
-601
-1289
-1868
-2478
-3142
-3845
-4647
-5307
-5891
-6348
-6683
-6899
-7091
-7121
-6757
-6178
-5616
-4744
-3880
-3185
-2450
-1680
-908
-636
-653
-619
-577
-779
-1140
-1452
-1962
-2525
-2993
-2954
-2782
-2851
-2820
-2467
-1867
-1299
-776
-363
-70
-79
-99
-50
-232
-385
-484
-494
-75
542
1144
1977
2938
3929
5102
6220
7149
8031
8531
8677
8659
8476
7856
6915
5913
4929
3940
2792
2080
1628
996
640
410
366
366
59
-268
-591
-1152
-2047
-2826
-3564
-4500
-5564
-6432
-6881
-7327
-7470
-7227
-6901
-6148
-5288
-4564
-3541
-2607
-2020
-1588
-1028
-559
-603
-810
-1025
-1227
-1583
-1957
-2358
-2925
-3126
-3156
-3018
-2739
-2472
-2144
-1664
-829
-280
-53
196
436
417
372
563
478
413
521
800
1306
1809
2526
3306
4006
4878
5898
6725
7473
7967
8111
8086
7647
7004
6229
5121
3919
2875
2088
1259
522
49
-146
-192
-233
-139
-190
-392
-860
-1390
-1853
-2709
-3798
-4608
-5356
-6046
-6480
-6556
-6367
-6186
-5670
-4824
-4061
-3273
-2388
-1812
-1260
-588
-133
147
277
279
48
-303
-562
-873
-1423
-1862
-2232
-2442
-2300
-1993
-1585
-1144
-441
361
794
1027
1237
1313
1144
1210
1241
1074
1021
1098
1358
1774
2400
3145
3901
4901
5861
6603
7205
7475
7401
6957
6250
5219
4041
2920
2023
1202
462
4
-258
-360
-179
45
-9
-211
-497
-833
-1536
-2526
-3514
-4423
-5213
-5968
-6400
-6699
-6849
-6642
-6036
-5249
-4647
-4079
-3396
-2634
-2035
-1699
-1513
-1203
-1173
-1386
-1333
-1204
-1283
-1414
-1353
-1177
-883
-712
-226
285
402
747
1127
1381
1631
1513
1168
1018
624
354
351
396
681
1214
1563
2136
2977
3760
4436
4798
5378
5977
6134
6050
6004
5592
4916
4219
3380
2567
1662
936
540
403
335
328
325
470
514
37
-473
-905
-1419
-2408
-3434
-4154
-4958
-5946
-6636
-6812
-6834
-6696
-6317
-5690
-5059
-4561
-3918
-3337
-2767
-2406
-2377
-2113
-1682
-1470
-1449
-1278
-935
-585
-454
-298
287
635
761
1198
1808
2165
2481
2856
3266
3547
3563
3497
3442
3344
3151
2923
2832
2978
2986
3115
3500
4046
4481
4708
5122
5658
5853
5801
5574
5163
4550
3646
2571
1500
433
-553
-1260
-1512
-1355
-1267
-1259
-789
-294
-194
-346
-662
-896
-1553
-2691
-3531
-4239
-5032
-5747
-6257
-6223
-6039
-5992
-5567
-4703
-4279
-3954
-3560
-3139
-2728
-2913
-3084
-2962
-2969
-3121
-3249
-3224
-2996
-3002
-3004
-2472
-1817
-1269
-604
115
999
1796
2402
3174
3745
3942
4017
3977
3932
3916
3644
3439
3544
3842
4154
4584
5217
5969
6614
7031
7734
8228
8216
7927
7340
6508
5171
3535
1890
344
-1213
-2670
-3483
-3905
-3952
-3820
-3463
-2746
-2204
-1824
-1787
-1887
-2140
-2859
-3849
-4895
-5847
-6642
-7385
-7797
-7793
-7634
-7351
-6555
-5337
-4322
-3514
-2778
-1868
-1164
-1068
-1110
-1146
-1523
-2203
-2800
-3174
-3543
-4016
-4188
-3762
-3180
-2440
-1610
-427
860
1861
2737
3636
4252
4370
4445
4413
4310
4116
3838
3778
3883
4159
4678
5118
5853
6863
7729
8725
9687
10226
10318
9997
9343
8349
6746
4891
3054
1094
-693
-2033
-2985
-3520
-3856
-3850
-3521
-3075
-2685
-2585
-2689
-2824
-3277
-4293
-5215
-6111
-7230
-8143
-8628
-8786
-8708
-8340
-7449
-6269
-5125
-3916
-2681
-1544
-633
-97
137
173
55
-553
-1404
-1952
-2464
-3143
-3664
-3654
-3392
-3046
-2487
-1505
-527
32
753
1624
2122
2374
2456
2439
2413
2202
2053
2119
2372
2809
3300
3991
5126
6297
7381
8606
9704
10424
10686
10591
10207
9263
7769
6177
4471
2870
1436
93
-814
-1406
-1804
-1965
-1813
-1692
-1713
-2054
-2397
-2677
-3586
-4778
-5811
-6844
-7833
-8654
-9224
-9433
-9460
-9290
-8628
-7612
-6435
-5359
-4487
-3341
-2268
-1770
-1334
-905
-841
-1141
-1474
-1578
-1674
-2167
-2661
-2464
-2078
-1748
-1348
-644
253
894
1382
1906
2365
2426
2221
2050
2135
2078
1734
1688
2093
2637
2992
3583
4659
5913
7067
8178
9256
10054
10265
9913
9450
8582
7039
5379
3859
2529
1288
84
-606
-775
-747
-650
-425
-215
-101
-372
-837
-1269
-2294
-3744
-5266
-6557
-7644
-8634
-9232
-9367
-9274
-8830
-7830
-6538
-5354
-4267
-3245
-2318
-1416
-921
-812
-912
-1205
-1796
-2526
-2895
-3229
-3604
-3610
-3239
-2542
-1744
-770
277
1161
1927
2436
2655
2808
2789
2398
1920
1698
1539
1301
1333
1686
2166
2661
3469
4794
6216
7464
8548
9451
10101
10285
9948
9284
8219
6655
4934
3345
2123
906
-157
-582
-740
-806
-615
-252
-101
-277
-604
-1071
-1834
-3059
-4529
-5845
-7182
-8359
-9240
-9676
-9668
-9493
-8867
-7692
-6342
-5249
-4190
-2916
-1826
-1230
-849
-601
-663
-1108
-1695
-2090
-2337
-2690
-2765
-2399
-1710
-842
28
993
1988
2841
3351
3524
3532
3292
2702
1894
1212
871
258
-270
-147
357
850
1450
2423
3972
5598
6907
8042
9007
9504
9379
8911
8192
7036
5242
3319
1996
1021
21
-721
-870
-584
-286
50
568
914
745
319
-268
-1284
-2630
-4317
-5887
-7323
-8671
-9580
-10115
-10110
-9655
-8946
-7890
-6553
-5138
-3873
-2713
-1720
-1118
-828
-796
-1054
-1625
-2270
-2772
-3230
-3372
-3112
-2635
-1796
-573
834
2262
3564
4808
5776
6121
6139
5969
5430
4567
3827
3128
2442
1943
1758
2006
2264
2885
3930
5125
6410
7582
8327
8889
9171
8805
7992
6822
5439
3650
1712
354
-680
-1722
-2226
-2208
-1975
-1453
-863
-278
-31
-96
-183
-794
-1951
-3223
-4581
-6053
-7349
-8245
-8908
-9256
-9019
-8345
-7412
-6289
-5060
-3848
-2878
-1987
-1408
-1235
-1212
-1527
-2152
-3000
-3634
-4113
-4503
-4443
-3995
-3280
-2213
-1011
362
1713
3090
4244
4734
4905
5003
4845
4272
3744
3335
2917
2393
2198
2648
3175
3614
4523
5820
7179
8395
9281
9872
10105
9944
9343
8157
6641
4819
2643
862
-388
-1568
-2569
-3061
-3161
-2879
-2477
-2083
-1664
-1675
-1724
-2099
-3056
-4100
-5364
-6860
-8320
-9223
-9756
-10284
-10332
-9707
-8726
-7529
-6232
-4872
-3494
-2238
-1298
-668
-188
23
-365
-1155
-1688
-2103
-2990
-3624
-3500
-3132
-2589
-1689
-334
1048
2186
3390
4412
4908
5207
5208
4789
4320
3823
3225
2674
2340
2371
2657
3073
3866
5205
6694
8101
9292
10160
10797
10890
10407
9648
8456
6826
4783
2835
1453
88
-1242
-1995
-2253
-2327
-2117
-1774
-1419
-1231
-1399
-1690
-2365
-3518
-4761
-6149
-7744
-9151
-9999
-10583
-10850
-10544
-9866
-8911
-7773
-6350
-4781
-3525
-2380
-1420
-797
-373
-351
-761
-1298
-1723
-2312
-2984
-3382
-3217
-2647
-2214
-1137
341
1623
2926
3997
4806
5241
5425
5276
4815
4384
3895
3231
2525
2502
2692
2725
3231
4399
5884
7175
8490
9799
10664
10962
10894
10508
9511
8007
6160
4249
2574
1102
-300
-1480
-2067
-2228
-2280
-2133
-1688
-1436
-1445
-1734
-2216
-3123
-4390
-5696
-7160
-8602
-9647
-10449
-11072
-11100
-10590
-9756
-8808
-7675
-6178
-4809
-3651
-2524
-1665
-1163
-948
-1158
-1669
-2116
-2566
-3203
-3612
-3535
-3092
-2550
-1636
-117
1291
2520
3721
4759
5454
5552
5373
5071
4652
3967
3169
2452
2105
2220
2321
2715
3818
5273
6613
7943
9280
10389
10890
10856
10459
9570
8115
6315
4621
2943
1430
198
-893
-1377
-1502
-1442
-1262
-1076
-693
-512
-842
-1452
-2310
-3531
-4998
-6555
-8035
-9183
-10112
-10739
-10844
-10470
-9662
-8720
-7663
-6200
-4751
-3730
-2829
-1968
-1384
-1234
-1410
-1742
-2193
-2835
-3254
-3502
-3523
-3048
-2474
-1591
-296
1131
2515
3607
4416
5120
5425
5188
4927
4602
3957
3362
2785
2514
2615
2698
3109
4173
5544
6888
8041
9220
10321
10794
10598
10098
9213
7774
6019
4428
2976
1533
388
-429
-917
-956
-706
-605
-494
-189
22
-407
-1265
-2059
-3244
-4768
-6443
-7891
-8911
-10016
-10633
-10597
-10225
-9526
-8729
-7680
-6287
-4925
-4065
-3271
-2398
-1958
-1910
-2228
-2481
-2760
-3442
-3845
-3889
-3622
-3097
-2482
-1431
-164
1370
2776
3819
4626
5232
5337
4905
4621
4334
3778
2925
2327
2354
2435
2441
3105
4518
5820
6898
8128
9439
10249
10266
9800
9104
7946
6235
4465
2986
1597
153
-1080
-1644
-1891
-1962
-1589
-1287
-923
-443
-236
-574
-1290
-2120
-3189
-4682
-6119
-7154
-8346
-9414
-9828
-9552
-9067
-8627
-7873
-6727
-5603
-4671
-3861
-3070
-2605
-2529
-2606
-2705
-2971
-3382
-3889
-4145
-3830
-3299
-2877
-2189
-957
355
1671
2896
4008
4833
5206
5241
4997
4629
4232
3669
3102
2895
2986
3136
3678
4789
6239
7479
8414
9590
10655
10897
10490
9892
8851
7028
5003
3410
1948
462
-951
-1750
-2027
-2114
-1936
-1745
-1384
-976
-791
-978
-1492
-2221
-3331
-4691
-6126
-7385
-8364
-9305
-9870
-9761
-9103
-8227
-7359
-6164
-4647
-3410
-2526
-1799
-1174
-885
-1205
-1734
-2145
-2853
-3783
-4565
-4869
-4763
-4409
-3699
-2629
-1086
408
1842
3273
4463
5190
5338
5284
5015
4558
3882
3105
2525
2260
2352
2559
3168
4647
6209
7350
8405
9850
10882
10943
10477
9858
8563
6513
4640
3096
1626
91
-1140
-1766
-1923
-1838
-1728
-1611
-1200
-792
-929
-1519
-2166
-3030
-4478
-6132
-7388
-8340
-9391
-10258
-10388
-9906
-9172
-8382
-7292
-5861
-4454
-3324
-2538
-1857
-1434
-1491
-1947
-2484
-3044
-3749
-4508
-4952
-4770
-4228
-3661
-2731
-1246
444
1952
3200
4435
5352
5725
5679
5536
5205
4521
3679
2926
2602
2465
2566
3092
4321
5913
7159
8300
9720
10886
11149
10735
9956
8882
7038
4926
3270
1644
-77
-1419
-2136
-2333
-2353
-2188
-1869
-1593
-1121
-731
-1030
-1851
-2479
-3614
-5241
-6729
-7892
-8800
-9937
-10424
-9879
-9127
-8377
-7306
-5848
-4220
-2834
-1926
-1168
-575
-430
-756
-1363
-1894
-2637
-3698
-4402
-4563
-4368
-4095
-3580
-2486
-1110
246
1563
2905
4011
4756
5031
4976
4829
4531
3905
3189
2886
2780
2752
3091
4046
5348
6877
8123
9370
10816
11593
11652
11259
10579
9268
7206
5295
3730
1961
265
-916
-1504
-1811
-2095
-2087
-1798
-1686
-1532
-1416
-2065
-3010
-3873
-5225
-6752
-8218
-9339
-10279
-11123
-11199
-10645
-9862
-8911
-7602
-6074
-4505
-3176
-2066
-1178
-741
-611
-831
-1415
-1991
-2762
-3696
-4221
-4288
-4080
-3712
-3046
-1909
-520
755
2065
3231
4113
4739
4950
4880
4739
4278
3570
3031
2750
2664
2786
3162
4294
5890
7163
8349
9703
10890
11510
11444
11014
10356
8882
6946
5383
3890
2213
655
-521
-1015
-1402
-1732
-1720
-1720
-1758
-1763
-2125
-2875
-3650
-4694
-5980
-7440
-8795
-9703
-10715
-11351
-10891
-10276
-9796
-8958
-7601
-5929
-4480
-3413
-2442
-1736
-1358
-1130
-1342
-1733
-2174
-2906
-3609
-3744
-3571
-3218
-2764
-2000
-690
517
1705
2840
3709
4343
4653
4647
4535
4378
3918
3440
3096
2959
3074
3262
3983
5365
6753
7831
8978
10284
11259
11556
11309
10984
10098
8452
6839
5406
3984
2467
1061
321
-127
-706
-1149
-1267
-1251
-1264
-1596
-2333
-3093
-3978
-5106
-6506
-7877
-8771
-9705
-10733
-10890
-10370
-10017
-9615
-8722
-7421
-5989
-4821
-3771
-2729
-2086
-1703
-1516
-1681
-2002
-2641
-3384
-3751
-3732
-3621
-3366
-2825
-1850
-640
553
1921
3070
3833
4402
4689
4686
4662
4348
3763
3188
2800
2763
3028
3508
4449
5801
7053
8240
9554
10808
11456
11238
10729
10160
8902
7225
5763
4326
2860
1414
302
-241
-820
-1425
-1700
-1753
-1829
-1884
-2278
-3160
-4011
-4899
-5989
-7265
-8453
-9315
-10194
-10702
-10430
-9999
-9618
-8957
-7899
-6542
-5241
-4312
-3393
-2617
-2181
-1774
-1719
-1990
-2343
-2976
-3518
-3666
-3605
-3370
-3000
-2331
-1328
-211
992
2155
2784
3238
3780
3988
3928
3774
3438
3116
2794
2669
2974
3480
4298
5482
6731
7894
9155
10409
11253
11423
11163
10769
9829
8395
7103
5767
4323
2996
1947
1323
695
-92
-625
-822
-1101
-1460
-1933
-2822
-3816
-4803
-5849
-6925
-8032
-9004
-9776
-10320
-10181
-9692
-9377
-8927
-8058
-6973
-5784
-4850
-4044
-3284
-2958
-2553
-2116
-2012
-2238
-2767
-3211
-3122
-2891
-2753
-2435
-1838
-934
40
1086
2223
3078
3512
3804
4119
4311
4243
3859
3364
3173
3038
2973
3369
4122
5279
6399
7418
8704
10009
10854
11039
10820
10493
9625
8168
6823
5648
4346
3032
1892
1311
913
98
-557
-721
-905
-1215
-1773
-2724
-3580
-4495
-5652
-6774
-7810
-8794
-9627
-10357
-10365
-9655
-9393
-9230
-8458
-7281
-6012
-5178
-4551
-3740
-3259
-3082
-2757
-2486
-2644
-3127
-3748
-3841
-3486
-3473
-3291
-2912
-2108
-1004
-207
855
1987
2616
2915
3304
3746
4044
3830
3253
3091
3080
3179
3530
4098
5174
6336
7255
8413
9749
10750
11123
10818
10507
10074
8889
7518
6360
5212
4007
2762
1920
1521
856
-91
-564
-705
-993
-1604
-2645
-3630
-4551
-5685
-6816
-7953
-8839
-9630
-10286
-10396
-9772
-9175
-9000
-8441
-7367
-5994
-5129
-4687
-3813
-3191
-2902
-2608
-2264
-2084
-2431
-3025
-3227
-2811
-2558
-2477
-2279
-1656
-575
236
1114
2178
2855
3075
3136
3451
3699
3551
3123
2875
2998
3204
3526
4167
5291
6568
7528
8564
9839
10807
11191
10944
10560
9957
8835
7590
6470
5374
4229
3179
2542
2193
1600
829
250
-14
-354
-1156
-2298
-3391
-4508
-5805
-7147
-8356
-9372
-10323
-11001
-10973
-10333
-9714
-9283
-8603
-7487
-6067
-5061
-4442
-3864
-3442
-3166
-3006
-2826
-2634
-3027
-3490
-3462
-3042
-2603
-2243
-1670
-889
161
1121
2122
2953
3424
3585
3528
3545
3529
3234
2595
2151
2067
2345
2729
3436
4653
5850
7087
8404
9651
10691
10875
10495
10019
9187
8188
7065
5804
4608
3642
2817
2294
2023
1566
1146
814
638
460
-198
-1295
-2420
-3631
-5005
-6315
-7732
-8926
-10086
-10897
-10905
-10440
-9968
-9618
-8901
-7716
-6380
-5475
-4595
-3878
-3790
-3565
-3352
-3262
-3508
-4182
-4617
-4660
-4270
-3822
-3334
-2587
-1510
-411
664
2059
3047
3561
3769
3926
4142
3964
3377
2832
2437
2269
2578
3137
3980
5150
6151
7353
8810
10071
10930
10828
10370
9986
9048
7800
6676
5612
4513
3534
2867
2715
2492
1843
1440
1199
1130
978
170
-871
-1790
-2985
-4266
-5566
-6889
-8012
-9207
-10017
-9847
-9382
-9176
-8914
-8217
-6961
-5726
-5023
-4310
-3695
-3535
-3465
-3410
-3284
-3523
-4265
-4764
-4706
-4484
-4088
-3653
-2960
-1773
-550
552
1723
2654
3307
3574
3516
3892
3852
3202
2608
2429
2647
3003
3543
4489
5613
6515
7671
9075
10235
10669
10274
9800
9311
8362
7195
6056
4887
3796
2962
2588
2476
2143
1520
1206
1124
939
464
-357
-1340
-2508
-3755
-4914
-6125
-7264
-8414
-9455
-9867
-9578
-9207
-9070
-8644
-7884
-6798
-5837
-5083
-4279
-3894
-3967
-3967
-3790
-3834
-4409
-5051
-5246
-5082
-4842
-4452
-3789
-2986
-1871
-702
554
1887
2718
3129
3392
3709
3898
3633
3060
2675
2656
2813
3315
4234
5271
6106
7026
8278
9613
10471
10529
10119
9551
8610
7611
6531
5362
4305
3181
2440
2233
2065
1670
1142
852
860
678
-127
-953
-1747
-2932
-4000
-5025
-5956
-7113
-8283
-8809
-8807
-8529
-8273
-8087
-7628
-6697
-5669
-4787
-4010
-3415
-3193
-3286
-3264
-3167
-3413
-4160
-4869
-4916
-4816
-4711
-4388
-3751
-2909
-1982
-839
455
1592
2248
2642
2959
3458
3671
3384
3017
2740
2959
3506
4177
5240
6297
7155
8200
9459
10519
10854
10411
9862
9235
8267
7272
6101
4968
3921
3120
2735
2571
2284
1648
1138
815
664
32
-1200
-2313
-3467
-4643
-5724
-6748
-7495
-8270
-9053
-9082
-8469
-8123
-7968
-7475
-6644
-5643
-4884
-4157
-3353
-3064
-3003
-2959
-2897
-2983
-3528
-4235
-4417
-4238
-4014
-3700
-3273
-2587
-1640
-747
314
1333
1869
2106
2248
2474
2647
2402
1801
1413
1485
2095
2981
4070
5249
6284
7442
8766
9943
10470
10184
9531
8715
7861
6977
5918
4847
3850
3022
2776
2900
2684
2098
1734
1567
1289
611
-273
-1410
-2885
-4334
-5558
-6567
-7580
-8672
-9399
-9578
-9195
-8632
-8239
-7736
-6934
-5899
-5088
-4288
-3479
-3040
-3101
-3279
-3056
-3078
-3750
-4404
-4622
-4465
-4207
-3823
-3111
-2194
-1315
-343
966
2030
2752
3154
3178
3280
3425
3062
2360
1705
1550
1941
2648
3722
4944
6002
7149
8616
9890
10646
10437
9646
8848
7877
6803
5755
4611
3585
2765
2424
2519
2552
2351
2078
1956
1925
1487
565
-479
-1750
-3267
-4734
-5945
-7043
-8248
-9263
-9404
-8921
-8459
-7995
-7267
-6348
-5296
-4371
-3471
-2698
-2430
-2540
-2714
-2823
-3056
-3773
-4764
-5291
-5200
-4905
-4502
-3778
-2742
-1686
-676
659
1973
2744
3013
3116
3127
3163
2893
2167
1378
1171
1512
2114
3081
4303
5613
6866
8202
9733
10636
10446
9790
8897
7901
6801
5629
4497
3376
2645
2407
2425
2419
2428
2309
2128
2110
1706
988
-94
-1698
-3249
-4692
-6065
-7393
-8674
-9596
-9938
-9738
-9284
-8649
-7951
-7013
-5839
-4841
-3847
-3123
-2777
-2717
-2899
-2965
-3196
-3885
-4718
-5258
-5424
-5295
-4908
-4210
-3269
-2210
-1027
412
1682
2619
3165
3264
3348
3404
3055
2381
1640
1322
1559
2041
2971
4115
5089
6308
7829
9323
10240
10304
9812
8940
7951
6934
5925
4692
3530
2778
2459
2496
2573
2651
2616
2591
2637
2370
1699
703
-674
-2212
-3691
-5133
-6435
-7691
-8734
-9226
-9038
-8705
-8385
-7768
-6799
-5697
-4706
-3758
-2980
-2549
-2377
-2458
-2568
-2792
-3357
-4203
-4875
-5023
-4889
-4766
-4351
-3426
-2229
-1072
273
1703
2835
3502
3822
4147
4150
3657
2826
2033
1653
1682
2032
2742
3682
4842
6048
7429
9028
9968
9931
9477
8771
7820
6642
5374
4126
2858
1792
1376
1435
1492
1518
1591
1819
2059
1893
1351
538
-678
-1995
-3405
-4716
-6046
-7461
-8600
-9117
-8999
-8725
-8392
-7824
-6745
-5519
-4544
-3622
-2698
-2108
-2008
-2197
-2228
-2413
-3156
-4124
-4810
-5053
-5109
-5064
-4737
-3947
-2798
-1468
-117
1228
2492
3345
3627
4020
4349
4039
3196
2358
2089
2228
2469
3057
3807
4670
5915
7343
8855
9745
9859
9504
8639
7915
7080
5755
4275
2930
2019
1479
1147
995
1009
909
861
999
911
539
-324
-1562
-2777
-4028
-5234
-6546
-7924
-8925
-9343
-9392
-9155
-8595
-7917
-7029
-5810
-4580
-3451
-2521
-1947
-1645
-1542
-1483
-1697
-2403
-3296
-3908
-4150
-4246
-4216
-3897
-3226
-2428
-1319
139
1423
2408
3052
3462
3857
4018
3721
3074
2264
1886
2031
2414
3028
3747
4663
5660
7034
8451
9334
9551
9151
8528
7907
7047
6087
5015
3709
2776
2264
1995
1809
1683
1531
1458
1423
1257
842
15
-1152
-2483
-3754
-4915
-6151
-7508
-8583
-9167
-9258
-9091
-8763
-8100
-7251
-6238
-5163
-4040
-3014
-2382
-2055
-1829
-1595
-1681
-2183
-2911
-3424
-3669
-3734
-3634
-3379
-2687
-1820
-824
458
1713
2865
3536
3913
4392
4505
4042
3371
2690
2314
2229
2418
3039
3652
4311
5387
6688
7833
8451
8595
8392
7772
7084
6337
5425
4247
3074
2221
1727
1482
1324
1144
1027
1077
1161
906
418
-311
-1287
-2604
-3952
-5116
-6365
-7526
-8558
-9000
-9021
-8979
-8728
-8246
-7292
-6260
-5474
-4576
-3629
-2908
-2594
-2288
-2072
-2139
-2590
-3239
-3574
-3715
-3826
-3824
-3538
-2728
-1801
-764
461
1680
2843
3644
4148
4631
4707
4275
3565
2861
2613
2623
2768
3223
3804
4608
5594
6709
7788
8325
8384
8002
7395
6797
5936
5013
3926
2899
2247
1887
1683
1453
1458
1502
1577
1438
1055
566
-228
-1370
-2555
-3742
-5015
-6249
-7375
-8212
-8583
-8561
-8496
-8354
-7910
-7052
-6075
-5314
-4527
-3769
-3207
-2890
-2535
-2276
-2409
-2864
-3394
-3558
-3506
-3534
-3444
-3126
-2485
-1577
-444
733
1864
2941
3769
4450
5011
5249
4958
4274
3752
3688
3689
3835
4108
4560
5191
6004
7099
7979
8124
8000
7627
6994
6418
5682
4829
3872
2908
2365
2113
1821
1643
1497
1369
1422
1242
761
102
-874
-1954
-3198
-4471
-5449
-6537
-7731
-8406
-8501
-8445
-8320
-8185
-7614
-6716
-5977
-5198
-4473
-3887
-3406
-3052
-2787
-2548
-2629
-3115
-3564
-3642
-3546
-3640
-3641
-3145
-2363
-1563
-431
653
1640
2667
3370
3987
4554
4769
4681
4101
3687
3921
4070
4191
4449
4818
5368
6039
6916
7707
7712
7398
6948
6305
5677
4986
4061
3092
2305
2001
2009
1780
1601
1570
1468
1435
1209
632
-54
-1072
-2331
-3475
-4614
-5778
-6987
-8180
-8729
-8728
-8710
-8514
-8115
-7447
-6512
-5713
-4959
-4232
-3787
-3426
-3255
-3117
-2905
-3053
-3586
-3933
-3878
-3636
-3494
-3334
-2786
-1876
-1033
32
1129
2125
3065
3642
4244
4844
5016
4692
4161
3959
4221
4368
4588
5025
5416
6010
6738
7560
8147
8257
7961
7251
6522
5849
5013
3864
2742
2118
1743
1536
1381
1393
1490
1461
1552
1470
1087
309
-703
-1893
-3145
-4307
-5545
-6782
-7818
-8335
-8362
-8343
-8104
-7580
-6871
-5944
-5128
-4337
-3684
-3255
-2982
-2864
-2773
-2853
-3214
-3646
-3866
-3801
-3755
-3658
-3287
-2637
-1753
-961
30
1136
2090
2790
3408
3983
4366
4368
4095
3795
3563
3791
4038
4362
4901
5406
6079
6860
7663
8183
8091
7705
7040
6298
5452
4453
3404
2378
1679
1279
1172
1111
1133
1229
1307
1425
1377
959
269
-797
-1988
-3181
-4453
-5807
-7029
-8026
-8620
-8798
-8794
-8480
-8034
-7265
-6203
-5310
-4495
-3848
-3412
-3197
-3039
-2936
-3088
-3563
-4097
-4180
-4145
-4082
-3923
-3628
-2946
-1980
-998
149
1204
2138
2968
3567
4081
4452
4365
3969
3531
3283
3558
3751
4123
4751
5405
6212
7049
8015
8557
8435
8056
7489
6609
5719
4638
3417
2402
1637
1206
1048
1007
1199
1388
1445
1748
1715
1237
554
-453
-1573
-2802
-4251
-5632
-6902
-7998
-8540
-8786
-8790
-8412
-7988
-7303
-6162
-5138
-4324
-3646
-3173
-2786
-2616
-2579
-2660
-3130
-3774
-4057
-4067
-3965
-3709
-3389
-2747
-1803
-639
628
1644
2570
3480
4097
4535
4926
4873
4448
3891
3678
3855
4048
4448
5011
5567
6394
7331
8313
8883
8722
8304
7637
6753
5748
4552
3343
2226
1401
1003
868
879
863
911
1113
1474
1459
939
236
-752
-1842
-3059
-4457
-5765
-7122
-8296
-8907
-9091
-9056
-8835
-8429
-7716
-6565
-5575
-4696
-3948
-3367
-2927
-2849
-2747
-2722
-3192
-3938
-4389
-4443
-4316
-4177
-3811
-3171
-2235
-1114
216
1417
2493
3430
3986
4551
5030
5014
4563
3899
3557
3761
3945
4377
4965
5464
6313
7278
8262
8990
8933
8483
7776
6861
5939
4753
3383
2169
1186
612
516
471
481
603
664
1059
1203
722
138
-688
-1833
-3159
-4509
-5719
-7063
-8336
-8890
-8929
-9037
-8824
-8363
-7663
-6584
-5550
-4612
-3821
-3279
-2834
-2636
-2651
-2623
-2996
-3822
-4447
-4477
-4328
-4230
-4150
-3527
-2453
-1467
-247
1088
2299
3362
3913
4420
5079
5121
4739
4156
3812
3989
4224
4661
5341
5928
6659
7648
8685
9449
9483
9090
8352
7446
6589
5480
4062
2767
1817
1207
929
789
798
823
822
1109
1288
1005
315
-690
-1736
-2906
-4207
-5499
-6760
-7971
-8712
-8785
-8579
-8322
-8063
-7441
-6336
-5304
-4364
-3619
-3078
-2679
-2501
-2380
-2325
-2650
-3422
-4081
-4260
-4239
-4153
-4013
-3555
-2716
-1835
-635
646
1780
2678
3212
3787
4334
4520
4219
3631
3265
3327
3659
4155
4744
5468
6156
7112
8223
9043
9237
8786
8040
7225
6396
5263
3956
2718
1732
1169
889
836
821
698
776
947
1022
757
56
-967
-2010
-3104
-4354
-5536
-6784
-7904
-8640
-8821
-8597
-8330
-8056
-7428
-6481
-5399
-4476
-3711
-3082
-2623
-2421
-2365
-2311
-2599
-3263
-3968
-4262
-4238
-4192
-4105
-3739
-2990
-2122
-1067
169
1375
2348
3028
3658
4175
4398
4033
3450
3066
3102
3423
3963
4663
5321
6210
7226
8370
9208
9386
9024
8301
7432
6650
5596
4262
3101
2167
1614
1388
1282
1240
1094
1081
1312
1356
1017
250
-810
-1971
-3246
-4544
-5735
-7036
-8212
-8928
-9107
-8869
-8556
-8210
-7558
-6524
-5457
-4519
-3715
-2996
-2494
-2239
-2045
-1880
-2055
-2656
-3326
-3694
-3769
-3756
-3745
-3477
-2710
-1669
-477
755
1933
2937
3524
4059
4630
4906
4586
3880
3397
3406
3600
3941
4589
5182
5850
6807
8021
9083
9374
9031
8413
7653
6805
5629
4299
3053
1986
1420
1180
1127
1063
968
941
1049
1150
878
181
-894
-1972
-2980
-4176
-5510
-6786
-7954
-8812
-9131
-8897
-8532
-8191
-7612
-6551
-5355
-4526
-3815
-3171
-2689
-2492
-2351
-2164
-2248
-2828
-3591
-3888
-3840
-3819
-3876
-3686
-2978
-2028
-1014
140
1259
2169
2762
3247
3782
4018
3790
3209
2734
2862
3203
3656
4251
4894
5793
6838
7952
9043
9452
9176
8579
7830
6946
5804
4446
3225
2188
1432
1223
1094
1004
944
853
1018
1210
880
141
-896
-2020
-3152
-4412
-5756
-7008
-8218
-9104
-9414
-9272
-8966
-8634
-8145
-7129
-5951
-4956
-4143
-3505
-2927
-2568
-2377
-2166
-2106
-2596
-3233
-3554
-3429
-3295
-3309
-3065
-2353
-1389
-343
825
1986
2983
3679
4153
4610
4811
4548
3811
3078
2960
3142
3492
3968
4652
5507
6542
7732
8871
9392
9285
8831
8062
7252
6220
4861
3470
2279
1475
1171
995
916
915
931
1185
1377
1232
701
-223
-1297
-2449
-3704
-4985
-6189
-7378
-8250
-8581
-8390
-8065
-7850
-7399
-6487
-5509
-4519
-3721
-3137
-2639
-2420
-2373
-2250
-2294
-2793
-3500
-3981
-3888
-3729
-3798
-3607
-3026
-2247
-1312
-232
865
1898
2636
3142
3760
4138
4032
3483
2857
2703
2913
3115
3552
4168
4927
5934
6999
8233
9125
9148
8720
8237
7546
6579
5324
3972
2750
1759
1303
1132
974
848
803
848
1090
1097
494
-467
-1579
-2701
-3880
-5197
-6412
-7525
-8492
-8980
-8861
-8525
-8251
-7838
-7085
-6003
-4928
-4169
-3525
-2992
-2602
-2388
-2293
-2271
-2501
-3061
-3659
-3702
-3498
-3439
-3405
-3074
-2319
-1391
-463
606
1751
2566
3102
3660
4079
4191
3697
3044
2704
2764
3083
3464
4061
4783
5634
6785
7945
8873
9093
8704
8154
7471
6652
5513
4277
3102
2189
1660
1480
1342
1214
1139
1114
1320
1405
984
95
-949
-2001
-3078
-4386
-5642
-6911
-7960
-8496
-8534
-8158
-7841
-7500
-6919
-5866
-4761
-3945
-3310
-2785
-2315
-2030
-1872
-1744
-1898
-2366
-2913
-3100
-2971
-3026
-3240
-3200
-2518
-1680
-856
172
1297
2188
2759
3370
3846
3932
3547
3008
2626
2660
2868
3212
3796
4496
5341
6367
7461
8435
9000
8849
8461
7858
6990
6011
4855
3631
2552
1885
1584
1500
1295
1046
1084
1146
1195
897
126
-850
-2015
-3188
-4364
-5628
-6931
-8091
-8906
-9098
-8806
-8533
-8309
-7839
-6984
-5876
-5042
-4370
-3698
-3157
-2718
-2401
-2177
-2087
-2318
-2796
-2983
-2799
-2708
-2779
-2701
-2130
-1330
-631
234
1335
2296
2911
3422
3948
4314
4169
3675
3206
3061
3055
3127
3536
4136
4804
5592
6702
7746
8398
8368
8030
7548
6815
5834
4652
3485
2318
1486
1135
1025
824
555
406
502
645
567
29
-798
-1783
-2763
-3787
-5028
-6180
-7248
-8126
-8525
-8471
-8185
-7945
-7623
-6990
-5988
-5036
-4411
-3830
-3195
-2693
-2408
-2177
-2102
-2140
-2568
-2921
-2822
-2641
-2690
-2696
-2355
-1644
-824
-59
992
1976
2822
3478
4036
4544
4747
4516
4051
3743
3861
4009
4225
4759
5343
6099
7056
8043
8885
9183
8811
8266
7560
6729
5728
4368
3135
2215
1621
1327
1087
793
598
453
451
478
-46
-942
-1907
-2922
-3986
-5210
-6385
-7343
-8260
-8793
-8756
-8497
-8233
-8025
-7544
-6621
-5630
-4841
-4077
-3335
-2699
-2268
-2008
-1800
-1771
-2150
-2622
-2831
-2828
-2745
-2800
-2734
-2148
-1313
-509
357
1328
2299
3063
3564
4047
4380
4154
3711
3254
3117
3245
3351
3741
4532
5283
6180
7261
8200
8810
8653
8162
7694
6939
5889
4679
3524
2548
1834
1408
1223
1051
700
558
581
560
285
-513
-1504
-2472
-3503
-4637
-5843
-6971
-7956
-8652
-8968
-8803
-8441
-8196
-7772
-7028
-5976
-5085
-4522
-3856
-3158
-2643
-2256
-1997
-1894
-2008
-2474
-2830
-2781
-2734
-2787
-2833
-2457
-1606
-779
119
1207
2229
3100
3695
4170
4623
4729
4394
3810
3510
3568
3772
3978
4434
5125
5962
7007
7930
8657
8756
8420
7934
7123
6232
5108
3823
2681
1867
1437
1207
977
695
575
587
558
388
-259
-1201
-2259
-3281
-4199
-5427
-6588
-7567
-8256
-8563
-8468
-8122
-7795
-7456
-6883
-5919
-5007
-4275
-3682
-3107
-2548
-2160
-1900
-1716
-1737
-2078
-2482
-2536
-2403
-2410
-2526
-2373
-1744
-959
-156
742
1562
2462
3117
3546
4033
4288
4134
3583
3138
3144
3369
3507
3885
4536
5417
6502
7476
8326
8872
8813
8442
7876
7051
6097
4847
3612
2766
2166
1789
1494
1171
955
852
789
693
245
-614
-1664
-2747
-3876
-5042
-6262
-7318
-8218
-8832
-8862
-8594
-8270
-8061
-7662
-6906
-5971
-5049
-4473
-3924
-3326
-2843
-2545
-2313
-2243
-2536
-2889
-3016
-2848
-2698
-2708
-2505
-1957
-1162
-260
611
1563
2393
3022
3499
3948
4255
4167
3782
3385
3220
3398
3561
3795
4401
5152
6006
6920
7899
8493
8431
7997
7375
6618
5641
4402
3166
2306
1761
1475
1279
1176
1099
922
807
808
522
-355
-1527
-2583
-3551
-4635
-5834
-6932
-7801
-8349
-8457
-8240
-7768
-7438
-7147
-6594
-5750
-4801
-4200
-3791
-3278
-2807
-2459
-2300
-2216
-2295
-2597
-2892
-2929
-2778
-2745
-2658
-2256
-1619
-814
104
1005
1873
2680
3300
3776
4097
4169
3986
3631
3422
3525
3771
4124
4758
5522
6370
7338
8266
9017
9149
8787
8289
7514
6615
5546
4262
3256
2534
2082
1864
1725
1535
1300
1052
1002
778
-82
-1250
-2498
-3550
-4628
-5881
-6963
-7824
-8405
-8694
-8542
-8100
-7670
-7345
-6882
-5975
-5028
-4358
-3906
-3423
-2882
-2527
-2353
-2194
-2225
-2504
-2837
-2882
-2699
-2581
-2594
-2350
-1671
-816
72
1021
1894
2620
3284
3737
4027
4200
3996
3631
3299
3135
3381
3709
4158
4789
5509
6450
7392
8077
8395
8225
7661
6868
5998
4954
3725
2546
1708
1210
983
949
877
730
677
773
714
175
-894
-1990
-3063
-4282
-5556
-6641
-7608
-8455
-8921
-8818
-8281
-7840
-7472
-6837
-5870
-4880
-4121
-3609
-3113
-2668
-2374
-2334
-2280
-2279
-2618
-3065
-3240
-3074
-2886
-2834
-2590
-1885
-993
-111
816
1790
2599
3139
3640
4045
4221
4171
3769
3397
3289
3443
3765
4201
4831
5672
6559
7474
8324
8726
8560
7972
7175
6324
5313
4097
2930
1941
1390
1228
1103
1045
1006
860
848
837
544
-301
-1459
-2567
-3637
-4757
-5979
-7056
-7853
-8398
-8425
-8007
-7467
-7091
-6593
-5686
-4644
-3777
-3199
-2747
-2319
-2030
-1867
-1748
-1742
-2013
-2510
-2781
-2719
-2646
-2669
-2492
-2006
-1143
-241
623
1619
2493
3095
3526
3835
4023
3905
3495
3059
2793
2817
3214
3719
4268
5103
6174
7230
8115
8769
8781
8245
7437
6513
5520
4221
2875
1851
1175
881
825
850
849
805
843
992
842
93
-1015
-2180
-3252
-4461
-5748
-6951
-7965
-8668
-8915
-8597
-8035
-7542
-7050
-6262
-5230
-4392
-3819
-3426
-3079
-2747
-2612
-2483
-2498
-2717
-3089
-3403
-3414
-3189
-3069
-2913
-2471
-1670
-714
191
1105
2012
2745
3194
3642
3957
4043
3765
3418
3253
3280
3498
3924
4484
5244
6163
7116
8137
8851
8942
8537
7847
6913
5766
4376
3025
1906
1016
626
536
555
647
718
887
1105
1007
357
-744
-1974
-3146
-4384
-5726
-6939
-7945
-8648
-8905
-8688
-8057
-7450
-6896
-6043
-4887
-3817
-3125
-2699
-2272
-1895
-1827
-1856
-1983
-2291
-2713
-3142
-3172
-2964
-2841
-2645
-2208
-1418
-502
349
1172
1980
2692
3191
3498
3781
3896
3670
3239
3010
3112
3393
3861
4426
5180
6131
7223
8215
8886
9158
8873
8080
7090
6020
4762
3414
2220
1431
1046
979
1057
1109
1243
1395
1525
1403
717
-367
-1562
-2865
-4232
-5654
-6950
-8071
-8835
-9188
-8976
-8351
-7819
-7246
-6363
-5217
-4227
-3573
-3048
-2538
-2240
-2180
-2228
-2397
-2729
-3116
-3464
-3442
-3250
-3117
-2904
-2414
-1629
-725
140
989
1881
2671
3163
3597
3924
3988
3814
3426
3222
3254
3410
3797
4412
5176
6074
7015
7846
8540
8830
8455
7721
6743
5668
4387
3004
1855
949
434
325
475
680
902
1128
1329
1362
857
-103
-1378
-2755
-4064
-5512
-6871
-7878
-8640
-8992
-8909
-8410
-7698
-6983
-6213
-5197
-4125
-3369
-2851
-2477
-2162
-2054
-2113
-2276
-2555
-2909
-3236
-3396
-3295
-3126
-2893
-2545
-1935
-1118
-291
531
1279
1999
2602
2980
3290
3461
3430
3181
2867
2861
3119
3532
4153
4962
5762
6786
7886
8699
9036
8752
8094
7148
6081
4881
3643
2395
1338
809
771
874
1018
1154
1356
1594
1686
1371
469
-680
-2007
-3420
-4872
-6282
-7489
-8398
-8819
-8792
-8263
-7491
-6861
-6080
-5031
-3880
-3154
-2645
-2192
-1888
-1738
-1783
-1893
-2181
-2641
-3081
-3273
-3154
-2920
-2682
-2290
-1609
-674
212
1010
1814
2533
3060
3396
3711
3885
3786
3437
3166
3073
3251
3696
4221
4941
5673
6569
7621
8413
8745
8623
7984
6995
5887
4624
3207
1834
773
192
-30
90
322
514
783
1160
1350
1034
197
-887
-2114
-3473
-4937
-6355
-7532
-8475
-9001
-9004
-8533
-7829
-7207
-6385
-5277
-4151
-3311
-2765
-2386
-2073
-1938
-2118
-2347
-2715
-3235
-3708
-3922
-3691
-3395
-3220
-2848
-2131
-1273
-364
512
1287
2044
2612
3048
3394
3556
3425
3099
2747
2747
3054
3460
4121
4942
5875
6898
7867
8654
9101
8952
8339
7388
6158
4885
3585
2271
1141
495
293
334
478
699
985
1299
1425
1174
387
-735
-2072
-3563
-4892
-6213
-7524
-8552
-9191
-9056
-8503
-7918
-7194
-6391
-5407
-4215
-3287
-2733
-2301
-2037
-1831
-1710
-1755
-1933
-2311
-2790
-2867
-2613
-2401
-2395
-2313
-1727
-880
-125
634
1368
2065
2668
3230
3724
3992
3875
3590
3464
3482
3599
3821
4253
4896
5580
6431
7390
8146
8555
8584
8145
7296
6251
5140
3837
2446
1367
735
439
424
639
889
1163
1512
1800
1672
933
-176
-1399
-2739
-4222
-5721
-7149
-8316
-8931
-9011
-8695
-8106
-7488
-6675
-5522
-4262
-3268
-2788
-2469
-2125
-1913
-1952
-2217
-2546
-2976
-3424
-3600
-3514
-3321
-3177
-2900
-2258
-1392
-475
257
998
1760
2403
2865
3146
3379
3436
3327
3195
3072
3126
3448
3972
4585
5391
6269
7175
8026
8586
8717
8336
7537
6448
5255
3924
2553
1323
382
-45
-167
-112
148
413
767
1090
1066
589
-284
-1411
-2650
-4103
-5618
-6981
-8165
-9025
-9343
-9168
-8654
-7953
-7071
-5902
-4618
-3502
-2714
-2233
-1728
-1420
-1440
-1665
-1963
-2346
-2825
-3179
-3222
-3064
-2927
-2622
-2095
-1273
-359
352
1120
1905
2552
2985
3260
3449
3511
3425
3271
3124
3128
3403
3881
4585
5351
6191
7133
8021
8700
8973
8732
7944
6847
5642
4380
3055
1830
850
417
338
501
807
1103
1455
1775
1890
1512
682
-422
-1742
-3314
-4926
-6368
-7672
-8647
-9080
-8948
-8545
-7919
-7105
-6094
-4872
-3776
-3048
-2460
-1997
-1664
-1577
-1774
-2023
-2374
-2832
-3165
-3344
-3262
-3059
-2800
-2256
-1554
-730
41
822
1640
2389
2820
3087
3347
3472
3403
3201
3016
2971
3164
3671
4372
5027
5894
6847
7771
8586
8941
8741
8008
6945
5751
4386
2980
1586
462
-144
-281
-194
31
380
797
1247
1468
1294
584
-495
-1762
-3156
-4657
-6199
-7620
-8804
-9379
-9421
-9065
-8525
-7770
-6655
-5342
-3979
-2978
-2285
-1731
-1307
-1215
-1395
-1742
-2250
-2825
-3350
-3617
-3579
-3423
-3187
-2684
-1828
-862
17
903
1680
2350
2942
3327
3581
3627
3555
3291
2944
2816
2982
3300
3899
4711
5611
6649
7699
8555
9023
8927
8338
7456
6249
4793
3360
1973
757
-2
-318
-337
-106
271
712
1207
1525
1452
906
47
-1128
-2502
-4002
-5707
-7174
-8403
-9148
-9369
-9160
-8589
-7839
-6837
-5568
-4234
-3193
-2384
-1792
-1346
-1147
-1298
-1606
-2010
-2530
-2989
-3327
-3322
-3100
-2912
-2557
-1834
-890
51
949
1773
2576
3200
3566
3854
3941
3766
3551
3245
3064
3144
3450
4012
4761
5612
6607
7602
8451
9016
8999
8437
7607
6452
5052
3624
2126
961
76
-366
-326
-147
115
489
962
1364
1394
904
-59
-1231
-2509
-4031
-5623
-7139
-8346
-9101
-9337
-9093
-8553
-7873
-6956
-5676
-4304
-3197
-2468
-1987
-1527
-1246
-1249
-1500
-2008
-2516
-2921
-3245
-3302
-3171
-3041
-2657
-1974
-1096
-161
660
1459
2254
2933
3418
3725
3786
3720
3503
3146
2910
2936
3123
3605
4339
5125
6036
6976
7896
8529
8618
8189
7417
6310
5054
3666
2233
975
10
-454
-549
-383
-79
282
660
1138
1260
852
151
-934
-2186
-3643
-5273
-6813
-8092
-8967
-9401
-9301
-8749
-7988
-7143
-5971
-4621
-3452
-2566
-1962
-1506
-1228
-1236
-1526
-1954
-2491
-3049
-3461
-3604
-3457
-3221
-2843
-2176
-1219
-239
741
1648
2393
3031
3482
3724
3743
3655
3403
3140
2973
2978
3275
3739
4415
5267
6204
7196
8071
8611
8694
8315
7551
6384
5096
3758
2434
1218
309
-121
-171
60
371
709
1118
1558
1566
1193
430
-665
-1957
-3380
-4885
-6364
-7594
-8439
-8802
-8759
-8271
-7643
-6834
-5757
-4514
-3325
-2513
-1898
-1366
-1028
-1010
-1242
-1637
-2200
-2785
-3212
-3352
-3358
-3199
-2858
-2343
-1501
-559
351
1169
2022
2757
3306
3623
3695
3676
3504
3254
3058
3070
3264
3686
4330
5161
5985
6828
7683
8304
8500
8283
7635
6462
5082
3654
2366
1158
133
-514
-653
-428
-100
309
751
1176
1364
1141
524
-462
-1741
-3126
-4623
-6091
-7363
-8430
-9085
-9125
-8736
-8180
-7376
-6368
-5109
-3865
-2892
-2186
-1718
-1413
-1347
-1526
-1899
-2390
-2957
-3512
-3743
-3704
-3506
-3189
-2724
-1839
-888
42
917
1671
2409
2983
3299
3400
3454
3330
3166
3005
2990
3259
3621
4303
5091
5857
6861
7741
8386
8694
8428
7747
6662
5306
3946
2561
1253
226
-313
-437
-321
-12
391
883
1318
1567
1395
704
-296
-1528
-2959
-4422
-5848
-7170
-8144
-8729
-8830
-8467
-7801
-7018
-6126
-5046
-3883
-3015
-2480
-2040
-1770
-1657
-1730
-1945
-2201
-2529
-2828
-2854
-2690
-2482
-2287
-1929
-1357
-588
196
851
1487
2157
2728
3188
3515
3722
3742
3758
3834
3896
4061
4309
4812
5469
6187
6865
7436
7909
8156
8069
7585
6640
5395
4167
3020
1929
887
97
-221
-128
206
599
831
1062
1226
1173
751
-173
-1429
-2849
-4201
-5534
-6809
-7899
-8692
-8933
-8625
-7965
-7211
-6416
-5452
-4260
-3164
-2452
-2012
-1722
-1619
-1682
-1905
-2319
-2782
-3310
-3571
-3414
-3180
-2927
-2532
-1909
-1102
-224
597
1303
1914
2388
2866
3154
3234
3249
3166
3028
2958
3078
3402
3882
4576
5384
6154
6946
7662
8067
8028
7549
6647
5436
4205
3037
1896
814
-3
-352
-275
38
456
778
1043
1281
1313
970
33
-1186
-2518
-3885
-5266
-6665
-7841
-8684
-8969
-8692
-8059
-7214
-6398
-5423
-4223
-3061
-2351
-1922
-1619
-1539
-1571
-1799
-2176
-2707
-3342
-3743
-3672
-3469
-3205
-2786
-2134
-1229
-230
738
1485
2187
2798
3333
3611
3600
3545
3422
3259
3162
3235
3422
3775
4431
5311
6241
7070
7821
8414
8576
8289
7596
6493
5173
3885
2610
1390
459
-69
-118
96
407
735
1041
1289
1423
1265
561
-567
-1839
-3145
-4480
-5885
-7151
-8118
-8675
-8624
-8108
-7383
-6552
-5633
-4499
-3298
-2394
-1883
-1551
-1294
-1243
-1423
-1755
-2208
-2762
-3190
-3262
-3152
-2986
-2723
-2294
-1474
-506
387
1235
1920
2528
3056
3359
3451
3455
3271
3115
3006
2912
2984
3212
3774
4553
5379
6193
6994
7669
8054
8030
7576
6670
5347
4052
2801
1577
485
-259
-560
-461
-119
286
660
861
1064
1084
676
-188
-1408
-2781
-4147
-5590
-6961
-7988
-8773
-9093
-8851
-8228
-7429
-6605
-5613
-4427
-3353
-2585
-2077
-1777
-1598
-1628
-1900
-2290
-2803
-3333
-3598
-3626
-3465
-3199
-2845
-2123
-1157
-144
858
1768
2522
3130
3548
3755
3769
3627
3428
3226
3059
3093
3328
3717
4439
5289
6117
6990
7745
8257
8355
8016
7257
6049
4637
3245
2003
825
-82
-486
-462
-173
254
711
1058
1290
1488
1319
543
-622
-1940
-3285
-4757
-6239
-7452
-8321
-8795
-8718
-8165
-7366
-6484
-5547
-4330
-2995
-2062
-1515
-1168
-968
-997
-1258
-1618
-2147
-2794
-3227
-3248
-3123
-2952
-2603
-2116
-1277
-264
724
1628
2274
2899
3474
3719
3788
3729
3509
3296
3151
3085
3210
3416
3951
4791
5671
6534
7309
7866
8128
8112
7625
6624
5263
3866
2598
1436
513
-170
-460
-371
-30
375
699
861
942
902
393
-573
-1770
-3132
-4503
-5857
-7047
-7975
-8696
-8967
-8590
-7867
-7013
-6144
-5244
-4117
-3050
-2297
-1798
-1527
-1594
-1742
-1948
-2305
-2770
-3290
-3547
-3438
-3245
-2937
-2440
-1770
-884
126
1104
1881
2495
3060
3443
3655
3695
3549
3315
3122
3033
3001
3102
3444
4147
4988
5866
6760
7436
7866
7994
7701
6982
5838
4513
3226
2000
1019
244
-296
-412
-174
133
419
594
673
768
520
-187
-1180
-2435
-3716
-5005
-6301
-7348
-8090
-8547
-8436
-7867
-7146
-6275
-5390
-4287
-3193
-2368
-1808
-1437
-1354
-1391
-1534
-1908
-2438
-3024
-3345
-3407
-3289
-3022
-2624
-2071
-1146
-92
862
1752
2375
2917
3367
3577
3621
3509
3244
3048
2995
3009
3107
3284
3770
4612
5501
6376
7113
7568
7890
7839
7460
6636
5350
4069
2869
1840
1040
386
-115
-148
155
500
828
897
895
773
326
-358
-1417
-2762
-4021
-5261
-6398
-7234
-7893
-8245
-8028
-7438
-6616
-5793
-5038
-4088
-3143
-2405
-1823
-1509
-1433
-1422
-1581
-1905
-2327
-2789
-3101
-3163
-3016
-2747
-2333
-1751
-928
60
1043
1831
2411
2947
3368
3649
3691
3556
3304
3133
3089
2991
2965
3080
3564
4362
5217
6152
6829
7255
7621
7509
7016
6163
4875
3572
2419
1497
712
26
-405
-326
-51
156
434
408
237
77
-389
-1216
-2365
-3665
-4858
-6045
-6971
-7654
-8222
-8319
-7888
-7206
-6351
-5428
-4621
-3692
-2821
-2110
-1680
-1588
-1592
-1641
-1939
-2323
-2654
-3021
-3261
-3254
-3005
-2647
-2190
-1548
-634
337
1243
1979
2544
3006
3277
3435
3410
3196
3008
2884
2807
2825
2980
3343
3932
4753
5635
6440
6992
7314
7447
7187
6615
5744
4554
3445
2460
1638
1027
475
157
109
243
410
614
598
430
168
-372
-1187
-2377
-3662
-4892
-5983
-6816
-7409
-7745
-7763
-7312
-6610
-5743
-4862
-4097
-3316
-2490
-1803
-1376
-1187
-1215
-1327
-1606
-1915
-2266
-2667
-2924
-2996
-2676
-2191
-1626
-901
-16
844
1648
2361
2829
3168
3317
3307
3205
3051
2867
2841
2862
2889
3079
3458
4017
4760
5611
6398
6866
7044
7085
6875
6314
5461
4351
3195
2269
1536
905
479
211
200
354
472
605
429
39
-318
-789
-1669
-2799
-3978
-5029
-5924
-6662
-7149
-7487
-7597
-7222
-6503
-5715
-4906
-4271
-3589
-2827
-2169
-1755
-1596
-1620
-1708
-1896
-2116
-2365
-2756
-3054
-3081
-2812
-2400
-1822
-1088
-304
486
1332
2013
2419
2742
2852
2908
2940
2798
2590
2446
2446
2585
2849
3228
3648
4273
5136
5928
6449
6622
6669
6616
6161
5519
4641
3542
2557
1818
1284
764
286
21
69
229
308
130
-368
-789
-1195
-1909
-2755
-3827
-4944
-5769
-6288
-6664
-6993
-7201
-6997
-6412
-5715
-4873
-4258
-3776
-3117
-2339
-1781
-1543
-1498
-1581
-1677
-1755
-1860
-2181
-2585
-2599
-2312
-1933
-1443
-861
-265
431
1234
1948
2476
2771
2960
3147
3254
3255
3076
2960
2977
3091
3253
3457
3758
4133
4753
5496
6087
6340
6434
6478
6293
5813
5267
4436
3475
2727
2134
1612
1087
577
274
205
60
-149
-560
-1048
-1400
-1916
-2529
-3210
-4146
-4985
-5459
-5907
-6245
-6484
-6512
-6258
-5768
-5040
-4358
-3866
-3325
-2562
-1943
-1538
-1357
-1349
-1404
-1483
-1556
-1789
-2141
-2312
-2236
-2044
-1663
-1142
-661
-93
688
1356
1858
2219
2478
2711
2827
2871
2831
2669
2632
2730
2824
3010
3270
3522
3938
4571
4996
5327
5513
5590
5651
5430
5018
4452
3622
2873
2362
1762
1062
488
-52
-320
-490
-766
-1091
-1567
-1980
-2236
-2645
-3172
-3900
-4690
-5120
-5412
-5758
-6072
-6246
-6240
-5890
-5343
-4692
-4226
-3881
-3250
-2592
-2096
-1777
-1608
-1589
-1558
-1569
-1649
-1817
-2010
-2092
-1873
-1483
-1065
-614
-139
551
1204
1669
2029
2328
2508
2649
2773
2767
2672
2624
2773
2901
2937
3157
3438
3681
4062
4660
5119
5354
5530
5634
5654
5395
5057
4550
3850
3236
2643
1898
1186
619
61
-398
-754
-1084
-1404
-1765
-2084
-2330
-2611
-2821
-3233
-3779
-4086
-4354
-4758
-5064
-5243
-5377
-5235
-4824
-4259
-3766
-3340
-2748
-2016
-1551
-1188
-1046
-1138
-1187
-1259
-1404
-1601
-1840
-1941
-1755
-1436
-1076
-670
-181
444
1036
1542
2060
2426
2603
2729
2754
2667
2550
2487
2475
2498
2605
2866
3145
3367
3743
4174
4595
4982
5228
5395
5474
5397
5185
4822
4283
3628
2866
1994
1160
426
-391
-1029
-1550
-2076
-2334
-2529
-2801
-3025
-3123
-3288
-3475
-3877
-4240
-4573
-5018
-5241
-5359
-5469
-5298
-4970
-4498
-3966
-3489
-2909
-2323
-1765
-1375
-1114
-1000
-997
-1099
-1201
-1285
-1472
-1621
-1580
-1373
-1047
-671
-175
377
889
1385
1879
2235
2379
2471
2504
2456
2336
2306
2288
2208
2241
2334
2495
2769
3085
3407
3857
4395
4862
5147
5274
5329
5192
4812
4379
3658
2732
1853
1012
147
-706
-1475
-2047
-2401
-2505
-2474
-2558
-2676
-2657
-2623
-2685
-2839
-3246
-3737
-4173
-4434
-4629
-4840
-4910
-4743
-4380
-3795
-3205
-2793
-2314
-1775
-1353
-990
-728
-639
-771
-884
-840
-1018
-1228
-1281
-1124
-955
-633
-123
279
680
1178
1729
2038
2188
2260
2246
2176
2164
2133
2062
1993
2046
2251
2566
2948
3294
3675
4190
4801
5337
5689
5898
5913
5737
5479
5031
4276
3243
2215
1193
225
-599
-1395
-2068
-2394
-2451
-2393
-2356
-2315
-2261
-2208
-2089
-2153
-2514
-2969
-3338
-3679
-4001
-4205
-4419
-4569
-4473
-4092
-3584
-3253
-2909
-2454
-1919
-1375
-927
-706
-707
-767
-783
-834
-1041
-1237
-1331
-1321
-1135
-830
-473
-110
366
856
1304
1683
1795
1870
1915
1834
1793
1752
1680
1640
1665
1864
2198
2503
2881
3312
3751
4322
4803
5130
5236
5128
4990
4745
4216
3412
2351
1293
420
-444
-1244
-1928
-2465
-2718
-2658
-2513
-2349
-2298
-2346
-2201
-2036
-2124
-2436
-2855
-3256
-3535
-3821
-3981
-4177
-4377
-4301
-3941
-3509
-3130
-2783
-2326
-1688
-1153
-691
-395
-403
-542
-597
-620
-798
-1029
-1170
-1150
-1001
-744
-396
-95
202
573
1017
1423
1594
1622
1663
1718
1764
1744
1781
1866
1985
2297
2703
3156
3536
3899
4258
4537
4869
5092
5051
4848
4561
4221
3751
3118
2318
1353
499
-96
-642
-1268
-1688
-1874
-1956
-1853
-1725
-1653
-1708
-1699
-1505
-1376
-1445
-1691
-2087
-2457
-2668
-2935
-3250
-3614
-3865
-3799
-3407
-2976
-2623
-2266
-1874
-1223
-613
-259
-189
-282
-401
-437
-506
-811
-1134
-1336
-1348
-1111
-828
-520
-278
-33
459
919
1139
1186
1207
1258
1338
1459
1600
1702
1881
2192
2589
2985
3386
3713
4004
4234
4280
4323
4271
4076
3724
3324
2899
2452
1915
1340
734
-35
-664
-1045
-1385
-1803
-2110
-2224
-2133
-1963
-1882
-1855
-1862
-1750
-1551
-1510
-1663
-2053
-2404
-2532
-2675
-2994
-3320
-3564
-3519
-3254
-2935
-2589
-2340
-2026
-1482
-937
-660
-653
-738
-762
-785
-874
-1057
-1416
-1691
-1619
-1452
-1331
-1151
-967
-658
-203
177
484
667
838
1072
1446
1714
1884
2088
2392
2735
3066
3391
3708
3931
4096
4184
4174
4013
3791
3611
3432
3111
2738
2383
2015
1639
1176
678
183
-223
-542
-800
-1071
-1244
-1326
-1315
-1190
-1141
-1142
-1158
-1192
-1241
-1456
-1739
-2076
-2431
-2688
-2892
-3069
-3216
-3216
-3070
-2808
-2454
-2095
-1760
-1397
-991
-681
-658
-688
-743
-874
-1043
-1313
-1511
-1618
-1559
-1371
-1098
-830
-456
-41
367
769
1071
1301
1479
1676
1838
2000
2126
2286
2518
2761
3019
3319
3574
3783
3957
3964
3928
3789
3533
3227
2882
2530
2154
1746
1435
1211
933
637
360
150
-29
-216
-387
-554
-777
-936
-1000
-1056
-1250
-1408
-1578
-1741
-1882
-2055
-2232
-2465
-2642
-2768
-2837
-2973
-3009
-2952
-2828
-2619
-2426
-2281
-2183
-2011
-1898
-1879
-1923
-1998
-2133
-2204
-2163
-2073
-1958
-1808
-1534
-1143
-747
-381
-1
312
632
890
1083
1250
1346
1475
1639
1813
1896
2074
2388
2725
3017
3272
3527
3658
3673
3650
3464
3114
2709
2287
1896
1562
1292
1058
867
767
822
838
900
940
773
578
381
121
-206
-566
-919
-1227
-1499
-1640
-1718
-1798
-1831
-1808
-1782
-1727
-1695
-1763
-1861
-1951
-2002
-2094
-2283
-2459
-2581
-2690
-2693
-2656
-2681
-2722
-2628
-2387
-2148
-1921
-1665
-1425
-1155
-775
-361
-101
135
370
523
720
957
1089
1119
1183
1348
1572
1774
1968
2228
2516
2864
3243
3508
3651
3748
3762
3667
3427
3088
2712
2300
1956
1661
1373
1177
1141
1182
1281
1431
1491
1418
1296
1185
993
685
289
-193
-756
-1193
-1507
-1702
-1800
-1907
-1897
-1886
-1849
-1826
-1846
-1938
-2049
-2193
-2337
-2510
-2701
-2888
-3090
-3132
-3108
-3145
-3094
-2933
-2709
-2430
-2079
-1650
-1307
-1049
-791
-466
-254
-129
-24
113
255
400
614
768
886
1022
1232
1429
1621
1803
1926
2086
2315
2508
2703
2916
3029
3053
3098
3107
2856
2490
2220
1945
1654
1445
1247
1033
917
987
1131
1177
1165
1071
988
929
734
420
107
-208
-513
-757
-968
-1251
-1560
-1833
-2023
-2162
-2367
-2544
-2658
-2840
-2949
-2974
-3057
-3204
-3291
-3290
-3287
-3214
-3113
-3027
-2827
-2568
-2250
-1936
-1666
-1409
-1163
-970
-741
-534
-422
-245
-71
115
368
688
940
1132
1323
1562
1725
1770
1834
1825
1834
1898
2060
2179
2302
2496
2725
2934
3157
3250
3266
3207
3098
3017
2754
2445
2139
1854
1654
1492
1332
1182
1017
978
984
919
849
791
678
518
296
-26
-378
-775
-1204
-1627
-2018
-2423
-2759
-2976
-3099
-3174
-3195
-3094
-2998
-2900
-2756
-2573
-2413
-2294
-2198
-2098
-1953
-1807
-1721
-1641
-1538
-1531
-1470
-1277
-1075
-878
-643
-395
-62
290
590
931
1184
1396
1558
1682
1709
1666
1596
1493
1455
1452
1498
1523
1605
1768
1973
2206
2391
2574
2685
2791
2837
2801
2645
2435
2220
1940
1647
1327
1027
815
720
688
657
629
597
523
445
248
-99
-459
-845
-1275
-1712
-2175
-2592
-2942
-3143
-3211
-3246
-3179
-3058
-2879
-2637
-2404
-2297
-2193
-2070
-1951
-1879
-1846
-1810
-1801
-1774
-1678
-1595
-1506
-1403
-1216
-993
-808
-591
-337
-149
-40
65
165
253
366
517
636
726
842
993
1180
1404
1604
1766
1872
2028
2135
2161
2139
2065
1974
1959
2007
2075
2122
2234
2344
2365
2368
2306
2240
2079
1827
1549
1252
904
575
325
47
-232
-474
-699
-883
-1053
-1173
-1253
-1314
-1431
-1529
-1594
-1662
-1653
-1640
-1651
-1684
-1778
-1817
-1823
-1783
-1735
-1684
-1693
-1613
-1474
-1297
-1133
-1009
-846
-658
-469
-321
-237
-262
-279
-295
-289
-324
-347
-337
-298
-187
4
207
425
632
869
1128
1397
1599
1726
1837
1871
1858
1759
1568
1390
1278
1290
1353
1434
1555
1702
1825
1943
2120
2161
2127
1954
1700
1443
1092
645
107
-380
-787
-1174
-1473
-1635
-1663
-1597
-1345
-1055
-818
-673
-565
-466
-442
-483
-615
-772
-933
-1104
-1279
-1437
-1587
-1639
-1638
-1570
-1386
-1200
-942
-719
-468
-304
-177
-79
-86
-133
-252
-350
-493
-619
-691
-775
-743
-643
-507
-378
-166
111
350
589
719
794
824
831
845
767
697
596
479
405
369
406
457
543
652
777
806
815
830
732
550
384
182
-13
-218
-429
-557
-632
-743
-819
-863
-858
-777
-694
-552
-399
-303
-176
-24
89
194
207
245
294
301
324
321
249
136
69
61
84
80
76
103
185
306
380
408
399
359
351
297
185
34
-92
-141
-133
-135
-112
-88
-22
59
199
295
323
366
407
489
509
470
304
192
87
-16
-80
-183
-278
-290
-224
-207
-160
-211
-294
-351
-414
-452
-571
-720
-858
-913
-895
-862
-754
-616
-415
-174
62
226
356
465
571
620
682
688
640
641
664
757
848
928
948
1008
1082
1118
1140
1090
1020
948
866
800
712
596
555
512
480
487
488
431
383
358
294
164
-32
-205
-375
-497
-657
-733
-861
-941
-938
-933
-884
-826
-777
-760
-736
-780
-818
-931
-1082
-1226
-1401
-1551
-1731
-1838
-1923
-1933
-1904
-1847
-1728
-1637
-1481
-1344
-1206
-1100
-972
-843
-716
-581
-477
-339
-247
-121
39
283
489
726
953
1123
1300
1438
1518
1510
1533
1514
1520
1479
1480
1435
1368
1399
1393
1417
1459
1447
1429
1411
1396
1393
1332
1282
1259
1175
1100
1060
974
895
796
696
579
361
223
82
-136
-252
-362
-496
-600
-672
-806
-939
-1099
-1271
-1416
-1628
-1765
-1897
-2001
-2066
-2069
-2052
-1976
-1909
-1869
-1802
-1731
-1688
-1669
-1605
-1481
-1349
-1215
-1020
-794
-591
-396
-159
-24
141
269
356
502
590
684
781
870
1010
1172
1334
1458
1610
1744
1869
1978
2059
2074
2053
2107
2061
2040
2035
1997
1933
1864
1840
1757
1731
1724
1647
1528
1386
1228
1042
840
618
410
168
6
-141
-307
-373
-495
-581
-665
-809
-994
-1189
-1383
-1584
-1824
-2017
-2193
-2325
-2390
-2406
-2363
-2345
-2313
-2216
-2116
-2014
-1958
-1899
-1827
-1806
-1705
-1594
-1526
-1409
-1276
-1076
-838
-656
-492
-268
-38
174
344
421
475
447
459
561
621
711
805
914
1094
1307
1480
1633
1737
1860
1991
2058
2055
2035
1976
1917
1838
1773
1670
1543
1453
1320
1179
1047
1003
902
777
669
523
449
352
146
6
-180
-375
-567
-801
-955
-1140
-1320
-1443
-1543
-1663
-1715
-1712
-1722
-1681
-1658
-1598
-1535
-1520
-1492
-1421
-1393
-1360
-1347
-1308
-1216
-1185
-1199
-1154
-1156
-1103
-1024
-922
-740
-586
-388
-193
-23
153
325
443
565
694
784
872
913
1000
1106
1241
1355
1442
1568
1691
1799
1888
1985
2073
2116
2094
2027
1930
1798
1645
1483
1323
1206
1095
974
911
831
708
597
465
333
200
78
-43
-211
-352
-530
-704
-846
-971
-1110
-1168
-1187
-1188
-1154
-1095
-1068
-1066
-1024
-984
-954
-938
-930
-958
-969
-1018
-1036
-1000
-991
-983
-956
-927
-827
-753
-687
-611
-526
-428
-376
-308
-207
-135
-28
80
158
258
374
500
592
677
730
817
873
926
1005
1064
1075
1087
1101
1087
1055
965
922
848
768
685
591
466
365
270
148
25
-86
-231
-349
-432
-549
-622
-675
-713
-763
-770
-773
-784
-744
-675
-639
-589
-534
-490
-454
-425
-416
-412
-387
-350
-356
-372
-388
-428
-445
-427
-402
-441
-429
-406
-397
-374
-327
-282
-272
-249
-236
-203
-153
-57
7
71
162
247
375
490
593
678
729
745
775
766
768
737
710
684
633
683
651
667
700
679
642
617
552
391
270
153
22
-66
-168
-273
-383
-435
-429
-485
-473
-485
-479
-438
-409
-412
-396
-366
-306
-226
-121
-10
49
110
175
223
253
278
232
192
112
60
34
-52
-124
-149
-135
-116
-96
-57
2
41
133
200
223
271
298
292
341
442
499
556
583
622
656
645
626
570
569
543
491
409
339
287
293
248
178
131
95
43
-62
-141
-238
-294
-417
-547
-652
-758
-853
-923
-1004
-1010
-1068
-1142
-1159
-1179
-1074
-947
-831
-734
-599
-455
-317
-246
-168
-87
-52
5
49
70
102
161
205
212
198
214
201
179
235
237
236
274
292
320
358
415
445
418
435
446
404
386
398
422
447
468
520
529
554
567
531
477
436
412
364
312
276
182
75
-29
-130
-270
-407
-458
-575
-601
-719
-820
-891
-948
-1035
-1104
-1119
-1132
-1137
-1135
-1085
-1033
-958
-881
-802
-767
-714
-637
-532
-451
-335
-221
-122
-7
67
173
230
300
357
431
506
523
569
567
551
569
596
624
652
691
752
782
843
926
981
1034
1041
1058
1100
1086
1091
1108
1092
1076
1068
1039
973
941
881
818
755
685
641
548
466
363
281
178
61
-54
-163
-264
-387
-520
-653
-813
-949
-1052
-1158
-1225
-1265
-1256
-1224
-1209
-1187
-1145
-1136
-1065
-992
-905
-850
-779
-682
-639
-597
-542
-489
-450
-407
-324
-246
-140
-50
78
188
254
356
443
493
556
590
568
554
508
479
481
500
552
545
559
587
635
690
730
740
711
704
699
648
598
553
529
469
406
401
326
301
241
157
104
47
-47
-136
-242
-372
-493
-628
-785
-931
-991
-1042
-1091
-1128
-1143
-1133
-1165
-1108
-1017
-973
-938
-915
-873
-821
-784
-720
-708
-677
-615
-535
-491
-404
-341
-276
-159
-105
-26
54
123
142
196
247
292
312
370
409
449
485
529
572
587
636
716
727
735
782
806
802
766
770
732
716
730
774
806
857
841
799
829
798
746
701
645
608
529
470
383
237
151
70
-41
-155
-238
-302
-386
-436
-449
-461
-490
-536
-566
-563
-588
-595
-615
-644
-653
-639
-654
-648
-628
-645
-591
-558
-505
-414
-308
-193
-108
-16
104
236
223
221
212
190
194
184
158
163
161
167
199
252
313
347
379
454
500
503
501
481
462
429
406
427
385
380
416
425
395
363
349
328
306
294
284
224
121
24
-65
-183
-287
-402
-549
-603
-606
-653
-667
-616
-571
-539
-436
-359
-293
-311
-372
-367
-353
-329
-387
-456
-503
-529
-578
-578
-566
-555
-430
-337
-180
-48
66
150
226
317
287
272
210
125
94
94
24
-43
-80
-63
-74
-84
-88
-91
-99
-111
-58
-14
19
49
68
29
28
18
24
62
62
40
11
46
67
46
53
68
47
30
-11
-58
-69
-88
-122
-124
-133
-154
-165
-151
-88
-76
-72
-72
-64
-41
-20
-5
21
-5
7
48
51
77
77
54
79
142
182
263
310
361
433
478
524
557
562
550
541
530
547
549
528
538
531
516
526
507
470
442
412
374
360
275
234
188
123
91
60
2
-52
-82
-76
-126
-147
-157
-189
-227
-253
-266
-266
-264
-289
-285
-342
-355
-341
-361
-363
-340
-359
-357
-367
-363
-351
-333
-296
-296
-301
-282
-260
-292
-308
-278
-201
-117
-82
-40
-18
-6
21
44
82
115
139
164
166
183
201
218
292
300
370
372
328
365
371
348
330
289
267
188
125
80
-5
-76
-109
-138
-162
-174
-207
-243
-286
-298
-319
-354
-354
-297
-287
-341
-379
-424
-473
-487
-463
-494
-512
-509
-516
-497
-491
-461
-424
-372
-343
-321
-301
-286
-270
-238
-199
-201
-209
-198
-199
-197
-166
-124
-60
12
46
83
153
181
251
296
359
442
447
482
522
557
602
626
648
678
689
706
678
633
616
594
597
533
463
401
350
300
279
253
212
189
155
118
100
64
45
29
-16
-35
-75
-115
-194
-233
-266
-322
-330
-286
-247
-250
-221
-222
-223
-180
-184
-200
-194
-192
-184
-162
-173
-192
-161
-173
-155
-150
-158
-164
-161
-127
-104
-69
-21
45
70
164
214
268
311
334
332
309
342
334
309
336
353
319
302
306
310
310
325
295
338
363
316
321
279
264
177
159
154
76
22
-46
-90
-109
-128
-164
-211
-237
-212
-201
-210
-274
-287
-283
-270
-204
-205
-219
-229
-278
-345
-400
-448
-471
-461
-450
-376
-355
-347
-340
-371
-333
-239
-219
-214
-228
-270
-330
-314
-251
-254
-255
-215
-211
-236
-238
-228
-228
-204
-144
-129
-100
-52
-35
18
93
124
107
45
64
67
30
44
44
7
18
27
18
29
7
36
39
22
43
65
74
54
26
21
51
18
32
46
65
80
135
190
233
242
242
221
215
191
158
166
135
152
148
192
173
155
176
146
121
143
161
162
165
171
164
215
221
173
175
187
194
198
204
204
202
244
285
303
330
322
338
352
378
386
397
359
320
301
230
170
92
2
-28
-79
-124
-162
-197
-181
-194
-186
-167
-177
-195
-176
-181
-206
-180
-142
-145
-141
-140
-160
-220
-246
-270
-307
-305
-290
-288
-279
-237
-179
-108
-74
-29
30
76
150
164
166
202
169
135
159
169
190
189
187
183
155
140
126
129
166
165
145
154
165
129
140
147
94
39
-25
-37
-40
-114
-157
-221
-320
-337
-351
-378
-411
-429
-479
-535
-564
-598
-607
-603
-599
-594
-612
-576
-561
-571
-583
-584
-594
-584
-559
-566
-504
-460
-405
-351
-288
-206
-150
-103
-40
16
46
110
160
214
271
288
317
326
344
388
434
492
537
573
624
686
700
708
684
665
670
675
673
672
637
616
603
577
544
477
423
407
374
328
299
239
194
125
94
32
-1
-38
-40
-76
-128
-139
-191
-258
-309
-330
-341
-362
-342
-332
-351
-375
-414
-471
-478
-478
-473
-449
-470
-478
-486
-473
-453
-419
-391
-377
-319
-260
-214
-166
-121
-80
-36
48
98
127
202
264
342
418
471
494
502
524
531
546
541
561
589
598
611
622
610
620
622
608
593
534
536
548
504
514
539
524
491
454
445
381
254
141
48
-34
-140
-246
-324
-389
-422
-445
-461
-485
-554
-579
-584
-626
-666
-701
-725
-747
-765
-735
-749
-760
-740
-717
-718
-754
-774
-776
-707
-652
-683
-711
-687
-666
-690
-646
-603
-578
-501
-395
-315
-228
-138
-45
68
180
306
425
544
565
646
656
650
662
661
665
570
501
443
430
463
480
470
501
569
645
685
725
698
608
571
531
425
320
248
141
56
-36
-174
-269
-346
-409
-472
-502
-549
-594
-599
-592
-552
-542
-487
-452
-410
-380
-323
-298
-336
-372
-391
-394
-358
-304
-263
-238
-229
-174
-150
-108
-25
56
131
213
287
330
391
426
430
477
508
541
522
533
570
517
534
548
511
514
517
514
520
507
521
538
505
487
479
461
427
369
297
276
254
239
206
195
188
165
108
83
59
3
-25
-54
-68
-137
-192
-222
-215
-235
-233
-227
-241
-277
-328
-302
-321
-342
-331
-354
-371
-384
-380
-390
-375
-416
-459
-443
-415
-391
-404
-374
-347
-337
-288
-216
-201
-138
-85
-85
-24
11
-1
17
16
25
2
-28
-13
-4
23
53
63
18
6
14
45
44
64
61
35
59
83
76
100
125
125
122
122
103
86
55
-4
-44
-86
-121
-130
-177
-278
-326
-368
-395
-395
-377
-359
-363
-312
-292
-281
-259
-254
-260
-249
-249
-208
-190
-185
-184
-210
-209
-212
-183
-166
-120
-71
25
74
125
192
262
339
381
423
437
446
411
394
393
359
307
265
243
256
258
283
312
317
372
413
416
428
427
408
420
398
388
370
310
270
254
220
200
164
108
88
72
-4
-43
-45
-69
-96
-116
-130
-155
-206
-193
-199
-230
-222
-247
-239
-243
-230
-211
-238
-252
-237
-196
-145
-125
-94
-78
-63
-18
12
63
149
211
227
237
219
211
282
298
312
332
305
321
309
291
271
215
200
197
180
168
119
92
93
76
74
38
51
20
4
-8
-34
-59
-95
-134
-126
-152
-202
-213
-193
-192
-220
-255
-317
-301
-308
-300
-287
-321
-350
-344
-358
-384
-393
-434
-461
-440
-443
-416
-411
-406
-404
-400
-361
-350
-353
-309
-282
-257
-199
-142
-66
-6
9
44
72
52
64
93
131
122
99
121
168
117
55
71
97
132
143
153
133
128
128
66
48
30
35
13
29
36
32
21
69
89
120
169
156
141
136
178
222
222
171
126
89
80
50
31
5
-31
-22
-9
-10
-44
-79
-85
-94
-129
-104
-57
-34
-44
-20
-5
-14
-33
3
-2
-27
3
49
82
123
136
130
133
171
231
278
298
345
418
429
446
444
397
397
381
336
326
303
294
293
309
305
315
287
250
241
223
227
197
179
157
165
186
161
155
124
53
10
-33
-65
-85
-74
-83
-101
-116
-137
-184
-227
-283
-305
-337
-355
-358
-382
-352
-377
-387
-380
-386
-395
-433
-459
-478
-481
-436
-418
-419
-391
-344
-308
-304
-307
-240
-207
-184
-114
-73
-61
-37
-10
13
45
71
68
112
128
137
147
148
169
138
194
208
184
174
142
119
106
130
133
141
144
127
117
83
46
47
40
14
-31
-71
-96
-141
-150
-150
-174
-167
-172
-165
-149
-158
-169
-159
-159
-158
-161
-169
-184
-207
-187
-159
-137
-158
-133
-128
-169
-167
-186
-174
-121
-55
-64
-61
-13
7
37
78
109
112
85
114
162
141
160
184
193
230
244
252
229
222
226
217
245
251
235
241
225
194
141
155
160
155
198
225
202
197
196
185
188
199
185
180
179
181
158
106
98
65
40
33
30
-4
-7
15
-25
-43
-59
-98
-89
-66
-94
-93
-114
-105
-104
-127
-82
-99
-92
-100
-88
-74
-45
-41
-53
-20
-24
-13
11
40
77
81
131
145
153
165
166
155
152
183
183
215
212
199
188
189
173
157
167
164
171
141
93
57
46
13
-29
-18
-30
-22
-42
-38
-31
-26
-22
-44
-76
-118
-191
-239
-268
-315
-331
-338
-340
-318
-315
-288
-277
-304
-331
-365
-334
-336
-319
-268
-258
-275
-241
-212
-221
-211
-165
-179
-185
-206
-220
-211
-246
-261
-261
-264
-276
-295
-303
-270
-257
-258
-192
-147
-134
-113
-84
-38
-25
-1
38
125
175
188
218
242
174
140
117
116
132
113
126
126
124
171
232
296
322
333
356
365
314
298
298
292
266
236
196
115
97
88
62
10
-37
-52
-70
-62
-49
-84
-70
-54
21
53
60
87
102
127
132
92
52
58
35
17
0
22
68
137
158
172
207
197
181
188
242
273
276
264
287
306
303
266
243
245
232
245
209
171
174
181
186
177
176
155
164
126
65
48
44
39
28
18
17
-8
-30
-54
-79
-88
-92
-94
-78
-63
-87
-120
-135
-138
-154
-190
-231
-246
-264
-256
-230
-201
-245
-227
-222
-239
-252
-284
-269
-288
-260
-249
-238
-241
-250
-265
-262
-241
-264
-247
-230
-213
-189
-184
-183
-134
-146
-100
-45
-40
-42
-47
-67
-95
-81
-73
-82
-104
-100
-133
-134
-153
-163
-152
-164
-146
-135
-98
-95
-85
-68
-69
-49
-37
-2
-19
-54
-26
-35
-15
-2
-15
2
25
28
53
80
69
52
39
37
44
15
3
-11
13
66
89
137
155
166
152
153
175
182
168
213
214
205
204
182
197
187
186
177
185
180
193
217
198
207
227
208
215
207
191
143
152
177
138
161
141
114
101
88
65
42
54
60
28
36
37
37
85
88
64
63
70
68
96
98
86
86
72
73
83
121
131
104
115
147
134
160
160
126
95
56
71
55
29
32
16
-6
-48
-68
-86
-111
-104
-124
-145
-170
-166
-132
-111
-65
-72
-71
-54
-71
-115
-133
-162
-176
-185
-176
-151
-139
-125
-162
-209
-248
-217
-201
-210
-189
-200
-187
-159
-156
-148
-127
-105
-131
-128
-107
-127
-136
-101
-92
-98
-92
-109
-117
-112
-74
-59
-31
-25
-48
-46
-47
-34
-44
-10
28
25
33
15
-15
-64
-102
-94
-116
-119
-130
-157
-162
-148
-160
-150
-140
-126
-130
-148
-168
-146
-142
-126
-107
-115
-69
-74
-92
-84
-91
-69
-54
-82
-71
-31
23
83
122
145
170
206
242
239
245
255
264
274
317
349
333
287
219
196
170
182
183
143
156
196
267
301
293
292
282
262
274
299
320
295
266
249
241
212
178
125
93
78
13
-13
-26
-53
-42
-21
-51
-50
-54
-44
-10
-9
1
20
-20
-58
-85
-93
-57
-45
-25
-22
19
20
55
54
23
11
-10
-2
-10
-7
-3
6
-31
-58
-35
-55
-98
-126
-151
-127
-126
-117
-142
-142
-150
-117
-104
-121
-122
-103
-102
-106
-117
-130
-117
-99
-48
-41
-17
-13
3
-4
22
21
-17
-41
-40
-22
-33
-41
-54
-34
-27
-37
-20
-9
-4
24
36
39
66
35
38
33
31
25
-6
-1
-19
-57
-65
-91
-122
-119
-102
-80
-67
-75
-61
-73
-110
-112
-116
-121
-137
-160
-179
-179
-187
-184
-219
-213
-217
-230
-194
-163
-134
-119
-73
-14
-1
-13
-15
-38
-32
-27
-43
-40
-13
-6
-21
-21
-44
-39
4
17
37
84
70
76
95
114
129
142
201
234
254
255
235
224
209
218
210
146
100
103
118
168
173
160
133
134
124
97
97
78
49
42
34
8
-4
20
8
4
6
-14
-19
25
29
-18
-34
-50
-65
-52
-36
-8
13
-14
-5
14
3
31
63
37
68
79
96
120
130
150
153
172
188
209
199
178
148
183
196
190
213
199
167
138
77
80
93
67
64
72
58
62
60
37
-4
-22
-54
-61
-48
-51
-58
-38
-14
-48
-31
-54
-62
-75
-100
-97
-100
-142
-142
-109
-116
-116
-121
-156
-194
-212
-208
-202
-192
-177
-172
-162
-169
-174
-161
-161
-108
-116
-134
-160
-180
-182
-167
-154
-167
-196
-219
-193
-213
-189
-170
-169
-173
-198
-216
-221
-211
-190
-190
-167
-106
-70
-41
-31
-50
-71
-94
-94
-71
-82
-103
-134
-153
-152
-120
-96
-96
-40
-31
-19
31
43
47
96
124
183
234
283
313
343
336
335
327
260
222
166
109
65
29
2
-20
-42
-67
-64
-58
-68
-42
-7
28
92
129
140
193
196
148
144
123
79
63
62
62
48
55
54
52
62
99
114
127
186
251
325
413
478
525
548
527
466
420
361
278
224
153
95
77
63
48
-1
-11
8
-5
35
60
79
99
136
155
183
182
159
103
85
70
16
5
-68
-139
-181
-218
-267
-249
-253
-254
-227
-229
-240
-222
-205
-223
-259
-267
-247
-237
-207
-213
-199
-197
-210
-221
-206
-199
-196
-147
-116
-127
-109
-102
-94
-77
-93
-122
-147
-141
-135
-145
-162
-184
-187
-189
-180
-175
-175
-136
-156
-108
-57
-35
-13
1
12
5
-34
-14
-9
-21
-7
-12
-25
-22
-54
-73
-58
-64
-33
-8
24
84
66
11
-24
-78
-114
-136
-153
-144
-177
-199
-189
-209
-204
-174
-194
-204
-175
-153
-109
-60
21
98
158
218
245
267
260
228
205
193
160
163
138
130
154
127
120
124
121
151
185
231
254
249
266
289
313
303
284
261
232
193
150
168
148
153
128
89
94
56
40
56
27
43
104
158
150
139
119
101
92
57
2
-37
-52
-79
-86
-112
-96
-106
-113
-103
-70
-80
-49
13
62
138
170
218
219
225
197
179
158
141
138
125
129
78
32
14
11
8
-11
-19
-12
-10
13
28
67
88
104
105
80
75
44
6
-21
-44
-88
-120
-170
-194
-229
-275
-269
-280
-268
-261
-289
-302
-290
-257
-227
-198
-179
-209
-216
-199
-216
-221
-210
-196
-191
-220
-210
-213
-212
-179
-187
-181
-160
-140
-83
-53
-55
-58
-93
-109
-102
-120
-124
-103
-109
-124
-123
-133
-89
-69
-32
-34
-25
-47
-12
59
87
126
130
119
97
73
45
63
38
46
43
26
-20
-34
-27
-2
9
-8
-1
7
16
90
150
182
211
207
179
161
160
159
194
194
184
154
127
110
56
6
9
37
64
86
104
125
140
145
144
130
88
90
127
156
149
129
86
41
45
16
7
-41
-49
-37
-55
-24
-54
-73
-44
-16
8
11
-27
-29
-20
29
84
95
99
74
75
85
109
143
127
131
127
116
113
117
127
108
90
90
74
54
75
47
48
43
44
34
73
85
71
93
89
64
49
49
63
78
57
91
64
58
51
30
10
-20
-59
-108
-124
-141
-162
-203
-209
-207
-237
-249
-251
-216
-178
-206
-171
-123
-107
-125
-141
-161
-194
-145
-132
-133
-137
-134
-141
-106
-93
-112
-67
-79
-63
-59
-54
-36
-32
-11
-2
-14
-31
-9
-30
-41
-34
-83
-64
-19
12
40
34
7
9
-23
-17
4
-16
-5
-24
-46
-68
-91
-92
-97
-99
-121
-109
-93
-55
-16
-34
-29
-44
-54
-63
-40
-17
-3
-18
-60
-72
-97
-85
-105
-42
-22
-38
-49
-64
-66
-57
-49
-38
-23
-21
34
44
71
52
86
87
95
73
50
71
68
53
55
74
83
97
131
136
130
118
105
110
119
125
100
127
168
210
213
215
219
216
215
208
178
152
126
147
195
201
229
209
193
184
192
188
165
190
166
149
151
146
145
126
89
67
34
-10
26
-12
7
36
25
29
19
-24
-67
-56
-23
-1
14
17
42
13
-12
-31
-18
-32
-58
-78
-122
-102
-137
-106
-75
-56
-43
-31
-32
-19
-25
-42
-16
-7
-36
-26
-61
-98
-115
-107
-112
-163
-184
-209
-189
-199
-232
-268
-254
-233
-198
-188
-182
-184
-202
-166
-165
-165
-155
-176
-183
-201
-247
-236
-194
-171
-157
-154
-171
-161
-147
-142
-114
-78
-41
-48
-43
-38
-54
-67
-71
-93
-67
-58
-73
-76
-44
-34
-54
-21
-27
-25
-2
39
69
90
83
96
116
128
129
128
98
56
47
-23
-28
-28
-27
-13
-33
-17
-10
13
39
66
93
122
159
157
170
218
231
239
244
219
211
203
220
241
234
229
212
182
138
120
75
48
63
60
45
6
42
56
60
87
92
130
125
150
183
208
237
245
237
234
207
182
129
68
37
28
28
18
50
107
180
171
170
168
150
157
183
198
192
180
132
62
19
-25
-96
-125
-154
-201
-215
-187
-201
-218
-193
-170
-175
-196
-172
-168
-161
-132
-99
-120
-117
-89
-121
-120
-114
-116
-87
-90
-82
-63
-50
-26
-44
-46
-79
-114
-140
-132
-149
-160
-131
-155
-156
-147
-133
-126
-127
-97
-64
-89
-133
-131
-135
-134
-142
-181
-195
-189
-174
-163
-179
-181
-199
-203
-226
-206
-159
-118
-80
-42
-37
-24
-11
-26
-49
-38
-23
-22
-24
-41
-32
-14
-38
-11
36
62
76
80
104
95
132
154
160
157
144
93
79
73
42
39
31
16
-15
-47
-35
-29
-36
-46
-36
-15
-8
31
40
39
42
81
119
142
157
152
147
112
110
125
151
111
117
143
145
164
192
173
133
160
204
206
212
259
244
239
243
242
245
227
216
195
147
143
130
82
36
6
-28
-58
-80
-21
17
33
10
17
-4
-36
-22
-14
10
-34
-10
8
0
9
-36
-72
-105
-122
-137
-123
-112
-100
-67
-63
-51
-44
-31
-44
-48
-19
-22
-18
-24
2
-34
-44
-37
-44
-36
-3
-13
-49
-4
20
30
42
56
61
57
62
59
11
-2
-5
-20
-25
-61
-70
-84
-90
-98
-116
-121
-107
-119
-108
-103
-123
-128
-139
-135
-157
-149
-170
-210
-213
-206
-224
-236
-222
-254
-241
-275
-261
-217
-189
-135
-108
-101
-98
-61
-57
-34
-11
-4
14
35
20
11
-7
9
6
-1
3
11
41
58
71
68
63
67
95
114
122
113
134
148
160
202
193
183
173
146
142
134
141
87
58
54
10
-27
-55
-62
-70
-83
-113
-89
-71
-68
-43
-32
-30
-46
-34
12
30
30
43
45
63
73
111
101
83
93
76
71
100
124
126
121
146
158
158
190
190
182
156
140
155
126
111
125
110
114
91
100
116
127
123
124
101
99
94
58
42
50
28
12
14
-23
-54
-63
-79
-96
-86
-65
-36
-31
-22
-38
-36
-26
-15
-32
-46
-35
-46
-34
-31
-26
-25
-53
-75
-86
-82
-53
-63
-70
-53
-52
-38
-39
-49
-44
-68
-41
-17
-24
-9
-14
-24
-37
-16
10
3
-7
-30
-34
-32
-43
-52
-47
-64
-86
-129
-149
-144
-164
-161
-164
-156
-168
-187
-188
-168
-146
-124
-99
-87
-68
-57
-37
-15
-16
-23
-34
-28
-24
-7
-33
-46
-52
-66
-71
-97
-106
-92
-95
-90
-64
-65
-65
-19
-4
4
-4
7
5
6
13
28
31
44
45
36
46
23
23
22
42
51
13
-13
-11
1
12
-9
-14
8
2
9
32
35
40
41
60
64
37
59
60
60
94
116
127
137
141
155
155
137
141
153
137
120
128
125
124
139
140
119
131
139
134
127
134
155
146
167
171
157
132
135
148
140
125
120
86
72
84
77
51
15
-26
-41
-24
-20
-13
-19
-8
-10
0
7
14
20
23
-17
-33
-18
-20
-17
-18
-21
-23
-38
-23
-45
-69
-49
-62
-72
-77
-62
-83
-76
-83
-71
-66
-78
-74
-59
-44
-44
-42
-49
-29
-39
-48
-36
-41
-37
-37
-51
-72
-102
-102
-108
-122
-129
-158
-187
-190
-197
-196
-194
-201
-174
-171
-160
-143
-144
-112
-140
-137
-139
-130
-121
-123
-121
-102
-90
-80
-63
-69
-82
-79
-56
-66
-65
-74
-96
-87
-75
-55
-36
-36
-28
-3
4
30
31
29
67
76
98
107
104
121
130
128
135
157
160
135
138
131
126
102
97
86
57
58
23
31
50
41
63
48
59
80
82
91
75
107
129
135
135
148
159
152
134
139
133
109
115
72
63
61
28
2
17
55
70
62
74
90
79
86
94
76
86
77
79
68
64
56
9
-11
-35
-43
-49
-48
-33
-15
-4
-9
-26
-35
-50
-51
-32
-3
-5
-4
-6
-8
4
-5
-13
-26
-16
-6
26
23
31
45
18
11
4
-14
-33
-21
-28
-35
-58
-58
-55
-57
-45
-53
-68
-64
-41
-22
-8
2
5
-3
-10
-6
-20
-37
-49
-40
-53
-58
-80
-89
-84
-97
-86
-124
-128
-143
-147
-142
-145
-116
-122
-100
-108
-121
-128
-125
-125
-113
-89
-78
-63
-51
-45
-27
-19
-22
-18
-21
-16
-8
-12
0
18
17
18
15
10
13
14
29
44
39
47
43
34
45
52
62
84
90
88
96
97
55
36
39
31
-4
-10
-36
-29
-32
-56
-70
-74
-71
-73
-62
-44
-26
-19
-9
-28
-17
-11
-3
7
18
47
33
36
31
18
19
33
41
37
44
55
68
103
112
102
95
87
97
108
119
116
117
112
116
121
121
133
130
141
140
118
118
119
112
97
98
93
65
33
35
20
-6
-15
-20
-50
-58
-64
-79
-78
-70
-70
-67
-60
-41
-15
-9
-10
-4
-1
-22
-26
-37
-28
-27
-26
-15
-31
-25
-32
-42
-36
-9
-6
-22
-47
-10
8
20
35
24
20
17
29
40
43
40
36
32
25
15
14
24
28
17
1
2
-15
-38
-43
-53
-58
-69
-82
-80
-94
-102
-117
-114
-112
-135
-136
-114
-104
-91
-82
-89
-97
-92
-86
-79
-73
-89
-82
-78
-75
-67
-57
-65
-68
-53
-44
-55
-55
-36
-38
-25
-22
-16
-16
14
23
6
24
35
32
22
20
8
0
23
17
24
31
5
2
-1
-17
-14
4
17
28
31
32
48
54
63
47
52
64
50
70
73
67
36
23
23
11
5
-18
-21
-7
-2
4
19
26
47
49
46
58
54
64
66
68
75
64
47
30
34
47
54
49
54
42
49
41
45
66
68
87
78
80
63
62
45
21
25
14
9
16
19
4
-4
17
22
18
31
25
33
44
51
49
45
58
53
23
17
22
31
37
51
57
43
38
31
33
23
16
16
24
30
20
-4
-10
-24
-36
-41
-46
-39
-40
-29
-43
-46
-51
-39
-23
-32
-38
-72
-83
-74
-76
-80
-90
-97
-109
-110
-104
-108
-111
-107
-103
-98
-102
-84
-92
-89
-74
-79
-62
-74
-59
-58
-58
-55
-61
-58
-53
-50
-42
-46
-36
-35
-33
-29
-35
-20
-8
-8
-11
-27
-28
-16
-7
1
-2
-2
-4
8
-3
6
20
7
15
6
-11
-28
-19
-10
-7
-9
-21
-16
-19
-31
-24
-31
-30
-14
-22
-27
-12
-12
-4
-1
9
18
29
29
13
20
29
26
33
41
47
50
37
35
44
50
60
57
74
88
86
101
116
107
96
101
100
101
107
122
131
102
81
94
85
82
94
109
97
80
78
85
84
72
63
53
51
57
58
57
52
49
31
33
33
39
45
36
42
26
25
22
42
47
40
37
37
16
6
17
5
0
3
-5
-21
-26
-32
-35
-36
-44
-56
-58
-65
-67
-73
-71
-76
-80
-74
-84
-82
-73
-81
-83
-81
-84
-78
-86
-87
-95
-103
-110
-109
-105
-110
-98
-95
-112
-103
-105
-109
-98
-90
-84
-89
-86
-69
-65
-66
-64
-58
-52
-46
-44
-46
-44
-43
-47
-54
-42
-42
-41
-21
-10
-10
-15
-8
3
9
3
0
18
28
30
23
25
32
27
34
34
37
25
28
33
20
11
19
15
2
11
17
29
23
19
3
1
13
19
35
56
70
74
73
65
64
69
78
81
89
103
112
108
96
102
92
81
89
68
58
68
72
55
55
58
36
31
25
31
34
43
53
43
30
35
39
38
37
39
30
27
11
-4
-5
-15
-27
-52
-44
-40
-42
-32
-38
-46
-51
-47
-34
-31
-3
12
3
-18
-22
-21
-26
-29
-24
-23
-21
-37
-34
-34
-11
-10
-16
-7
-17
-8
-4
0
6
5
13
16
17
27
37
34
23
30
24
31
34
27
17
12
21
4
-17
-23
-43
-31
-27
-40
-46
-54
-62
-75
-71
-65
-58
-60
-65
-63
-66
-66
-64
-56
-60
-60
-71
-64
-49
-48
-34
-34
-29
-24
-6
6
11
20
-1
7
-9
-13
-8
-16
3
2
3
14
7
-3
12
17
20
20
25
34
31
42
50
45
46
31
22
15
15
1
2
4
-21
-25
-23
-28
-21
-36
-28
-22
-5
3
2
7
6
6
-3
-14
-14
-6
-3
-14
-17
-23
-16
-24
-27
-20
-13
-5
-11
-3
-17
-17
-20
-18
-12
-26
-5
2
1
8
6
15
3
3
16
25
34
45
49
60
74
72
65
74
74
68
59
67
69
55
63
57
61
38
36
35
28
31
41
36
31
22
29
36
34
37
35
30
33
25
18
39
33
21
20
21
12
0
16
21
21
12
-1
8
26
42
53
57
49
49
39
43
38
33
33
34
31
27
14
-7
-6
-6
-6
-18
-33
-36
-54
-68
-71
-69
-83
-92
-80
-74
-79
-78
-96
-100
-102
-108
-105
-110
-96
-87
-100
-99
-100
-106
-97
-88
-90
-84
-68
-57
-53
-55
-44
-45
-48
-32
-30
-38
-23
-24
-19
-25
-17
-9
-11
4
8
10
13
7
7
19
15
16
10
1
17
28
24
8
-15
-24
-14
-21
-24
-20
-27
-31
-30
-23
-17
-11
0
-11
-9
-2
7
2
4
8
-5
-2
19
29
31
32
40
49
42
51
56
63
61
66
67
65
70
64
72
78
91
91
96
100
97
96
92
88
73
66
71
74
55
50
52
38
27
33
34
20
17
13
8
19
8
13
11
7
-6
-4
6
4
-5
-13
7
-3
-5
-7
-4
-5
-7
0
-5
2
22
28
27
29
32
34
29
32
25
23
19
24
10
4
14
14
13
19
22
11
14
19
10
0
15
9
0
3
-2
-3
2
-6
-16
-27
-43
-63
-61
-60
-65
-73
-70
-64
-74
-74
-83
-96
-100
-102
-112
-104
-111
-94
-88
-100
-91
-91
-91
-90
-86
-78
-63
-48
-31
-35
-38
-40
-41
-32
-20
-12
-22
-16
-6
1
8
14
10
9
1
6
2
-2
2
11
10
5
2
-1
-9
-11
-11
-18
-11
-20
-25
-21
-25
-26
-27
-16
-18
-23
-30
-50
-43
-34
-35
-39
-37
-25
-22
-12
-3
9
7
11
17
25
32
47
56
57
56
57
60
75
78
74
77
80
88
97
99
101
98
84
72
80
81
77
84
84
68
66
62
50
57
52
49
50
48
48
49
44
42
37
29
36
33
28
23
26
29
20
18
22
22
22
28
27
30
36
44
41
28
25
22
23
27
34
38
31
23
15
6
3
5
1
-4
1
6
4
-2
-14
-20
-18
-25
-23
-19
-12
-25
-30
-46
-56
-45
-53
-56
-62
-64
-64
-66
-78
-89
-83
-80
-86
-92
-86
-76
-86
-91
-98
-97
-100
-101
-101
-103
-100
-92
-94
-96
-83
-70
-64
-50
-44
-42
-29
-32
-27
-21
-16
-18
-29
-27
-15
-8
-7
-4
0
1
9
9
25
27
32
30
33
34
32
36
24
25
21
28
29
29
24
16
14
9
12
20
20
18
9
7
8
-2
1
3
0
3
8
6
8
3
-2
3
14
16
19
27
39
39
38
42
39
40
49
52
55
59
53
64
51
45
42
36
35
35
40
42
49
41
34
32
30
28
32
28
25
24
21
28
23
24
29
26
30
24
15
24
22
14
11
10
11
-3
-9
-20
-26
-28
-35
-41
-38
-35
-31
-20
-10
-2
4
3
-2
-5
5
13
19
15
22
32
14
16
7
9
15
0
-4
0
2
10
11
8
7
-1
3
11
15
2
-2
-3
-11
-22
-25
-23
-29
-23
-22
-24
-34
-53
-57
-54
-45
-37
-43
-26
-8
-19
-22
-33
-34
-35
-28
-21
-23
-23
-17
-4
-14
-13
-19
-15
-18
-32
-16
-20
-22
-20
-19
-17
-23
-26
-17
-19
-18
-11
-16
-7
-2
-3
-11
-11
-17
-16
-11
-12
-17
-21
-21
-22
-22
-32
-32
-31
-28
-26
-16
-14
-25
-28
-41
-33
-30
-33
-30
-31
-32
-25
-20
-19
-21
-14
-11
-8
-1
1
12
13
21
29
26
24
10
9
17
12
18
35
40
43
48
50
58
70
64
64
64
61
67
64
77
71
64
54
56
58
53
58
54
51
45
43
25
26
24
15
17
15
13
13
11
9
5
-5
-2
-5
0
14
24
26
17
22
25
25
37
31
24
29
24
30
25
24
32
34
27
26
21
15
15
3
7
4
9
17
15
17
11
5
-7
-7
-14
-22
-16
-17
-5
-9
-18
-30
-44
-55
-51
-49
-49
-47
-57
-57
-64
-65
-73
-84
-65
-67
-59
-56
-43
-39
-42
-34
-35
-35
-30
-20
-13
-8
-15
-22
-16
-22
-35
-33
-30
-41
-47
-45
-40
-35
-39
-35
-32
-28
-23
-31
-18
-7
-9
-5
-10
-18
-19
-28
-23
-24
-34
-30
-22
-16
-11
-24
-27
-12
-14
-19
-7
-12
-21
-11
-14
-6
-6
-7
-14
-23
-10
1
2
8
21
15
22
23
33
36
38
41
45
41
43
48
46
52
41
35
41
39
40
45
46
60
61
57
54
48
36
35
42
41
52
51
50
52
49
42
40
34
22
23
24
28
24
30
29
22
18
15
21
25
19
13
14
21
25
26
35
35
27
25
26
30
26
29
33
31
20
17
19
13
-4
-10
-13
-18
-12
-19
-17
-7
-9
-16
-15
-19
-14
-18
-9
-8
-9
2
-5
-5
-15
-17
-12
-21
-27
-29
-25
-21
-27
-36
-38
-34
-33
-39
-32
-18
-14
-9
-19
-25
-26
-29
-28
-24
-25
-25
-27
-33
-34
-44
-41
-40
-33
-28
-24
-19
-17
-18
-26
-20
-37
-32
-26
-26
-20
-35
-34
-38
-49
-47
-43
-40
-52
-52
-48
-51
-58
-46
-50
-55
-50
-47
-46
-40
-31
-34
-24
-15
-5
-4
-5
3
5
7
12
12
5
7
9
12
16
13
14
11
14
24
24
27
34
35
35
30
30
30
30
34
34
29
37
45
39
35
32
26
18
33
38
31
38
36
32
26
22
27
27
24
38
41
37
41
39
43
47
45
46
50
49
52
54
49
54
49
46
47
44
44
46
42
40
39
28
27
29
25
16
17
22
21
15
14
15
14
19
22
15
3
3
9
1
-6
-1
-5
-7
-10
-15
-16
-16
-15
-20
-22
-22
-24
-20
-14
-16
-16
-21
-30
-26
-25
-22
-28
-38
-43
-36
-40
-50
-43
-45
-42
-40
-40
-40
-45
-44
-43
-48
-42
-45
-48
-43
-47
-42
-44
-45
-40
-46
-50
-50
-44
-44
-47
-38
-34
-33
-28
-28
-22
-16
-13
-16
-16
-14
-10
-14
-17
-18
-16
-18
-16
-6
-12
-7
-6
-7
-2
1
3
0
3
14
22
17
15
19
22
14
10
15
6
2
3
10
7
8
11
5
9
8
6
3
6
12
11
15
16
8
7
8
10
5
-3
1
6
9
8
6
15
15
13
16
22
24
24
24
30
33
30
28
30
36
33
42
35
37
44
47
47
50
57
46
41
39
44
38
41
50
46
42
42
32
26
29
31
17
10
17
13
11
6
3
-4
-10
-13
-9
-13
-11
1
1
4
4
0
1
8
12
4
3
9
4
-1
5
-4
-12
-13
-10
-6
-11
-17
-23
-24
-17
-15
-8
-7
-3
-5
-3
-2
-1
-4
0
4
1
3
-11
-14
-12
-13
-14
-17
-22
-18
-11
-20
-24
-27
-32
-35
-30
-42
-34
-34
-37
-37
-40
-40
-41
-46
-40
-39
-45
-46
-52
-50
-55
-56
-57
-57
-49
-44
-39
-31
-31
-35
-38
-36
-33
-33
-28
-20
-10
-8
-3
-4
-6
-8
-11
-9
-6
-5
-5
-2
-3
-5
2
6
5
8
14
16
10
16
14
9
15
4
0
3
5
14
4
11
19
17
23
17
18
18
25
14
19
33
32
35
37
37
33
30
34
37
30
30
30
36
34
40
41
40
37
36
44
47
60
57
49
49
42
39
33
31
35
37
40
33
37
37
34
25
20
23
9
15
16
18
27
24
19
12
18
17
16
19
23
19
9
10
6
7
-5
-7
-2
-1
-4
-6
-1
-12
-16
-18
-17
-17
-20
-20
-18
-20
-18
-23
-27
-26
-26
-29
-26
-18
-20
-23
-23
-17
-19
-15
-22
-25
-25
-26
-22
-34
-37
-43
-42
-40
-36
-38
-37
-31
-33
-36
-43
-36
-37
-43
-36
-29
-19
-19
-25
-30
-25
-33
-34
-30
-23
-23
-27
-27
-26
-22
-21
-23
-21
-20
-16
-5
-7
-2
-1
-4
-1
2
5
4
7
1
-1
-7
-8
-5
-3
-1
4
11
7
1
-1
3
5
7
8
5
9
10
10
5
8
12
12
9
6
5
6
15
14
15
17
15
24
32
21
22
21
13
11
17
17
16
13
13
14
18
20
16
