34
36
31
20
19
5
-7
-15
-17
-16
-6
0
8
14
10
7
-8
-11
-27
-33
-43
-40
-38
-41
-36
-29
-17
-6
-3
-2
-6
-5
-2
3
16
20
28
30
30
20
10
1
-8
-16
-10
0
0
0
-8
-23
-34
-43
-44
-43
-35
-23
-13
-1
2
6
7
4
-6
-16
-24
-32
-38
-36
-34
-35
-34
-38
-37
-48
-53
-52
-51
-40
-25
-7
3
6
1
-1
-3
-10
-7
-12
-8
-1
-1
5
-2
-4
-9
-14
-20
-23
-14
-16
-14
-10
-3
4
12
15
14
22
22
16
8
6
18
21
24
18
3
-2
-12
-14
-13
-8
0
8
13
12
20
24
24
39
40
35
27
21
20
15
15
9
16
18
19
17
19
21
24
23
23
33
30
30
20
7
2
-8
-15
-11
-2
5
14
20
20
16
16
15
16
18
25
26
17
11
4
8
3
-3
2
6
6
16
22
20
17
16
16
12
-7
-17
-26
-26
-31
-34
-25
-20
1
7
17
27
23
22
22
23
24
11
10
22
26
43
53
57
49
41
27
13
-1
-14
-17
-21
-28
-45
-71
-92
-109
-105
-102
-93
-73
-54
-30
-17
-6
8
19
20
17
21
30
34
27
15
-4
-25
-48
-56
-51
-44
-30
-14
0
21
35
52
65
67
58
46
26
7
-19
-44
-65
-86
-94
-101
-99
-94
-84
-71
-64
-50
-35
-27
-20
-16
-15
-6
-3
8
8
2
-8
-7
-9
-17
-17
-15
-12
-12
-7
-6
1
4
15
28
34
37
39
39
37
29
25
28
32
37
39
45
51
48
48
41
39
34
33
34
32
21
10
-6
-20
-19
-23
-22
-24
-25
-30
-25
-27
-21
-14
-6
7
12
25
22
21
25
28
37
40
45
45
37
33
29
31
40
52
57
63
71
64
53
41
24
18
17
2
-9
-10
-8
-11
-12
-10
-11
-10
-11
-12
-25
-32
-29
-26
-29
-30
-22
-14
-2
1
2
10
8
2
3
6
8
11
8
7
3
4
2
1
-5
-6
0
1
0
3
11
9
8
-1
1
-5
-10
-8
-6
-12
-17
-18
-26
-29
-32
-34
-32
-31
-22
-15
-15
-22
-29
-28
-33
-36
-37
-35
-34
-36
-35
-34
-30
-32
-26
-18
-14
-11
-10
-6
-7
-4
5
7
19
29
24
19
7
-4
-15
-19
-27
-16
-6
-1
10
7
2
2
5
-1
-4
-6
-5
-3
5
2
-2
0
-7
-6
-9
-10
-12
-13
-15
-18
-21
-22
-24
-25
-23
-20
-16
-17
-6
0
12
13
21
24
24
28
21
22
18
15
13
18
16
22
21
11
10
4
0
1
1
-1
6
14
18
25
34
38
31
28
31
35
40
41
36
35
28
16
5
5
1
-2
5
11
16
16
19
21
21
24
20
15
18
24
29
30
27
22
22
15
10
-1
-9
-13
-21
-21
-27
-24
-16
-13
-2
5
9
9
16
29
36
38
34
25
28
22
11
7
-7
-21
-26
-20
-12
-5
-3
-6
-14
-11
-16
-21
-27
-26
-27
-31
-26
-21
-19
-19
-16
-21
-21
-22
-20
-28
-27
-21
-20
-18
-17
-13
-7
-6
-6
-9
-19
-31
-37
-41
-44
-46
-49
-49
-52
-44
-36
-32
-24
-17
-6
1
3
9
4
1
1
-3
5
9
2
9
10
8
13
10
12
9
6
-3
1
-1
-8
-14
-20
-18
-21
-24
-23
-17
-13
-8
-4
2
8
11
11
8
9
7
4
2
3
5
14
20
18
19
21
20
22
25
28
34
31
36
40
31
24
22
21
10
7
8
7
5
0
1
-3
-10
-11
-7
-6
-3
-9
-4
3
9
17
22
20
15
13
5
5
-4
-6
-1
9
7
4
9
20
27
34
41
36
36
27
26
28
26
18
10
6
6
13
11
14
17
10
13
16
24
30
21
12
7
4
9
15
15
13
2
-1
-10
-9
-5
-7
-2
1
3
0
3
-12
-27
-34
-42
-41
-34
-23
-15
-19
-18
-13
-15
-22
-15
-19
-19
-17
-11
-1
-5
-2
-12
-11
-16
-21
-22
-30
-36
-45
-45
-40
-39
-39
-32
-36
-31
-27
-21
-13
-6
-1
-3
0
-6
-9
-18
-24
-21
-28
-28
-23
-20
-20
-22
-19
-15
-16
-13
-12
-16
-14
-7
-3
2
9
14
22
28
18
15
13
4
2
-3
-4
-4
-9
-7
-11
-15
-11
-4
4
9
9
16
27
22
27
27
19
21
18
14
11
10
8
12
14
16
19
23
16
12
12
10
13
11
14
21
38
30
30
28
26
31
24
37
33
32
22
20
11
5
6
-6
-1
-1
12
16
28
35
36
33
35
37
32
29
25
25
28
27
29
33
32
26
18
14
5
3
2
-2
-1
-3
-6
-7
-6
-11
-14
-19
-22
-15
-14
-8
-5
-9
-15
-20
-22
-25
-30
-35
-34
-33
-24
-19
-20
-19
-21
-23
-26
-34
-30
-23
-26
-20
-16
-11
-18
-15
-13
-12
-11
-11
-10
-20
-19
-17
-11
-11
-20
-22
-31
-33
-32
-30
-23
-28
-34
-29
-20
-12
-13
-19
-19
-22
-20
-11
-12
-7
-8
-8
-5
-8
-5
-9
-16
-18
-23
-15
-11
-9
-12
-14
-15
-16
-14
-17
-12
-6
2
16
22
29
41
41
42
38
31
21
10
9
4
4
5
-6
-11
-11
-13
-10
-4
-11
-10
0
10
19
25
21
25
17
12
10
12
10
7
9
14
13
18
22
14
10
11
13
11
18
32
40
44
43
40
34
32
31
25
27
28
33
38
38
36
38
40
33
34
39
36
33
32
29
31
35
28
18
15
9
2
4
1
0
0
-2
-4
-2
0
-1
-4
-4
-3
-7
-13
-9
-7
-6
-11
-15
-15
-14
-15
-17
-20
-20
-18
-16
-17
-16
-12
-15
-18
-23
-33
-39
-40
-44
-49
-43
-37
-38
-38
-38
-37
-31
-33
-38
-32
-27
-28
-29
-27
-27
-26
-25
-21
-25
-27
-27
-25
-22
-14
-12
-3
1
6
9
20
21
16
19
11
9
7
10
6
6
4
-7
-14
-21
-27
-29
-28
-30
-28
-19
-9
5
12
8
10
11
10
8
12
17
12
15
11
4
-8
-15
-25
-30
-28
-25
-16
-12
-2
4
6
15
24
30
35
38
39
34
27
15
7
-3
-8
-11
-22
-19
-14
-1
0
-7
4
2
3
10
9
15
21
24
26
28
26
29
19
9
7
4
-1
5
11
11
19
31
34
31
31
28
27
31
37
38
40
39
36
35
35
25
12
-2
-9
-14
-11
-3
8
14
24
28
34
42
41
35
31
27
22
22
15
5
1
-9
-18
-20
-25
-26
-28
-26
-23
-13
-7
-8
-4
-4
1
11
12
16
16
17
16
6
0
-2
-11
-24
-39
-55
-61
-69
-71
-61
-53
-44
-43
-35
-24
-24
-19
-19
-12
-5
0
9
10
7
7
9
6
5
-3
-10
-22
-32
-38
-42
-37
-37
-34
-25
-12
0
9
15
19
21
18
7
-1
-11
-26
-35
-39
-37
-34
-33
-37
-34
-26
-25
-21
-23
-23
-16
-8
-2
2
9
12
6
-8
-7
-10
-16
-21
-28
-26
-24
-21
-12
-10
-4
4
19
32
44
53
58
55
48
49
42
33
19
9
3
4
8
10
18
20
22
29
30
35
37
30
22
18
14
13
14
9
5
5
-1
-1
-1
-13
-5
-7
-1
7
11
18
25
35
36
37
39
41
42
40
42
42
38
29
23
16
15
13
14
13
9
11
7
4
0
3
1
-3
-14
-21
-26
-27
-26
-25
-14
-9
-2
-1
2
1
-3
-8
-9
-8
-9
-5
-1
-7
-6
-9
-13
-22
-21
-18
-12
-6
-9
-3
4
-3
-7
-6
-10
-4
-5
-6
-2
-6
-3
-3
-5
-15
-20
-24
-28
-31
-30
-24
-19
-13
-12
-4
-9
-13
-8
-17
-25
-26
-24
-20
-15
-10
-14
-14
-14
-14
-16
-22
-29
-27
-24
-15
-12
-6
-1
-1
-2
-6
-4
-6
-6
1
6
14
19
20
10
-2
-8
-10
-14
-12
-7
-4
-2
-1
6
0
-1
3
1
1
1
2
8
10
6
6
4
-2
-2
-4
-4
0
2
3
0
-1
1
3
5
12
9
6
15
21
23
20
19
19
13
16
12
7
9
13
15
17
25
26
30
25
21
20
20
14
4
-4
-8
-10
-5
-3
1
13
19
21
25
23
26
25
27
22
23
26
19
14
10
2
-3
-7
-7
-3
4
16
16
17
15
16
20
23
22
20
18
24
23
14
11
1
-14
-16
-21
-23
-25
-29
-26
-17
-18
-15
-10
-5
-7
-5
3
0
0
-12
-15
-15
-16
-16
-14
-15
-18
-18
-18
-18
-20
-23
-27
-30
-35
-33
-40
-39
-40
-31
-21
-7
2
9
18
22
19
11
3
1
-2
-7
1
2
10
16
15
13
0
-7
-12
-22
-32
-38
-43
-46
-47
-48
-48
-43
-47
-49
-41
-40
-34
-29
-18
-9
4
10
23
34
33
33
29
25
19
8
-7
-11
-20
-19
-10
-8
3
10
17
26
37
53
62
70
67
56
44
31
10
-8
-19
-27
-37
-40
-38
-30
-18
-8
-7
-1
4
4
6
20
27
33
44
47
45
42
43
41
34
18
10
4
1
1
-1
6
6
4
17
19
25
30
26
22
20
21
17
7
6
14
12
9
11
8
4
-4
-2
-3
-6
-10
-15
-20
-18
-21
-20
-14
-20
-18
-17
-17
-11
-1
9
9
20
27
21
16
7
-2
-18
-32
-39
-39
-37
-25
-18
-15
1
13
28
41
53
58
51
44
35
31
23
15
9
-10
-28
-44
-52
-58
-59
-62
-59
-53
-42
-33
-32
-19
-15
-3
8
13
18
22
26
22
15
6
-1
-15
-28
-36
-46
-51
-52
-48
-49
-42
-32
-27
-17
-13
-8
-3
-2
6
4
3
5
6
8
2
4
3
-5
-6
-12
-17
-20
-19
-15
-11
-2
-3
-4
4
3
0
-1
8
4
3
6
7
5
10
10
10
17
13
14
9
8
4
2
8
13
14
21
18
31
44
49
49
40
33
15
2
-13
-23
-32
-33
-29
-16
-4
5
5
12
23
27
32
37
46
51
60
60
58
53
37
24
13
1
-8
-16
-22
-29
-25
-23
-20
-24
-20
-14
-9
3
16
32
36
44
43
43
34
19
3
-12
-24
-34
-35
-32
-18
1
15
16
24
25
21
19
4
-3
-13
-25
-27
-34
-35
-27
-17
-6
5
19
26
29
30
36
40
35
13
-4
-13
-22
-19
-25
-32
-30
-29
-30
-33
-35
-50
-54
-49
-40
-29
-17
-11
-9
-4
2
13
18
23
28
39
36
31
25
14
-3
-12
-27
-39
-45
-50
-52
-55
-60
-64
-63
-61
-58
-53
-37
-21
-3
13
29
50
56
58
59
41
20
-2
-27
-55
-68
-69
-61
-57
-50
-27
-9
7
27
42
46
48
52
53
52
38
21
10
-7
-21
-31
-48
-55
-55
-51
-47
-42
-29
-11
11
26
39
49
67
84
83
78
71
58
39
16
2
-14
-25
-28
-27
-24
-9
4
5
15
22
24
22
20
18
21
24
24
30
23
27
30
20
15
19
11
7
10
1
-4
-3
1
-6
-10
0
6
18
26
29
30
31
26
20
11
0
2
10
15
20
32
35
32
33
23
16
7
-7
-9
-10
-9
-2
1
1
7
8
15
15
19
14
10
3
-1
-3
-11
-12
-27
-41
-54
-54
-60
-64
-59
-50
-37
-25
-15
-10
-8
-15
-13
-25
-24
-31
-40
-40
-46
-36
-33
-29
-32
-30
-23
-15
-7
-2
10
14
18
23
25
17
11
13
0
-8
-14
-25
-36
-43
-43
-41
-37
-31
-22
-16
-15
-12
-18
-13
-8
-11
-10
-10
-8
1
8
19
20
21
13
4
1
-5
-10
-15
-22
-35
-38
-37
-33
-23
-14
-8
3
16
25
45
62
69
73
66
57
42
27
17
16
11
2
5
-6
-3
8
9
12
17
27
25
32
41
43
33
24
18
5
0
-13
-27
-37
-45
-41
-30
-11
2
15
29
41
49
50
53
50
43
29
17
19
14
5
2
-4
-9
-13
-15
-9
-1
-1
8
14
21
30
34
30
20
10
12
18
21
31
34
32
24
15
9
-9
-21
-29
-33
-34
-34
-22
-13
-6
-8
-5
-8
-1
9
17
22
17
23
31
28
25
25
21
14
-4
-15
-22
-28
-34
-36
-36
-35
-37
-38
-31
-28
-25
-24
-21
-17
-20
-20
-23
-21
-21
-23
-21
-25
-28
-27
-21
-22
-19
-21
-28
-35
-53
-68
-80
-90
-91
-82
-66
-57
-47
-31
-19
-9
-3
-5
-4
1
4
22
32
36
42
53
64
69
60
53
42
38
32
19
0
-23
-41
-55
-57
-55
-49
-41
-33
-24
-11
12
29
38
49
62
66
59
45
37
30
23
14
-2
-19
-35
-35
-29
-28
-19
-7
26
56
86
119
138
142
133
120
96
70
41
4
-30
-58
-84
-104
-112
-110
-97
-75
-59
-43
-26
-13
4
21
38
56
64
67
67
54
44
35
24
18
8
-6
-13
-19
-25
-30
-28
-24
-6
0
1
11
24
36
43
56
67
76
77
84
96
100
91
82
65
52
37
15
-3
-21
-27
-32
-43
-55
-68
-77
-88
-91
-91
-86
-70
-61
-51
-42
-41
-44
-52
-60
-57
-53
-54
-45
-45
-42
-34
-28
-21
-22
-15
-3
0
9
23
35
46
48
54
55
53
44
27
8
-5
-17
-29
-41
-51
-58
-67
-72
-80
-83
-86
-83
-80
-63
-43
-27
-3
13
14
13
15
11
0
-2
-6
-10
-19
-30
-42
-47
-39
-37
-23
1
21
39
51
62
77
82
79
65
41
24
12
-5
-22
-33
-45
-60
-68
-71
-69
-64
-48
-21
8
38
58
76
100
109
109
109
102
89
74
59
53
40
26
15
1
3
-3
2
15
24
45
65
77
89
92
96
102
97
89
81
72
65
61
51
45
42
38
29
24
25
13
8
3
-1
-8
-14
-17
-22
-23
-24
-26
-28
-34
-38
-52
-59
-66
-72
-69
-79
-86
-94
-103
-103
-95
-86
-77
-69
-59
-56
-64
-68
-65
-70
-64
-71
-74
-71
-76
-73
-76
-71
-67
-69
-57
-34
-9
13
36
60
79
100
121
135
138
143
147
138
135
124
108
92
77
70
71
69
77
90
104
122
137
155
165
173
164
140
122
102
67
38
10
-15
-36
-60
-87
-116
-144
-188
-235
-278
-315
-339
-364
-376
-388
-398
-401
-402
-405
-404
-414
-415
-391
-365
-352
-345
-344
-326
-289
-241
-191
-155
-118
-67
-11
48
92
136
184
221
256
293
333
359
375
400
446
486
525
563
578
591
608
629
651
671
687
711
709
701
687
674
661
625
580
528
471
380
286
198
101
14
-86
-167
-237
-307
-373
-443
-523
-604
-678
-747
-805
-859
-900
-937
-984
-1019
-1039
-1034
-1023
-995
-936
-868
-773
-683
-576
-445
-310
-188
-64
63
168
268
340
405
429
440
437
413
395
379
398
399
392
397
427
457
495
517
541
547
515
479
427
371
295
198
83
2
-66
-127
-168
-196
-190
-144
-67
14
126
249
360
457
547
627
697
729
720
701
667
635
603
547
484
440
374
319
283
242
215
167
111
46
-35
-140
-229
-349
-496
-648
-820
-977
-1140
-1302
-1448
-1593
-1725
-1806
-1827
-1814
-1784
-1704
-1594
-1463
-1326
-1163
-989
-809
-633
-472
-341
-217
-79
2
105
199
279
337
393
477
578
678
776
893
1020
1151
1233
1281
1311
1309
1258
1161
1062
946
831
704
541
369
227
131
75
20
11
73
164
311
468
635
815
954
1060
1150
1219
1252
1249
1186
1085
971
873
788
710
635
571
516
452
420
442
443
424
359
250
124
-38
-228
-474
-770
-1085
-1410
-1731
-2045
-2308
-2508
-2702
-2832
-2912
-2891
-2789
-2629
-2419
-2194
-1923
-1646
-1393
-1188
-992
-814
-660
-565
-508
-479
-418
-290
-181
-27
157
409
651
892
1205
1534
1869
2154
2387
2584
2744
2833
2789
2649
2471
2245
2013
1732
1476
1243
1018
839
680
585
545
526
539
647
799
1008
1198
1351
1450
1513
1513
1410
1214
920
602
262
-54
-274
-429
-548
-615
-610
-598
-602
-589
-550
-572
-648
-758
-873
-1021
-1249
-1535
-1842
-2160
-2518
-2885
-3221
-3504
-3743
-3901
-3955
-3895
-3714
-3450
-3141
-2757
-2398
-2043
-1704
-1418
-1153
-893
-709
-582
-458
-388
-310
-275
-243
-120
26
277
611
1000
1364
1769
2202
2522
2772
2941
3030
3077
3049
2957
2798
2645
2480
2258
2020
1782
1576
1376
1219
1145
1127
1199
1374
1610
1969
2304
2580
2869
3024
3053
2950
2791
2572
2220
1803
1450
1110
762
521
356
260
215
163
151
142
127
15
-148
-362
-609
-942
-1384
-1856
-2328
-2767
-3246
-3724
-4169
-4463
-4714
-4909
-4954
-4866
-4645
-4371
-4044
-3653
-3233
-2787
-2388
-2026
-1649
-1346
-1105
-951
-841
-751
-629
-502
-372
-129
199
549
935
1357
1703
2144
2544
2901
3236
3435
3626
3681
3678
3601
3529
3420
3223
3011
2730
2476
2225
2027
1882
1736
1654
1664
1696
1850
2074
2311
2499
2637
2687
2653
2625
2454
2135
1718
1375
1010
607
222
-117
-386
-609
-840
-1046
-1114
-1224
-1332
-1369
-1447
-1603
-1800
-2021
-2382
-2746
-3153
-3557
-4023
-4520
-4900
-5199
-5391
-5493
-5395
-5199
-4929
-4614
-4207
-3735
-3186
-2683
-2230
-1810
-1481
-1156
-938
-735
-533
-354
-211
-69
84
343
728
1044
1400
1776
2182
2586
2963
3263
3574
3833
3943
3992
3909
3746
3516
3228
2874
2571
2244
1969
1761
1582
1517
1520
1625
1849
2192
2559
2949
3272
3461
3598
3670
3584
3409
3147
2859
2515
2078
1616
1182
888
618
323
62
-119
-247
-411
-573
-722
-921
-1186
-1553
-2032
-2492
-2985
-3570
-4180
-4826
-5417
-5899
-6260
-6481
-6495
-6395
-6170
-5863
-5418
-4821
-4213
-3699
-3168
-2599
-2077
-1580
-1166
-870
-629
-425
-247
-13
203
560
971
1386
1838
2375
2962
3510
3996
4396
4741
4954
5031
4996
4905
4745
4495
4124
3681
3201
2774
2399
2050
1803
1685
1661
1698
1864
2150
2486
2792
3031
3079
3128
3167
3096
2932
2679
2330
1917
1509
1130
847
514
189
-143
-396
-562
-699
-754
-860
-974
-1140
-1340
-1551
-1933
-2389
-2883
-3427
-3967
-4626
-5268
-5758
-6176
-6529
-6748
-6773
-6635
-6354
-6045
-5654
-5184
-4604
-4047
-3598
-3139
-2676
-2243
-1898
-1582
-1216
-826
-444
-88
266
733
1258
1767
2232
2686
3105
3532
3951
4292
4641
4892
5096
5208
5168
5069
4884
4560
4094
3633
3255
2943
2617
2321
2130
2106
2189
2252
2383
2577
2789
2900
2917
2978
2983
2902
2721
2470
2148
1799
1336
849
429
80
-149
-409
-663
-844
-980
-1031
-1085
-1211
-1346
-1497
-1763
-2152
-2561
-2971
-3405
-3930
-4519
-5102
-5641
-6014
-6298
-6486
-6546
-6421
-6112
-5709
-5239
-4709
-4146
-3615
-3123
-2659
-2176
-1771
-1436
-1130
-889
-598
-349
-78
254
559
915
1315
1747
2213
2750
3299
3840
4371
4850
5278
5623
5809
5912
5899
5719
5430
5061
4694
4326
3941
3557
3227
2991
2839
2838
2933
3135
3371
3595
3775
3914
4011
3940
3730
3365
2892
2369
1765
1127
455
-219
-817
-1339
-1818
-2193
-2430
-2557
-2664
-2715
-2712
-2713
-2811
-2993
-3254
-3577
-3962
-4445
-4974
-5539
-6060
-6511
-6855
-7101
-7215
-7129
-6948
-6693
-6250
-5677
-5004
-4410
-3812
-3209
-2570
-1963
-1479
-1070
-680
-334
-60
152
372
710
1069
1333
1573
1920
2388
2901
3435
3923
4426
4936
5361
5667
5845
5952
5921
5744
5423
5035
4695
4320
3905
3515
3211
3035
2931
2917
3027
3299
3615
3769
3868
3955
3984
3940
3736
3381
2901
2372
1726
1012
321
-309
-949
-1541
-2071
-2446
-2708
-2826
-2901
-2967
-3019
-3095
-3214
-3414
-3589
-3780
-4074
-4505
-5023
-5503
-5964
-6370
-6671
-6825
-6856
-6758
-6529
-6117
-5558
-4966
-4299
-3634
-3078
-2483
-1904
-1446
-1029
-633
-292
-29
243
465
769
1116
1467
1837
2217
2652
3148
3630
4048
4424
4772
5093
5336
5555
5767
5824
5701
5477
5180
4873
4613
4319
4014
3759
3523
3383
3316
3370
3459
3610
3729
3829
3991
4098
4142
4060
3760
3344
2858
2266
1679
1017
356
-247
-837
-1372
-1831
-2207
-2497
-2751
-2951
-3183
-3385
-3611
-3861
-4061
-4339
-4581
-4884
-5298
-5733
-6157
-6586
-6998
-7300
-7423
-7409
-7303
-7048
-6642
-6109
-5503
-4850
-4232
-3583
-2948
-2348
-1813
-1336
-891
-501
-156
144
460
824
1160
1408
1730
2122
2646
3192
3763
4324
4821
5308
5712
5963
6204
6365
6353
6203
5924
5677
5401
5047
4595
4108
3722
3386
3167
3058
3081
3223
3369
3552
3720
3885
3981
3900
3630
3229
2715
2152
1536
912
259
-299
-859
-1410
-1869
-2241
-2537
-2812
-3029
-3210
-3360
-3495
-3723
-3987
-4205
-4450
-4748
-5105
-5523
-5932
-6321
-6662
-6859
-6932
-6909
-6853
-6711
-6462
-6070
-5544
-4986
-4453
-3964
-3394
-2760
-2178
-1668
-1222
-805
-476
-186
136
572
1018
1404
1718
2111
2580
3041
3599
4105
4552
4987
5442
5842
6219
6497
6672
6703
6605
6405
6154
5966
5678
5366
5072
4793
4583
4409
4358
4387
4434
4462
4479
4537
4494
4378
4153
3729
3174
2506
1798
1136
444
-255
-907
-1577
-2167
-2680
-3109
-3480
-3751
-3940
-4133
-4236
-4411
-4596
-4694
-4845
-5068
-5407
-5839
-6173
-6557
-6914
-7207
-7468
-7581
-7538
-7444
-7138
-6630
-6079
-5495
-4934
-4318
-3628
-2976
-2411
-1828
-1322
-883
-434
-85
174
475
818
1098
1345
1653
2048
2525
3039
3497
3913
4416
4938
5382
5772
6160
6427
6579
6616
6539
6383
6115
5762
5337
4944
4671
4460
4340
4305
4387
4474
4528
4647
4719
4722
4652
4388
3995
3503
2958
2355
1683
926
152
-565
-1244
-1898
-2487
-2989
-3494
-3905
-4184
-4385
-4593
-4853
-5066
-5206
-5395
-5605
-5869
-6201
-6554
-6914
-7250
-7496
-7604
-7620
-7570
-7468
-7194
-6771
-6218
-5585
-4925
-4254
-3522
-2778
-2151
-1576
-983
-413
0
323
672
1092
1548
1932
2253
2558
2948
3403
3772
4147
4577
5030
5529
5903
6227
6590
6931
7080
7017
6860
6639
6360
6000
5548
5224
4960
4746
4702
4649
4727
4860
4883
4871
4865
4813
4670
4363
3939
3529
3001
2316
1604
918
248
-400
-1027
-1712
-2288
-2766
-3189
-3552
-3855
-4159
-4468
-4761
-5052
-5195
-5421
-5658
-5988
-6379
-6788
-7181
-7487
-7759
-7966
-8139
-8151
-7997
-7674
-7195
-6625
-6020
-5405
-4731
-4025
-3305
-2691
-2131
-1592
-1163
-757
-326
122
577
1037
1379
1789
2188
2598
3131
3628
4088
4525
5010
5486
5953
6300
6637
6889
6949
6866
6705
6534
6374
6141
5782
5496
5248
5096
5140
5164
5198
5239
5221
5170
5209
5195
5038
4731
4214
3641
2979
2235
1469
748
-5
-787
-1473
-2121
-2666
-3136
-3565
-3944
-4273
-4557
-4850
-5120
-5424
-5673
-5891
-6151
-6477
-6832
-7166
-7473
-7827
-8021
-8136
-8182
-8143
-7910
-7553
-7126
-6568
-6013
-5438
-4860
-4214
-3557
-2941
-2347
-1798
-1267
-731
-260
207
664
1175
1671
2130
2533
2997
3556
4048
4462
4917
5430
5879
6326
6717
7063
7286
7385
7366
7255
7102
6922
6660
6369
6041
5783
5690
5632
5548
5560
5630
5686
5787
5777
5674
5464
5098
4643
4047
3409
2739
2055
1295
512
-252
-1047
-1792
-2497
-3106
-3629
-4067
-4470
-4795
-5094
-5335
-5517
-5706
-5904
-6172
-6563
-6960
-7379
-7788
-8088
-8355
-8500
-8560
-8415
-8155
-7785
-7318
-6797
-6240
-5596
-4919
-4268
-3653
-3079
-2539
-2013
-1492
-1029
-603
-123
413
913
1439
1934
2490
3034
3579
4122
4577
4995
5446
5827
6146
6474
6714
6918
7022
7025
6978
6865
6676
6477
6284
6058
5887
5866
5905
5986
6025
6050
6067
6018
5958
5764
5419
4982
4457
3864
3158
2422
1732
1030
263
-511
-1243
-1840
-2398
-2934
-3364
-3811
-4232
-4684
-5108
-5495
-5856
-6204
-6580
-6960
-7352
-7661
-7945
-8218
-8439
-8580
-8671
-8712
-8583
-8298
-7867
-7322
-6751
-6203
-5637
-4973
-4302
-3682
-3028
-2405
-1800
-1318
-900
-425
76
570
1072
1585
2033
2578
3200
3792
4296
4753
5273
5755
6181
6578
6908
7060
7137
7156
7116
7069
6978
6827
6700
6478
6310
6263
6310
6356
6401
6413
6311
6232
6175
6043
5795
5437
5006
4524
3929
3340
2696
2003
1263
531
-215
-887
-1468
-2039
-2537
-3018
-3494
-3904
-4313
-4756
-5166
-5533
-5921
-6350
-6785
-7184
-7565
-7904
-8191
-8391
-8519
-8670
-8659
-8540
-8224
-7821
-7404
-6842
-6262
-5635
-4993
-4371
-3750
-3170
-2604
-2054
-1527
-1099
-639
-134
353
801
1276
1851
2478
3109
3700
4283
4768
5290
5809
6188
6556
6832
7018
7046
7016
6958
6837
6706
6433
6216
6028
5867
5838
5844
5911
6071
6177
6222
6267
6275
6169
5913
5523
5076
4525
3855
3108
2296
1562
888
181
-581
-1254
-1765
-2256
-2659
-3072
-3405
-3710
-4034
-4482
-4878
-5193
-5569
-5984
-6464
-6961
-7448
-7905
-8255
-8570
-8831
-8910
-8889
-8757
-8490
-8057
-7525
-6962
-6437
-5895
-5250
-4651
-4058
-3513
-2957
-2420
-1908
-1473
-1126
-684
-257
166
625
1139
1736
2432
3153
3854
4535
5167
5782
6302
6776
7193
7523
7752
7814
7749
7622
7454
7188
6893
6558
6261
6127
6101
6112
6151
6235
6320
6421
6474
6426
6239
5898
5512
4974
4284
3580
2895
2189
1353
516
-291
-1047
-1682
-2298
-2852
-3336
-3785
-4186
-4575
-4938
-5223
-5484
-5759
-6130
-6562
-6907
-7260
-7679
-8046
-8260
-8445
-8564
-8612
-8544
-8338
-8036
-7618
-7094
-6563
-5991
-5362
-4734
-4114
-3517
-2995
-2509
-2020
-1599
-1137
-654
-202
280
768
1320
1957
2604
3254
3795
4357
4926
5413
5867
6276
6654
6986
7226
7374
7459
7527
7490
7348
7208
7065
7001
6977
6960
6918
6952
6915
6838
6750
6570
6377
6032
5571
5061
4436
3746
3049
2309
1565
783
-41
-824
-1557
-2179
-2704
-3190
-3661
-4170
-4654
-5113
-5487
-5838
-6191
-6548
-6980
-7358
-7723
-8048
-8312
-8463
-8574
-8678
-8737
-8633
-8387
-8046
-7632
-7195
-6684
-6199
-5636
-5033
-4507
-4003
-3429
-2945
-2523
-2041
-1608
-1122
-648
-168
341
854
1440
2086
2724
3265
3821
4408
4976
5470
5914
6335
6673
6918
7127
7274
7340
7383
7351
7305
7263
7252
7355
7420
7451
7517
7496
7456
7405
7277
7109
6811
6350
5892
5329
4687
3962
3244
2559
1770
1035
310
-394
-1050
-1693
-2285
-2807
-3386
-3931
-4443
-4947
-5361
-5752
-6192
-6643
-7105
-7559
-7949
-8294
-8599
-8785
-8807
-8782
-8730
-8521
-8180
-7811
-7389
-6930
-6461
-5944
-5395
-4911
-4396
-3905
-3447
-3005
-2573
-2103
-1527
-954
-410
163
734
1341
2047
2690
3243
3801
4324
4823
5300
5725
6144
6514
6734
6822
6897
6975
7046
7053
7050
7018
7051
7176
7289
7426
7493
7544
7523
7483
7445
7285
7050
6576
5996
5373
4680
3933
3200
2492
1805
1093
386
-202
-842
-1455
-2017
-2579
-3116
-3661
-4248
-4763
-5249
-5749
-6237
-6741
-7265
-7748
-8183
-8539
-8807
-9002
-9023
-9035
-9009
-8889
-8633
-8225
-7768
-7273
-6762
-6251
-5640
-4994
-4415
-3879
-3407
-2924
-2500
-2114
-1649
-1131
-632
-195
308
874
1547
2259
2963
3615
4267
4898
5431
5860
6171
6469
6647
6696
6718
6676
6634
6594
6514
6427
6405
6477
6635
6858
7081
7350
7544
7638
7698
7642
7508
7169
6662
5997
5287
4538
3763
3015
2271
1523
781
166
-406
-904
-1378
-1773
-2197
-2699
-3248
-3801
-4321
-4814
-5288
-5761
-6357
-6975
-7466
-7934
-8332
-8634
-8793
-8882
-8938
-8820
-8545
-8146
-7667
-7218
-6793
-6366
-5957
-5445
-4986
-4622
-4180
-3863
-3478
-3040
-2609
-2038
-1430
-814
-186
453
1123
1960
2720
3467
4094
4624
5118
5532
5891
6191
6487
6545
6466
6452
6514
6657
6736
6743
6716
6746
6927
7217
7442
7620
7758
7852
7901
7817
7738
7509
7038
6412
5669
4870
4092
3297
2574
1913
1202
591
102
-438
-937
-1371
-1860
-2431
-3062
-3664
-4209
-4757
-5278
-5786
-6346
-7053
-7693
-8208
-8625
-8972
-9168
-9198
-9169
-9107
-8843
-8374
-7947
-7517
-7068
-6651
-6255
-5759
-5237
-4778
-4378
-3974
-3600
-3238
-2885
-2460
-1922
-1380
-860
-273
416
1157
1906
2632
3309
3899
4484
4954
5315
5618
5931
6127
6211
6314
6388
6489
6573
6574
6532
6596
6751
7043
7328
7526
7716
7895
7989
7986
7879
7650
7301
6700
5996
5227
4505
3796
3113
2439
1622
901
296
-301
-787
-1238
-1691
-2208
-2719
-3257
-3826
-4389
-4921
-5509
-6171
-6812
-7325
-7784
-8166
-8493
-8756
-8810
-8815
-8762
-8579
-8246
-7855
-7440
-7067
-6642
-6117
-5546
-5065
-4723
-4313
-3899
-3507
-3129
-2788
-2381
-1898
-1462
-1022
-485
132
801
1540
2224
2939
3660
4281
4895
5306
5597
5879
6097
6113
6059
6020
6018
5956
5855
5830
5876
6065
6391
6793
7177
7577
7901
8147
8230
8255
8185
7925
7570
6953
6261
5576
4779
3926
3093
2331
1596
938
285
-257
-756
-1215
-1669
-2176
-2720
-3230
-3800
-4396
-5021
-5693
-6378
-7075
-7669
-8236
-8750
-9109
-9260
-9332
-9391
-9321
-9074
-8700
-8228
-7775
-7290
-6766
-6195
-5680
-5205
-4780
-4415
-3975
-3578
-3283
-2945
-2553
-2121
-1762
-1356
-761
-53
769
1590
2423
3212
3952
4623
5182
5645
5994
6289
6419
6414
6315
6310
6359
6324
6214
6226
6400
6706
7059
7344
7652
7954
8249
8364
8360
8190
7857
7433
6873
6067
5331
4626
3897
3151
2303
1540
901
291
-318
-838
-1330
-1810
-2249
-2865
-3509
-3968
-4466
-5001
-5574
-6239
-6899
-7487
-7985
-8409
-8714
-8907
-8998
-9054
-9004
-8735
-8295
-7876
-7467
-7060
-6570
-5948
-5467
-5055
-4704
-4397
-4078
-3691
-3397
-3053
-2542
-2037
-1572
-1119
-550
196
1005
1721
2471
3249
4006
4674
5128
5478
5694
5866
5936
5844
5768
5778
5857
5886
5968
6089
6422
6836
7225
7585
7979
8305
8570
8672
8622
8392
7980
7484
6847
6055
5250
4520
3798
3040
2202
1437
854
263
-308
-767
-1188
-1615
-2078
-2575
-3129
-3672
-4204
-4795
-5529
-6304
-6972
-7547
-8081
-8586
-8946
-9127
-9238
-9181
-8979
-8566
-8049
-7525
-7058
-6553
-5981
-5408
-5009
-4755
-4512
-4271
-4016
-3755
-3493
-3213
-2793
-2410
-2097
-1699
-1152
-410
339
1048
1794
2511
3227
3853
4324
4754
5061
5196
5206
5205
5141
5074
5098
5134
5141
5251
5561
6094
6657
7198
7671
8089
8503
8745
8890
8878
8526
8014
7300
6466
5657
4859
4136
3338
2463
1679
1035
513
72
-306
-640
-968
-1334
-1783
-2300
-2811
-3334
-4005
-4839
-5714
-6539
-7258
-7869
-8421
-8845
-9120
-9258
-9265
-9109
-8727
-8218
-7705
-7202
-6742
-6210
-5580
-5076
-4770
-4543
-4350
-4187
-4004
-3850
-3661
-3348
-3043
-2679
-2245
-1679
-894
16
926
1742
2540
3400
4187
4792
5290
5676
5874
5898
5784
5586
5440
5348
5219
5100
5199
5555
6085
6654
7233
7673
8174
8692
8917
9024
8890
8550
8150
7504
6654
5815
4988
4153
3231
2254
1443
855
374
-42
-513
-984
-1383
-1813
-2360
-2884
-3268
-3678
-4234
-4986
-5798
-6479
-7058
-7636
-8192
-8628
-8889
-9032
-9080
-8896
-8553
-8070
-7538
-7057
-6533
-5972
-5310
-4793
-4417
-4161
-3942
-3701
-3525
-3425
-3223
-2967
-2704
-2438
-2106
-1621
-995
-261
504
1272
2032
2821
3569
4181
4641
4958
5243
5313
5312
5235
5166
5177
5166
5210
5397
5776
6214
6758
7203
7594
8051
8361
8498
8508
8315
8041
7645
7016
6311
5562
4818
4036
3181
2335
1575
876
226
-340
-856
-1365
-1849
-2341
-2879
-3357
-3806
-4213
-4725
-5406
-6121
-6714
-7225
-7767
-8204
-8529
-8700
-8759
-8695
-8488
-8103
-7599
-7073
-6539
-6021
-5381
-4744
-4292
-3953
-3702
-3477
-3220
-3074
-2946
-2791
-2613
-2395
-2110
-1687
-1200
-584
125
863
1542
2282
3052
3714
4261
4685
5031
5170
5191
5121
5038
4882
4752
4679
4741
5026
5394
5896
6424
6926
7391
7851
8278
8568
8629
8487
8204
7790
7200
6550
5808
4980
4143
3229
2318
1534
879
301
-203
-595
-1009
-1338
-1650
-2081
-2465
-2949
-3457
-4032
-4751
-5526
-6196
-6854
-7454
-7932
-8359
-8647
-8833
-8866
-8756
-8384
-7853
-7313
-6723
-6237
-5609
-4996
-4542
-4140
-3852
-3641
-3462
-3324
-3259
-3104
-2901
-2713
-2447
-2068
-1609
-1034
-331
310
1014
1824
2612
3353
4005
4606
4981
5194
5407
5510
5438
5388
5323
5260
5348
5612
5894
6233
6583
6939
7415
7816
8079
8273
8286
8131
7830
7421
6932
6268
5585
4841
3944
3011
2154
1265
496
-181
-745
-1328
-1854
-2374
-2900
-3333
-3795
-4184
-4682
-5244
-5807
-6333
-6758
-7245
-7673
-8002
-8401
-8652
-8621
-8405
-8158
-7738
-7220
-6757
-6188
-5551
-4988
-4590
-4215
-3912
-3596
-3302
-3076
-2812
-2490
-2222
-2072
-1826
-1478
-1059
-605
-114
378
922
1537
2221
2835
3358
3820
4146
4344
4432
4593
4729
4728
4732
4795
4972
5330
5755
6143
6639
7052
7383
7756
7998
8151
8247
8033
7681
7247
6739
6224
5648
5000
4210
3445
2752
2174
1589
989
498
20
-575
-1135
-1630
-2158
-2603
-3040
-3625
-4201
-4840
-5441
-5965
-6549
-7078
-7449
-7739
-8008
-8131
-8080
-7830
-7558
-7210
-6805
-6429
-5971
-5415
-4935
-4593
-4273
-3969
-3711
-3488
-3312
-3104
-2794
-2577
-2363
-2037
-1625
-1129
-647
-177
366
982
1744
2453
2936
3404
3830
4176
4303
4334
4433
4479
4387
4223
4229
4425
4739
5107
5580
6002
6432
6970
7459
7767
7924
8019
7895
7527
7004
6477
5880
5119
4330
3468
2560
1894
1283
663
205
-183
-509
-896
-1376
-1837
-2227
-2525
-2977
-3609
-4258
-4910
-5463
-6009
-6616
-7160
-7499
-7772
-8001
-8045
-7868
-7544
-7221
-6851
-6511
-6086
-5520
-5018
-4722
-4528
-4267
-4076
-3828
-3643
-3557
-3340
-3097
-2928
-2728
-2360
-1813
-1288
-747
-217
297
944
1636
2264
2748
3275
3779
4109
4322
4526
4611
4714
4777
4699
4850
5255
5674
6022
6361
6746
7265
7750
8072
8190
8146
8037
7715
7171
6632
6156
5685
4947
4055
3159
2414
1852
1252
671
208
-268
-763
-1290
-1884
-2395
-2811
-3236
-3882
-4534
-5105
-5507
-5874
-6364
-6878
-7167
-7245
-7319
-7257
-7044
-6843
-6623
-6289
-6025
-5731
-5195
-4762
-4535
-4404
-4289
-4022
-3600
-3348
-3147
-2849
-2533
-2245
-1999
-1743
-1330
-763
-281
38
297
817
1402
1861
2183
2496
2798
3057
3271
3505
3803
4080
4305
4531
4737
5165
5856
6394
6757
7000
7299
7708
7946
7921
7676
7361
6917
6338
5766
5251
4766
4264
3557
2733
2136
1823
1460
904
465
2
-496
-972
-1519
-2072
-2643
-3227
-3915
-4729
-5474
-5988
-6252
-6611
-7014
-7344
-7443
-7354
-7261
-7025
-6687
-6332
-5946
-5585
-5369
-5102
-4721
-4387
-4285
-4301
-4218
-3948
-3763
-3669
-3524
-3207
-2884
-2617
-2268
-1916
-1322
-689
-150
396
873
1478
2206
2582
2720
2936
3171
3336
3442
3546
3645
3827
3965
4188
4669
5292
5893
6488
6880
7243
7740
8087
8225
8051
7720
7303
6721
6054
5440
4836
4090
3350
2598
1855
1364
980
596
131
-354
-683
-969
-1402
-1914
-2390
-2911
-3464
-4117
-4814
-5315
-5649
-6022
-6400
-6683
-6872
-6823
-6657
-6468
-6177
-5773
-5381
-4969
-4645
-4377
-4010
-3738
-3624
-3619
-3587
-3442
-3223
-3040
-2892
-2665
-2489
-2216
-1932
-1652
-1246
-758
-274
199
721
1269
1858
2291
2597
2875
3028
3168
3351
3537
3685
3881
4192
4593
5146
5650
6184
6662
7078
7426
7712
7938
7960
7765
7440
6912
6329
5726
5066
4445
3718
2940
2213
1624
993
462
38
-479
-988
-1520
-2067
-2521
-2944
-3464
-4075
-4668
-5266
-5756
-6135
-6420
-6654
-6768
-6708
-6664
-6498
-6187
-5784
-5443
-5064
-4717
-4457
-4182
-3900
-3711
-3594
-3469
-3496
-3428
-3284
-3186
-2975
-2632
-2415
-2214
-1915
-1504
-955
-565
-218
137
481
849
1352
1809
2114
2435
2618
2612
2621
2755
3046
3273
3427
3789
4360
5013
5638
6221
6748
7251
7618
7880
7902
7697
7414
6975
6343
5651
5032
4428
3739
2927
2186
1571
1066
624
298
-33
-431
-808
-1314
-1909
-2430
-2872
-3389
-4054
-4753
-5420
-5854
-6094
-6440
-6732
-6759
-6643
-6379
-5984
-5461
-4911
-4349
-3784
-3404
-3089
-2718
-2446
-2383
-2592
-2742
-2835
-2867
-2831
-2839
-2711
-2477
-2248
-1948
-1469
-997
-500
-17
343
659
1078
1493
1815
1954
2009
2080
2032
2001
2078
2259
2509
2768
3073
3533
4298
5103
5843
6472
7004
7521
7904
8055
7947
7642
7201
6575
5851
5062
4317
3691
2915
2018
1295
831
552
290
47
-339
-813
-1210
-1664
-2085
-2481
-2960
-3585
-4344
-5254
-5944
-6226
-6399
-6684
-6922
-6955
-6809
-6477
-5926
-5394
-4876
-4361
-3887
-3541
-3178
-2717
-2371
-2207
-2173
-2230
-2194
-2087
-2144
-2201
-2160
-2125
-2113
-1901
-1578
-1142
-606
-182
98
528
1030
1511
1932
2177
2335
2341
2368
2417
2444
2582
2760
2885
3191
3747
4414
5108
5752
6294
6735
7188
7518
7594
7447
7216
6759
6121
5402
4657
3976
3248
2406
1471
821
231
-240
-504
-945
-1469
-1947
-2406
-2810
-3098
-3411
-3933
-4497
-5138
-5746
-6109
-6234
-6329
-6462
-6518
-6404
-6168
-5671
-5045
-4432
-3943
-3476
-3052
-2732
-2229
-1900
-1652
-1518
-1564
-1673
-1648
-1578
-1617
-1553
-1510
-1517
-1338
-962
-548
-118
379
722
1014
1326
1698
2004
2215
2359
2352
2315
2232
2293
2467
2652
2838
3181
3746
4410
5102
5765
6462
7001
7303
7592
7652
7489
7288
6842
6111
5391
4692
3974
3282
2511
1661
880
243
-338
-716
-1098
-1590
-2004
-2435
-2855
-3150
-3416
-3723
-4259
-4975
-5590
-6009
-6267
-6392
-6441
-6424
-6374
-6189
-5772
-5214
-4514
-3818
-3255
-2771
-2449
-2076
-1717
-1490
-1371
-1443
-1559
-1617
-1738
-1786
-1685
-1635
-1628
-1557
-1333
-968
-495
-89
188
546
934
1266
1608
1887
2054
2048
1830
1669
1584
1671
1840
2100
2486
2961
3589
4369
5106
5779
6537
7098
7406
7508
7453
7216
6933
6341
5615
4887
4097
3398
2635
1820
1115
517
-113
-634
-1034
-1480
-1921
-2357
-2880
-3224
-3486
-3833
-4186
-4728
-5360
-5908
-6223
-6436
-6592
-6577
-6505
-6343
-6030
-5491
-4768
-4033
-3408
-2866
-2477
-2099
-1677
-1378
-1200
-1286
-1359
-1455
-1565
-1611
-1578
-1442
-1460
-1462
-1284
-953
-496
-114
290
583
878
1305
1621
1945
2204
2354
2357
2210
2077
2209
2483
2790
3142
3584
4127
4773
5398
6022
6751
7220
7491
7646
7521
7313
7124
6698
5994
5240
4486
3750
2965
2104
1315
706
97
-471
-956
-1541
-2076
-2541
-3099
-3585
-3971
-4361
-4731
-5253
-5858
-6260
-6462
-6567
-6614
-6502
-6253
-5903
-5515
-5048
-4419
-3733
-3080
-2574
-2287
-2026
-1656
-1430
-1342
-1328
-1271
-1272
-1304
-1390
-1348
-1142
-1035
-915
-661
-398
-43
328
604
802
962
1276
1571
1633
1654
1798
1839
1705
1644
1733
1964
2294
2736
3297
4028
4795
5593
6397
7073
7545
7910
8042
7805
7325
6792
6121
5335
4455
3602
2840
1942
1049
291
-256
-785
-1214
-1547
-1998
-2574
-3019
-3456
-3929
-4399
-4919
-5461
-6098
-6772
-7264
-7488
-7630
-7604
-7502
-7178
-6737
-6119
-5278
-4402
-3540
-2723
-1947
-1401
-1012
-717
-462
-347
-449
-632
-803
-951
-1020
-1099
-1057
-1005
-898
-614
-245
124
520
927
1294
1617
1808
2024
2152
2128
2071
1882
1671
1576
1551
1643
1834
2202
2860
3608
4345
5214
6142
7007
7660
8076
8255
8198
7895
7416
6688
5856
5032
4176
3210
2280
1463
702
82
-512
-1057
-1515
-1953
-2476
-2928
-3419
-3831
-4248
-4722
-5313
-5908
-6543
-7120
-7442
-7650
-7679
-7533
-7244
-6859
-6202
-5384
-4461
-3536
-2683
-1916
-1209
-643
-188
127
163
52
-102
-308
-445
-488
-533
-566
-625
-585
-342
-48
231
563
881
1161
1495
1776
2045
2264
2272
2129
1882
1618
1505
1564
1622
1795
2179
2791
3607
4490
5333
6220
6943
7457
7831
7943
7829
7578
7117
6410
5525
4586
3779
2962
2081
1205
500
-103
-684
-1207
-1634
-2133
-2753
-3406
-3991
-4553
-5066
-5530
-6226
-7004
-7559
-7870
-7974
-8040
-8042
-7807
-7453
-7051
-6375
-5491
-4531
-3708
-2908
-2259
-1723
-1196
-765
-436
-346
-350
-392
-504
-542
-497
-396
-278
-210
-136
86
428
800
1140
1442
1652
1821
2101
2360
2428
2358
2345
2097
1849
1786
1925
2119
2437
2945
3599
4372
5222
6076
6914
7548
7938
8205
8228
7954
7561
7108
6421
5453
4449
3536
2599
1654
887
191
-514
-1066
-1594
-2083
-2606
-3160
-3727
-4269
-4869
-5502
-6034
-6592
-7270
-7799
-8115
-8262
-8315
-8130
-7746
-7378
-6819
-5995
-4999
-4028
-3022
-2034
-1265
-649
-161
150
395
513
457
413
230
28
-1
-35
-73
14
135
449
755
1016
1387
1650
1879
2047
2178
2182
2122
2011
1821
1629
1378
1233
1264
1437
1842
2604
3439
4243
5079
5903
6794
7519
8041
8353
8351
8144
7698
7139
6437
5560
4613
3636
2654
1728
945
270
-389
-994
-1516
-2039
-2576
-3118
-3724
-4227
-4839
-5518
-6255
-6954
-7588
-8059
-8362
-8596
-8709
-8597
-8235
-7796
-7151
-6276
-5289
-4322
-3419
-2604
-1897
-1256
-728
-382
-202
-112
-30
-26
-64
-75
-76
-54
-41
13
188
499
784
983
1221
1466
1675
1882
2039
2102
2171
2174
2153
2015
1904
2029
2175
2419
2892
3480
4121
4841
5579
6345
7052
7551
7892
8070
8030
7825
7530
7054
6312
5506
4647
3676
2738
1865
1055
240
-483
-1192
-1943
-2647
-3391
-4036
-4639
-5288
-5899
-6558
-7137
-7598
-7981
-8192
-8313
-8394
-8285
-8091
-7807
-7238
-6439
-5613
-4704
-3777
-2934
-2193
-1522
-1037
-661
-346
-236
-102
79
169
243
360
481
578
866
1212
1416
1674
1837
1940
2090
2160
2190
2241
2199
2067
1910
1651
1527
1431
1486
1770
2098
2772
3665
4496
5223
5996
6791
7404
7948
8252
8274
8183
7890
7374
6780
6087
5329
4587
3638
2702
1944
1214
541
-121
-790
-1446
-2023
-2706
-3456
-4108
-4831
-5589
-6366
-7225
-7928
-8348
-8644
-8828
-8970
-8981
-8731
-8295
-7749
-6968
-6081
-5231
-4278
-3423
-2641
-1786
-1056
-546
-169
106
223
329
331
333
386
396
379
478
712
942
1177
1453
1681
1747
1911
2065
2159
2111
2005
1826
1503
1174
929
814
893
1147
1519
2078
2810
3667
4582
5584
6504
7211
7793
8120
8203
8104
7863
7415
6783
6047
5312
4506
3644
2824
2031
1298
561
-143
-764
-1398
-2124
-2877
-3554
-4187
-4879
-5537
-6233
-6996
-7635
-8106
-8461
-8673
-8661
-8490
-8215
-7802
-7192
-6402
-5562
-4783
-3947
-3178
-2520
-1743
-1169
-733
-348
-99
61
214
285
357
501
546
562
690
931
1153
1323
1497
1675
1818
1953
2093
2140
2061
1980
1920
1708
1582
1577
1641
1861
2311
2921
3611
4347
5089
5934
6715
7337
7838
8118
8188
8091
7771
7390
6908
6302
5665
4920
4033
3239
2530
1827
1194
498
-330
-1169
-2011
-2875
-3647
-4417
-5225
-6031
-6897
-7693
-8252
-8648
-8931
-9073
-9094
-8901
-8504
-7861
-7081
-6275
-5402
-4480
-3665
-2851
-2164
-1543
-1040
-719
-506
-390
-242
-93
20
168
353
523
732
1016
1350
1660
1940
2124
2256
2357
2384
2368
2224
1910
1524
1107
732
490
349
349
571
1007
1713
2634
3638
4621
5546
6421
7214
7866
8237
8288
8135
7783
7225
6567
5835
5085
4293
3377
2439
1686
1147
698
304
-139
-649
-1242
-1890
-2496
-3112
-3920
-4808
-5776
-6820
-7701
-8332
-8746
-9073
-9240
-9278
-9018
-8496
-7791
-6846
-5914
-4968
-3961
-3070
-2240
-1460
-813
-329
-31
76
95
140
150
124
210
285
312
519
748
1098
1496
1722
1916
2104
2172
2251
2377
2288
2064
1819
1465
1146
952
912
960
1151
1598
2249
3096
3957
4838
5771
6680
7451
7998
8324
8435
8288
7965
7553
7013
6321
5680
4863
3902
3055
2301
1582
894
249
-464
-1150
-1860
-2619
-3307
-4017
-4778
-5570
-6403
-7211
-7923
-8411
-8812
-9075
-9128
-8928
-8552
-8007
-7192
-6328
-5486
-4566
-3670
-2886
-2130
-1466
-870
-377
-55
84
198
359
407
527
686
737
896
1093
1292
1506
1658
1795
1879
1827
1778
1761
1582
1360
1110
810
561
483
529
700
989
1537
2262
3053
3834
4630
5496
6341
7055
7672
8044
8133
8092
7897
7601
7097
6515
5922
5228
4372
3511
2740
1959
1253
596
-88
-790
-1586
-2451
-3259
-4105
-4972
-5846
-6695
-7543
-8313
-8807
-9197
-9481
-9539
-9361
-9006
-8473
-7709
-6695
-5702
-4742
-3768
-2906
-2131
-1390
-807
-434
-120
37
149
299
378
493
757
890
979
1205
1438
1640
1828
1970
2050
2124
2138
2076
1921
1625
1336
994
576
270
133
221
440
807
1425
2266
3228
4181
5148
6076
6938
7622
8075
8289
8301
8168
7908
7533
6969
6386
5752
4971
4128
3338
2669
1971
1265
617
0
-706
-1517
-2370
-3211
-4092
-4977
-5933
-6852
-7687
-8431
-8886
-9219
-9390
-9334
-9031
-8534
-7898
-7033
-6090
-5234
-4368
-3533
-2747
-1964
-1223
-628
-205
17
100
228
370
490
631
829
935
1033
1205
1369
1544
1628
1712
1763
1727
1746
1733
1631
1373
1083
855
651
536
551
634
885
1377
2031
2860
3711
4561
5400
6298
7108
7755
8228
8448
8451
8268
8005
7609
7090
6544
5835
5002
4210
3406
2679
1929
1147
371
-479
-1414
-2396
-3283
-4162
-5075
-5925
-6795
-7668
-8348
-8887
-9283
-9578
-9718
-9592
-9314
-8833
-8110
-7244
-6367
-5535
-4678
-3914
-3150
-2375
-1715
-1184
-745
-435
-180
80
283
519
756
914
1113
1351
1552
1791
1985
2034
2031
2015
1941
1871
1730
1503
1219
919
637
453
372
442
684
985
1588
2417
3391
4372
5278
6275
7196
7852
8360
8635
8683
8578
8282
7869
7324
6768
6120
5360
4490
3686
2923
2170
1433
738
82
-706
-1566
-2484
-3429
-4341
-5288
-6237
-7176
-8059
-8770
-9311
-9585
-9720
-9712
-9499
-9045
-8460
-7653
-6758
-5848
-4876
-3993
-3122
-2311
-1566
-892
-333
92
391
625
842
1031
1198
1307
1472
1710
1834
2010
2237
2379
2435
2404
2313
2195
2080
1850
1525
1244
891
605
390
260
327
540
904
1521
2367
3309
4308
5255
6198
7118
7848
8358
8578
8582
8366
7987
7533
6964
6386
5748
5073
4313
3536
2772
2052
1297
438
-350
-1231
-2201
-3141
-4070
-4980
-5860
-6782
-7685
-8474
-9191
-9666
-9923
-9948
-9853
-9528
-9045
-8426
-7569
-6681
-5729
-4820
-3948
-3111
-2337
-1582
-909
-326
104
401
679
865
1126
1333
1452
1587
1711
1772
1882
2059
2196
2310
2317
2236
2172
2012
1828
1558
1267
1009
724
493
353
376
548
879
1456
2231
3088
4001
4857
5766
6644
7388
7981
8308
8387
8315
8045
7630
7148
6629
6014
5389
4618
3764
2991
2218
1513
756
-108
-1106
-2089
-3100
-4039
-4879
-5732
-6630
-7505
-8321
-9050
-9480
-9723
-9824
-9672
-9359
-8872
-8199
-7442
-6564
-5652
-4743
-3843
-3084
-2377
-1678
-1065
-528
-106
213
552
851
1058
1249
1471
1635
1727
1809
1949
2091
2224
2351
2316
2177
2078
1929
1814
1624
1411
1236
1109
916
834
948
1125
1492
2084
2820
3611
4544
5463
6430
7279
7905
8408
8738
8840
8751
8471
8015
7399
6682
5963
5208
4335
3459
2663
1822
1001
272
-549
-1457
-2299
-3215
-4112
-4945
-5826
-6679
-7491
-8382
-9141
-9597
-9870
-9960
-9864
-9642
-9204
-8682
-7969
-6999
-6023
-5053
-4042
-3129
-2365
-1622
-953
-461
-131
150
401
632
834
954
1125
1188
1201
1272
1396
1561
1714
1794
1850
1902
1869
1850
1846
1795
1714
1541
1320
1039
861
884
1009
1333
1863
2599
3480
4343
5193
6190
7051
7692
8195
8507
8635
8629
8436
8035
7469
6768
6052
5224
4289
3360
2464
1544
639
-205
-1079
-1934
-2862
-3775
-4581
-5421
-6193
-6973
-7766
-8558
-9239
-9667
-9816
-9758
-9554
-9245
-8830
-8359
-7681
-6792
-5879
-4937
-3985
-3108
-2311
-1507
-803
-215
164
502
775
977
1233
1416
1594
1665
1635
1642
1677
1781
1832
1826
1808
1785
1757
1763
1829
1811
1787
1832
1762
1600
1577
1654
1734
1944
2452
3032
3713
4490
5229
6134
6997
7717
8353
8796
9023
9102
8960
8569
7997
7254
6506
5685
4677
3621
2675
1714
736
-156
-1051
-1990
-2889
-3736
-4593
-5314
-5983
-6690
-7422
-8200
-8931
-9367
-9533
-9681
-9683
-9466
-9192
-8796
-8137
-7307
-6432
-5513
-4638
-3811
-2992
-2174
-1387
-750
-295
40
273
462
677
853
993
1123
1095
1059
1146
1226
1339
1483
1593
1624
1646
1750
1831
1833
1848
1848
1713
1588
1613
1725
1879
2246
2706
3240
3934
4660
5483
6362
7147
7716
8230
8569
8638
8677
8544
8089
7479
6812
6099
5267
4336
3392
2505
1606
704
-137
-1023
-1954
-2900
-3858
-4754
-5593
-6349
-7010
-7720
-8465
-9017
-9369
-9583
-9644
-9575
-9326
-8989
-8541
-7862
-7002
-6133
-5338
-4506
-3716
-3025
-2335
-1635
-1023
-576
-174
136
380
618
793
1005
1167
1190
1226
1370
1431
1471
1575
1599
1614
1666
1762
1939
2091
2158
2200
2139
2050
2099
2297
2533
2885
3389
3978
4630
5268
5968
6741
7451
8007
8443
8761
8891
8837
8665
8237
7644
6960
6189
5392
4448
3434
2449
1418
433
-502
-1430
-2328
-3248
-4132
-4943
-5753
-6528
-7181
-7825
-8507
-9017
-9286
-9382
-9360
-9300
-9107
-8810
-8396
-7734
-6874
-5957
-5095
-4222
-3433
-2757
-2078
-1447
-908
-429
-57
226
471
681
809
969
1089
1040
1100
1264
1298
1354
1411
1364
1381
1400
1513
1723
1912
2034
2065
2046
1946
1943
2080
2286
2606
3099
3731
4449
5180
5924
6688
7410
7958
8347
8601
8635
8619
8349
7895
7348
6689
5964
5170
4227
3234
2268
1301
306
-613
-1446
-2338
-3185
-4010
-4788
-5553
-6278
-6976
-7723
-8445
-9021
-9351
-9454
-9439
-9354
-9150
-8829
-8357
-7725
-6928
-6122
-5318
-4473
-3693
-3003
-2317
-1671
-1138
-704
-394
-144
27
151
240
405
539
507
543
707
843
1028
1227
1328
1387
1437
1586
1839
1959
2071
2186
2218
2180
2235
2418
2642
2928
3318
3902
4603
5328
6088
6910
7673
8268
8766
9076
9066
8931
8605
8020
7320
6574
5761
4847
3826
2824
1915
1053
141
-702
-1478
-2270
-3036
-3809
-4552
-5322
-6023
-6625
-7227
-7873
-8476
-8887
-9083
-9226
-9207
-8989
-8672
-8138
-7404
-6478
-5548
-4689
-3787
-3067
-2435
-1786
-1211
-717
-428
-296
-234
-191
-160
-114
24
172
196
199
313
399
521
756
1015
1229
1427
1668
1944
2152
2214
2291
2304
2266
2300
2451
2695
3017
3473
4019
4688
5360
6100
6918
7662
8264
8727
9031
9050
8927
8661
8210
7629
6876
6025
5154
4188
3084
2021
1010
14
-873
-1686
-2549
-3463
-4277
-5039
-5725
-6329
-6891
-7461
-8033
-8573
-8990
-9174
-9327
-9357
-9239
-8999
-8629
-8072
-7290
-6442
-5595
-4691
-3799
-3018
-2229
-1498
-964
-578
-314
-207
-179
-118
-74
-6
97
67
17
97
252
456
717
990
1218
1419
1653
1911
2123
2249
2370
2379
2281
2237
2300
2443
2708
3060
3566
4243
4961
5776
6680
7587
8330
8911
9280
9344
9243
8964
8429
7717
6866
5953
5053
4079
3035
2038
1059
101
-726
-1521
-2307
-3064
-3789
-4480
-5090
-5691
-6179
-6702
-7336
-7963
-8516
-8821
-8967
-8967
-8852
-8578
-8200
-7712
-7011
-6179
-5379
-4511
-3694
-3039
-2356
-1781
-1316
-946
-727
-634
-571
-448
-392
-341
-208
-211
-295
-220
-74
185
526
806
1078
1339
1592
1893
2167
2407
2637
2777
2794
2837
2967
3150
3386
3679
4145
4782
5486
6210
6995
7702
8285
8760
9086
9182
9116
8921
8497
7919
7132
6271
5377
4330
3231
2189
1200
201
-739
-1587
-2402
-3237
-3993
-4689
-5359
-5913
-6411
-6906
-7497
-8104
-8646
-8980
-9032
-9081
-8986
-8713
-8444
-8046
-7455
-6746
-5898
-4951
-4028
-3222
-2512
-1852
-1309
-900
-683
-647
-699
-727
-722
-724
-630
-624
-703
-666
-549
-260
116
474
793
1063
1310
1594
1905
2141
2369
2480
2489
2508
2530
2613
2726
2967
3376
4091
4916
5727
6629
7427
8104
8723
9182
9397
9412
9193
8723
7985
7157
6257
5333
4363
3281
2187
1193
279
-585
-1352
-2050
-2802
-3581
-4243
-4917
-5491
-5914
-6364
-6874
-7453
-8032
-8495
-8724
-8811
-8808
-8635
-8381
-8021
-7415
-6645
-5851
-5000
-4202
-3499
-2860
-2279
-1643
-1095
-738
-607
-573
-537
-462
-427
-327
-262
-317
-316
-261
-138
102
461
815
1106
1400
1751
2128
2507
2740
2985
3133
3183
3255
3363
3566
3813
4078
4506
5079
5704
6449
7214
7962
8597
9045
9356
9382
9255
8944
8353
7590
6688
5709
4705
3671
2520
1394
348
-646
-1468
-2197
-2961
-3709
-4397
-5125
-5796
-6297
-6672
-7090
-7507
-7950
-8293
-8465
-8600
-8697
-8666
-8539
-8284
-7789
-7096
-6257
-5377
-4548
-3827
-3149
-2559
-1999
-1457
-1026
-793
-676
-629
-633
-699
-650
-533
-550
-545
-520
-417
-254
-27
296
605
883
1249
1655
2082
2463
2698
2823
2823
2810
2837
3050
3363
3692
4215
4860
5527
6193
6951
7683
8317
8786
9056
9151
8969
8667
8167
7422
6642
5818
4887
3909
2813
1612
522
-513
-1455
-2187
-2854
-3543
-4147
-4762
-5355
-5851
-6391
-6894
-7394
-7874
-8293
-8494
-8551
-8573
-8492
-8290
-7992
-7556
-6925
-6173
-5318
-4468
-3712
-3036
-2471
-1953
-1404
-970
-760
-716
-773
-848
-880
-855
-741
-598
-551
-482
-292
-27
306
657
993
1294
1570
1910
2314
2682
2993
3221
3297
3268
3250
3331
3566
3792
4190
4796
5481
6258
7039
7800
8487
8977
9271
9411
9247
8916
8423
7714
6882
5991
5066
4109
3048
1902
853
-101
-980
-1761
-2473
-3167
-3858
-4491
-5097
-5641
-6110
-6541
-6999
-7568
-8149
-8541
-8707
-8794
-8728
-8510
-8207
-7779
-7196
-6505
-5737
-4935
-4094
-3306
-2611
-2014
-1425
-937
-637
-471
-468
-532
-574
-560
-564
-586
-663
-730
-653
-500
-165
286
720
1109
1463
1826
2113
2428
2690
2888
2990
2931
2888
2869
2948
3069
3302
3807
4410
5141
5963
6808
7655
8354
8823
9102
9145
8950
8659
8093
7297
6440
5462
4390
3295
2099
980
18
-898
-1690
-2354
-2999
-3647
-4217
-4805
-5310
-5749
-6189
-6577
-7069
-7608
-8059
-8382
-8636
-8694
-8653
-8508
-8157
-7665
-7044
-6268
-5493
-4732
-3879
-3148
-2557
-1939
-1414
-1058
-800
-759
-801
-741
-720
-659
-526
-531
-554
-496
-380
-143
214
623
992
1379
1824
2297
2755
3061
3255
3333
3326
3295
3398
3580
3804
4050
4463
5010
5621
6386
7159
7958
8604
9025
9304
9318
9178
8845
8269
7507
6681
5740
4710
3666
2471
1337
351
-605
-1480
-2185
-2867
-3564
-4231
-4883
-5493
-5987
-6422
-6788
-7178
-7622
-8059
-8298
-8446
-8468
-8358
-8201
-7806
-7344
-6768
-6029
-5280
-4577
-3882
-3329
-2818
-2216
-1671
-1228
-893
-750
-655
-589
-572
-538
-356
-206
-156
-4
175
350
510
718
935
1168
1430
1739
2063
2329
2543
2620
2597
2611
2680
2945
3360
3758
4206
4771
5443
6125
6807
7499
8150
8636
8940
8948
8755
8475
7883
7181
6411
5503
4580
3647
2676
1622
693
-170
-1037
-1711
-2360
-3081
-3736
-4389
-5065
-5627
-6105
-6633
-7142
-7694
-8212
-8534
-8774
-8896
-8834
-8636
-8330
-7828
-7138
-6283
-5400
-4584
-3800
-3166
-2687
-2208
-1730
-1382
-1175
-1073
-1031
-972
-875
-805
-621
-429
-335
-191
49
295
609
991
1316
1632
1913
2257
2557
2824
3004
3071
3002
2860
2792
2840
3021
3282
3777
4428
5161
5928
6680
7493
8195
8662
8957
9099
8993
8711
8237
7576
6783
5877
4878
3881
2838
1729
807
-26
-848
-1586
-2160
-2810
-3401
-3992
-4656
-5200
-5681
-6170
-6742
-7364
-7985
-8445
-8696
-8802
-8730
-8584
-8304
-7838
-7252
-6525
-5716
-4858
-3967
-3153
-2450
-1820
-1273
-881
-708
-692
-724
-710
-640
-578
-486
-336
-234
-165
53
309
661
1053
1368
1630
1897
2203
2461
2711
2904
2985
2940
2816
2672
2657
2822
3046
3419
4008
4696
5495
6328
7216
8042
8592
8918
8984
8789
8471
7977
7301
6542
5672
4734
3760
2779
1739
777
-52
-845
-1532
-2131
-2762
-3383
-3957
-4562
-5151
-5654
-6175
-6748
-7334
-7963
-8499
-8809
-8976
-9012
-8861
-8546
-8065
-7373
-6597
-5739
-4923
-4129
-3381
-2795
-2244
-1714
-1341
-1088
-1008
-1018
-1010
-938
-856
-747
-565
-444
-248
-18
276
679
1068
1394
1683
1907
2102
2314
2544
2684
2754
2694
2620
2578
2651
2807
3107
3530
4096
4802
5519
6284
7106
7928
8532
8919
9106
9031
8729
8290
7613
6793
5877
4958
3999
3012
2004
1049
208
-559
-1291
-1887
-2474
-3115
-3728
-4345
-4899
-5387
-5872
-6433
-7045
-7655
-8172
-8474
-8626
-8656
-8558
-8318
-7939
-7379
-6614
-5760
-4904
-4066
-3289
-2700
-2116
-1549
-1138
-884
-740
-696
-665
-614
-560
-470
-314
-205
-67
175
517
891
1241
1552
1812
2098
2348
2595
2800
2926
2972
2902
2764
2662
2635
2728
2941
3268
3744
4449
5196
5941
6777
7625
8293
8728
8959
8911
8613
8108
7392
6539
5647
4738
3790
2757
1752
878
102
-627
-1295
-1855
-2448
-3092
-3668
-4313
-4902
-5468
-6041
-6600
-7226
-7884
-8430
-8751
-8966
-9088
-9074
-8860
-8468
-7852
-7066
-6121
-5157
-4278
-3402
-2714
-2124
-1580
-1137
-876
-748
-730
-720
-627
-503
-326
-124
4
89
225
383
673
1032
1359
1670
1925
2238
2525
2708
2795
2871
2904
2771
2660
2673
2789
2953
3219
3611
4238
4938
5665
6469
7243
7957
8395
8713
8778
8567
8254
7691
6969
6155
5205
4253
3249
2185
1216
346
-410
-1081
-1665
-2218
-2857
-3491
-4125
-4768
-5371
-5903
-6440
-7006
-7601
-8146
-8490
-8676
-8734
-8651
-8429
-8122
-7679
-7049
-6270
-5434
-4557
-3693
-2929
-2325
-1738
-1230
-881
-695
-712
-773
-723
-658
-575
-322
-82
53
233
464
756
1155
1476
1739
1993
2197
2427
2621
2787
2900
2905
2807
2664
2592
2617
2838
3126
3578
4266
5045
5861
6705
7529
8171
8682
8991
9036
8813
8456
7862
7054
6212
5313
4390
3476
2536
1552
696
-98
-827
-1444
-1992
-2577
-3170
-3767
-4396
-5000
-5590
-6162
-6831
-7529
-8180
-8665
-8922
-9014
-8941
-8754
-8437
-7966
-7297
-6449
-5504
-4603
-3767
-3014
-2414
-1916
-1445
-1071
-869
-834
-868
-847
-827
-762
-577
-364
-245
1
333
698
1110
1489
1736
1925
2052
2199
2365
2455
2513
2525
2412
2263
2196
2244
2428
2680
3076
3701
4437
5231
6019
6834
7670
8302
8722
8904
8779
8438
7872
7081
6148
5224
4307
3444
2573
1656
786
21
-692
-1333
-1819
-2383
-2967
-3569
-4220
-4875
-5478
-6041
-6612
-7198
-7830
-8325
-8637
-8817
-8824
-8691
-8393
-7907
-7255
-6459
-5534
-4611
-3752
-2976
-2392
-1891
-1415
-1023
-754
-622
-611
-589
-588
-532
-410
-212
-32
144
383
554
865
1209
1515
1788
2024
2213
2362
2557
2657
2735
2727
2572
2471
2433
2570
2844
3156
3700
4399
5113
5897
6665
7461
8139
8617
8857
8853
8618
8254
7683
6916
6064
5068
4086
3087
2063
1139
325
-409
-1122
-1679
-2227
-2840
-3432
-4026
-4613
-5162
-5712
-6290
-6870
-7517
-8102
-8446
-8622
-8724
-8642
-8413
-8058
-7538
-6861
-6048
-5152
-4363
-3541
-2814
-2247
-1671
-1172
-810
-651
-588
-594
-557
-484
-453
-332
-217
-133
51
261
554
900
1211
1461
1682
1908
2160
2367
2473
2554
2609
2575
2514
2508
2620
2827
3116
3582
4202
4929
5739
6509
7264
7984
8469
8735
8732
8490
8183
7613
6824
5970
5033
4034
3064
2078
1125
315
-412
-1110
-1733
-2323
-2980
-3592
-4238
-4887
-5436
-5969
-6484
-7033
-7586
-8139
-8536
-8727
-8816
-8709
-8457
-8062
-7481
-6758
-5927
-5045
-4239
-3478
-2749
-2168
-1702
-1301
-991
-796
-788
-857
-811
-730
-591
-416
-217
-44
108
335
603
942
1265
1533
1826
2072
2229
2422
2603
2699
2698
2670
2618
2619
2717
2906
3214
3688
4358
5109
5880
6685
7460
8179
8702
8960
8994
8775
8449
7925
7160
6336
5449
4471
3483
2520
1552
618
-177
-892
-1584
-2167
-2761
-3349
-3917
-4545
-5109
-5632
-6194
-6750
-7384
-8006
-8464
-8714
-8799
-8686
-8441
-8103
-7601
-6974
-6172
-5320
-4470
-3676
-2951
-2359
-1835
-1298
-920
-707
-609
-612
-657
-620
-547
-461
-313
-182
-54
150
390
688
1041
1343
1600
1775
1983
2222
2435
2596
2674
2663
2530
2411
2394
2525
2775
3160
3811
4597
5437
6271
7059
7827
8380
8724
8901
8770
8494
8052
7362
6471
5497
4487
3466
2499
1508
638
-142
-899
-1582
-2168
-2777
-3388
-3908
-4508
-5110
-5665
-6311
-6872
-7459
-8105
-8550
-8794
-8882
-8830
-8570
-8244
-7752
-7122
-6381
-5462
-4617
-3774
-2960
-2349
-1849
-1398
-1030
-815
-693
-659
-622
-572
-523
-395
-193
-90
-42
108
302
579
945
1254
1498
1685
1842
2083
2336
2562
2742
2856
2857
2820
2836
3002
3237
3603
4155
4817
5551
6291
7037
7826
8427
8821
9047
8973
8649
8200
7509
6698
5852
4939
4007
3059
2078
1096
233
-591
-1363
-2017
-2681
-3354
-3949
-4534
-5143
-5697
-6250
-6813
-7386
-7962
-8381
-8622
-8732
-8647
-8402
-8105
-7620
-6974
-6246
-5405
-4560
-3780
-3051
-2468
-2012
-1568
-1186
-845
-653
-577
-546
-503
-374
-280
-140
-31
12
120
314
550
837
1127
1366
1554
1687
1899
2087
2227
2337
2321
2264
2273
2390
2642
2981
3444
4027
4703
5441
6175
6898
7682
8317
8729
8910
8841
8520
8038
7350
6534
5702
4825
3883
2973
2035
1059
215
-546
-1271
-1960
-2626
-3335
-3957
-4576
-5233
-5840
-6408
-6916
-7397
-7861
-8274
-8515
-8592
-8586
-8441
-8163
-7746
-7157
-6451
-5623
-4777
-3984
-3191
-2546
-1997
-1490
-1079
-824
-640
-589
-557
-519
-408
-245
-70
88
141
291
419
606
830
959
1127
1309
1529
1706
1884
2001
2085
2167
2125
2084
2175
2426
2767
3274
3917
4681
5445
6218
6984
7694
8290
8686
8902
8837
8571
8166
7612
6828
5982
5104
4096
3059
2034
1117
289
-431
-1121
-1705
-2281
-2983
-3651
-4325
-5000
-5622
-6197
-6798
-7409
-7973
-8396
-8613
-8694
-8639
-8420
-8098
-7659
-7027
-6216
-5343
-4449
-3601
-2866
-2180
-1628
-1187
-810
-571
-476
-426
-414
-417
-367
-242
-41
98
204
423
625
891
1192
1387
1538
1630
1736
1857
1956
2028
2103
2145
2129
2116
2210
2446
2750
3205
3795
4530
5329
6120
6943
7748
8356
8750
8879
8757
8436
7942
7333
6575
5738
4881
4021
3119
2205
1328
529
-250
-1019
-1733
-2446
-3193
-3907
-4566
-5148
-5780
-6366
-6944
-7523
-8079
-8537
-8773
-8881
-8849
-8618
-8188
-7643
-6995
-6222
-5398
-4623
-3872
-3137
-2472
-1956
-1469
-1080
-807
-644
-537
-435
-343
-226
-101
54
154
228
351
498
675
926
1154
1347
1562
1699
1842
1923
1951
2030
2052
2067
2058
2186
2429
2712
3210
3845
4563
5344
6066
6867
7554
8099
8484
8613
8527
8230
7786
7230
6541
5727
4861
3933
2993
2042
1160
333
-434
-1115
-1830
-2588
-3385
-4139
-4776
-5396
-5957
-6489
-6997
-7525
-8001
-8340
-8563
-8593
-8501
-8297
-7912
-7411
-6763
-5933
-5025
-4158
-3331
-2564
-1890
-1266
-827
-509
-307
-184
-84
-58
3
45
154
325
473
574
708
892
1009
1172
1308
1446
1609
1740
1829
1909
1928
1885
1883
1842
1815
1942
2134
2471
2992
3638
4402
5212
5974
6770
7545
8077
8438
8599
8473
8134
7634
7019
6296
5513
4674
3855
3004
2125
1312
537
-201
-887
-1557
-2262
-2983
-3741
-4491
-5207
-5884
-6500
-7066
-7643
-8130
-8445
-8654
-8704
-8636
-8433
-8090
-7561
-6878
-6063
-5176
-4332
-3529
-2785
-2127
-1531
-1018
-661
-417
-264
-200
-176
-154
-108
-20
131
254
365
526
700
889
1120
1303
1467
1664
1805
1926
2004
2020
1996
1959
1886
1823
1907
2094
2479
3010
3642
4344
5097
5802
6618
7388
7904
8357
8542
8495
8286
7886
7328
6636
5814
4938
4013
2988
1971
1046
204
-663
-1409
-2121
-2834
-3457
-4101
-4712
-5338
-5992
-6613
-7175
-7720
-8202
-8511
-8703
-8751
-8633
-8385
-7959
-7413
-6739
-5921
-5033
-4227
-3437
-2680
-1977
-1299
-733
-357
-152
-39
18
99
131
176
326
488
599
702
847
990
1119
1247
1302
1357
1494
1605
1744
1825
1873
1924
1937
1893
1853
1877
2079
2425
2956
3664
4492
5328
6033
6793
7484
8002
8371
8504
8362
8119
7692
7073
6378
5636
4825
3964
3058
2122
1290
478
-290
-1010
-1645
-2306
-2971
-3647
-4359
-4979
-5590
-6226
-6858
-7503
-8060
-8421
-8605
-8644
-8552
-8356
-8040
-7565
-6894
-6062
-5171
-4330
-3522
-2759
-2110
-1487
-923
-536
-322
-204
-106
-37
6
88
218
388
472
533
722
912
1065
1192
1310
1399
1468
1562
1696
1734
1771
1780
1751
1710
1724
1841
2020
2341
2791
3344
4066
4862
5624
6434
7193
7700
8062
8227
8155
7990
7629
7013
6297
5513
4709
3892
3019
2153
1356
539
-273
-1016
-1709
-2440
-3164
-3848
-4551
-5210
-5908
-6514
-7076
-7667
-8140
-8469
-8636
-8660
-8553
-8332
-7970
-7434
-6770
-5992
-5138
-4359
-3593
-2816
-2174
-1596
-1069
-657
-361
-136
36
171
226
329
558
753
866
898
1001
1138
1264
1416
1527
1593
1673
1752
1859
1941
1914
1919
1879
1791
1756
1862
2087
2444
2902
3489
4160
4879
5617
6402
7183
7778
8188
8408
8391
8226
7875
7328
6674
5881
5056
4183
3185
2175
1257
421
-366
-1112
-1775
-2472
-3170
-3835
-4517
-5147
-5744
-6305
-6819
-7405
-7896
-8245
-8407
-8480
-8451
-8289
-7955
-7467
-6831
-6043
-5233
-4480
-3718
-2956
-2339
-1714
-1099
-660
-347
-91
40
169
297
364
479
651
680
650
739
795
889
1039
1131
1232
1381
1525
1681
1812
1872
1948
2013
1998
2007
2087
2255
2551
2960
3531
4231
4919
5516
6197
6910
7441
7862
8126
8107
7932
7596
7065
6475
5793
5037
4248
3350
2358
1410
547
-277
-1084
-1828
-2581
-3299
-4018
-4728
-5401
-6022
-6582
-7141
-7678
-8166
-8501
-8669
-8691
-8640
-8472
-8145
-7687
-7091
-6314
-5452
-4663
-3863
-3077
-2390
-1742
-1161
-720
-353
-84
49
155
252
327
446
646
764
816
931
1075
1226
1326
1372
1406
1480
1561
1754
1962
2035
2110
2075
2026
2102
2241
2442
2658
2991
3480
4107
4759
5404
6121
6868
7417
7882
8177
8206
8133
7856
7397
6817
6096
5303
4495
3601
2632
1697
823
-36
-878
-1633
-2390
-3148
-3909
-4628
-5259
-5873
-6436
-6969
-7520
-7944
-8254
-8347
-8318
-8265
-8091
-7780
-7342
-6800
-6095
-5290
-4528
-3732
-2963
-2371
-1741
-1127
-637
-250
12
174
367
479
542
684
854
898
927
992
1066
1162
1233
1260
1275
1357
1430
1546
1701
1814
1917
1944
1903
1935
2029
2209
2485
2835
3329
3957
4633
5227
5917
6608
7087
7433
7645
7669
7570
7325
6884
6325
5658
4931
4156
3271
2327
1463
644
-195
-979
-1681
-2428
-3213
-3970
-4663
-5309
-5920
-6455
-6953
-7448
-7851
-8172
-8295
-8283
-8251
-8126
-7867
-7459
-6947
-6279
-5498
-4756
-4030
-3295
-2663
-2078
-1492
-1009
-645
-410
-233
-30
147
263
386
615
694
706
773
880
1018
1156
1236
1351
1480
1554
1707
1865
1985
2117
2216
2255
2281
2399
2607
2871
3182
3609
4186
4787
5386
6026
6695
7272
7685
7942
8004
7911
7644
7167
6600
5899
5153
4362
3516
2581
1668
835
-61
-909
-1720
-2514
-3277
-4038
-4763
-5387
-5959
-6465
-6935
-7374
-7790
-8059
-8159
-8194
-8156
-8035
-7746
-7355
-6905
-6237
-5442
-4715
-3932
-3121
-2446
-1831
-1220
-737
-317
1
232
441
577
669
820
1016
1071
1071
1142
1199
1274
1359
1389
1421
1510
1600
1745
1937
2060
2190
2220
2179
2150
2241
2426
2675
3016
3432
4017
4608
5189
5816
6472
7016
7417
7711
7757
7671
7399
6927
6380
5731
5009
4248
3426
2518
1561
638
-265
-1135
-1917
-2682
-3404
-4102
-4751
-5348
-5928
-6426
-6912
-7400
-7808
-8112
-8223
-8208
-8181
-8030
-7794
-7441
-6991
-6398
-5696
-5026
-4313
-3601
-2939
-2269
-1660
-1122
-652
-298
-31
150
294
353
431
630
728
727
810
916
1055
1256
1354
1428
1545
1620
1733
1875
1990
2129
2196
2165
2146
2229
2351
2588
2870
3306
3868
4491
5132
5824
6554
7102
7490
7754
7822
7746
7506
7091
6600
5950
5212
4479
3675
2748
1852
1033
214
-617
-1376
-2122
-2911
-3664
-4350
-4988
-5577
-6056
-6539
-7029
-7458
-7805
-7983
-8041
-8078
-7985
-7724
-7364
-6909
-6289
-5598
-4885
-4173
-3499
-2940
-2393
-1802
-1314
-878
-529
-256
18
264
437
612
861
968
937
922
936
996
1119
1200
1287
1402
1481
1621
1763
1885
2036
2118
2131
2148
2271
2479
2732
3008
3359
3900
4442
4979
5593
6226
6826
7309
7661
7838
7837
7679
7314
6761
6114
5416
4675
3875
2953
2028
1195
356
-516
-1333
-2090
-2854
-3598
-4322
-4977
-5578
-6099
-6573
-7014
-7447
-7836
-8056
-8075
-8096
-8068
-7836
-7472
-7004
-6391
-5652
-4921
-4196
-3470
-2821
-2214
-1631
-1181
-763
-447
-218
-59
90
161
200
364
486
507
567
634
756
887
959
1036
1174
1305
1447
1659
1852
2018
2141
2212
2209
2285
2410
2593
2847
3138
3648
4208
4746
5350
5978
6562
7002
7350
7518
7497
7347
7025
6542
5949
5303
4656
3957
3071
2164
1316
439
-446
-1259
-2009
-2732
-3448
-4098
-4707
-5265
-5734
-6190
-6622
-7049
-7398
-7614
-7669
-7666
-7604
-7399
-7070
-6723
-6268
-5704
-5084
-4424
-3796
-3219
-2645
-2084
-1556
-1113
-741
-434
-212
27
202
335
522
717
781
795
856
883
974
1019
1056
1126
1195
1321
1506
1745
2038
2347
2513
2566
2637
2777
2941
3107
3346
3710
4227
4738
5262
5858
6410
6887
7200
7402
7517
7441
7222
6806
6217
5572
4854
4120
3361
2494
1634
807
-52
-908
-1665
-2342
-3038
-3680
-4333
-4868
-5317
-5754
-6184
-6607
-6992
-7323
-7518
-7598
-7630
-7548
-7330
-7070
-6722
-6224
-5600
-4922
-4223
-3572
-2967
-2401
-1861
-1372
-969
-667
-498
-330
-168
-66
100
297
331
332
395
413
537
718
879
1030
1181
1338
1521
1728
2034
2284
2446
2547
2591
2729
2924
3126
3283
3513
3882
4361
4891
5479
6038
6545
6943
7160
7279
7294
7184
6875
6350
5694
5032
4284
3536
2690
1760
873
-15
-891
-1679
-2349
-2964
-3586
-4205
-4804
-5265
-5601
-5954
-6274
-6621
-6934
-7170
-7286
-7323
-7279
-7151
-6956
-6688
-6325
-5820
-5141
-4441
-3822
-3219
-2677
-2178
-1621
-1145
-806
-531
-389
-262
-153
-38
155
353
419
430
448
523
619
744
917
1028
1204
1407
1668
2024
2363
2668
2848
2939
3032
3168
3326
3434
3555
3777
4162
4652
5177
5678
6186
6614
6955
7180
7215
7189
7030
6694
6153
5486
4778
4095
3328
2452
1556
716
-103
-909
-1635
-2263
-2846
-3493
-4139
-4728
-5135
-5447
-5729
-5994
-6269
-6466
-6608
-6708
-6705
-6675
-6553
-6364
-6189
-5902
-5445
-4873
-4301
-3792
-3256
-2772
-2268
-1793
-1383
-997
-741
-564
-436
-252
-85
68
215
248
217
274
326
371
526
641
781
947
1153
1427
1832
2199
2476
2701
2854
3067
3304
3500
3645
3748
3892
4204
4612
5037
5499
5951
6268
6545
6730
6822
6798
6568
6115
5562
4952
4310
3667
2940
2059
1148
196
-690
-1457
-2164
-2765
-3293
-3869
-4428
-4899
-5302
-5579
-5818
-6079
-6298
-6482
-6643
-6724
-6701
-6620
-6442
-6196
-5950
-5583
-5073
-4536
-3982
-3496
-3090
-2616
-2157
-1742
-1289
-956
-746
-638
-537
-440
-315
-150
-18
49
82
139
212
337
467
616
823
1053
1311
1661
2063
2447
2738
2922
3099
3334
3588
3800
4028
4212
4393
4681
5002
5410
5843
6216
6488
6699
6820
6870
6793
6526
6132
5583
4943
4286
3602
2842
2037
1174
281
-495
-1206
-1855
-2418
-2958
-3498
-4013
-4410
-4754
-5048
-5309
-5549
-5724
-5948
-6063
-6084
-6048
-5970
-5868
-5766
-5603
-5293
-4983
-4526
-4043
-3672
-3319
-2957
-2615
-2257
-1901
-1606
-1366
-1187
-1002
-834
-671
-491
-370
-312
-312
-270
-123
81
287
481
735
1001
1333
1756
2187
2609
2939
3195
3414
3607
3827
4069
4231
4349
4459
4623
4894
5257
5549
5812
6019
6175
6315
6347
6295
6093
5706
5151
4505
3854
3200
2502
1732
886
32
-725
-1415
-2054
-2578
-3002
-3372
-3768
-4107
-4353
-4595
-4839
-5086
-5366
-5646
-5799
-5897
-5942
-5923
-5875
-5768
-5603
-5417
-5111
-4694
-4335
-3996
-3676
-3318
-2940
-2602
-2232
-1907
-1634
-1420
-1203
-981
-764
-534
-345
-259
-236
-190
-98
62
209
365
564
764
1028
1401
1857
2298
2715
3047
3346
3617
3920
4219
4415
4601
4739
4920
5160
5447
5699
5903
6062
6132
6217
6219
6102
5920
5575
5070
4477
3850
3267
2648
1951
1266
571
-163
-834
-1436
-2046
-2567
-3019
-3452
-3820
-4154
-4383
-4539
-4727
-4923
-5058
-5155
-5234
-5250
-5239
-5214
-5130
-4999
-4891
-4717
-4468
-4161
-3840
-3520
-3198
-2877
-2613
-2356
-2086
-1875
-1644
-1408
-1263
-1085
-854
-711
-573
-449
-367
-226
-35
135
329
567
847
1175
1541
2008
2461
2881
3299
3674
4005
4291
4554
4733
4824
4952
5000
5028
5124
5212
5265
5318
5326
5283
5249
5174
5096
4881
4530
4040
3508
2929
2307
1665
1009
349
-331
-939
-1512
-2036
-2526
-2930
-3299
-3647
-3912
-4053
-4202
-4335
-4448
-4554
-4591
-4654
-4747
-4801
-4788
-4847
-4883
-4833
-4790
-4706
-4545
-4341
-4162
-3955
-3745
-3496
-3198
-2894
-2555
-2243
-1949
-1642
-1362
-1113
-878
-701
-568
-412
-305
-188
3
179
365
663
986
1356
1785
2221
2698
3143
3539
3908
4248
4560
4743
4820
4917
4943
4896
4881
4892
4899
4909
4945
4959
4971
4982
4907
4742
4497
4088
3671
3265
2737
2157
1563
909
295
-285
-805
-1283
-1777
-2205
-2541
-2824
-3074
-3252
-3430
-3577
-3683
-3798
-3915
-3981
-4078
-4176
-4271
-4333
-4398
-4466
-4420
-4354
-4254
-4099
-3946
-3781
-3588
-3350
-3082
-2828
-2592
-2359
-2133
-1905
-1689
-1488
-1292
-1080
-867
-636
-412
-222
-3
225
502
772
1055
1373
1731
2104
2514
2944
3383
3819
4170
4485
4748
4989
5099
5153
5147
5020
4909
4808
4698
4588
4506
4383
4245
4135
3948
3742
3505
3181
2824
2449
2021
1523
979
436
-97
-575
-1062
-1530
-1951
-2312
-2602
-2833
-3018
-3156
-3267
-3401
-3490
-3540
-3589
-3621
-3690
-3726
-3808
-3929
-4018
-4100
-4190
-4277
-4331
-4366
-4317
-4204
-3984
-3774
-3513
-3297
-3102
-2826
-2572
-2306
-2039
-1805
-1622
-1393
-1154
-898
-649
-400
-151
105
424
753
1151
1546
1907
2292
2673
3079
3540
3966
4310
4619
4846
4964
4997
5007
4944
4822
4669
4508
4340
4180
4059
3923
3772
3582
3387
3168
2929
2672
2373
2045
1689
1260
877
515
127
-259
-665
-1041
-1383
-1662
-1882
-2080
-2209
-2296
-2392
-2500
-2555
-2576
-2613
-2728
-2877
-2987
-3126
-3286
-3493
-3662
-3804
-3965
-4074
-4146
-4165
-4134
-4033
-3875
-3714
-3465
-3226
-3001
-2780
-2583
-2393
-2184
-1979
-1757
-1518
-1253
-959
-704
-400
-97
206
518
890
1281
1724
2164
2614
3052
3524
3996
4423
4768
5008
5178
5201
5174
5015
4859
4650
4430
4213
3960
3734
3502
3350
3206
3004
2803
2633
2464
2256
2035
1823
1568
1333
1052
737
470
177
-175
-480
-804
-1118
-1399
-1643
-1878
-2073
-2134
-2242
-2335
-2421
-2468
-2485
-2581
-2673
-2809
-2963
-3142
-3383
-3641
-3905
-4130
-4334
-4495
-4636
-4715
-4683
-4597
-4470
-4284
-4091
-3869
-3616
-3319
-2940
-2520
-2111
-1769
-1375
-981
-618
-263
95
437
793
1094
1400
1780
2137
2521
2900
3292
3640
4016
4405
4697
4918
5049
5107
5064
4918
4721
4480
4210
3902
3609
3249
2891
2590
2313
2074
1850
1715
1574
1486
1432
1384
1318
1257
1135
978
800
613
387
129
-164
-508
-826
-1100
-1341
-1606
-1801
-1944
-2063
-2155
-2243
-2336
-2366
-2432
-2503
-2643
-2812
-3021
-3248
-3491
-3773
-4030
-4254
-4449
-4648
-4743
-4765
-4709
-4519
-4297
-3986
-3618
-3233
-2792
-2386
-1906
-1435
-968
-516
-105
285
633
1005
1316
1603
1885
2192
2460
2760
3078
3355
3630
3870
4104
4385
4613
4739
4810
4797
4698
4514
4267
3980
3658
3285
2907
2524
2156
1805
1519
1247
1080
1020
1006
1027
1086
1152
1204
1286
1288
1286
1200
1014
750
433
73
-306
-684
-1005
-1252
-1472
-1644
-1765
-1855
-1927
-1906
-1983
-2105
-2200
-2302
-2451
-2662
-2940
-3244
-3589
-4016
-4386
-4711
-4975
-5187
-5350
-5420
-5335
-5154
-4855
-4454
-4020
-3524
-2961
-2377
-1840
-1319
-819
-340
60
454
828
1209
1519
1787
2018
2238
2451
2633
2837
3042
3260
3473
3694
3891
4092
4250
4341
4332
4255
4156
3994
3752
3459
3133
2824
2487
2148
1850
1568
1332
1166
1038
992
994
1035
1166
1272
1370
1419
1418
1359
1205
958
679
354
32
-322
-673
-988
-1258
-1477
-1692
-1896
-2084
-2188
-2259
-2310
-2364
-2443
-2533
-2652
-2846
-3051
-3253
-3487
-3743
-4040
-4273
-4453
-4576
-4677
-4733
-4659
-4480
-4215
-3922
-3529
-3033
-2534
-2022
-1512
-1016
-458
57
477
835
1142
1435
1661
1822
1980
2089
2220
2308
2363
2470
2634
2847
3034
3240
3470
3711
3916
4046
4133
4154
4090
3964
3779
3555
3359
3123
2838
2592
2343
2100
1903
1723
1596
1531
1532
1509
1498
1506
1494
1447
1343
1222
1074
918
655
351
-36
-476
-900
-1251
-1490
-1744
-1952
-2157
-2349
-2530
-2698
-2853
-2979
-3093
-3205
-3286
-3356
-3414
-3463
-3548
-3681
-3817
-3927
-3990
-4018
-4021
-3971
-3856
-3689
-3484
-3190
-2834
-2418
-2025
-1629
-1214
-838
-466
-105
190
380
524
658
785
892
973
1050
1115
1194
1325
1550
1822
2106
2398
2641
2880
3129
3372
3558
3691
3777
3768
3759
3709
3602
3497
3317
3105
2905
2679
2464
2276
2142
2049
1937
1854
1807
1745
1640
1518
1378
1219
975
700
390
16
-369
-790
-1237
-1628
-1961
-2245
-2507
-2740
-2920
-3075
-3163
-3225
-3196
-3124
-3034
-2970
-2917
-2868
-2856
-2823
-2868
-2921
-2970
-3017
-3071
-3064
-3031
-2951
-2836
-2696
-2493
-2230
-1934
-1618
-1276
-1006
-718
-480
-252
-1
223
457
641
802
885
981
1062
1143
1235
1356
1531
1727
1940
2174
2415
2629
2839
3018
3204
3371
3518
3651
3723
3746
3707
3622
3499
3389
3247
3067
2859
2642
2398
2154
1967
1797
1629
1500
1378
1266
1110
898
659
381
70
-259
-552
-825
-1079
-1307
-1543
-1814
-2056
-2279
-2486
-2635
-2722
-2793
-2809
-2803
-2767
-2723
-2722
-2723
-2711
-2719
-2714
-2673
-2681
-2676
-2640
-2602
-2515
-2385
-2256
-2081
-1925
-1819
-1708
-1608
-1490
-1354
-1177
-994
-830
-637
-411
-189
11
211
396
582
775
965
1153
1356
1536
1710
1870
2035
2209
2397
2563
2687
2786
2820
2841
2863
2906
2958
2935
2913
2867
2796
2704
2591
2478
2305
2051
1762
1471
1222
967
715
468
212
-32
-256
-453
-580
-682
-772
-825
-923
-962
-1030
-1106
-1215
-1381
-1535
-1701
-1842
-2008
-2155
-2301
-2431
-2518
-2547
-2532
-2533
-2518
-2445
-2392
-2293
-2158
-2005
-1872
-1795
-1732
-1696
-1665
-1641
-1654
-1614
-1566
-1458
-1309
-1155
-914
-689
-452
-180
142
456
775
1082
1391
1690
1948
2147
2279
2395
2444
2477
2509
2507
2495
2499
2517
2540
2596
2641
2663
2678
2639
2611
2554
2482
2403
2259
2096
1897
1655
1408
1160
865
536
215
-73
-301
-502
-739
-947
-1084
-1195
-1261
-1242
-1211
-1171
-1127
-1106
-1084
-1042
-1022
-1075
-1165
-1301
-1446
-1622
-1785
-1916
-2083
-2234
-2364
-2405
-2366
-2244
-2089
-1895
-1694
-1556
-1448
-1396
-1361
-1330
-1298
-1250
-1184
-1142
-1092
-1059
-1022
-937
-819
-656
-442
-176
127
494
839
1163
1494
1791
2032
2217
2354
2444
2537
2588
2618
2633
2611
2617
2630
2581
2539
2495
2438
2334
2199
2040
1854
1670
1493
1322
1112
880
625
414
174
-46
-255
-503
-740
-966
-1160
-1315
-1448
-1543
-1596
-1637
-1671
-1700
-1684
-1696
-1701
-1688
-1683
-1645
-1615
-1593
-1608
-1650
-1729
-1838
-1971
-2073
-2177
-2248
-2239
-2203
-2094
-1982
-1831
-1663
-1516
-1359
-1196
-1009
-846
-697
-529
-360
-172
9
187
325
473
600
747
888
1046
1233
1446
1684
1931
2181
2450
2700
2852
2996
3139
3190
3194
3159
3078
2993
2860
2716
2536
2344
2163
1967
1778
1594
1388
1239
1041
867
719
592
495
352
206
32
-150
-375
-574
-790
-998
-1222
-1459
-1656
-1801
-1920
-1961
-1988
-2001
-2041
-2090
-2100
-2105
-2065
-2031
-1978
-1970
-1979
-1939
-1894
-1910
-1944
-1985
-2070
-2105
-2123
-2100
-2034
-1939
-1795
-1596
-1352
-1153
-927
-676
-471
-301
-116
44
235
436
605
775
903
1092
1289
1469
1631
1795
1970
2123
2312
2496
2679
2850
3011
3139
3219
3261
3229
3175
3055
2860
2668
2449
2251
2099
1927
1715
1497
1258
1016
795
591
374
174
-22
-213
-354
-491
-622
-767
-917
-1087
-1283
-1491
-1726
-1937
-2113
-2270
-2394
-2473
-2549
-2611
-2669
-2719
-2757
-2790
-2808
-2836
-2833
-2797
-2744
-2670
-2578
-2515
-2438
-2338
-2246
-2146
-2018
-1897
-1770
-1635
-1477
-1255
-987
-696
-426
-183
56
264
494
674
875
1098
1353
1605
1850
2114
2322
2519
2706
2865
2949
2999
3004
2994
2965
2930
2934
2891
2867
2883
2859
2802
2730
2605
2433
2241
2059
1900
1715
1553
1418
1260
1065
882
689
511
326
134
-59
-234
-404
-555
-726
-880
-1014
-1138
-1290
-1482
-1666
-1842
-2014
-2163
-2261
-2378
-2432
-2444
-2447
-2460
-2502
-2538
-2570
-2605
-2647
-2659
-2624
-2537
-2430
-2321
-2227
-2083
-1911
-1732
-1557
-1378
-1172
-975
-773
-585
-418
-225
-46
139
308
529
785
990
1197
1402
1605
1826
2082
2297
2501
2677
2806
2872
2846
2780
2694
2586
2475
2384
2358
2330
2292
2245
2185
2130
2079
2024
1992
1941
1858
1672
1457
1216
968
716
459
166
-122
-347
-567
-739
-927
-1085
-1211
-1328
-1454
-1542
-1607
-1659
-1722
-1836
-1992
-2133
-2274
-2426
-2543
-2668
-2775
-2842
-2858
-2831
-2800
-2766
-2710
-2655
-2530
-2376
-2238
-2071
-1939
-1764
-1590
-1443
-1262
-1074
-884
-728
-608
-477
-306
-140
45
248
440
629
832
1067
1293
1511
1713
1909
2078
2213
2294
2392
2442
2493
2480
2461
2427
2396
2394
2359
2326
2281
2269
2202
2163
2157
2160
2141
2132
2082
2025
1927
1796
1595
1380
1163
948
713
488
309
100
-100
-311
-514
-746
-964
-1152
-1349
-1488
-1617
-1765
-1898
-2010
-2100
-2182
-2293
-2368
-2417
-2520
-2569
-2616
-2642
-2649
-2637
-2543
-2415
-2277
-2100
-1907
-1753
-1583
-1408
-1180
-988
-820
-648
-459
-279
-101
73
202
349
467
592
704
807
925
993
1068
1148
1233
1347
1458
1584
1672
1727
1777
1826
1844
1844
1842
1849
1852
1867
1905
1903
1870
1847
1807
1743
1693
1608
1554
1501
1404
1301
1200
1084
952
828
696
567
393
191
-10
-228
-417
-617
-868
-1123
-1343
-1520
-1742
-1908
-2041
-2191
-2291
-2356
-2403
-2422
-2414
-2417
-2398
-2409
-2396
-2376
-2361
-2321
-2240
-2108
-2009
-1902
-1754
-1601
-1434
-1261
-1087
-904
-691
-459
-287
-145
24
163
316
447
572
700
785
876
967
1035
1054
1090
1160
1219
1328
1403
1509
1622
1711
1767
1805
1858
1871
1904
1900
1880
1831
1807
1782
1754
1691
1633
1571
1468
1372
1293
1181
1058
992
900
842
781
700
609
465
293
92
-141
-398
-623
-862
-1097
-1294
-1450
-1576
-1672
-1751
-1820
-1862
-1909
-1908
-1912
-1895
-1853
-1827
-1770
-1693
-1583
-1485
-1413
-1321
-1261
-1197
-1116
-1038
-963
-862
-736
-565
-382
-233
-71
46
143
231
330
433
518
596
679
774
881
1001
1079
1170
1250
1289
1276
1263
1253
1218
1264
1297
1345
1398
1424
1439
1408
1363
1325
1244
1146
1087
1072
1045
1024
1013
963
837
744
630
534
466
322
221
92
-2
-117
-215
-335
-476
-603
-735
-890
-1048
-1159
-1280
-1398
-1499
-1546
-1539
-1536
-1548
-1557
-1582
-1621
-1678
-1691
-1682
-1649
-1600
-1525
-1426
-1329
-1252
-1151
-1093
-1035
-949
-821
-697
-579
-477
-372
-299
-239
-151
-39
66
114
237
332
452
553
634
707
846
981
1056
1147
1202
1252
1291
1305
1328
1324
1282
1266
1261
1273
1271
1279
1292
1289
1253
1239
1246
1221
1157
1122
1054
975
890
809
738
612
453
333
209
79
-69
-200
-339
-489
-549
-632
-690
-720
-769
-813
-883
-991
-1089
-1199
-1241
-1317
-1384
-1392
-1408
-1400
-1421
-1411
-1380
-1371
-1354
-1273
-1169
-1103
-1000
-907
-814
-704
-594
-434
-308
-202
-132
-56
-7
14
40
96
146
200
300
366
449
542
624
724
794
875
1003
1081
1153
1229
1262
1259
1232
1213
1204
1170
1176
1141
1094
1068
1046
1031
1039
1058
1067
1096
1099
1055
1003
878
725
573
416
326
221
132
25
-80
-196
-300
-376
-447
-500
-551
-606
-662
-722
-763
-802
-848
-913
-976
-1050
-1137
-1226
-1299
-1332
-1376
-1390
-1406
-1386
-1354
-1303
-1241
-1197
-1141
-1120
-1043
-946
-848
-731
-622
-513
-429
-398
-372
-314
-299
-305
-229
-184
-128
-21
65
165
267
409
561
689
798
903
954
992
1008
992
1010
1023
1047
1071
1057
1040
1023
964
906
819
752
679
621
622
614
633
622
592
542
508
443
374
297
209
158
108
65
21
5
-6
-24
-78
-121
-185
-218
-263
-294
-275
-267
-237
-254
-256
-293
-332
-374
-433
-515
-589
-628
-661
-674
-703
-724
-759
-759
-794
-805
-813
-817
-827
-850
-832
-779
-686
-615
-523
-467
-398
-317
-266
-238
-202
-127
-59
9
113
247
378
466
559
651
733
799
861
895
904
927
953
977
975
944
901
865
825
753
692
630
562
541
503
483
436
387
358
265
217
185
145
95
12
-48
-65
-65
-88
-87
-121
-150
-127
-109
-117
-115
-81
-74
-33
13
31
64
47
55
40
-10
-99
-183
-263
-361
-440
-551
-618
-695
-735
-762
-769
-798
-813
-816
-832
-816
-802
-766
-730
-708
-712
-679
-642
-603
-575
-518
-479
-449
-420
-406
-371
-340
-272
-182
-80
53
189
318
428
531
582
638
678
679
674
666
656
621
520
438
365
263
207
170
131
113
140
164
217
223
215
218
257
280
254
231
215
206
196
182
179
186
202
218
234
234
222
204
215
264
299
298
295
268
200
129
56
5
-70
-118
-141
-193
-283
-348
-405
-452
-500
-551
-578
-584
-590
-575
-572
-544
-538
-491
-423
-371
-290
-229
-175
-127
-94
-40
0
25
71
131
220
262
327
399
472
545
573
599
603
582
551
522
485
454
422
386
338
254
173
109
22
-41
-91
-126
-168
-161
-166
-118
-68
-50
-21
3
31
49
76
83
87
115
119
148
189
253
299
343
384
385
398
380
363
340
321
270
234
197
136
75
-19
-101
-154
-222
-276
-333
-365
-396
-443
-531
-604
-673
-739
-793
-852
-901
-912
-912
-839
-770
-689
-601
-504
-468
-440
-397
-388
-377
-352
-270
-193
-94
-6
104
134
173
262
344
372
374
393
402
424
395
383
360
329
276
248
225
147
56
-4
-44
-60
-23
18
82
96
115
136
183
174
162
146
115
140
146
159
150
138
110
84
53
59
43
2
-14
31
71
111
135
163
172
173
224
207
150
96
37
-49
-124
-175
-227
-258
-289
-328
-331
-317
-342
-341
-335
-319
-234
-154
-88
-40
-6
47
71
73
62
73
37
-5
-5
-8
-15
3
4
-14
38
133
171
221
263
293
306
323
360
373
378
371
342
311
273
255
201
158
130
101
115
112
142
195
210
261
283
310
328
322
308
264
186
130
90
46
-4
-55
-102
-114
-95
-75
-55
-52
-39
-79
-80
-77
-86
-104
-146
-195
-243
-269
-316
-372
-459
-551
-608
-614
-615
-577
-548
-475
-385
-342
-301
-281
-263
-261
-212
-191
-156
-133
-94
-46
-51
-64
-119
-137
-176
-185
-145
-97
4
83
160
236
317
384
393
374
325
305
275
288
293
267
259
230
185
107
79
66
53
26
13
2
5
24
95
148
180
193
171
126
70
59
-21
-73
-113
-125
-115
-129
-150
-147
-160
-182
-241
-308
-309
-289
-267
-252
-235
-190
-153
-173
-163
-194
-237
-247
-295
-289
-263
-200
-178
-161
-157
-142
-144
-169
-173
-212
-230
-257
-270
-257
-184
-127
-62
44
121
223
287
330
346
388
393
380
403
405
438
470
543
619
696
762
782
766
706
706
710
734
727
694
682
631
604
562
512
466
344
255
195
136
68
33
8
-14
-1
17
-8
-83
-150
-240
-319
-375
-419
-476
-485
-495
-489
-443
-441
-442
-424
-438
-434
-433
-464
-471
-509
-538
-573
-569
-537
-529
-495
-484
-486
-455
-441
-414
-443
-431
-372
-321
-247
-187
-148
-106
-92
-123
-84
-64
-49
-11
46
129
180
253
327
336
349
342
349
384
397
415
443
468
474
472
497
499
490
466
429
417
354
321
305
280
271
233
196
128
68
14
-64
-138
-208
-261
-283
-289
-242
-219
-207
-203
-217
-218
-241
-305
-357
-413
-449
-478
-519
-532
-510
-456
-409
-361
-348
-346
-323
-337
-340
-353
-335
-271
-252
-220
-170
-144
-133
-154
-200
-254
-306
-307
-240
-188
-127
-5
46
108
162
204
235
264
290
321
326
357
408
430
497
586
641
662
692
688
674
675
658
648
687
740
791
827
825
771
728
635
523
410
310
260
251
239
251
286
272
233
139
58
-4
-86
-161
-243
-312
-379
-426
-421
-402
-390
-394
-391
-431
-472
-490
-529
-534
-530
-496
-435
-394
-376
-376
-386
-381
-387
-380
-410
-407
-338
-317
-268
-239
-240
-225
-217
-202
-188
-210
-209
-207
-220
-212
-142
-96
-42
47
132
229
259
278
292
284
315
358
376
385
402
412
418
447
409
369
338
292
246
218
244
248
284
328
336
343
345
316
254
161
53
-39
-88
-100
-150
-196
-235
-279
-298
-351
-368
-406
-441
-487
-527
-486
-504
-501
-494
-448
-406
-405
-414
-446
-505
-540
-530
-535
-521
-504
-469
-417
-347
-289
-236
-177
-149
-115
-86
-34
-30
-10
66
130
170
205
232
246
258
272
295
313
318
334
346
358
397
419
463
465
462
435
405
377
349
397
413
458
527
577
593
560
528
469
445
416
356
308
252
250
239
253
247
242
236
234
219
185
185
161
164
142
99
50
35
-7
-91
-212
-296
-397
-511
-567
-638
-692
-671
-643
-620
-560
-503
-468
-453
-455
-471
-472
-484
-486
-409
-347
-295
-255
-213
-183
-177
-139
-120
-67
-22
32
83
149
242
302
366
399
400
398
382
328
265
238
214
224
258
298
291
289
276
257
269
245
202
147
113
103
139
173
191
193
175
126
89
44
41
48
57
44
50
13
23
29
40
56
23
-11
-55
-95
-157
-212
-301
-328
-368
-399
-400
-438
-502
-558
-614
-653
-688
-712
-721
-713
-696
-678
-645
-607
-576
-558
-538
-540
-533
-509
-452
-397
-312
-232
-160
-67
23
107
154
212
267
308
396
467
514
567
648
696
684
722
729
720
711
680
642
575
538
534
534
562
575
566
551
552
532
486
433
364
285
198
154
116
63
36
17
0
9
-17
-37
-56
-70
-104
-89
-60
-30
9
50
52
5
-59
-130
-200
-298
-389
-434
-430
-413
-370
-372
-380
-389
-377
-371
-399
-353
-352
-371
-383
-372
-362
-316
-313
-307
-339
-335
-312
-327
-292
-262
-223
-166
-79
6
155
232
299
377
397
458
467
461
457
444
441
443
415
387
355
346
374
383
362
377
398
410
426
422
378
380
409
412
382
347
277
179
133
76
72
34
2
-1
-38
-67
-86
-119
-185
-260
-371
-472
-537
-537
-544
-555
-557
-561
-585
-586
-576
-565
-570
-568
-522
-499
-470
-451
-406
-370
-368
-335
-309
-337
-357
-381
-410
-403
-401
-338
-267
-202
-125
-47
3
28
90
125
138
104
86
97
93
106
131
158
153
123
127
160
169
161
192
189
213
267
333
366
386
404
453
481
482
482
445
404
364
330
350
399
396
433
412
367
318
246
209
190
185
190
182
157
129
105
98
62
41
22
-10
-48
-108
-136
-146
-187
-194
-169
-176
-197
-213
-250
-277
-304
-311
-294
-275
-233
-161
-121
-106
-116
-138
-167
-199
-195
-174
-156
-106
-98
-114
-101
-111
-118
-120
-106
-65
-47
-3
53
69
79
119
127
153
181
190
165
133
83
81
133
185
292
318
355
358
374
411
428
442
398
356
326
327
309
305
309
289
251
210
200
165
134
82
21
-44
-100
-129
-140
-207
-243
-284
-339
-362
-401
-427
-495
-493
-496
-493
-486
-500
-490
-525
-513
-456
-405
-388
-394
-362
-348
-317
-303
-262
-249
-227
-199
-189
-168
-168
-144
-165
-150
-127
-81
-77
-116
-115
-148
-137
-133
-150
-150
-90
-66
-29
60
96
132
138
143
177
210
247
270
257
241
286
336
335
335
311
295
286
287
280
314
309
304
348
329
310
342
336
368
345
307
244
188
121
60
41
-12
-3
0
9
8
7
-2
-11
-9
-7
-47
-75
-132
-140
-146
-132
-125
-117
-114
-140
-155
-140
-118
-123
-137
-111
-90
-57
-12
-11
-30
-75
-60
-63
-54
-45
-59
-91
-90
-101
-104
-76
-46
-16
0
55
81
110
155
156
158
182
196
204
215
231
246
243
243
249
257
271
296
291
291
296
291
329
352
332
303
242
184
154
122
89
46
-2
-17
-17
-52
-104
-114
-150
-191
-234
-262
-293
-350
-386
-388
-393
-382
-317
-268
-290
-295
-315
-307
-279
-295
-307
-310
-297
-265
-259
-259
-251
-280
-239
-215
-210
-184
-133
-116
-59
-18
-30
-20
-14
-22
-30
-38
-47
-66
-117
-138
-140
-147
-120
-101
-76
-66
-87
-94
-57
-13
9
56
84
118
136
162
134
84
57
45
33
42
52
71
119
120
125
122
140
133
97
71
67
78
110
56
20
18
10
7
11
-5
-52
-95
-137
-168
-182
-162
-104
-20
55
118
137
149
160
175
197
209
269
293
315
328
307
312
284
293
242
202
163
148
131
100
107
83
88
79
113
152
140
123
97
63
18
3
16
1
-14
-29
-55
-74
-99
-99
-109
-125
-133
-110
-72
-17
38
65
62
66
91
119
134
157
145
126
132
114
115
109
123
100
86
70
66
46
16
-22
-33
-17
-14
18
27
41
52
68
82
96
90
101
81
11
-8
-32
-63
-110
-95
-70
-89
-86
-106
-126
-132
-142
-186
-216
-204
-221
-227
-225
-271
-318
-330
-345
-375
-401
-400
-417
-436
-425
-395
-355
-331
-307
-273
-241
-237
-220
-236
-257
-220
-159
-97
-25
-28
-6
-7
-28
-30
-35
-34
-19
32
45
94
170
202
228
242
221
209
202
173
138
90
63
70
92
117
106
90
64
28
-4
-34
-60
-84
-44
-16
20
94
146
162
159
154
147
134
91
91
79
68
98
127
152
174
193
199
177
136
149
119
103
90
74
109
139
144
152
104
61
39
-13
-49
-69
-55
-9
14
52
87
107
78
49
-4
-64
-48
-35
-8
-17
-7
-3
-4
26
84
110
123
94
95
100
110
118
98
98
60
80
84
74
53
41
-4
-57
-76
-96
-96
-89
-64
-32
-4
17
42
28
-24
-48
-59
-30
5
21
12
-4
-30
-36
-26
-14
18
41
99
108
98
99
80
70
87
86
86
111
134
127
100
97
69
18
-27
-78
-110
-141
-158
-185
-211
-249
-280
-297
-292
-299
-305
-281
-294
-314
-294
-288
-281
-272
-268
-254
-230
-197
-191
-160
-130
-93
-23
38
30
20
3
-21
-57
-81
-89
-113
-122
-134
-143
-139
-108
-72
-61
-34
5
32
73
104
125
141
160
128
109
99
93
69
31
38
25
-2
-12
-25
-4
22
72
146
172
208
229
256
256
241
225
214
191
164
167
152
119
47
-2
-31
-34
-28
-9
0
-25
-36
-37
-38
-18
-22
7
17
-10
-30
-73
-103
-90
-86
-74
-69
-33
-3
16
23
16
-15
-20
21
64
87
60
93
98
152
203
212
209
246
255
263
280
290
279
278
318
334
341
290
285
248
170
116
49
9
-8
-28
-47
-38
-11
-22
-54
-87
-117
-133
-121
-89
-99
-126
-154
-139
-121
-124
-133
-163
-146
-112
-123
-96
-87
-81
-100
-115
-85
-83
-64
-78
-101
-134
-141
-119
-144
-139
-167
-176
-179
-179
-181
-208
-247
-230
-228
-208
-200
-219
-217
-203
-178
-142
-110
-93
-89
-93
-93
-109
-89
-52
-10
16
62
100
101
115
112
123
134
127
126
116
88
79
69
90
109
103
84
80
111
117
112
101
78
27
-21
-47
-38
-69
-110
-151
-145
-128
-119
-117
-125
-148
-174
-151
-139
-94
-91
-67
-66
-97
-53
-38
-40
-50
-62
-67
-49
-56
-48
-36
-47
-21
13
57
83
77
91
95
112
96
108
119
78
65
69
81
107
131
110
85
96
144
199
221
253
265
251
246
258
268
269
256
225
235
259
259
286
305
313
327
315
308
326
330
311
263
255
241
220
209
169
133
65
63
54
22
-24
-45
-73
-94
-87
-83
-84
-136
-136
-118
-123
-150
-176
-192
-221
-230
-246
-264
-277
-280
-277
-254
-237
-224
-215
-211
-219
-264
-211
-167
-136
-123
-106
-99
-99
-98
-73
-85
-101
-104
-161
-163
-150
-172
-200
-193
-205
-176
-175
-224
-228
-225
-226
-229
-169
-128
-82
-58
-37
28
67
103
111
91
63
75
104
103
105
122
116
108
115
96
55
45
45
-4
-43
-36
-46
-63
-56
-48
-40
-37
-62
-77
-100
-129
-172
-213
-201
-173
-169
-116
-87
-88
-80
-100
-104
-127
-138
-133
-118
-81
-38
-22
-4
2
26
62
91
106
92
78
69
71
57
62
57
32
40
40
46
58
46
51
63
125
187
198
229
281
303
312
285
272
265
243
242
252
250
247
234
179
144
135
122
152
201
277
347
372
406
426
445
454
421
415
405
340
288
244
230
156
87
78
57
40
-28
-23
-38
-35
-40
-50
-16
-8
17
24
-3
-13
-37
-71
-114
-167
-205
-212
-251
-264
-273
-304
-308
-304
-285
-244
-197
-169
-137
-130
-155
-184
-216
-217
-212
-216
-209
-225
-241
-263
-290
-320
-334
-355
-385
-360
-354
-310
-284
-259
-204
-211
-178
-133
-83
-44
-32
-53
-43
-49
-40
-17
-13
-36
-33
-53
-70
-66
-60
-31
-49
-34
5
61
70
81
56
11
-1
6
20
3
-1
-27
-55
-31
-32
-60
-76
-97
-84
-55
-41
4
-12
-17
0
29
64
86
61
66
75
107
133
146
162
140
111
104
145
143
155
181
167
164
147
141
104
78
47
33
67
47
68
81
106
109
105
103
72
38
18
0
-7
30
55
76
79
95
114
114
123
99
87
65
58
59
46
78
105
148
172
213
247
251
248
281
301
297
291
272
280
308
286
301
266
236
217
151
114
56
30
22
10
2
-14
-36
-32
-18
-31
-44
-110
-153
-221
-285
-322
-352
-384
-467
-479
-477
-475
-451
-422
-376
-304
-242
-220
-188
-177
-201
-187
-151
-117
-62
-38
-25
-9
-9
51
85
85
100
131
166
171
170
150
173
185
193
182
178
150
105
96
75
52
-10
-73
-116
-143
-180
-172
-172
-177
-146
-125
-160
-182
-194
-220
-243
-253
-246
-251
-231
-197
-185
-160
-129
-130
-111
-100
-117
-119
-147
-158
-165
-154
-116
-90
-43
21
60
83
127
108
110
113
64
44
77
57
45
39
35
41
54
105
140
165
185
232
238
241
223
224
210
210
174
137
99
49
28
-10
-44
-92
-124
-121
-95
-95
-77
-27
36
37
77
164
175
149
140
157
123
122
116
100
101
65
57
63
80
97
139
134
133
153
198
226
234
232
220
216
185
162
128
130
79
54
44
10
16
0
-1
-13
-34
-37
-49
-82
-91
-89
-42
-15
-40
-55
-78
-139
-173
-164
-162
-160
-164
-164
-148
-99
-86
-74
-63
-103
-101
-90
-61
-32
-10
31
57
61
72
73
58
66
93
129
147
148
167
151
102
101
96
78
72
72
26
10
1
-11
-35
-78
-142
-203
-271
-311
-307
-310
-312
-320
-337
-360
-383
-387
-426
-383
-359
-343
-310
-269
-197
-187
-163
-146
-158
-137
-141
-133
-105
-90
-46
-28
-13
18
65
115
158
167
189
204
172
184
199
176
196
182
183
190
156
116
105
84
82
108
153
145
139
108
71
67
77
92
47
13
-9
-17
2
-26
-14
23
15
29
53
44
16
-1
-14
-4
-14
32
64
88
88
75
100
98
121
134
132
129
139
127
91
91
60
54
64
42
43
6
-9
-28
-1
8
51
75
88
109
95
107
92
82
63
57
58
81
48
45
35
17
-8
-33
-54
-85
-84
-126
-154
-138
-145
-146
-132
-102
-65
-53
-20
1
8
19
32
40
26
50
61
86
119
120
135
136
153
139
125
128
111
108
99
69
38
33
22
6
5
-5
-18
-29
-37
-58
-78
-72
-96
-97
-114
-133
-165
-134
-114
-121
-102
-160
-152
-134
-136
-106
-93
-89
-107
-120
-88
-77
-63
-47
-36
-12
12
17
13
-18
-36
-74
-108
-154
-163
-181
-205
-189
-183
-154
-181
-188
-210
-221
-200
-177
-179
-205
-204
-166
-140
-127
-72
-62
-51
-32
-17
-42
-55
-58
-46
-23
9
70
98
117
126
133
157
150
140
157
153
152
175
210
232
238
206
169
126
85
35
-9
-35
-21
-4
20
11
15
9
-22
4
46
70
90
116
129
158
195
212
183
178
167
162
129
103
69
42
43
71
81
90
124
124
122
133
141
117
85
104
139
134
131
99
55
42
38
13
-58
-67
-83
-57
-31
18
18
0
6
27
53
62
89
65
74
80
102
104
92
52
0
-41
-89
-113
-106
-121
-153
-182
-212
-190
-169
-183
-162
-151
-136
-107
-65
-65
-83
-87
-112
-130
-147
-145
-130
-111
-84
-50
-40
-15
-31
-3
38
83
116
112
138
199
254
260
307
332
307
251
221
144
58
-7
-26
-47
-81
-59
-64
-60
-49
-73
-92
-105
-133
-146
-130
-147
-158
-149
-171
-178
-186
-221
-254
-275
-309
-338
-317
-335
-342
-338
-359
-322
-294
-244
-188
-147
-105
-96
-65
-52
-47
-34
-27
-29
-36
-31
-60
-21
-12
-34
-35
-49
-27
-22
-13
28
28
24
28
24
14
1
13
17
29
78
84
66
114
129
128
146
150
115
121
135
165
225
242
270
273
283
302
307
323
307
241
216
201
219
215
228
263
246
234
201
167
176
137
105
100
93
94
83
78
38
-2
-14
-13
-12
-14
-18
-37
-74
-100
-73
-55
-33
-16
-5
12
13
-2
-31
-66
-97
-84
-113
-95
-70
-47
-19
-29
-30
-26
-18
-7
9
34
51
84
111
126
133
109
98
87
91
83
92
69
40
35
30
34
54
62
85
84
83
75
38
7
-4
-16
-31
-36
-67
-76
-115
-152
-161
-185
-180
-171
-186
-188
-204
-207
-197
-194
-200
-186
-181
-163
-150
-151
-129
-129
-119
-142
-155
-152
-181
-181
-178
-188
-160
-129
-133
-137
-134
-148
-158
-164
-149
-138
-125
-113
-107
-87
-100
-121
-113
-106
-121
-100
-102
-130
-154
-139
-130
-115
-93
-82
-32
3
9
11
24
15
27
8
-3
-16
-28
-31
-59
-38
-16
27
59
65
88
113
144
172
186
204
245
262
288
282
282
293
258
270
274
274
303
309
302
327
319
278
249
203
174
141
134
137
105
113
89
54
64
95
128
138
126
104
103
120
147
182
179
188
167
133
74
17
19
31
64
93
84
105
94
62
83
86
84
74
21
-33
-59
-82
-99
-103
-112
-124
-131
-137
-147
-220
-279
-284
-278
-254
-236
-226
-203
-202
-160
-121
-119
-104
-81
-37
-11
28
22
13
-28
-77
-90
-93
-85
-51
-26
-24
-19
-40
-18
-22
-32
-39
-44
-54
-26
-19
5
-9
-23
-21
-39
-57
-98
-142
-146
-112
-118
-103
-87
-97
-110
-136
-166
-216
-223
-221
-206
-159
-162
-150
-157
-147
-127
-133
-140
-108
-80
-59
-25
-23
-17
-21
-2
12
44
72
80
78
69
91
109
119
128
133
125
104
113
69
33
25
5
12
25
41
34
1
-38
-39
-50
-47
-43
-34
-7
17
20
44
54
58
59
57
62
32
52
71
76
81
86
98
95
107
115
109
119
122
127
107
102
123
161
173
175
152
160
129
114
118
97
137
121
145
164
163
140
128
125
133
135
107
83
79
75
84
107
100
81
53
49
-18
-34
-55
-60
-36
-43
-31
-50
-38
-26
-8
-14
3
-18
-38
-39
-20
-15
7
30
30
22
12
-19
-51
-56
-98
-92
-113
-120
-121
-132
-121
-116
-118
-113
-110
-115
-79
-82
-86
-63
-49
-47
-52
-55
-42
-44
-67
-95
-109
-96
-97
-96
-92
-87
-89
-85
-77
-73
-76
-61
-75
-86
-85
-116
-140
-155
-161
-147
-149
-142
-137
-116
-107
-110
-110
-116
-100
-96
-52
-30
-5
16
28
23
23
-3
-2
5
6
-7
-7
42
58
91
97
121
103
106
92
76
55
13
6
-1
-5
-13
-10
-15
-3
-1
-1
-13
-26
-27
-40
-66
-49
-29
-23
10
19
14
5
29
37
50
67
112
117
121
122
107
119
119
135
151
161
151
132
141
152
152
154
145
148
158
158
149
159
139
125
82
57
60
34
25
9
-1
-19
-1
21
55
85
76
68
43
46
39
31
28
4
-23
-39
-34
-40
-31
-21
-26
-1
9
34
63
68
73
85
101
115
134
108
53
22
-1
-28
-7
-5
-16
-42
-55
-45
-26
-25
-37
-49
-79
-100
-104
-107
-99
-100
-116
-132
-151
-167
-176
-179
-187
-191
-195
-194
-201
-196
-185
-179
-156
-156
-145
-143
-143
-117
-107
-66
-64
-41
-19
-44
-59
-61
-46
-42
-22
-14
-13
-21
-21
-6
-11
21
36
56
73
66
90
111
95
81
60
48
37
31
7
-22
-34
-57
-54
-63
-56
-66
-69
-57
-52
-40
-39
-19
-20
-18
19
29
34
34
34
26
38
34
24
29
22
24
42
65
82
75
68
65
30
51
43
53
71
63
85
94
80
60
38
13
-2
-17
-37
-23
-22
-18
-13
-30
-24
-23
-24
-4
18
33
44
29
47
51
58
82
84
102
103
103
90
85
100
98
126
145
131
122
142
174
164
172
170
164
158
151
149
127
117
99
87
61
31
6
-6
-19
-32
-33
-46
-65
-76
-90
-84
-92
-107
-102
-98
-99
-111
-114
-119
-113
-133
-141
-131
-109
-99
-89
-51
-61
-43
-31
-8
-13
-14
16
21
18
27
18
20
33
35
24
28
25
22
16
12
24
3
-6
-17
-18
-17
-24
-57
-88
-108
-123
-120
-115
-114
-123
-139
-148
-125
-107
-99
-86
-82
-77
-85
-75
-67
-45
-46
-46
-40
-31
-41
-49
-45
-54
-49
-53
-26
5
7
16
37
44
37
33
35
6
-13
-26
-27
-36
-50
-58
-66
-58
-60
-59
-53
-63
-51
-27
-18
-27
-28
-18
-35
-26
-15
2
13
18
11
3
4
4
19
24
49
68
88
123
132
163
150
147
145
137
142
136
131
123
123
98
82
75
62
42
27
19
18
11
10
18
4
0
0
5
22
35
50
51
44
61
74
72
75
67
56
40
14
-1
0
12
8
0
24
28
27
28
44
76
86
101
105
117
101
105
96
72
57
14
22
11
1
-16
-30
-35
-46
-30
-21
-4
3
-1
0
2
9
20
30
21
4
-17
-42
-62
-80
-108
-122
-117
-109
-97
-93
-90
-86
-75
-71
-74
-65
-62
-69
-81
-67
-49
-22
-30
-32
-39
-54
-71
-100
-98
-100
-80
-62
-48
-40
-33
-25
-25
-27
-49
-62
-64
-49
-20
-9
13
7
-2
1
-11
-9
-38
-46
-45
-25
-4
2
-11
-18
-6
-25
-36
-34
-36
-33
-27
-17
-12
15
37
35
18
1
-24
-48
-67
-75
-69
-74
-76
-60
-48
-34
-20
-1
21
23
16
12
20
21
35
53
58
45
35
56
50
43
46
45
59
47
46
64
60
68
93
101
97
103
103
114
102
103
99
89
95
80
72
50
45
45
36
23
18
19
2
-4
-2
5
-9
3
8
12
21
26
32
35
27
21
23
5
12
27
37
41
36
38
52
43
48
54
56
58
58
59
56
60
59
68
65
58
37
18
10
-3
-12
-21
-29
-34
-45
-53
-57
-61
-84
-94
-96
-111
-108
-111
-116
-97
-93
-70
-50
-46
-61
-58
-60
-73
-85
-85
-65
-52
-34
-39
-41
-37
-27
-18
-26
-16
-30
-21
-30
-23
-21
-15
-11
-18
-12
-41
-58
-57
-80
-80
-93
-85
-69
-73
-68
-60
-55
-63
-60
-87
-84
-74
-76
-74
-66
-52
-31
-30
-17
0
10
29
32
34
24
21
13
17
25
36
33
50
63
52
56
60
58
50
60
65
75
80
72
58
61
61
54
47
55
55
42
45
33
37
35
27
36
50
55
44
34
22
14
21
19
13
13
13
28
45
39
52
57
56
58
56
48
53
63
74
75
90
89
87
72
67
59
44
45
39
36
38
43
50
49
42
39
45
52
37
15
3
-5
-13
-16
-8
-3
0
7
7
-7
-36
-51
-53
-65
-78
-78
-81
-85
-93
-101
-96
-111
-118
-114
-113
-95
-75
-51
-31
-16
-8
3
13
13
8
5
2
-14
-22
-37
-59
-73
-64
-58
-56
-32
-39
-35
-50
-47
-30
-33
-22
-17
-9
9
3
-17
-14
-7
-6
-13
-7
-12
-11
-11
-15
-21
-35
-33
-20
-7
5
17
25
29
24
21
13
3
-2
-1
12
12
4
-6
-19
-32
-44
-45
-57
-70
-52
-33
-25
-24
-30
-28
-34
-47
-44
-37
-32
-13
3
13
19
20
28
44
44
40
35
38
32
22
17
29
37
35
38
40
40
30
31
25
27
22
18
27
34
38
52
45
26
20
20
22
21
12
9
3
4
19
25
20
21
20
16
11
16
18
26
27
18
7
-3
-9
-4
12
23
35
38
44
56
62
62
71
62
60
60
51
47
51
53
45
56
66
60
55
44
31
27
23
14
6
3
-3
-6
-7
-22
-27
-43
-59
-60
-63
-56
-40
-35
-27
-36
-42
-41
-31
-34
-32
-22
-11
0
-7
-3
-7
-10
-27
-26
-22
-42
-40
-38
-32
-27
-21
-5
12
20
17
14
10
2
-13
-15
-25
-35
-40
-37
-33
-41
-44
-50
-49
-56
-65
-62
-60
-53
-54
-55
-41
-43
-48
-51
-31
-26
-26
-17
-23
-16
-21
-2
2
17
33
23
18
9
13
17
7
1
17
12
10
5
-3
-8
-17
-14
-9
-21
-23
-23
-45
-48
-46
-52
-60
-55
-59
-62
-53
-46
-37
-33
-31
-20
-18
-19
-14
-17
-1
11
14
24
9
13
19
26
34
42
54
44
47
66
86
98
103
100
97
84
68
67
71
64
67
69
66
52
59
54
51
62
61
54
45
43
31
32
34
24
30
23
17
11
8
9
2
7
2
8
3
-5
0
3
-1
5
13
8
9
5
0
14
11
13
9
6
22
34
39
48
56
48
50
54
46
39
27
13
1
-12
-16
-30
-34
-50
-50
-54
-64
-73
-87
-88
-75
-56
-49
-44
-30
-22
-18
-18
-12
-17
-30
-35
-36
-38
-32
-20
-20
-11
-11
-6
-8
4
7
27
33
42
49
60
63
45
40
18
0
-32
-45
-62
-70
-63
-61
-53
-64
-59
-54
-67
-72
-64
-90
-105
-105
-97
-74
-72
-61
-59
-60
-56
-61
-60
-63
-60
-50
-42
-35
-41
-40
-30
-27
-23
-19
-5
-6
-2
7
8
4
7
13
15
15
15
8
4
13
21
30
29
20
19
28
21
27
32
29
34
42
44
47
52
56
62
67
59
56
47
46
58
54
52
49
47
35
29
33
41
54
63
60
64
66
68
68
63
65
64
58
51
40
32
30
24
23
16
16
2
-2
-6
-7
4
6
14
24
33
38
47
45
37
33
17
-8
-10
-12
-16
-12
-16
-15
-3
4
3
0
-4
-6
-16
-21
-4
-10
-9
-2
-8
-24
-27
-40
-45
-41
-47
-41
-48
-48
-42
-38
-26
-16
-7
4
10
8
1
-13
-13
-14
-21
-23
-27
-21
-11
-10
-5
0
2
-5
-22
-20
-18
-20
-17
-14
-12
-7
-11
-15
-15
-21
-21
-33
-39
-46
-54
-47
-39
-33
-30
-40
-44
-37
-38
-42
-38
-39
-43
-45
-45
-37
-26
-16
-9
-1
-1
-1
-5
-10
-24
-31
-31
-28
-22
-11
-9
-9
-17
-7
5
1
2
-8
-11
-4
7
15
17
20
27
27
28
26
24
24
23
33
40
46
49
47
54
45
49
51
35
26
24
21
12
16
13
14
16
10
13
20
17
10
10
11
14
21
16
14
9
6
13
11
5
6
5
7
6
14
21
31
34
35
30
36
44
42
33
37
44
43
42
42
48
35
46
45
40
45
39
38
31
31
28
23
14
7
0
-5
-10
-18
-21
-24
-22
-13
-16
-27
-24
-36
-36
-30
-20
-19
-16
-7
-11
-13
-20
-26
-48
-63
-69
-61
-55
-54
-47
-45
-40
-40
-43
-49
-49
-63
-58
-54
-49
-25
-12
-13
-6
0
-7
-5
-6
-10
-12
-22
-21
-27
-16
-7
2
9
8
16
12
7
8
-2
-5
5
5
13
6
0
-11
-12
-20
-26
-25
-24
-21
-18
-27
-23
-15
-15
-13
-24
-23
-32
-29
-29
-24
-21
-20
-27
-35
-26
-20
-9
8
20
31
40
29
16
13
21
18
11
18
18
24
24
26
23
24
28
18
14
15
27
28
31
39
44
44
40
33
28
12
7
15
24
30
38
46
54
53
50
45
36
24
15
8
-1
5
2
7
17
17
22
14
10
7
5
8
16
21
27
25
30
32
22
17
13
12
4
-3
3
1
4
2
3
1
2
8
9
0
-8
-2
2
3
6
7
5
-7
-9
-2
-10
-22
-29
-29
-33
-37
-30
-35
-26
-19
-9
-6
-7
0
-4
-12
-22
-21
-21
-23
-28
-25
-21
-23
-11
-11
-10
-11
-12
-14
-17
-19
-24
-22
-12
-10
-4
4
12
9
-1
-9
-21
-32
-48
-46
-35
-35
-35
-21
-20
-25
-27
-20
-20
-19
-19
-22
-15
-4
-3
-4
-5
-2
-1
-8
-5
-1
-9
-16
-17
-27
-28
-23
-22
-11
-9
-8
-2
-6
-3
-10
-10
-3
0
5
4
15
15
12
14
14
11
3
-1
-5
5
11
11
16
19
21
23
21
22
16
12
14
17
23
25
32
35
44
43
45
36
24
27
12
12
14
6
12
14
16
12
12
5
6
7
12
12
12
21
19
25
25
30
28
28
29
27
24
26
25
23
23
25
33
43
47
50
49
33
22
4
0
-1
-7
-1
-3
-3
6
9
4
-5
-9
-13
-9
-9
-8
-6
-18
-21
-21
-21
-18
-20
-12
-18
-24
-32
-31
-29
-41
-38
-35
-27
-26
-27
-24
-16
-12
-15
-13
-15
-14
-7
4
5
7
13
12
12
5
2
-6
-22
-30
-34
-35
-32
-25
-23
-18
-23
-20
-33
-35
-32
-42
-37
-34
-29
-30
-27
-19
-12
-3
-5
-14
-25
-31
-29
-31
-29
-23
-10
-4
3
9
14
16
10
8
8
3
2
