SAMPLES:	19159
BITSPERSAMPLE:	16
CHANNELS:	1
SAMPLERATE:	16000
NORMALIZED:	FALSE
36
44
48
62
64
65
69
67
62
64
58
47
49
42
39
36
17
9
9
6
9
1
-5
-1
3
-3
-9
-6
-1
-4
-9
-7
-18
-28
-27
-28
-33
-30
-19
-17
-25
-26
-20
-27
-23
-14
-21
-27
-35
-48
-60
-68
-71
-75
-74
-67
-63
-69
-64
-54
-43
-39
-34
-29
-18
-3
5
18
17
16
7
11
8
3
7
0
0
-4
-3
-4
-8
-2
9
4
12
18
16
12
6
0
-8
-3
3
5
6
9
8
6
1
4
-6
-7
-6
-1
4
3
-7
-17
-5
-5
0
7
17
19
16
13
7
-4
-20
-31
-39
-36
-39
-55
-63
-75
-81
-78
-75
-66
-48
-33
-17
-7
-5
-4
6
4
7
11
12
17
21
27
18
12
2
-9
-17
-19
-24
-24
-31
-26
-25
-24
-23
-31
-29
-25
-29
-55
-66
-74
-74
-66
-72
-63
-62
-54
-41
-26
-3
6
17
26
48
71
76
88
105
116
135
145
152
156
156
161
171
177
178
175
164
148
142
143
131
123
112
100
87
75
66
64
62
63
65
56
61
59
55
50
33
26
16
3
-17
-32
-53
-66
-64
-73
-82
-79
-78
-81
-85
-91
-101
-107
-106
-115
-118
-118
-122
-120
-135
-144
-138
-144
-141
-135
-124
-117
-109
-100
-88
-75
-65
-60
-44
-44
-41
-35
-32
-24
-21
-25
-24
-12
-12
6
16
29
50
59
64
73
63
58
55
45
33
22
27
19
21
17
11
8
0
-3
-7
-8
-17
-23
-27
-35
-28
-19
-19
-25
-14
-9
-11
-8
-1
1
7
8
7
11
21
25
26
22
10
16
15
13
2
-4
-7
-1
-8
-7
1
-2
-6
-13
-16
-24
-24
-38
-42
-38
-33
-33
-41
-43
-39
-28
-29
-24
-25
-21
-10
4
24
43
65
72
90
100
118
124
117
112
110
121
119
129
136
133
137
142
136
130
126
119
112
101
99
101
87
81
76
72
61
41
36
33
14
3
-1
-14
-25
-32
-42
-58
-66
-64
-69
-84
-93
-95
-96
-92
-89
-80
-68
-54
-40
-49
-56
-56
-67
-73
-87
-70
-65
-57
-59
-71
-70
-79
-83
-85
-93
-94
-86
-87
-84
-86
-84
-87
-88
-95
-95
-105
-107
-116
-123
-114
-115
-99
-91
-73
-51
-35
-32
-32
-27
-23
-20
-15
3
26
33
33
41
56
52
53
60
68
70
76
83
80
82
83
78
64
52
57
52
44
47
45
39
44
49
63
84
85
91
86
67
51
45
38
27
16
16
15
2
-7
-2
-1
-3
-3
14
17
31
41
51
58
60
70
61
64
56
47
27
8
-1
-10
-13
-12
-14
-7
10
22
20
16
19
20
21
11
14
29
39
45
47
53
52
35
30
26
26
13
6
12
19
29
33
33
32
39
46
42
23
14
2
-8
-8
-9
-3
-2
-2
0
-19
-53
-94
-121
-141
-142
-141
-138
-133
-131
-122
-119
-122
-118
-98
-84
-76
-74
-68
-56
-50
-44
-32
-35
-43
-48
-59
-84
-92
-83
-89
-84
-61
-38
-28
-10
-4
-6
2
-3
-8
-12
-21
-18
-7
-3
4
4
12
9
11
10
14
22
24
21
32
53
63
85
86
101
108
103
101
88
80
72
74
82
81
81
90
92
85
65
51
30
14
5
4
19
29
28
26
38
30
28
33
24
12
1
-1
-14
-19
-8
1
1
-2
2
-3
-9
-2
-5
-8
3
13
32
46
44
53
54
45
33
25
16
5
3
17
26
22
14
19
26
10
3
-7
-17
-31
-27
-34
-31
-16
-8
-2
-10
-7
-5
-18
-43
-52
-49
-56
-57
-56
-47
-44
-53
-60
-86
-102
-123
-136
-137
-128
-106
-90
-63
-57
-50
-43
-45
-41
-39
-44
-39
-38
-41
-37
-27
-11
-5
3
5
16
13
5
11
17
23
40
58
67
74
83
94
85
73
67
53
39
33
41
56
52
55
69
58
56
44
32
23
3
-4
-2
7
3
12
6
5
-2
-8
-21
-40
-46
-53
-43
-38
-27
-21
-9
-3
3
-1
-14
-16
-22
-17
-11
3
30
48
70
77
79
80
69
54
37
24
25
29
34
32
42
49
41
43
42
37
23
6
2
4
9
14
23
23
18
31
18
3
-5
-15
-28
-35
-35
-25
-8
3
12
9
2
-17
-35
-61
-78
-75
-72
-71
-62
-56
-64
-64
-71
-65
-72
-86
-95
-102
-100
-108
-96
-84
-84
-75
-74
-70
-83
-94
-93
-105
-93
-70
-44
-19
10
44
63
75
72
62
53
60
69
83
92
107
121
124
120
108
105
98
76
58
53
49
49
51
58
76
75
69
69
67
56
51
40
10
7
13
28
32
40
41
37
28
15
0
-11
-5
-8
9
20
35
42
34
30
18
-6
-24
-31
-38
-36
-46
-58
-62
-56
-60
-62
-62
-75
-85
-94
-96
-93
-88
-79
-63
-52
-37
-31
-39
-60
-79
-110
-124
-118
-111
-91
-69
-47
-29
-25
-19
-23
-20
-24
-40
-33
-6
4
16
35
54
61
62
68
66
51
31
34
17
27
38
51
62
71
90
93
81
50
26
0
-7
-10
-2
15
29
42
43
34
29
24
9
-1
4
19
30
42
61
80
93
101
96
96
83
75
58
41
39
36
44
44
45
49
53
33
6
-16
-29
-37
-37
-35
-21
-10
-4
-2
-12
-23
-36
-54
-76
-78
-72
-67
-60
-49
-34
-27
-21
-11
-11
-17
-26
-37
-41
-48
-44
-32
-17
-16
-9
0
-10
-24
-41
-49
-62
-62
-46
-29
-9
4
7
-6
-27
-33
-55
-79
-82
-76
-60
-53
-37
-23
-8
-12
-19
-15
-24
-33
-37
-34
-31
-28
-19
-9
3
6
13
22
11
-8
-9
-9
-13
4
15
40
58
71
67
58
45
26
18
10
16
20
23
35
39
49
43
33
32
34
17
7
-8
-12
-9
-6
11
17
32
33
29
11
-11
-39
-46
-59
-51
-35
-14
4
6
5
-13
-24
-36
-40
-41
-25
-3
23
43
64
87
91
92
89
92
94
91
101
111
117
132
153
167
179
185
179
167
143
121
101
95
96
94
109
115
101
85
55
29
10
-13
-33
-41
-41
-33
-32
-34
-33
-48
-73
-107
-123
-137
-170
-188
-192
-191
-191
-185
-175
-163
-154
-160
-171
-189
-203
-208
-198
-188
-172
-144
-118
-109
-110
-124
-144
-175
-184
-180
-172
-156
-140
-116
-93
-84
-81
-83
-87
-81
-77
-76
-68
-46
-8
37
70
96
119
132
144
136
120
103
88
89
101
136
171
197
211
208
190
165
145
134
131
149
169
181
187
189
203
192
167
140
120
102
69
45
31
39
42
42
48
62
62
56
32
7
-16
-29
-37
-38
-18
-3
13
5
-6
-22
-48
-72
-94
-95
-86
-66
-49
-28
-23
-17
-9
-12
-33
-42
-45
-50
-56
-46
-32
-19
4
18
37
44
47
37
22
13
-3
-13
-10
10
48
77
86
59
51
40
16
0
5
31
56
85
101
110
103
80
56
32
14
1
-22
-57
-55
-45
-45
-47
-55
-50
-50
-63
-96
-138
-175
-197
-217
-220
-200
-163
-135
-133
-143
-164
-200
-229
-248
-248
-223
-188
-146
-107
-76
-58
-43
-52
-61
-74
-58
-60
-62
-45
-20
6
32
77
92
104
110
105
80
54
45
26
17
46
90
112
116
106
91
54
13
-17
-39
-10
26
57
83
106
115
112
99
67
64
55
62
56
60
78
95
122
136
166
166
155
136
103
98
95
87
80
104
146
155
171
166
131
100
62
25
7
18
24
33
45
60
69
59
37
13
6
-8
-29
-49
-65
-51
-37
-37
-23
-17
-20
-21
-40
-59
-95
-107
-111
-114
-84
-37
-4
13
13
11
-7
-64
-93
-96
-95
-75
-43
-21
13
33
21
-4
-42
-58
-66
-89
-98
-99
-71
-56
-45
-35
-26
-22
-39
-71
-103
-134
-155
-157
-161
-148
-102
-72
-67
-59
-76
-105
-129
-156
-145
-134
-112
-71
-44
-17
1
-2
-9
-33
-51
-64
-69
-52
-55
-20
18
71
121
141
139
129
114
90
73
56
64
73
93
118
134
135
135
131
95
51
5
-34
-12
15
60
92
110
129
122
85
44
-2
-11
-21
-25
-32
-24
10
39
63
91
92
69
58
21
-10
-8
-5
5
43
89
142
146
131
101
66
15
-44
-76
-76
-50
-13
39
57
46
48
33
-5
-58
-99
-95
-78
-72
-43
-4
4
29
57
51
52
1
-86
-127
-135
-138
-139
-105
-79
-9
148
320
439
381
199
-5
-207
-380
-519
-617
-599
-426
-323
-309
-288
-171
98
354
406
280
137
64
59
9
-73
-114
-109
-48
-8
3
115
320
455
399
166
-58
-128
-119
-180
-271
-336
-273
-87
72
232
418
660
801
742
523
325
242
171
54
-100
-222
-174
-20
67
131
201
272
251
76
-169
-363
-413
-408
-468
-514
-448
-224
57
258
327
332
306
201
-24
-294
-444
-461
-433
-475
-472
-383
-246
-69
4
-48
-135
-212
-323
-415
-467
-443
-360
-302
-227
-144
-5
166
240
190
83
-25
-89
-127
-137
-145
-126
-72
-4
28
56
155
271
319
318
325
360
426
428
393
362
353
322
214
136
197
281
256
194
142
134
146
111
80
36
-49
-91
-125
-112
5
154
290
390
442
488
547
491
378
273
186
88
-38
-174
-285
-331
-355
-424
-525
-568
-581
-579
-531
-537
-539
-464
-345
-187
-66
58
175
252
289
244
129
32
-31
-106
-192
-280
-288
-301
-316
-361
-442
-481
-468
-368
-313
-239
-64
153
300
369
407
482
491
428
270
119
110
147
168
177
259
367
440
498
441
327
200
40
-82
-133
-88
6
119
279
484
655
672
618
603
645
727
676
532
488
754
1223
1462
1221
660
137
-234
-694
-1371
-2067
-2328
-2118
-1879
-1951
-2031
-1568
-609
171
181
-280
-498
-246
75
14
-366
-499
-112
329
455
314
346
644
713
314
-313
-632
-672
-983
-1754
-2692
-3036
-2653
-1988
-1490
-844
225
1297
1810
1710
1756
2315
2875
2612
1528
519
250
519
456
-92
-459
-293
41
94
-143
-224
-1
-76
-746
-1612
-1909
-1227
-182
450
753
1250
2014
2597
2694
2410
2120
1885
1383
667
68
24
434
850
855
493
415
733
1395
2036
2475
2384
1558
455
-278
-563
-748
-1270
-2004
-2286
-2083
-1838
-2007
-2151
-1633
-572
-99
-825
-1670
-1583
-680
-265
-1014
-2006
-1951
-718
471
893
933
1322
2027
2049
876
-1012
-2470
-2805
-2534
-2625
-3083
-3297
-3042
-2577
-2167
-1680
-1028
-312
472
944
930
753
851
1344
2166
2796
2752
2230
1754
1669
1717
1179
-112
-1364
-2062
-2282
-2370
-2484
-2115
-1081
-197
94
-32
206
1083
1816
1814
1349
1332
2090
2934
3303
3219
3308
3470
3129
2099
990
653
979
1071
523
-122
-262
429
1776
3305
4148
3911
2773
1637
885
-107
-1691
-3565
-4625
-4169
-3182
-3104
-3629
-3344
-1340
628
103
-2244
-3681
-2825
-1109
-1081
-2617
-3307
-1895
426
1550
1358
1643
3087
4163
3183
330
-2240
-3299
-3712
-4442
-5073
-4704
-3489
-2492
-2303
-1913
-801
293
482
244
455
1180
1678
1544
1576
2365
3470
3841
3181
2497
2521
2604
1723
-149
-2073
-3236
-3663
-4063
-3996
-3046
-1337
251
990
1259
1661
2421
2749
2396
1840
1669
1983
2416
2674
2868
2990
2923
2701
2236
1639
1364
1263
1382
1396
996
453
696
2328
4608
5831
4844
2555
878
10
-1307
-3907
-6520
-6894
-5498
-4471
-5147
-6008
-4427
-996
934
-627
-3203
-3388
-1332
-59
-1318
-3402
-3276
-788
1397
1825
1731
3021
4902
4861
2082
-1756
-4393
-5451
-6087
-6822
-6888
-5446
-2699
269
2542
3934
4559
4592
4343
4001
3415
2295
1079
580
887
1265
1382
1871
2968
3867
3382
1694
-158
-1461
-2638
-4157
-5324
-5160
-3781
-2397
-1157
475
2410
3940
4124
3486
2962
2773
2435
1565
687
547
1108
1373
1494
1674
1955
1815
1062
443
432
812
962
780
1048
2640
4823
6291
5823
3765
1580
198
-895
-2872
-5541
-7338
-7037
-6023
-5953
-6559
-5788
-2628
176
-134
-2278
-2974
-1644
-571
-1709
-3517
-3170
-1156
447
941
1554
3308
4676
3660
948
-1440
-2919
-4197
-6033
-7616
-7639
-6125
-3466
-507
2040
3830
4848
5475
5504
4468
2580
863
159
-8
-612
-1047
240
3030
5143
5064
3751
2958
2550
898
-2263
-4981
-6017
-5692
-5129
-4579
-2882
50
3124
5037
5626
5322
4745
3827
2277
507
-874
-1244
-505
599
1609
2471
3158
3386
2720
1605
1014
1046
960
315
181
1949
5019
7134
6615
4363
2653
2084
955
-1974
-5704
-7592
-6859
-5860
-6342
-6933
-5181
-1366
1297
628
-1451
-1957
-933
-752
-2367
-3900
-3313
-1277
328
1376
2782
4518
5206
3867
1453
-695
-2436
-4260
-6564
-8359
-8579
-7041
-4352
-1718
298
2349
4693
6196
6239
4918
3331
2131
1021
-466
-1510
-1196
535
2492
3403
3481
3333
3231
2602
611
-2272
-4806
-6371
-6923
-7081
-6773
-5016
-1743
1964
4531
5727
6477
7123
6749
4861
1996
-600
-1845
-2117
-1959
-1594
-804
362
1234
1326
1104
1254
1726
1788
1058
711
2132
4574
5790
4419
2217
1603
2263
1614
-1634
-5161
-6188
-5498
-5645
-7161
-7593
-4840
-857
880
-331
-1806
-1548
-469
-644
-2309
-3177
-1958
185
1944
3078
4303
5680
5954
4532
2051
-489
-2617
-4735
-7091
-8857
-8627
-6216
-2751
487
2851
4523
5868
6549
6125
4631
2757
1217
34
-934
-1181
-264
1425
3014
3599
3318
2731
2002
740
-1149
-3408
-5488
-6981
-7719
-7621
-6296
-3642
-451
2594
4773
6086
6739
6653
5582
3695
1501
-297
-1384
-1855
-1718
-1164
-382
60
-44
164
1126
2413
2919
2247
1747
2994
5531
7005
5780
3052
1727
2136
2002
-727
-4738
-6594
-6115
-5519
-6514
-7868
-6553
-2713
315
495
-743
-1107
-358
-95
-1170
-2451
-2303
-973
495
1818
3104
4220
4581
3864
2279
90
-2327
-4761
-7041
-8542
-8750
-7525
-5039
-1673
1857
4939
6741
7169
6805
6045
5015
3257
801
-1375
-2288
-1627
-480
243
790
1563
2429
2401
994
-1049
-2902
-4102
-5368
-6877
-7622
-6788
-4111
-905
1752
3956
6189
7957
8283
6895
4625
2583
996
-599
-2286
-3444
-3341
-2015
-780
-515
-315
844
2989
4699
4685
3904
4189
6011
7347
6138
3188
1366
1616
1598
-704
-4630
-6903
-6411
-5576
-6092
-7197
-6381
-3132
-355
-46
-844
-1189
-793
-650
-1637
-2511
-2360
-1752
-831
552
2337
4034
4439
3367
1753
124
-1822
-4523
-7537
-9390
-9172
-7482
-4934
-2034
1102
4356
6595
7034
6413
5581
4909
3788
1745
-426
-1419
-785
283
909
988
1279
2227
2493
1278
-1001
-3222
-4471
-5478
-6824
-7620
-6774
-3896
-487
2045
3790
5448
7394
8484
7904
6106
4124
2587
1285
-273
-1762
-2449
-2258
-1672
-1250
-653
1046
3287
4780
4827
4704
5829
7585
7450
4351
825
-383
309
-83
-2848
-5644
-5702
-4092
-3484
-4474
-5023
-3194
-585
-9
-1524
-2549
-1916
-1033
-1529
-3277
-3770
-2527
-1078
-22
554
1602
3165
3815
3099
1222
-1164
-3610
-5989
-7950
-8839
-8606
-7292
-5037
-2074
1216
4102
5976
6703
6741
6332
5417
3554
1089
-711
-1090
-412
309
677
1073
2109
3265
2995
937
-1824
-3967
-5130
-6403
-8059
-8734
-7334
-4177
-1010
1105
3022
5312
7425
8043
6877
4924
3232
2020
544
-1155
-2415
-2865
-2568
-1910
-1102
266
2203
3946
5225
6282
7530
8385
7531
4542
1376
-254
-1195
-3159
-6306
-7977
-6406
-3532
-2430
-3221
-2972
7
3182
3565
1055
-1144
-1183
-729
-1776
-3997
-4859
-3182
-496
1374
2249
3084
4313
4762
3462
639
-2562
-5016
-6871
-8372
-9053
-8430
-6227
-3059
104
2690
4765
6381
7316
7226
5988
4145
2415
1055
-35
-738
-589
459
1803
2674
2829
2571
1843
885
-711
-3340
-5894
-7534
-8008
-7460
-6222
-4425
-2044
575
3104
5131
6234
6346
5960
5149
3896
2224
337
-891
-1409
-1393
-1465
-1838
-1556
-179
1985
3903
5175
6637
8335
9038
6935
2632
-1073
-2745
-3826
-6375
-9623
-10521
-8009
-4315
-2278
-1660
95
3492
6255
5884
3237
1100
184
-954
-3512
-6227
-6743
-4579
-1442
708
1735
2947
4555
5001
2925
-1049
-4714
-6846
-7987
-8977
-9642
-8723
-5547
-1103
2889
5592
7357
8401
8700
7975
5973
3221
647
-1204
-2061
-2016
-1418
-281
1127
2282
3075
3235
2469
647
-1795
-4159
-5999
-7242
-7836
-7547
-6189
-3658
-524
2287
4370
5678
6334
6341
5602
4222
2575
1157
195
-576
-1008
-1274
-1383
-1010
-492
426
1826
3474
5611
7964
9542
9207
6721
3806
1710
-336
-3707
-7856
-10165
-9595
-7906
-7044
-6374
-3527
1587
5753
6478
4971
4289
4358
2875
-1053
-5402
-6995
-6126
-4881
-3629
-1796
1218
4045
4858
3759
1688
-689
-3410
-6625
-9445
-10692
-10078
-8078
-5111
-1521
2421
6232
8702
9332
8445
6797
4723
1991
-1118
-3409
-3951
-2843
-1146
695
2554
4356
5517
5261
3718
1195
-1631
-4492
-7110
-8886
-8982
-7274
-4753
-2146
601
3603
6333
7740
7353
5847
4233
2789
1160
-896
-2472
-2690
-1754
-705
-96
654
2058
4168
6233
7651
8717
9315
8774
6500
3146
360
-1906
-4440
-7621
-9943
-9842
-8400
-7207
-6415
-4245
-69
3949
5577
5023
4442
4510
3692
1093
-2593
-5032
-5412
-4877
-3726
-2226
-250
1711
2576
2309
1182
-658
-3272
-6385
-8907
-10021
-9456
-7684
-5030
-1785
1869
5566
8288
9622
9453
8082
6003
3456
594
-2032
-3845
-3992
-2556
-477
1644
3389
4433
4482
3502
1658
-579
-3104
-5890
-8158
-9190
-8184
-5414
-2274
575
3053
5310
7193
8029
7168
4982
2337
-110
-2012
-3165
-3691
-3613
-2838
-1690
-148
1816
3960
5636
6823
8024
9373
10019
8531
5076
1471
-928
-2796
-5628
-9019
-11075
-10760
-9390
-8631
-7571
-4592
124
3881
5260
5345
5981
6756
5464
1608
-2863
-5109
-5157
-4868
-4688
-4019
-1987
815
2369
2232
802
-1019
-3021
-5344
-7564
-8722
-8251
-6523
-4117
-1250
2546
6882
10192
11308
10649
8986
7164
4738
1211
-2276
-4459
-4355
-2652
-854
780
2563
4585
5766
5108
2627
-430
-3215
-5685
-7502
-8254
-7323
-4895
-1863
1363
4511
7334
9299
9317
7392
4349
1347
-1173
-3385
-5043
-6055
-6037
-4783
-2512
243
2699
4585
5825
6952
8705
10442
10642
8051
3641
46
-1806
-3299
-6208
-9782
-11363
-10512
-9055
-8390
-7526
-4572
14
3390
4086
4033
5171
6431
5472
1518
-2721
-4402
-4365
-4574
-5471
-5465
-3131
53
1466
618
-947
-1758
-2094
-3389
-5587
-7426
-7772
-6308
-3907
-1182
1861
4902
7283
8712
9363
9169
7718
4831
1305
-1476
-2660
-2407
-1808
-1048
341
2073
3818
5045
4613
2693
-51
-3125
-5541
-7050
-7597
-6870
-5326
-2872
460
4029
7224
9006
8975
7718
5656
3230
663
-1959
-4141
-5397
-5198
-3994
-2128
15
2336
4801
7178
9563
11308
11404
9128
4921
939
-1694
-4055
-7330
-10933
-12395
-11031
-8704
-7331
-6656
-4323
6
3684
4888
4480
4610
5385
4668
1589
-2226
-4125
-4159
-4384
-5174
-5275
-3215
-168
1101
180
-1431
-2207
-2452
-3582
-5754
-7351
-7138
-5316
-2852
-509
2095
5063
7503
8738
8778
8114
7160
5286
2329
-463
-2035
-1972
-1080
-233
576
1978
3971
5311
5016
3070
400
-1953
-3946
-6018
-7547
-7746
-6192
-3249
78
3057
5626
7499
8314
7983
6490
4452
2208
-151
-2157
-3521
-4043
-3723
-2956
-1600
364
2515
4711
7047
9585
11326
10925
7846
3792
564
-2122
-5403
-9565
-12572
-12541
-10867
-9654
-8993
-6853
-2221
2658
4892
4568
4380
5375
5637
3083
-1414
-4870
-5708
-5527
-5571
-5522
-4142
-1107
1269
1675
389
-1118
-1976
-3137
-5244
-7538
-8242
-6628
-3668
-822
1417
3881
6535
8442
8982
7929
6447
5047
3001
582
-1413
-2036
-1103
282
1370
2516
3800
4938
5228
3780
1322
-1549
-4221
-6486
-8197
-8432
-6992
-4323
-982
2247
5175
7568
8900
8737
7247
5058
2641
455
-1546
-3077
-3913
-4152
-3562
-2347
-600
1633
4095
6777
9360
10787
10408
8037
4762
1642
-1558
-5185
-9126
-11548
-11558
-10613
-10078
-9473
-7044
-2310
2402
4614
4670
4813
5849
6168
3951
-364
-3990
-5607
-6102
-6357
-5975
-4272
-1503
800
1731
1520
872
-31
-1745
-4219
-6434
-7034
-6089
-4553
-2863
-682
2510
6083
8294
8647
7768
6774
5943
4381
1893
-664
-1936
-1325
312
1860
3110
4277
5165
5256
4120
2048
-547
-3599
-6661
-8903
-9615
-8265
-5393
-2309
564
3291
6301
8855
9719
8628
6125
3535
1510
-109
-1755
-3298
-4062
-3654
-2304
-671
930
2596
4656
7293
9802
10885
9766
6804
3500
704
-2333
-6048
-9714
-11651
-11560
-11200
-11004
-9842
-6388
-1448
2078
3191
3534
4987
6469
5632
2155
-2088
-4455
-5269
-6164
-7016
-7006
-4978
-1894
209
830
604
389
-55
-1516
-3773
-5770
-6353
-5819
-4701
-3229
-1173
2056
5503
8046
8962
8494
7477
6161
4075
1189
-1599
-2768
-1949
-212
1295
2437
3733
4980
5654
4891
2493
-741
-4045
-6850
-8627
-8955
-7847
-5672
-2912
161
3740
7251
9712
10396
9113
6699
4058
1587
-768
-3117
-4987
-5623
-4809
-2995
-827
1075
2917
5486
8882
11978
12927
10838
7072
3706
1217
-1644
-5710
-9696
-11509
-11122
-10479
-10127
-8853
-5496
-915
2054
2847
3444
5122
6301
4808
1092
-2429
-3721
-3927
-4940
-6122
-5875
-3453
-235
1339
1212
651
400
-21
-1501
-4005
-6317
-7500
-7417
-6105
-4083
-1302
1919
4562
6643
8177
8851
8925
7562
4955
2377
600
165
484
750
1099
1943
3238
4409
4444
2814
252
-2684
-5694
-7869
-9027
-8925
-7527
-5189
-1798
2100
5993
9119
10496
10335
8789
6520
3942
1198
-1651
-4222
-5850
-6207
-5123
-3419
-1897
-513
1253
4314
8518
11845
12479
10156
6766
4259
2079
-1254
-5816
-9888
-11482
-11133
-10816
-10775
-9565
-6062
-1478
1443
2293
3144
4897
5859
4259
426
-3111
-4581
-5110
-6081
-7110
-6426
-3309
472
2335
2251
1678
1717
1816
171
-3094
-6575
-8678
-8604
-7160
-5238
-2897
155
3681
7202
9844
10844
10117
8029
5195
2388
200
-1222
-1703
-1549
-1009
268
2328
4504
5673
4827
2120
-931
-3474
-5694
-7541
-8901
-8898
-6634
-2772
1466
5431
8428
10481
11403
10675
8322
4895
1366
-1696
-4159
-5765
-6239
-5465
-3937
-2240
-682
1127
3841
7602
11332
13002
11869
9042
6357
4271
1345
-3121
-7880
-10636
-10797
-10478
-10899
-10809
-8375
-3833
230
2088
2927
4271
5753
5343
2406
-1536
-4249
-5384
-6508
-7565
-7249
-4630
-701
2055
2848
3016
3378
3560
2076
-1456
-5593
-8636
-9695
-9036
-7703
-5793
-2784
990
5188
8592
10394
10811
9997
8292
5758
2843
445
-858
-1349
-1487
-1164
262
2612
4195
3638
1382
-1152
-3182
-4960
-7152
-9163
-9423
-7359
-3541
483
3785
6722
9324
10820
10705
8783
5696
2492
-695
-3411
-5342
-6300
-5822
-4657
-3485
-2120
-387
2250
5809
9516
11909
12103
10307
7571
5134
2498
-1167
-5435
-9008
-10427
-10354
-10277
-10410
-9398
-6124
-1868
1111
2408
3252
4492
4874
3154
-193
-3587
-5420
-6444
-7326
-7249
-5374
-1763
1884
3768
4342
4663
4803
3934
1092
-3337
-7589
-10313
-11414
-10787
-8511
-4655
252
4772
8338
10725
12083
12251
10316
6545
2654
107
-1243
-2202
-3282
-3292
-1087
2293
4838
4986
3155
1227
-95
-1830
-4801
-8138
-9857
-9085
-6282
-2482
1265
5139
8662
10926
11498
10358
8123
5141
1560
-1988
-4593
-5596
-5492
-5237
-4926
-4135
-2340
439
3518
6538
9643
12099
12572
10731
7569
4829
2371
-1270
-5828
-9578
-10878
-10275
-9986
-10520
-9711
-6027
-1023
2326
2967
2998
3825
4112
2556
-1069
-4877
-6913
-7609
-7442
-6311
-3757
268
3942
5730
6119
6146
5772
3887
-380
-5914
-10306
-12212
-11944
-11009
-9893
-6920
-1468
4835
9775
12311
13093
12998
11618
8427
4053
-20
-2505
-3737
-4519
-4346
-2577
183
2382
3029
2333
1410
453
-1368
-4311
-7239
-8350
-7108
-4713
-2429
204
3523
7241
10138
11004
9919
7436
4628
1860
-1114
-3723
-5526
-6359
-6455
-5870
-4334
-1922
669
3024
5798
9192
12205
13339
11742
8549
5665
3091
-427
-4939
-8860
-10499
-10375
-10322
-10533
-9253
-5642
-1006
2153
2893
2968
3577
3744
1974
-1678
-5170
-6805
-7119
-6956
-5722
-2742
1512
5398
7203
7340
6777
5659
3001
-1776
-7192
-11213
-13029
-13290
-12667
-10433
-5717
812
7120
11423
13581
14456
14089
11782
7340
2185
-1903
-4218
-5469
-6171
-5713
-3452
-72
2658
3878
3756
3126
2138
4
-3172
-6274
-7751
-7208
-5849
-3985
-1224
2624
6730
9569
10312
9444
7878
5666
2607
-840
-3869
-5691
-6550
-6874
-6505
-5161
-2694
229
3029
5699
8763
12079
14139
13459
10274
6264
2828
-433
-4208
-8229
-10940
-11262
-10402
-9559
-8404
-5747
-1468
2192
3256
2554
2027
2049
1371
-1183
-4779
-7004
-6842
-5278
-3347
-901
2331
5718
7898
8155
6823
4489
1321
-2854
-7621
-11823
-14120
-13854
-11889
-9045
-5324
-412
5207
10238
13479
14257
13123
10944
7947
4140
52
-3275
-4891
-5162
-4711
-3349
-1348
905
2724
3299
2763
1461
-331
-2478
-4706
-6148
-6416
-5571
-3812
-1368
1644
4872
7535
8914
8788
7356
5214
2746
219
-2198
-4285
-5826
-6489
-5971
-4373
-2342
-412
1551
3842
6938
10609
13266
13158
10319
6402
3307
742
-2738
-7140
-10778
-11790
-10669
-9304
-8265
-6397
-2729
1385
3434
3007
2085
1833
1195
-995
-4035
-6012
-5672
-4041
-2690
-1177
1313
4902
7789
8017
6138
3562
1080
-1756
-5659
-9897
-12804
-13356
-11980
-9556
-6072
-1077
4805
9807
12689
13520
12917
11311
8220
3866
-384
-3491
-5090
-5608
-5713
-4844
-2298
910
3506
4823
4679
3811
2430
178
-2545
-5372
-7276
-7702
-6819
-4736
-1496
2372
5675
7770
8420
8228
7569
5892
3074
-432
-3377
-4857
-5435
-5584
-5157
-3715
-1309
1203
3477
5833
8706
11629
13070
11819
8304
4262
826
-2239
-5562
-8705
-10406
-9840
-8009
-6612
-5584
-3830
-1086
1385
1800
391
-936
-1498
-1952
-3055
-4615
-5020
-3790
-2161
-663
1099
3288
5542
6438
5182
3133
1232
-666
-3101
-6644
-9769
-10994
-10510
-8940
-6998
-4395
-216
4891
9410
12234
12939
12448
11116
8234
3961
-691
-4247
-5881
-6423
-6383
-5308
-2741
972
4435
6220
6178
5329
3842
1560
-1868
-5789
-8493
-9393
-8649
-6384
-3055
990
5261
8472
10026
10134
8882
6688
3670
139
-2928
-5226
-6232
-6159
-5231
-3483
-1046
1621
4102
6320
8625
11147
12071
10234
6121
1702
-1167
-2844
-4845
-7509
-9120
-8155
-5817
-4419
-4526
-4555
-2951
-940
-555
-2257
-3869
-3622
-2488
-1916
-2484
-2846
-1640
52
1173
1891
2813
4425
5385
4540
2646
728
-752
-2211
-4624
-7712
-9852
-10111
-8685
-6498
-4200
-1598
1478
4716
7690
9529
10026
9585
7974
5626
3114
823
-911
-2185
-2991
-2614
-981
1173
2961
3441
2678
1344
-482
-2983
-5714
-8100
-9084
-8221
-6139
-3215
119
3553
6684
8802
9660
9579
8648
6704
3934
1046
-1352
-3001
-4248
-4821
-4196
-2723
-780
983
2408
4094
6333
8562
9337
7627
4771
2590
1402
404
-1429
-3819
-5046
-4724
-4201
-4687
-5704
-5672
-4276
-3085
-3308
-4390
-4573
-3311
-2017
-1592
-1818
-1705
-954
-413
-50
832
2429
4095
4481
3466
2310
1714
1058
-755
-3885
-7120
-8861
-8996
-8678
-8233
-6906
-3885
895
5759
9384
11464
12202
11794
9967
6595
2533
-786
-2995
-4509
-5284
-4889
-2898
183
2963
4241
3687
2374
690
-1528
-4326
-7225
-8945
-8878
-7430
-4973
-1863
1658
5634
8897
10557
10992
10268
8378
5398
1670
-1833
-4372
-5981
-6757
-6685
-5817
-3983
-1618
718
3060
5907
9047
10934
10394
8180
5946
4527
2814
-393
-4074
-6221
-6358
-6140
-7076
-8438
-8057
-5459
-2990
-2712
-3882
-4120
-2465
-687
-519
-1718
-2464
-1752
-686
117
843
1987
3491
4335
4104
3537
3038
2064
-312
-4146
-7798
-9865
-10459
-10443
-10139
-8482
-4487
1091
6646
10779
12741
13229
12717
10909
7753
3577
-557
-3487
-5093
-5434
-4378
-2246
161
2126
3260
3551
3025
1464
-1296
-4651
-7390
-8577
-8167
-6736
-4628
-1401
2893
7313
10884
12738
12666
11083
8221
4738
1246
-2237
-5304
-7589
-8660
-7995
-6056
-3861
-1917
-158
2446
6376
10190
11937
10917
8363
6183
4891
2968
-420
-4415
-6920
-7105
-6867
-7513
-8184
-7322
-4962
-2818
-2318
-2695
-2255
-1045
-434
-1125
-2188
-2129
-1321
-867
-520
338
2081
4332
5364
4935
4058
3030
1565
-1051
-4672
-8152
-10439
-11241
-10960
-9866
-7475
-3260
2126
7408
11446
13732
14350
13354
10744
6698
2017
-2011
-4640
-6111
-6651
-6014
-4091
-1300
1604
3221
3111
2103
501
-1701
-4323
-7239
-9197
-9356
-7900
-4854
-992
3259
7574
11011
12793
12926
11347
8269
4351
141
-3977
-7356
-9694
-10732
-10383
-9008
-6782
-4053
-906
2758
6942
10804
13012
12906
10986
8243
5726
2888
-772
-4412
-6651
-6644
-5983
-6244
-6829
-6293
-4252
-2293
-2167
-3364
-3846
-2790
-1332
-716
-1039
-1048
-91
1300
2660
3777
4892
5977
6293
5620
4495
2912
697
-2237
-5717
-8915
-10930
-11400
-10669
-8786
-5633
-1435
3225
7838
11703
13911
14292
12902
10138
6896
3301
-481
-3743
-5937
-6450
-5328
-3177
-821
1040
2210
2747
2305
834
-1862
-5176
-8105
-9750
-9371
-7485
-4510
-694
3496
7616
11052
12987
13038
11239
7872
3862
-369
-4490
-8021
-10716
-12046
-11568
-9561
-6658
-3466
-102
3868
8354
12290
14065
12892
9929
7099
4627
1508
-2662
-6567
-8233
-7920
-7691
-8227
-8409
-6919
-4145
-2581
-2984
-3695
-3265
-1819
-1084
-1488
-2008
-1290
390
1655
2424
3440
4930
6381
6611
5558
4036
2495
871
-1590
-4847
-7882
-9736
-10098
-9200
-7641
-5326
-1779
3076
8254
12336
14349
14316
12759
10160
6727
2451
-1972
-5388
-7021
-6956
-5569
-3375
-968
1349
3042
3427
2705
818
-1832
-4756
-7579
-9243
-9162
-7449
-4342
-366
3716
7594
10844
12765
12910
10923
7168
2450
-2326
-6430
-9748
-12234
-13209
-12435
-9951
-6163
-2221
1557
5157
9002
12580
14320
13648
10842
7482
4674
1878
-1390
-4784
-6721
-6572
-5955
-6235
-6898
-6435
-4398
-2482
-2293
-3261
-3432
-1951
-291
310
92
231
1241
2196
2731
3335
4253
5205
5158
4122
3008
2219
1201
-1102
-4613
-8055
-10080
-10572
-10181
-9300
-7687
-4384
906
6516
10805
13125
13910
13702
12228
9066
4429
-475
-4244
-6492
-7639
-7512
-5769
-2874
153
2272
2906
2455
1533
-392
-3200
-6192
-8199
-8130
-6488
-3976
-845
2705
6506
10032
12066
12130
10403
7028
2842
-1687
-6020
-9394
-11699
-12663
-12032
-9902
-6606
-2825
800
4315
7849
11461
14049
14184
11977
8829
6106
3792
968
-2470
-5324
-6278
-6257
-6833
-7769
-7725
-6227
-4398
-3728
-4232
-3947
-1831
541
1706
1716
1664
2415
3183
3234
2926
2932
3459
4011
3706
3015
2489
1387
-684
-3711
-7027
-9344
-10435
-10637
-10210
-8818
-5675
-782
4604
9251
12545
14143
14377
13267
10232
5635
437
-3845
-6505
-8076
-8286
-7152
-4967
-1946
675
2073
2533
2055
391
-2290
-5195
-7170
-7426
-6439
-4531
-1877
1416
5472
9208
11379
11795
10371
7300
3180
-1461
-5906
-9385
-11719
-12824
-12346
-10164
-6518
-2531
915
3873
6899
10456
13705
14900
13503
10489
7470
5003
2452
-654
-3805
-5812
-6257
-6343
-6971
-7584
-7137
-5765
-4760
-4663
-4428
-2822
-276
1562
2334
2414
2795
3462
3282
2507
2142
2785
4054
4657
4247
3613
2600
1022
-1411
-4762
-8049
-10236
-11245
-11149
-9879
-7348
-3280
1891
7187
11473
13929
14870
14555
12448
8633
3613
-1435
-5051
-7147
-8073
-7845
-6327
-3516
-471
1601
2360
2052
968
-795
-3002
-5016
-5994
-5646
-4524
-2710
-339
2734
6237
8950
10195
9749
7694
4627
918
-3143
-6775
-9733
-11643
-11976
-10643
-7998
-4639
-1576
988
3755
7095
10833
13801
14464
12704
9676
6894
4901
2444
-922
-4439
-6801
-7550
-8200
-9414
-10364
-9988
-8294
-6585
-5495
-4160
-1719
1184
3073
3807
3873
3814
3582
2553
1598
1621
2696
3812
3863
3123
2430
1583
111
-2381
-5794
-8699
-10403
-10840
-10137
-8847
-6394
-2345
2487
7334
11252
13653
14626
13944
11405
7504
3036
-1020
-3988
-6091
-7421
-7294
-5680
-3275
-1004
175
204
-236
-804
-1750
-2812
-3532
-3637
-2887
-1438
325
2462
4842
7069
8494
8627
7644
5738
2857
-525
-3879
-6768
-8732
-9882
-9995
-8693
-6185
-3010
-70
2371
4989
8166
11562
13974
13972
11883
9057
6700
5027
2675
-829
-4630
-6946
-7787
-8727
-10212
-11360
-10997
-8821
-6610
-5072
-3114
-80
3335
5330
5624
5213
4874
4464
3535
2413
2003
2818
3764
3510
2556
1320
-95
-1713
-4185
-7386
-10209
-11622
-11437
-10179
-7980
-4894
-712
4438
9475
13129
14673
14491
12925
9990
5798
1023
-3251
-6319
-8212
-9245
-8698
-6303
-3405
-992
221
102
-8
-122
-955
-2330
-3667
-4172
-3690
-2809
-1391
802
3343
5751
7226
7296
6539
4912
2239
-1010
-4568
-7516
-9152
-9899
-9667
-8041
-5299
-2005
1100
3720
6459
9638
12787
14714
14136
11643
8873
6923
5204
2423
-1429
-5102
-6988
-7400
-8293
-10005
-10986
-9980
-7569
-5378
-3656
-1524
1909
5154
6610
6503
5521
4816
3976
2165
619
363
1301
2406
2070
1047
523
-166
-1456
-3856
-7362
-10232
-11261
-10969
-9677
-7660
-4882
-661
4399
9345
13037
14531
14351
12988
10297
6702
2253
-2435
-5933
-8162
-8962
-8026
-6017
-3779
-1933
-906
-262
226
264
-264
-1334
-2209
-2474
-2402
-1752
-426
1361
3351
4733
5400
5724
5406
4064
1368
-2135
-5203
-7330
-8597
-9288
-9150
-7497
-4376
-1025
1666
3990
6267
8906
11803
13702
13443
11554
9151
7233
5543
2914
-843
-4844
-7244
-8052
-9248
-11090
-12243
-11556
-9076
-6310
-4183
-1714
1862
5179
6861
6904
5943
4914
3619
1698
272
-133
549
1485
1306
839
570
-70
-1202
-3387
-6389
-8812
-9928
-9608
-8341
-6500
-3750
288
5198
10165
13598
14730
14453
12997
10356
6678
1899
-2752
-6235
-8147
-8470
-7900
-6392
-4371
-2555
-984
322
983
1017
578
-387
-1433
-2112
-2603
-2388
-1503
-27
1911
3510
4988
5995
5752
4296
1602
-1616
-4353
-6646
-8405
-9322
-9111
-7104
-4153
-1335
1057
3239
5876
8874
11771
13472
13041
11124
8760
6863
5084
2086
-2156
-6051
-8051
-8611
-9472
-10968
-11739
-10578
-7817
-5074
-2821
-465
2475
5040
6199
6206
5354
4037
2095
-120
-1165
-759
466
1315
1141
948
1041
823
-390
-2998
-6290
-8980
-10287
-10218
-9166
-7193
-4353
8
5232
9960
13194
14296
14142
12945
10301
6277
1637
-2595
-5520
-7348
-8264
-8016
-6554
-4471
-2391
-1025
-405
252
635
523
-271
-1437
-2105
-2279
-1656
-296
1058
2454
3776
4958
5914
6013
4674
1754
-1529
-4126
-6059
-7485
-8332
-8199
-6704
-4050
-1173
1200
3250
5307
7609
10124
12574
13816
13097
11123
8989
7212
4836
1055
-3440
-6846
-8427
-9640
-11460
-12965
-12305
-9245
-5863
-3420
-1392
1586
5155
7399
7616
6076
4151
2733
1107
-319
-991
-672
562
1325
1575
1559
919
-197
-2339
-5507
-8668
-10629
-10940
-10099
-8506
-6232
-2622
2429
7819
11916
13776
14256
13563
11460
7873
2877
-2222
-5917
-8054
-9323
-9807
-8913
-6890
-4346
-1870
-289
687
1424
1761
1095
-292
-1586
-2467
-2472
-1948
-1217
-28
1559
3689
5498
5993
5140
2890
49
-2593
-5096
-7079
-8319
-8708
-7714
-5576
-2818
38
2518
4864
7386
10352
13472
15166
14447
12088
9431
7269
4816
1083
-3538
-7186
-8808
-9654
-10863
-11946
-11418
-8701
-5490
-3254
-1589
781
4082
6290
6512
5282
3586
2395
1108
-251
-752
-10
1641
2673
2500
1965
1274
148
-1815
-5044
-8543
-10605
-10778
-9700
-7913
-5653
-2194
2818
8144
12472
14790
15357
14733
12647
9010
4115
-920
-4935
-7683
-9500
-10363
-9629
-7331
-4346
-1599
132
1156
1941
2155
1557
105
-1647
-2757
-2878
-2540
-1947
-866
727
2823
4738
5555
4825
2641
64
-2593
-5074
-6986
-8514
-9204
-8553
-6485
-3113
375
3135
5240
7039
9511
12709
14869
14640
12359
9397
7347
5576
2465
-1969
-6189
-8415
-9044
-10129
-11927
-12599
-10762
-7603
-4893
-3038
-796
2887
6188
7390
6679
5020
3910
2809
935
-524
-732
395
1680
1841
1394
916
415
-765
-3476
-6844
-9330
-10113
-9312
-7668
-5788
-3120
781
5321
9643
12498
13669
13639
12063
9308
5823
1454
-2837
-6325
-8946
-10128
-9565
-7670
-5191
-3006
-1473
-201
955
1704
1493
104
-1730
-2878
-3031
-2572
-2077
-1616
-535
1487
3848
5335
4997
3017
428
-1926
-3872
-5688
-7395
-8458
-8032
-5981
-2709
841
3720
5875
7698
9926
12642
14710
14702
12490
9300
6809
5058
2738
-1055
-5271
-7897
-8704
-9172
-10346
-11356
-10583
-8193
-5412
-3085
-744
2688
5919
7302
6878
5427
4028
2823
1003
-924
-1692
-798
800
1530
1253
643
-51
-944
-2856
-5940
-8708
-9921
-9448
-7924
-6061
-3818
-421
4428
9471
12937
14293
13929
12288
9648
5825
823
-4280
-8267
-10352
-11264
-11074
-9203
-6317
-3191
-363
1458
2505
3249
3135
1729
-453
-2326
-3212
-3368
-3313
-2703
-1154
1397
4467
6198
6063
4610
2371
-133
-2746
-5235
-7370
-8470
-8135
-6214
-2828
916
3999
6360
8228
10363
12967
15022
14982
12283
8481
5649
4029
1951
-1689
-5945
-8408
-8327
-8074
-9016
-10088
-9622
-7190
-4336
-2360
-675
2068
5168
6563
5974
4469
3277
2173
280
-1737
-2726
-1764
271
1278
1047
457
-58
-724
-2283
-5106
-8188
-9971
-10042
-8747
-6708
-4123
-570
3650
7877
11341
13277
13726
12463
9484
5368
742
-3566
-7035
-9839
-11317
-10924
-8733
-5530
-2645
-626
745
1973
2777
2461
937
-1022
-2722
-3484
-3404
-2962
-2070
-576
1327
3265
4925
5753
5248
3323
486
-2440
-4680
-6148
-7221
-7554
-6461
-3647
129
3582
5957
7440
8863
11024
13392
14432
13282
10392
7460
5683
4057
1149
-3092
-6682
-8160
-8743
-9856
-11487
-11781
-9505
-6177
-3319
-1081
1583
5161
7284
6974
5306
3379
2026
468
-1689
-3143
-2623
-413
1518
2067
1855
1696
1420
267
-2336
-6010
-8810
-9795
-9365
-8060
-6267
-3386
1080
6136
10771
13641
14587
14176
12072
8298
3274
-2172
-6745
-9909
-11698
-11956
-10587
-7776
-4396
-1467
634
2220
3388
3685
2550
508
-1549
-2938
-3473
-3647
-3399
-2201
-45
2536
4973
6371
6148
4599
2006
-864
-3372
-5594
-7396
-8232
-7447
-4852
-1122
2530
5592
7442
8266
9180
10484
12324
13166
11662
8780
6346
5420
4543
1276
-3611
-7410
-8572
-8479
-10093
-12718
-13299
-10829
-6919
-3795
-1706
1114
4866
7150
7008
5142
3036
1682
-161
-2381
-3354
-2367
136
1789
1585
1083
918
782
-406
-3718
-7416
-9694
-10185
-9112
-7713
-6151
-3236
1493
7175
11769
13809
14079
12796
10344
6644
1364
-4195
-8405
-10576
-11350
-11109
-9427
-6259
-2427
902
2863
3909
4704
4630
2787
-12
-2565
-4006
-4221
-4056
-3578
-2010
1072
4769
7445
8042
6768
4414
1611
-1557
-4883
-7454
-8552
-8055
-6116
-2923
926
4804
7825
9078
9042
8769
9500
11079
11537
10063
7552
5755
5566
5013
2140
-2162
-5676
-6958
-7375
-9491
-12456
-13545
-11494
-7680
-4497
-2235
597
4017
6359
6713
5377
3743
2308
133
-2211
-3064
-1872
355
1526
1318
1059
1205
1307
-99
-3657
-7352
-9511
-9890
-9260
-8269
-6459
-3241
1397
6157
9721
11921
12936
12857
10819
6618
1359
-3456
-6798
-9122
-10970
-11581
-9988
-6466
-2417
549
2100
3234
4409
4733
3389
606
-1996
-3611
-4355
-4478
-3777
-1660
1501
4314
5955
6098
5242
3836
1344
-2234
-5721
-7583
-7417
-6039
-4144
-1695
1652
5344
7926
8550
7653
6689
6733
7892
9159
9376
8294
6848
6180
5829
4225
891
-3124
-5982
-7609
-9809
-12675
-14507
-13438
-9713
-5634
-2333
572
3921
6966
7920
6985
5116
3006
731
-1600
-2980
-2628
-873
689
1114
1078
1474
1744
659
-2081
-5538
-8151
-9079
-8887
-7938
-6589
-4760
-1621
2621
7206
11039
12811
12304
9944
6386
2365
-1873
-6158
-9450
-11253
-11543
-9610
-6150
-2454
805
3293
5009
5995
6159
4534
1314
-1824
-4155
-5370
-5529
-4809
-2909
14
3346
5836
6753
6448
4902
2016
-1532
-4600
-6462
-6782
-5831
-4173
-1394
2554
6272
8615
8844
7683
6547
6064
6401
7101
7334
6798
5950
5428
5597
4995
2414
-1279
-4663
-6567
-8179
-11214
-14144
-14313
-11151
-6319
-2498
-99
2487
5576
7777
8002
6054
3245
832
-1380
-2796
-2724
-1451
128
840
996
1465
1913
1559
-638
-4181
-7053
-8166
-8053
-7626
-7144
-6181
-3996
-62
5075
9649
12251
12338
10351
7414
4255
520
-4164
-8753
-11496
-11909
-10189
-6893
-3464
-179
3017
5492
6937
7114
5538
2406
-1122
-4176
-5985
-6546
-6003
-4187
-1676
1357
4566
6773
7452
6445
3630
74
-2935
-5001
-5727
-5536
-4420
-1931
1525
4953
7158
7629
6945
5577
3961
3194
3685
5167
6658
6926
6409
6428
6869
6117
2898
-1762
-5429
-7477
-9729
-12918
-15420
-14407
-10072
-5447
-2208
102
3240
7074
9143
8199
5073
1856
-394
-2147
-3414
-3475
-2482
-982
491
1434
2196
2497
1617
-689
-3690
-6101
-7286
-7914
-8277
-8113
-6810
-3377
1543
6241
9331
10385
10006
8951
7004
3624
-763
-5035
-7911
-9062
-8732
-6949
-4005
-673
2410
4727
6032
6667
6151
3726
231
-3085
-5019
-5421
-5076
-4211
-2511
301
3628
6184
6952
6056
4007
1434
-1125
-3081
-4137
-4144
-3056
-1241
1211
3809
5882
6638
5991
4381
2452
1475
2064
4118
6341
7310
7266
7203
7733
7580
4906
140
-4623
-7660
-9886
-12585
-15117
-15209
-11871
-6884
-2492
551
3426
6636
8625
8135
5639
2487
-227
-2474
-4032
-4427
-3423
-1440
267
1362
2183
2822
2643
830
-2308
-5447
-7516
-8553
-9049
-9321
-8834
-6228
-1501
3747
7996
10043
10269
9656
8085
5261
1038
-3423
-6448
-8057
-8315
-7308
-5315
-2317
993
3631
4901
5355
5046
3432
799
-2227
-4506
-5459
-5350
-4421
-2954
-555
2566
5228
6632
6368
4875
2849
669
-1412
-3084
-3699
-3101
-1608
391
2150
3693
4863
4875
3826
2145
920
1219
3151
6030
8187
8945
9260
9488
9331
7531
3297
-2042
-6353
-9040
-11522
-14231
-15691
-14027
-9250
-4046
-252
2347
4882
7534
8251
6560
3429
112
-2324
-3977
-4690
-3947
-1956
475
2258
3234
3993
4137
2907
122
-3527
-6827
-9035
-10271
-10779
-10363
-8545
-4808
320
5404
9337
11366
11590
10481
8129
4680
503
-3748
-7084
-8908
-9062
-7556
-4695
-1295
1743
3883
5061
5336
4700
2894
24
-2930
-5146
-6108
-5777
-4675
-2909
-395
2497
5137
6739
7052
6067
3895
1200
-1008
-2359
-2827
-2730
-2646
-1997
-329
1678
3024
3207
2399
1805
2451
4403
7399
10006
11013
10589
9580
9060
7933
4180
-1749
-7400
-10632
-11711
-12960
-14707
-14599
-11019
-5324
-552
1986
3744
5659
6933
6338
3692
442
-2017
-3713
-4527
-3806
-1567
1430
3566
4430
4755
4647
3745
1347
-2792
-7140
-10280
-12104
-12441
-11683
-9911
-6520
-1587
4338
9896
13281
14183
12919
10372
7178
2847
-2104
-6693
-9633
-10163
-8972
-6356
-2818
977
4153
5872
6166
5343
3863
1264
-2146
-5261
-7086
-7020
-5985
-4430
-1951
1357
5211
8317
9078
7930
5488
2561
-93
-2417
-4174
-5096
-5118
-4230
-2348
-41
1946
3046
3284
3266
3591
5192
8135
10818
11546
10407
8851
8240
7479
4020
-1947
-7900
-10884
-11149
-12016
-13916
-14654
-12030
-6443
-1345
1367
2770
4316
5717
5818
4169
1532
-937
-3069
-4251
-3337
-786
2298
4180
4390
4267
4342
3930
1875
-2445
-7570
-11494
-13151
-12948
-12063
-10539
-7854
-3336
2958
9191
13211
14382
13273
11022
8171
4467
-68
-4576
-8006
-9585
-9231
-7073
-3716
-483
2015
3401
3956
4137
3530
1509
-1648
-4489
-5786
-5337
-4146
-2689
-595
2331
5830
8705
9705
8783
6337
3087
-17
-2619
-4367
-5076
-5183
-4582
-3022
-701
1847
3754
4444
4226
4251
5610
8524
11547
12596
11379
9370
8335
7723
4791
-809
-6809
-10186
-10680
-11403
-13526
-14858
-12781
-7451
-2385
154
1397
2930
4911
5755
4360
1836
-536
-2501
-3841
-3701
-1643
1716
4252
4959
4712
4482
4219
2459
-1810
-7254
-11599
-13669
-13917
-13422
-12424
-10166
-5499
1058
7367
12017
14158
14257
13059
10480
6725
1923
-2785
-6653
-9525
-10399
-9051
-6408
-3178
-494
1119
2391
3654
3860
2291
-594
-3467
-4802
-4770
-4121
-3137
-1488
1530
5255
8273
9745
9063
7033
4345
1196
-1836
-4263
-5781
-6342
-5940
-4495
-2102
626
2764
3772
3993
4518
6296
9275
12237
13297
12114
10204
8963
7952
4989
-455
-6242
-9772
-10642
-11703
-13883
-15025
-13134
-8178
-3091
-110
1533
3163
4991
5530
4193
1958
-232
-2207
-3615
-3285
-908
2683
5597
6302
5806
5385
4900
3150
-1025
-6516
-11235
-13867
-14229
-13596
-12619
-10532
-6074
659
7552
12677
15086
15044
13751
11468
7784
2831
-2243
-6145
-8784
-10047
-9340
-7017
-3921
-809
1389
2560
3459
3742
2290
-304
-2797
-4419
-4794
-4370
-3468
-1601
1568
5348
8174
9284
8812
6890
4036
630
-2700
-5210
-6561
-6851
-6387
-4857
-2199
727
3001
4042
4313
4821
6436
9375
12023
12522
10937
8739
7574
6908
4306
-705
-6152
-9396
-10231
-11422
-13508
-14510
-12612
-8037
-3771
-1168
761
2741
4488
4793
3378
1485
-61
-1657
-2972
-2541
-111
3595
6360
6822
6147
5199
4424
2642
-1588
-7068
-11772
-14311
-14600
-13949
-12751
-10122
-5167
1586
8114
12560
14601
14756
13437
10851
6664
1840
-2191
-5419
-8118
-9630
-9159
-6700
-3432
-801
657
1428
2228
2376
1092
-1234
-3449
-4583
-4614
-3835
-2303
49
3262
6444
8568
9261
8554
6331
2930
-735
-3945
-5808
-6633
-6783
-6046
-4303
-1595
1339
3456
4252
4341
4942
7014
10253
12557
12473
10500
8588
8000
7010
3726
-1351
-5996
-8531
-10076
-12404
-14522
-14066
-10750
-6554
-3538
-1306
1679
4588
5684
4468
2050
463
-467
-1850
-2974
-2471
437
4338
6873
7258
6409
5632
4569
1817
-2962
-8230
-12130
-13995
-14230
-13604
-12127
-8814
-3311
3207
9006
12954
14902
14928
13204
9708
5095
734
-2629
-5323
-7814
-9107
-8135
-5538
-2405
-16
810
1358
2023
1829
379
-1865
-3558
-4223
-4172
-3301
-1550
1240
4461
6803
7934
8128
7339
5292
2104
-1585
-4563
-6014
-6363
-6205
-5433
-3669
-1069
1518
3094
3369
3354
4566
7287
10353
11911
11200
9526
8570
8068
6024
1821
-2763
-6026
-8220
-10824
-13900
-15220
-13207
-9272
-5903
-3698
-1057
2627
5383
5678
3653
1134
-196
-1269
-2650
-3382
-2231
828
3993
5952
6595
6234
5500
3864
195
-4748
-9350
-12386
-13630
-13856
-13387
-11317
-6770
-514
5408
9613
12247
13663
13484
11311
7217
2830
-284
-2315
-4369
-6378
-7061
-5632
-2955
-830
-197
-249
282
575
-128
-1734
-3390
-3794
-3314
-2509
-1193
1009
4119
6805
7884
7747
6972
5751
3693
335
-3235
-5464
-6044
-5492
-4524
-3320
-1344
900
2688
3513
3271
3413
5193
7979
10392
10974
9942
9324
9241
8300
5290
809
-2708
-4926
-7647
-11599
-14981
-15024
-11726
-7895
-5417
-3329
44
4003
6337
5797
3390
1202
-252
-1771
-3020
-2887
-1053
1586
3752
4909
5548
6005
5471
2923
-1475
-6009
-9339
-11140
-11882
-12230
-11794
-9276
-4170
1942
7210
10705
12400
12780
11668
8876
4648
470
-2210
-3904
-5409
-6514
-6359
-4867
-2664
-1025
-747
-765
-304
-203
-1091
-2711
-3976
-4188
-3634
-2548
-1239
789
3836
6361
7364
7092
5848
3961
1504
-1569
-4515
-6306
-6585
-5520
-4024
-2239
-132
1748
3204
3777
3798
4835
7420
9963
10750
9744
8594
8765
8701
6271
1908
-2128
-4162
-5780
-9178
-13259
-15099
-13212
-9385
-6417
-4261
-1133
3047
6305
7138
5774
3644
1731
-478
-2687
-3420
-2177
241
2257
3232
3775
4581
5199
3924
244
-4459
-8171
-9986
-10395
-10469
-10206
-8371
-4460
920
5775
8841
10616
11090
10388
8079
4401
933
-1481
-2750
-3598
-4574
-4425
-2846
-1040
110
55
-704
-1255
-1425
-2088
-3474
-4621
-4838
-4000
-2473
-252
2119
4422
6746
7794
7350
5917
3561
910
-1693
-4071
-5792
-6461
-5659
-3721
-1455
842
2582
3559
3933
4140
5101
7212
9054
9096
7841
6723
7155
7853
6218
2309
-1450
-3158
-4296
-7098
-11044
-13612
-12811
-9989
-7257
-5093
-2100
2028
5231
6461
5738
3995
2291
1
-2416
-3642
-2997
-907
960
2042
2465
3105
3828
3318
834
-3203
-7010
-9218
-9681
-9250
-8554
-6887
-3773
577
4879
7655
9343
9707
8719
6492
3034
-351
-2549
-3482
-3757
-3931
-3406
-1718
187
1310
1177
242
-816
-1800
-2974
-4346
-5314
-5494
-4755
-3085
-810
1853
4365
6349
7707
7820
6508
3896
755
-1784
-3526
-4979
-6038
-6031
-4482
-1641
1441
3463
4229
4388
4642
6000
8309
9870
9422
7266
5600
5808
6324
5125
1733
-1762
-3428
-4583
-6935
-9965
-11856
-11394
-9572
-7758
-5786
-2498
1860
5167
6126
5358
4237
3017
1108
-1305
-3127
-3204
-1582
239
1395
1893
2166
2424
1946
46
-2947
-6006
-8106
-8620
-8074
-6731
-4294
-1035
2705
6051
7960
8755
8654
7390
5005
1499
-2137
-4549
-5244
-4861
-3996
-2590
-656
1442
2703
2744
1649
-153
-2072
-4097
-5673
-6457
-6603
-5685
-3821
-1201
2123
5193
7397
8427
8241
6807
3717
136
-2515
-4315
-5560
-6268
-6215
-4655
-1435
1904
4043
4995
5420
6380
8314
10315
10595
8624
5965
4466
4195
3679
1842
-580
-2150
-2953
-4451
-6867
-8605
-8576
-7649
-7249
-7060
-5469
-1863
2191
4335
4478
3886
3433
2634
967
-653
-1457
-1260
-422
284
646
965
1180
653
-901
-3045
-5229
-6730
-7243
-7054
-6072
-4091
-1097
2207
4781
6387
6774
6651
6041
4544
2470
34
-2222
-3724
-4407
-4018
-2454
-526
932
1491
1207
480
-608
-2260
-4387
-6343
-7260
-6883
-5745
-3726
-1095
1749
4419
6199
7178
7463
7029
5312
1861
-1821
-4021
-4842
-4915
-4995
-4725
-2933
190
3299
4907
5229
5682
7080
8903
9676
8524
6244
4711
4377
3960
2345
246
-1067
-1444
-2503
-5053
-7630
-8286
-6934
-5923
-6291
-6642
-4969
-1283
2366
4034
3789
3193
2724
2106
1288
388
-11
-214
-405
-272
-100
48
-218
-1421
-3213
-4967
-6149
-6526
-6383
-5616
-3953
-1113
2420
5950
8634
10127
10204
8669
5933
2459
-593
-2798
-4993
-7045
-7920
-6735
-3687
-308
1667
2276
2466
2573
1922
-25
-2528
-4852
-6200
-6440
-6202
-4809
-2090
1001
3498
4962
6079
7059
7060
5168
1262
-2800
-5077
-6045
-6540
-6598
-5736
-3402
114
3106
4862
6511
9210
12407
13744
11998
8547
5413
3746
2232
-595
-3610
-4814
-4183
-3943
-5143
-6683
-6496
-4417
-2702
-2903
-3787
-3320
-1543
111
1247
1857
2229
2358
1643
904
1324
2630
3324
2473
1107
205
-238
-758
-2505
-5399
-7916
-8966
-8735
-7595
-5545
-2930
98
3499
6679
9138
10601
11054
10002
7184
3318
-389
-2864
-4401
-5643
-6697
-6823
-4834
-1689
751
1685
1407
878
94
-1447
-3514
-5224
-5699
-5311
-4663
-3338
-927
2066
4432
5500
5390
5049
4733
3512
1079
-1938
-4497
-5982
-6525
-6310
-5274
-3121
-209
2324
4043
5981
9062
12526
14146
12478
8598
5234
3486
1772
-1279
-4670
-6070
-5301
-4390
-4869
-5841
-5085
-2711
-1046
-1260
-2080
-1713
-594
-260
-894
-1424
-689
572
980
658
1021
3044
5125
5395
3850
1712
68
-1120
-3091
-6220
-9208
-10841
-10825
-9421
-6945
-3693
498
5124
9054
11506
12522
12399
11290
8526
4366
-103
-3685
-5395
-6316
-6889
-6595
-4944
-2257
-35
961
866
367
-179
-1636
-3747
-5419
-5800
-4764
-3423
-1828
346
3096
5700
6723
6303
5079
3614
2011
-254
-2778
-4948
-6224
-6781
-6761
-5684
-3699
-1108
1200
3098
5661
9433
13282
14822
13201
9776
6584
4075
1124
-2628
-5929
-7231
-6920
-6783
-6897
-6247
-4090
-1414
-130
-243
-682
-225
698
691
-362
-1591
-1789
-945
-6
963
2028
3546
5069
5782
5259
3741
1920
-592
-3870
-7377
-10302
-11888
-12126
-11285
-9360
-5600
-76
5784
10657
13641
14880
14705
12927
9524
4982
172
-3868
-6726
-8385
-8741
-7529
-5104
-2456
-285
908
1215
741
-446
-2382
-4741
-6242
-6618
-5970
-4129
-1617
1338
4527
7231
8731
8760
7402
4862
1636
-1471
-4051
-6479
-8351
-9075
-8647
-6739
-3708
-843
1417
3362
6265
10578
14183
15131
13175
10012
7497
5034
1338
-3355
-6968
-8100
-7854
-8143
-8697
-7622
-4453
-925
578
224
117
925
1657
1169
-491
-2034
-2574
-2480
-1872
-624
1331
3477
5016
5552
5278
4603
3494
1170
-2622
-6660
-9799
-11340
-11335
-10415
-8569
-5284
-617
4538
8821
11595
13042
13140
11900
9341
5772
2312
-576
-3102
-5019
-5749
-4708
-2566
-679
29
-310
-899
-1577
-2986
-5163
-7275
-8224
-7398
-5355
-2588
652
3809
6463
8412
9385
9324
7749
4457
321
-3183
-5380
-6677
-7790
-8647
-8338
-6291
-3000
-81
1695
3298
6061
9834
12714
13036
11079
8615
6800
4767
1424
-2376
-4969
-5972
-6758
-8125
-9051
-7941
-4774
-1825
-644
-476
100
1224
1848
1430
139
-1139
-1985
-2434
-2292
-1243
804
2800
3940
4398
4522
4460
3723
1366
-2374
-6286
-9205
-10800
-11339
-10900
-9174
-5844
-1043
4512
9398
12609
14168
14074
12303
9210
5581
1726
-1570
-4008
-5701
-6131
-5069
-3050
-983
345
583
-60
-1306
-3077
-5284
-7256
-8520
-8714
-7445
-4605
-864
2817
5881
8075
9636
10464
9633
6610
2432
-1559
-4814
-7161
-8937
-10143
-9941
-8147
-5343
-2386
545
3878
7868
11806
14022
13950
12312
10231
8034
4869
689
-3060
-5155
-6003
-7073
-8594
-9113
-7621
-4882
-2606
-1672
-1254
-212
842
1366
1092
383
-205
-820
-1193
-685
803
2845
4219
4507
4354
4186
3982
2818
49
-3753
-7288
-9664
-10703
-10790
-9946
-7691
-4041
382
5016
9013
11945
13449
12960
10790
7815
4762
1933
-828
-3221
-4391
-3910
-2309
-639
204
443
347
-575
-2525
-5270
-7779
-9328
-9705
-8934
-6894
-3271
1308
5515
8617
10447
11386
11500
9806
6180
1712
-2318
-5522
-7949
-9711
-10418
-9453
-7310
-4810
-2358
313
4042
8296
11419
12303
11165
9588
8444
6735
3613
-393
-3198
-4006
-4548
-6117
-8084
-8695
-7062
-4981
-4221
-4109
-3476
-1897
-441
275
477
513
657
216
-352
118
1865
3636
4226
3699
2916
2779
2757
1351
-1631
-4974
-7581
-9097
-9880
-9907
-8869
-6505
-2790
1619
6090
10026
12674
13496
12350
9775
6787
3624
409
-2465
-4445
-4677
-3379
-1511
75
1001
1597
1603
501
-1811
-4966
-7590
-9110
-9564
-8990
-7184
-3515
1124
5370
8496
10348
11367
11352
9632
5903
1436
-2342
-5300
-7617
-9375
-9793
-8509
-6308
-4018
-2017
626
4737
9233
11883
11609
9648
8056
7262
5686
2291
-1673
-3800
-3692
-3589
-4860
-6491
-6822
-5257
-3825
-3881
-4555
-4475
-3546
-2599
-1824
-1131
-70
1021
1356
1414
2311
4369
6080
5960
4407
2757
2068
1738
131
-3098
-6672
-8853
-9338
-8972
-7979
-6232
-3506
-37
3514
6757
9376
11005
11206
9600
7149
4943
2878
728
-1480
-2976
-2721
-857
1175
2028
1981
1530
689
-782
-3493
-6871
-9488
-10631
-10275
-8731
-5894
-1824
2658
6504
9012
10298
10583
9635
7169
3516
-179
-3219
-5612
-7384
-8380
-8148
-6635
-4421
-2228
-475
1449
4251
7452
9247
8511
6368
4674
3937
3048
1052
-1549
-2801
-2485
-2322
-3187
-4314
-4420
-3595
-3169
-3961
-4894
-4792
-3900
-3101
-2719
-2272
-1001
560
1509
2121
2973
4410
5625
5572
4177
2485
1364
441
-1147
-3507
-5907
-7681
-8555
-8466
-7522
-5644
-2873
399
3963
7559
10340
11699
11272
9137
6451
3793
1070
-1667
-4007
-5010
-4172
-2049
375
2033
2887
3339
2959
1474
-1152
-4556
-7660
-9626
-10321
-9568
-7101
-3405
782
4591
7579
10030
11369
11057
8582
4573
585
-2767
-5489
-7557
-8725
-8498
-6802
-4200
-1621
623
2724
5216
7997
9929
10107
8307
5965
4489
3269
1312
-1162
-2626
-2409
-1855
-2475
-4103
-4795
-3932
-2911
-3366
-5033
-5999
-5297
-3705
-2480
-2008
-1272
94
1427
2413
3140
4059
5074
5450
4791
3692
2751
1864
301
-2304
-5123
-7324
-8642
-8932
-8584
-7100
-4090
-490
3095
6002
8126
9587
10041
8945
6661
4002
1545
-606
-2723
-3967
-3865
-2038
630
2438
3080
3077
2673
1537
-853
-4403
-8065
-10391
-11087
-10194
-7761
-4156
173
4064
7054
9067
10023
9974
8044
4243
49
-3521
-6093
-7886
-8848
-8819
-7370
-4536
-1488
978
2732
4429
6503
8372
8884
7394
5047
3438
2516
1521
2
-1123
-954
-228
-440
-2068
-3602
-3814
-3257
-3530
-4925
-6041
-5605
-3876
-2273
-1294
-611
594
1953
2663
3202
3802
4347
4558
3896
2893
1989
1149
203
-1529
-3787
-5891
-7297
-7861
-7637
-6872
-5215
-2243
1437
4974
7730
9619
10595
10471
8995
6220
2991
220
-1959
-3802
-4614
-4070
-2437
-354
1141
1611
1739
1433
160
-1999
-4667
-6835
-7776
-7509
-6139
-3717
-448
3040
6030
8328
9836
10187
9043
6163
2066
-1887
-4894
-7045
-8312
-8810
-8329
-6358
-3300
-82
2382
3951
4948
6109
7933
9319
8963
7011
4643
3098
2393
1635
170
-1275
-1961
-2797
-4654
-6655
-7806
-8062
-7956
-8105
-7945
-6345
-3525
-888
967
2143
3279
4121
3990
3217
2522
2330
2484
2526
2176
1583
873
121
-1111
-2915
-4858
-6761
-8061
-8295
-7660
-5842
-2685
945
4351
7103
9022
10305
10570
9221
6088
2211
-906
-3027
-4342
-5148
-5071
-3681
-1468
719
2010
2340
2042
776
-1253
-3551
-5518
-6351
-6293
-5456
-3664
-920
2637
6015
8435
9527
9461
8402
5973
2240
-1672
-4883
-7096
-8254
-8565
-7811
-5594
-2419
790
3411
4954
5805
6744
8231
9732
9815
7933
5112
3178
2745
2290
606
-1765
-3399
-4070
-5155
-7114
-9005
-9678
-8954
-7562
-6233
-4614
-2015
816
3017
4101
4156
3833
2989
1811
676
46
271
862
1221
1199
884
628
271
-732
-2573
-4870
-6647
-7158
-6388
-5010
-3224
-862
1746
4420
6684
8129
8492
7558
5719
3333
1042
-349
-1423
-2452
-2909
-2583
-1489
-136
552
161
-841
-1805
-2837
-3888
-4511
-4485
-3980
-2993
-1477
637
3199
5432
6659
6820
6322
5360
3488
734
-2266
-4827
-6264
-6534
-6171
-5192
-3524
-1193
1314
3422
4552
4676
4574
5220
6630
7394
6670
5034
3975
4208
4457
3096
394
-1920
-3345
-4899
-7442
-10246
-11379
-10350
-8403
-6694
-4842
-1891
1689
4396
5496
5106
4260
3358
1914
111
-1137
-1191
-238
583
598
263
163
477
242
-1324
-3474
-5147
-5638
-5186
-4404
-3176
-1212
1363
4139
6414
7673
8236
7868
6273
3861
1494
-325
-1568
-2607
-3443
-3503
-2461
-964
83
359
166
-80
-325
-755
-1344
-1962
-2499
-2694
-2501
-1333
714
2667
3834
4196
4236
4302
3701
1656
-1293
-4106
-5826
-6328
-6101
-5535
-4591
-2961
-620
1827
3740
4785
5090
5336
6120
7395
8084
7577
6114
4811
4067
2850
513
-2525
-4965
-6569
-8205
-9965
-10949
-10261
-7991
-5402
-3243
-1018
1812
4287
5381
4796
3139
1661
328
-1193
-2412
-2707
-1833
-394
683
1259
1543
1813
1787
803
-1212
-3301
-4766
-5508
-5588
-4977
-3368
-775
2284
4908
6837
7993
8470
8179
6789
4548
1931
-384
-1774
-2694
-3546
-3844
-3359
-2390
-1271
-454
-55
264
748
738
43
-1042
-1962
-2295
-1802
-826
-105
592
1444
2261
3006
3282
2223
239
-1749
-3181
-3901
-3985
-3819
-3529
-2659
-862
1292
3277
4502
4646
4578
5439
7380
8997
8899
7146
5429
4683
3917
1621
-2037
-5006
-6329
-7082
-8503
-9975
-9856
-7627
-4747
-2840
-1421
589
2912
4391
4142
2673
1407
623
-371
-1692
-2719
-2407
-1017
217
575
315
137
518
461
-841
-2809
-4687
-5524
-5084
-4100
-2878
-1318
355
2182
3986
5360
6270
6323
5359
3618
1511
-48
-881
-1773
-2903
-3750
-3674
-2485
-821
174
423
813
1186
1062
414
-687
-1562
-1898
-1799
-1455
-829
290
1553
2632
3367
3623
3168
1946
373
-1239
-2376
-2943
-3234
-3333
-2826
-1516
358
2323
3661
4171
4379
5401
7518
9225
8982
7159
5213
4275
3250
688
-2996
-5791
-6826
-7334
-8467
-9629
-9124
-6712
-3996
-2469
-1486
507
2960
4187
3638
2018
728
230
-756
-2380
-3213
-2596
-959
527
1135
1165
1281
1696
1475
-67
-2216
-3930
-4905
-4635
-3518
-2296
-904
490
1861
3312
4617
5590
5755
4835
3257
1661
507
-313
-1319
-2499
-3129
-2729
-1695
-654
100
451
690
582
32
-682
-1312
-1686
-2029
-2283
-2034
-1162
-111
879
1653
2231
2847
2880
1899
441
-687
-1403
-2019
-2597
-3012
-2696
-1471
136
1424
2309
2992
3420
4205
5751
7249
7657
6701
5203
4019
3311
2100
-386
-3109
-4841
-5722
-6317
-6907
-6920
-5916
-4309
-2774
-1515
226
2223
3390
3445
2572
1460
495
-632
-1965
-3091
-3208
-2271
-894
280
1007
1390
1693
1806
1184
-68
-1583
-2940
-3455
-3430
-3101
-2356
-1224
431
2121
3430
4210
4657
4780
4223
2824
1166
-375
-1707
-2632
-3264
-3321
-2640
-1554
-506
155
479
634
406
-32
-718
-1610
-2321
-2843
-2829
-2264
-1431
-506
657
1959
2997
3288
2671
1459
385
-374
-1265
-2418
-3244
-3233
-2358
-846
538
1584
2352
3005
4204
6194
7906
8195
6815
4865
3717
3133
1916
-540
-3160
-4651
-5180
-5449
-5875
-6017
-5305
-4148
-3168
-2347
-1039
753
1850
1817
980
109
-114
-305
-1078
-1879
-1969
-882
781
2107
2497
2066
1631
1351
520
-1036
-2751
-4138
-4439
-3815
-2987
-1845
-148
1840
3664
4801
5256
5293
4902
4048
2418
295
-1520
-2739
-3227
-2974
-2284
-1254
98
1168
1686
1823
1365
403
-952
-2272
-3242
-3857
-4052
-3594
-2606
-1366
45
1670
3333
4550
4805
3973
2549
1085
-108
-1259
-2467
-3353
-3340
-2380
-909
751
2290
3501
4158
4533
5652
7255
8136
7315
5245
3615
3074
2485
530
-2415
-4541
-5129
-5119
-5680
-6619
-6686
-5610
-4220
-3229
-2304
-741
820
1528
1106
61
-388
-615
-1353
-2595
-3451
-2898
-1139
652
1469
1296
1251
1675
1661
578
-1240
-2864
-3752
-3847
-3546
-2719
-1130
789
2263
2919
3199
3613
3909
3269
1745
-141
-1408
-1835
-2136
-2194
-1690
-562
604
1369
1639
1415
889
16
-1325
-2611
-3400
-3735
-3686
-3371
-2406
-809
934
2402
3335
3880
4071
3497
2059
493
-886
-1934
-2497
-2679
-2524
-1659
-200
1368
2819
3896
4258
4182
4540
5521
6174
5796
4596
3335
2931
2675
1669
-262
-1874
-2529
-3192
-4197
-5224
-5543
-4891
-3800
-2835
-1987
-406
1480
2508
2690
2106
1440
915
-19
-1145
-1939
-1836
-768
347
962
1088
972
1080
1183
485
-956
-2554
-3568
-3655
-3156
-2312
-1198
249
1895
3298
4197
4379
3918
2926
1240
-666
-2449
-3795
-4397
-4378
-3749
-2735
-1357
9
1142
1731
1408
676
-323
-1401
-2488
-3660
-4430
-4408
-3450
-1801
-294
1158
2649
4039
4873
4372
2694
684
-956
-2257
-3227
-3737
-3572
-2574
-1077
680
2565
4392
5575
5529
4942
4982
5967
6811
6099
4129
2542
2350
2413
1246
-1067
-2978
-3526
-3563
-4270
-5387
-5811
-5016
-3615
-2685
-1953
-510
1050
1873
1673
668
-130
-597
-1388
-2466
-3172
-2547
-768
822
1493
1466
1432
1835
1797
536
-1455
-3106
-3681
-3397
-2930
-2327
-1262
246
1725
2548
2866
2971
2930
2256
722
-945
-1969
-2203
-2193
-2397
-2311
-1349
177
1511
1893
1396
844
245
-600
-1543
-2567
-3105
-2872
-2229
-1370
-222
961
2223
3199
3550
3443
2802
1725
552
-693
-1622
-1860
-1508
-670
266
1398
2772
4251
5382
5364
4357
3477
3619
4521
5102
4518
3341
2817
2884
2532
1001
-1077
-2615
-3206
-3719
-4769
-5784
-5908
-5018
-3997
-3178
-2096
-744
368
661
134
-572
-1019
-1399
-2248
-3022
-2977
-1940
-343
793
1179
1209
1407
1699
1204
-275
-2004
-3381
-3988
-3972
-3423
-2216
-381
1606
3225
4078
4525
4636
3971
2342
-112
-2077
-3162
-3769
-4205
-4422
-3647
-1762
329
1804
2531
2694
2540
1769
546
-977
-2297
-3070
-3522
-3476
-2663
-980
851
2406
3421
3849
3855
3250
1753
-73
-1695
-2634
-2725
-2213
-1329
-216
1260
3008
4630
5545
5604
4724
3569
2883
2911
3464
3734
3327
2712
2469
2648
2366
1028
-888
-2301
-3162
-4068
-5350
-6819
-7276
-6298
-4489
-2727
-1418
-294
740
1538
1947
1527
509
-578
-1683
-2382
-2174
-1213
-140
558
790
973
1231
1284
491
-1236
-2748
-3206
-2791
-2019
-1475
-1074
-327
695
1678
2127
2080
1708
833
-372
-1437
-2152
-2325
-2264
-2286
-1889
-547
1274
2560
2811
2206
1452
952
456
-498
-1737
-2640
-2889
-2456
-1639
-639
377
1172
1783
2250
2412
2214
1580
432
-675
-1110
-728
196
886
1321
1935
3045
4526
5277
4884
3682
2489
2023
2525
3316
3534
3240
2628
2439
2685
2315
886
-1103
-2562
-3211
-3624
-4414
-5445
-5773
-4829
-3176
-1729
-829
-168
461
1043
1160
646
-193
-1248
-2194
-2495
-2046
-854
368
1014
1192
1143
1186
1006
53
-1720
-3324
-4262
-4230
-3235
-2108
-1018
-32
913
1916
2900
3193
2393
803
-901
-2207
-3091
-3688
-4183
-4252
-3543
-1873
79
1549
2405
2570
2383
2114
1501
476
-757
-2028
-2989
-3211
-2695
-1631
-585
325
1175
2034
2815
2830
2045
858
-103
-492
-297
67
327
736
1507
2684
3833
4497
4545
3955
3031
1973
1343
1620
2697
3634
3824
3624
3596
3821
3426
1564
-1007
-2701
-3477
-4332
-6013
-7674
-7796
-5945
-3544
-1984
-1065
-69
1393
2647
2855
2004
754
-270
-958
-1292
-1041
-330
434
814
853
1019
1209
1071
169
-1462
-2791
-3083
-2624
-2030
-1918
-2046
-1785
-1014
4
653
560
134
-263
-521
-468
-374
-426
-587
-629
-321
387
1311
1678
1142
277
-283
-321
-402
-909
-1694
-2177
-1827
-1067
-301
229
626
943
1356
1860
2051
1865
1205
435
180
415
944
1423
1486
1539
2002
2676
3163
3133
2540
1677
932
484
628
1583
2990
4105
4428
4179
3894
3421
2216
39
-2413
-4193
-5085
-5961
-6904
-7273
-6512
-4608
-2413
-849
242
1350
2282
2689
2321
1264
11
-934
-1533
-1571
-1256
-706
-129
314
654
778
612
-122
-1380
-2694
-3531
-3655
-3142
-2538
-2272
-1933
-944
604
1795
2051
1297
207
-340
-644
-1289
-2242
-2997
-2878
-1911
-590
634
1463
2223
2836
2967
2700
1953
824
-483
-1668
-2523
-2763
-2418
-1748
-1034
-252
888
2058
2958
3269
2903
2224
1849
1609
1241
905
625
616
965
1519
2082
2469
2581
2564
2415
2313
2144
1933
2185
3036
4120
4719
4501
3769
2983
1911
86
-2365
-4368
-5362
-5901
-6464
-6882
-6374
-4485
-2058
-317
587
1382
2455
3064
2732
1424
-282
-1418
-1959
-2139
-2236
-1908
-948
123
949
1306
1088
602
65
-710
-1742
-2751
-3592
-4184
-4376
-4153
-3250
-1956
-606
474
999
1276
1436
1387
867
-20
-951
-1512
-1539
-1349
-1066
-480
338
1243
1823
1820
1640
1307
750
-30
-1134
-2198
-2766
-2805
-2380
-1668
-769
560
2090
3363
4097
3998
3462
2929
2343
1597
822
18
-286
36
683
1311
1772
2221
2723
3087
3181
3032
2953
3347
3796
3919
3556
2824
2218
1508
189
-1509
-2964
-3593
-3842
-4595
-5600
-5958
-4910
-3011
-1498
-866
-320
749
1863
2391
1784
455
-472
-914
-1265
-1557
-1547
-1059
-262
395
632
641
717
628
-164
-1540
-2747
-3337
-3289
-3204
-3311
-3334
-2663
-1418
-382
79
202
561
1183
1538
1170
399
-196
-339
-279
-56
321
740
902
744
654
596
485
101
-905
-1935
-2344
-2263
-2015
-1766
-1370
-486
874
2364
3352
3543
3312
2900
2320
1772
929
22
-389
-340
108
818
1599
2409
2979
3269
3322
3122
2792
2499
2448
2569
2622
2318
1753
1079
230
-766
-1802
-2353
-2443
-2692
-3475
-4249
-4197
-3159
-1982
-1567
-1614
-1222
19
1235
1574
795
-392
-1030
-941
-622
-337
-86
264
871
1580
1979
1843
1156
-41
-1467
-2742
-3378
-3528
-3696
-3997
-4173
-3636
-2167
-536
442
727
1031
1826
2553
2546
1721
512
-267
-533
-563
-361
-75
78
146
273
498
720
533
-230
-1243
-1920
-2040
-1921
-1695
-1372
-794
352
1857
3038
3509
3321
2746
2127
1599
1128
531
41
-248
-304
230
1212
2172
2879
3086
3109
3092
2755
2417
2326
2354
2369
2098
1567
1315
998
168
-1009
-1959
-2296
-2409
-2997
-3943
-4473
-4066
-2961
-2174
-2007
-1812
-1104
-106
629
545
-178
-830
-1029
-843
-254
462
994
1208
1276
1318
1269
873
-359
-2243
-3973
-4901
-4881
-4438
-4085
-3863
-3223
-1677
332
1990
2681
2480
2184
2018
1675
852
-512
-1797
-2290
-1923
-1075
-165
525
1021
1468
1944
2093
1601
501
-748
-1661
-1898
-1690
-1375
-993
-356
812
2220
3575
4306
4126
3360
2520
1746
965
119
-869
-1591
-1522
-588
881
2128
2804
3229
3734
4248
4151
3117
1716
1037
1465
2316
2587
2057
1498
1549
1535
781
-507
-1807
-2646
-3456
-4664
-5633
-5687
-4858
-3886
-3245
-2561
-1140
611
1678
1471
498
-43
155
516
557
369
241
568
1068
1309
937
31
-1283
-2694
-3868
-4580
-4899
-5042
-4958
-4616
-3620
-1841
56
1402
2145
2421
2589
2523
1941
1083
-29
-933
-1388
-1501
-1187
-571
250
898
1161
1200
1072
835
344
-335
-1081
-1519
-1513
-1289
-856
-257
494
1361
2207
2839
3165
3090
2751
2078
1272
769
512
438
505
634
1156
2031
2849
3331
3292
2742
1889
1188
976
1214
1543
1631
1518
1606
1951
2022
1400
195
-972
-1628
-2169
-3145
-4372
-5143
-4946
-3996
-3064
-2411
-1761
-892
125
814
822
394
191
325
589
861
1070
1305
1543
1596
1283
540
-686
-2141
-3625
-4794
-5238
-5081
-4464
-3682
-2757
-1486
367
2197
3315
3496
3064
2509
1948
1007
-521
-2182
-3229
-3188
-2547
-1795
-1059
-315
625
1551
2016
1785
992
-82
-964
-1376
-1410
-1283
-1245
-965
-134
1031
2281
3274
3475
3108
2676
2092
1423
589
-365
-1091
-1161
-540
481
1532
2251
2680
3137
3551
3717
3252
2136
1102
748
1406
2298
2648
2415
2058
1978
1693
926
-584
-2267
-3483
-4514
-5481
-6083
-6063
-5440
-4414
-3365
-2257
-811
533
1399
1757
1698
1794
1939
1751
1247
738
504
553
489
-10
-954
-1903
-2626
-3119
-3569
-3931
-3741
-3030
-2197
-1491
-700
334
1400
2058
2148
1968
1876
1807
1386
594
-325
-753
-651
-398
-185
-25
267
601
906
1037
693
145
-562
-1171
-1519
-1480
-1207
-977
-503
55
760
1573
2195
2566
2552
2449
2264
1843
1292
664
395
451
613
925
1258
1495
1779
1954
1963
1801
1316
766
499
855
1709
2335
2350
2002
1614
1273
659
-626
-2109
-3117
-3809
-4585
-5286
-5447
-4887
-3970
-3146
-2520
-1829
-659
629
1380
1393
1024
940
1231
1392
1132
610
220
83
-150
-652
-1452
-2367
-3038
-3140
-2845
-2453
-2097
-1892
-1482
-749
124
938
1262
1195
1008
903
1023
935
565
-49
-611
-771
-410
112
367
353
278
604
1021
1066
740
57
-543
-710
-561
-319
-331
-436
-294
252
1117
1884
2185
2140
2121
2240
2468
2385
1910
1338
1070
1229
1543
1608
1467
1316
1439
1750
1759
1566
1185
1088
1664
2470
2982
2963
2542
2022
1257
-49
-1469
-2713
-3589
-4138
-4783
-5126
-4811
-4008
-2946
-2232
-1831
-1350
-497
463
933
883
502
143
178
412
503
451
303
174
202
297
-93
-933
-2051
-3009
-3403
-3513
-3422
-3290
-2892
-2016
-875
311
1109
1444
1628
1620
1568
1406
858
116
-722
-1309
-1441
-1130
-651
-248
-98
186
629
891
689
-234
-1308
-1952
-1915
-1421
-964
-752
-205
727
1843
2785
3056
2917
2692
2530
2448
2115
1404
808
410
468
959
1278
1450
1565
1580
1829
2030
1922
1536
1101
1106
1633
2236
2673
2860
2853
2696
2028
876
-420
-1498
-2471
-3645
-4841
-5510
-5337
-4532
-3758
-3294
-2662
-1419
91
1200
1602
1435
1206
1154
1075
905
648
308
62
-223
-390
-593
-1119
-1903
-2703
-3208
-3272
-3063
-3036
-2955
-2446
-1401
-180
677
1147
1454
1727
1801
1533
991
324
-322
-819
-1266
-1292
-957
-561
-198
187
585
999
1160
744
-34
-732
-930
-787
-613
-477
-222
373
1325
2162
2664
2816
2689
2346
1994
1631
1053
269
-323
-584
-261
513
1076
1479
1757
2117
2739
3161
3039
2392
1529
1219
1440
1696
1724
1458
1024
708
393
-233
-1083
-1852
-2497
-3101
-3575
-3783
-3575
-3142
-2520
-1868
-1214
-416
414
1014
1100
831
504
246
93
-107
-341
-412
-325
-185
-125
-166
-435
-1149
-2063
-2821
-3178
-3134
-2951
-2905
-2582
-1659
-473
627
1140
1223
1264
1323
1241
736
-144
-1039
-1645
-1820
-1688
-1335
-873
-308
368
971
1398
1353
852
27
-740
-1127
-1083
-772
-500
-59
747
1623
2364
2719
2606
2288
1998
1631
1033
384
-143
-293
-32
411
904
1367
1862
2235
2386
2386
2119
1666
1121
473
-7
123
720
1452
1757
1806
1838
1739
1280
162
-1189
-2346
-2992
-3377
-3669
-3749
-3483
-2723
-1800
-965
-144
622
1229
1362
1180
909
586
429
111
-255
-379
-349
-102
173
114
-93
-372
-814
-1329
-1986
-2500
-2760
-2897
-2641
-1940
-931
91
633
841
1110
1419
1647
1347
422
-601
-1348
-1456
-1316
-1342
-1295
-980
-339
502
996
912
575
-6
-430
-553
-513
-343
-215
-24
579
1473
2278
2602
2217
1548
1129
988
614
-55
-632
-608
51
1003
1780
2202
2570
2977
3301
3203
2673
1785
889
264
-109
-213
-87
399
1022
1604
1919
1917
1566
854
-188
-1522
-2792
-3668
-4099
-4226
-4101
-3662
-2966
-1946
-776
203
870
1164
1181
965
582
81
-530
-1043
-1402
-1565
-1482
-1191
-1001
-967
-1099
-1239
-1378
-1542
-1864
-2248
-2183
-1718
-1031
-465
-34
342
801
1212
1267
938
415
-292
-1015
-1559
-1876
-1834
-1632
-1190
-425
323
979
1332
1188
870
601
432
311
202
63
151
544
1055
1324
1312
1233
1101
1012
892
700
585
622
861
1337
1890
2454
2776
2872
2861
2753
2567
2210
1535
825
378
206
284
480
692
1092
1632
1941
1854
1363
862
299
-398
-1147
-1766
-2172
-2258
-2149
-2000
-1822
-1441
-841
-377
-88
3
-109
-262
-367
-555
-759
-890
-923
-903
-816
-643
-481
-479
-639
-937
-1266
-1426
-1583
-1850
-2047
-2081
-1785
-1338
-900
-615
-433
-126
207
219
-15
-516
-960
-1245
-1467
-1505
-1339
-1071
-673
-180
203
584
734
762
756
669
633
619
616
619
501
466
438
275
36
-176
-280
-246
26
404
877
1448
2049
2521
2844
2982
2755
2394
1891
1241
598
98
-198
-344
-249
83
517
1051
1569
1892
2020
1819
1320
689
-12
-652
-1202
-1596
-1707
-1590
-1222
-776
-394
-143
-129
-184
-140
-177
-374
-678
-974
-1087
-880
-558
-340
-222
-11
266
495
479
189
-301
-903
-1406
-1789
-2061
-2199
-2205
-2016
-1626
-1107
-557
-90
177
310
350
180
-104
-570
-1000
-1306
-1543
-1695
-1666
-1350
-805
-252
201
595
898
1179
1251
1147
974
804
700
593
421
290
231
281
318
241
363
712
1060
1470
1700
1792
1996
2195
2282
2124
1767
1305
920
599
419
253
134
141
285
631
898
1146
1249
1197
1149
996
625
59
-495
-854
-1059
-1128
-1068
-957
-895
-725
-596
-576
-620
-735
-753
-775
-730
-656
-552
-369
-276
-112
74
143
72
-76
-233
-476
-800
-1159
-1495
-1756
-1889
-1864
-1791
-1675
-1420
-1046
-622
-268
-65
103
222
270
124
-189
-513
-906
-1231
-1375
-1382
-1299
-1123
-786
-382
97
613
1021
1196
1223
1232
1166
996
700
359
22
-139
-202
-217
-189
-83
282
813
1371
1797
2022
2162
2278
2295
2042
1500
883
321
-47
-290
-384
-381
-69
403
924
1366
1613
1694
1675
1561
1170
615
-78
-600
-900
-1016
-1059
-1060
-894
-681
-462
-231
-218
-344
-450
-534
-590
-561
-540
-517
-286
-17
261
412
402
348
259
62
-292
-728
-1156
-1506
-1717
-1818
-1805
-1706
-1487
-1194
-832
-523
-246
-91
-16
16
-28
-63
-281
-592
-910
-970
-902
-817
-759
-680
-538
-245
73
303
423
392
374
330
307
291
283
183
130
158
231
365
490
523
652
833
1135
1480
1729
1840
1870
1887
1799
1537
1116
615
106
-236
-467
-504
-350
-86
274
702
1109
1460
1729
1881
1838
1567
1235
851
382
-87
-534
-907
-1101
-1130
-1113
-1017
-905
-781
-598
-433
-248
-102
57
188
275
345
275
141
-31
-190
-345
-502
-701
-944
-1212
-1376
-1474
-1536
-1580
-1657
-1656
-1519
-1261
-986
-772
-572
-465
-375
-241
-253
-326
-460
-660
-768
-915
-1006
-974
-931
-765
-517
-269
-12
209
337
459
462
408
280
102
-1
-145
-145
14
224
396
606
702
884
1185
1485
1731
1709
1579
1339
1143
1001
748
293
-173
-403
-288
43
386
538
693
1037
1438
1733
1738
1650
1554
1509
1360
1061
696
392
143
-209
-486
-612
-716
-707
-699
-669
-540
-375
-169
-22
163
348
531
558
524
383
267
150
-96
-354
-690
-898
-1094
-1193
-1303
-1375
-1365
-1371
-1283
-1227
-1133
-936
-778
-603
-467
-422
-366
-338
-277
-367
-537
-720
-904
-986
-994
-1004
-903
-750
-543
-241
-115
13
122
114
76
0
-202
-414
-556
-631
-585
-351
31
349
615
867
1252
1572
1767
1735
1466
1218
1009
757
429
62
-257
-311
-202
-5
131
268
628
1008
1436
1713
1832
1875
1779
1622
1401
1180
860
470
166
-43
-222
-351
-412
-477
-457
-391
-329
-280
-295
-212
-11
131
168
174
221
240
128
-42
-217
-327
-451
-638
-889
-1122
-1285
-1398
-1396
-1399
-1294
-1105
-1015
-882
-754
-596
-342
-260
-259
-361
-454
-531
-627
-654
-699
-751
-798
-776
-723
-549
-370
-229
-181
-69
44
146
154
-50
-237
-366
-386
-377
-325
-224
-26
241
552
822
964
1096
1117
1028
945
835
775
603
387
301
251
272
293
336
424
574
793
995
1134
1198
1216
1235
1262
1270
1205
1129
1058
930
746
529
347
140
-14
-103
-196
-297
-277
-154
-23
79
187
238
266
310
339
288
125
-86
-361
-537
-695
-839
-935
-1002
-1014
-1058
-1055
-987
-938
-908
-978
-1049
-1045
-929
-808
-854
-924
-968
-873
-681
-637
-723
-891
-993
-895
-807
-770
-774
-794
-629
-369
-100
130
258
297
263
198
122
78
-33
-188
-291
-266
-35
191
325
423
496
618
779
807
758
607
474
430
458
489
364
282
238
404
610
850
1057
1161
1225
1303
1309
1234
1120
1021
960
871
854
751
702
686
699
682
578
408
229
174
190
188
186
121
106
171
244
264
177
77
60
-16
-174
-319
-445
-573
-658
-681
-784
-961
-1135
-1199
-1223
-1254
-1356
-1360
-1198
-1061
-953
-854
-762
-649
-517
-512
-600
-737
-744
-717
-746
-812
-845
-688
-534
-399
-322
-303
-317
-271
-210
-238
-287
-316
-297
-179
-69
106
259
418
607
709
734
604
460
356
351
355
291
248
330
448
463
440
329
262
326
400
433
482
652
866
1079
1244
1365
1411
1436
1440
1311
1063
732
424
199
69
11
-20
4
102
144
195
199
167
76
37
29
-52
-152
-227
-272
-227
-143
-104
-133
-206
-227
-263
-408
-630
-826
-942
-970
-964
-998
-1003
-899
-686
-475
-344
-311
-288
-257
-245
-345
-512
-681
-892
-943
-898
-708
-526
-402
-290
-189
-97
-60
-103
-190
-279
-308
-271
-352
-345
-306
-152
91
261
338
417
430
398
349
219
150
42
-44
-9
121
204
308
403
465
478
496
573
654
728
768
818
910
1089
1189
1196
1133
1108
1142
1150
1055
853
689
524
383
279
206
242
285
385
534
614
650
612
517
403
267
72
-148
-311
-484
-601
-610
-650
-705
-734
-710
-691
-670
-677
-786
-897
-916
-977
-988
-987
-959
-829
-730
-609
-548
-593
-740
-830
-952
-1044
-1072
-1115
-1064
-976
-867
-728
-499
-285
-150
-125
-96
-114
-122
-138
-243
-318
-341
-242
-219
-132
-1
110
301
406
353
308
275
289
320
330
408
438
530
569
579
661
638
623
595
596
610
576
595
678
752
825
869
988
1124
1156
1110
980
880
776
632
435
272
156
131
177
199
273
372
527
613
622
566
533
453
266
64
-177
-375
-505
-569
-654
-641
-649
-589
-537
-506
-408
-427
-457
-482
-509
-545
-512
-461
-463
-413
-414
-478
-562
-602
-685
-801
-855
-846
-804
-747
-630
-520
-378
-256
-130
-21
67
91
14
-22
-16
-76
-138
-189
-208
-146
-50
42
72
192
334
408
422
411
435
503
567
558
532
521
521
497
442
400
312
270
302
301
385
491
480
425
420
465
492
430
285
165
77
-69
-211
-305
-299
-327
-331
-344
-307
-205
-65
98
140
98
24
24
3
-40
-175
-391
-587
-662
-646
-673
-700
-727
-664
-471
-288
-182
-122
-44
30
66
97
33
-44
-149
-196
-200
-229
-288
-409
-533
-612
-619
-605
-587
-627
-567
-446
-322
-232
-124
50
190
320
319
275
164
121
43
-94
-173
-183
-107
35
202
376
496
615
764
866
961
930
810
675
590
537
449
312
270
355
457
571
609
621
710
701
692
661
568
447
398
366
321
232
235
273
330
407
357
263
145
130
136
79
14
10
100
196
224
194
125
-28
-216
-374
-502
-623
-725
-785
-782
-732
-647
-518
-450
-310
-251
-236
-242
-331
-434
-485
-516
-609
-717
-790
-784
-762
-708
-704
-706
-705
-677
-599
-582
-581
-515
-381
-234
-111
8
55
71
47
-14
-86
-245
-410
-504
-635
-600
-526
-353
-163
21
227
385
538
660
692
721
709
622
542
416
310
161
185
273
280
285
319
410
470
516
514
480
476
517
559
562
549
586
648
662
634
571
519
427
382
337
255
244
305
381
433
459
435
379
334
183
-3
-170
-412
-557
-695
-666
-608
-525
-385
-343
-252
-196
-195
-160
-218
-336
-475
-623
-740
-785
-759
-747
-764
-725
-632
-546
-439
-379
-343
-287
-241
-161
-142
-80
-41
-52
-33
-60
-59
-78
-99
-227
-361
-483
-516
-488
-476
-431
-361
-236
-104
50
183
323
464
509
521
492
421
366
332
268
206
244
291
404
512
585
668
796
901
987
1026
1006
992
1001
1021
984
960
911
853
774
658
568
528
434
348
300
282
256
221
172
62
17
-14
-75
-191
-318
-341
-336
-329
-386
-449
-477
-488
-488
-547
-584
-625
-682
-747
-792
-801
-796
-782
-712
-699
-727
-812
-889
-884
-898
-964
-1031
-1028
-903
-779
-684
-514
-364
-254
-186
-136
-108
-176
-295
-429
-582
-665
-691
-701
-600
-423
-250
18
263
456
587
741
768
781
728
654
569
430
375
339
374
395
414
432
415
423
417
357
390
450
481
530
578
685
799
838
837
803
693
624
519
363
224
100
36
10
110
150
201
275
307
365
441
433
351
264
141
71
-71
-197
-214
-270
-273
-286
-313
-283
-343
-362
-414
-447
-430
-468
-535
-564
-512
-409
-328
-274
-255
-213
-200
-225
-317
-405
-466
-487
-494
-485
-425
-281
-151
-128
-92
-71
-29
-19
-56
-178
-255
-216
-151
-87
-29
68
174
313
471
583
627
643
614
561
553
528
478
419
351
259
261
232
168
176
124
117
167
245
289
338
419
447
510
508
438
389
298
229
67
-42
-80
-140
-173
-197
-232
-208
-144
-83
-40
-58
-99
-137
-99
-103
-147
-194
-317
-422
-437
-391
-428
-519
-616
-620
-551
-539
-558
-546
-486
-420
-392
-348
-379
-461
-500
-527
-549
-614
-616
-594
-548
-485
-431
-345
-250
-173
-79
-52
-88
-105
-82
-27
-50
-120
-225
-279
-255
-209
-108
-69
-42
42
168
290
369
429
442
458
477
488
457
425
382
345
332
282
187
155
165
176
205
273
350
446
495
605
724
730
735
764
751
754
701
578
442
397
436
395
354
315
260
340
387
362
454
488
466
454
351
325
279
215
214
129
72
-29
-24
-16
-30
-65
-91
-78
-100
-95
-65
-96
-175
-202
-223
-260
-267
-270
-328
-339
-366
-364
-361
-433
-440
-443
-388
-314
-275
-297
-344
-352
-368
-384
-453
-517
-592
-591
-578
-626
-653
-609
-577
-583
-506
-450
-408
-362
-317
-322
-322
-278
-270
-238
-239
-210
-233
-165
-83
-53
-86
-130
-123
-128
-71
27
70
70
100
158
238
300
327
317
269
233
246
240
217
167
72
89
183
228
243
235
267
322
356
397
431
421
339
294
265
296
342
270
252
245
290
375
394
385
382
378
332
307
233
145
97
39
-19
-45
-93
-108
-95
-95
-147
-179
-189
-161
-172
-197
-168
-143
-154
-123
-120
-187
-228
-316
-313
-282
-303
-332
-319
-338
-332
-241
-184
-146
-125
-73
20
121
188
221
228
245
285
283
177
79
73
62
41
-23
-89
-136
-104
-68
-55
-6
40
170
313
360
338
277
260
234
220
204
127
99
55
40
68
122
124
77
71
47
53
123
161
182
141
79
63
46
12
-19
-31
-98
-157
-236
-250
-205
-176
-216
-237
-163
-85
-44
-43
-106
-196
-208
-204
-181
-218
-273
-260
-228
-176
-122
-61
-47
-62
-71
-82
-51
-60
-129
-172
-215
-228
-165
-100
-47
-22
60
104
95
34
-33
-6
-10
-11
-38
-43
-13
60
126
159
137
105
70
45
-31
-133
-202
-265
-317
-310
-250
-193
-126
-37
31
92
205
231
218
176
98
81
44
8
32
81
92
94
79
107
243
339
358
387
385
392
409
371
346
283
214
176
164
162
96
91
110
125
112
129
133
172
170
120
61
11
-15
-35
-83
-172
-210
-207
-185
-164
-141
-140
-205
-292
-310
-299
-339
-405
-413
-449
-480
-455
-404
-332
-306
-311
-308
-301
-284
-284
-308
-376
-378
-393
-369
-308
-257
-183
-145
-86
-10
83
147
109
60
26
11
-23
-72
-152
-120
-57
-7
82
196
318
420
484
560
576
567
608
573
520
503
502
475
447
408
403
441
473
474
460
490
524
525
564
576
572
540
527
496
477
468
410
381
339
330
301
163
55
-43
-135
-246
-244
-179
-216
-220
-249
-280
-205
-249
-351
-374
-369
-358
-401
-573
-660
-636
-644
-674
-712
-699
-666
-628
-706
-773
-758
-673
-640
-643
-696
-698
-592
-548
-503
-505
-506
-469
-423
-411
-385
-325
-223
-141
-112
-120
-72
-7
10
27
-12
-40
-20
-19
4
71
169
239
247
283
343
389
451
443
440
429
424
389
309
305
312
334
356
380
408
456
535
563
510
467
464
443
381
339
305
329
388
393
400
447
474
481
395
339
318
321
267
209
197
169
213
252
290
259
181
128
90
22
0
-90
-177
-215
-283
-319
-326
-334
-333
-322
-267
-238
-249
-230
-199
-178
-156
-172
-173
-146
-160
-204
-278
-293
-269
-276
-310
-339
-300
-257
-198
-192
-264
-320
-305
-256
-248
-246
-229
-309
-384
-356
-286
-193
-134
-135
-107
-79
-69
-34
-41
-132
-156
-116
-111
-79
-95
-75
-6
28
-17
50
104
115
183
261
341
400
424
483
531
515
522
526
558
440
343
331
289
201
156
147
113
76
-17
-38
-60
-120
-154
-116
-77
-95
-17
78
148
111
41
80
39
-10
-81
-142
-208
-273
-290
-320
-306
-378
-370
-384
-405
-408
-342
-229
-204
-194
-149
-78
-28
-53
-58
-14
-44
-60
-56
-93
-157
-188
-208
-165
-145
-111
-49
-28
61
87
126
149
156
199
226
302
354
411
455
418
388
370
386
393
282
254
194
196
226
199
197
116
152
207
226
229
223
183
154
225
252
207
179
172
202
193
122
53
-79
-140
-179
-237
-303
-366
-407
-426
-394
-378
-398
-384
-384
-351
-290
-287
-246
-231
-257
-315
-361
-415
-425
-374
-375
-398
-420
-400
-359
-319
-356
-353
-327
-241
-146
-95
-91
-85
-11
31
112
160
219
262
259
272
256
256
266
224
217
281
324
332
350
361
399
437
427
429
403
353
337
313
282
293
284
289
264
238
245
214
189
179
119
45
15
-41
-77
-73
-66
-23
-37
-34
12
9
29
28
99
140
132
42
5
19
-13
-50
-112
-127
-155
-130
-127
-148
-130
-134
-78
-42
-35
58
82
42
35
21
-36
-47
-85
-124
-124
-143
-204
-240
-227
-211
-180
-189
-198
-192
-189
-153
-145
-102
-75
-62
-67
-68
-55
-65
-66
-116
-125
-140
-157
-179
-179
-167
-180
-142
-105
-55
-22
18
49
49
34
34
19
-10
-67
-107
-171
-234
-241
-285
-320
-326
-274
-247
-241
-248
-250
-231
-176
-157
-151
-118
-109
-98
-18
31
93
86
50
91
112
115
142
172
203
244
230
242
312
350
349
377
423
436
422
411
409
359
316
328
354
360
317
258
183
175
220
214
195
152
129
153
191
163
115
66
21
21
43
47
38
-3
-14
41
113
118
39
-27
-40
-13
40
42
-16
-79
-81
-19
-19
-52
-125
-158
-187
-109
-109
-126
-114
-80
-48
-33
-32
-79
-97
-147
-198
-267
-224
-198
-154
-129
-130
-83
-33
8
-15
-27
-67
-69
-40
-80
-80
-122
-181
-159
-112
-74
-49
-43
-47
-22
30
66
110
108
81
114
111
98
147
193
190
128
81
15
-28
-56
-133
-131
-150
-198
-192
-156
-115
-101
-78
-76
-130
-142
-163
-165
-190
-300
-317
-252
-218
-243
-255
-254
-279
-242
-243
-257
-246
-299
-271
-245
-223
-187
-145
-121
-109
-58
-16
4
19
-10
52
88
67
82
142
179
160
191
216
249
237
231
253
233
186
173
188
183
202
222
257
295
268
270
271
285
268
247
152
78
116
162
160
112
83
108
120
113
138
135
146
130
111
148
211
266
256
244
234
253
298
309
271
225
145
99
122
106
84
58
29
-9
10
17
36
94
62
9
-15
-88
-144
-187
-203
-209
-254
-288
-307
-300
-320
-363
-352
-284
-287
-302
-343
-327
-320
-262
-211
-192
-173
-183
-194
-183
-174
-190
-192
-202
-163
-42
36
59
71
109
149
216
234
189
196
160
76
41
34
52
17
18
29
20
3
-3
10
2
38
27
-25
-39
-84
-114
-103
-98
-75
-93
-128
-121
-110
-74
-71
-67
-112
-142
-88
-42
-13
1
-12
20
65
82
104
137
126
92
58
47
57
84
27
22
-25
-24
71
57
-11
-63
-80
-100
-90
-119
-108
-109
-103
-99
-45
-34
-34
-52
-113
-84
-58
-57
-92
-155
-186
-183
-169
-118
-113
-108
-87
-65
-91
-62
-17
10
-3
22
59
114
194
140
156
171
147
166
200
164
146
118
87
113
134
147
127
169
207
238
293
326
315
312
300
265
234
211
196
141
137
181
178
119
50
16
45
54
104
152
166
186
235
299
319
335
290
236
188
112
59
28
-49
-75
-120
-140
-152
-171
-161
-171
-180
-191
-187
-144
-113
-123
-117
-74
-36
-75
-93
-91
-74
-71
-93
-117
-197
-276
-315
-325
-316
-346
-357
-330
-289
-185
-108
-77
-52
-27
-18
-14
-66
-72
-96
-119
-149
-180
-185
-207
-211
-207
-208
-245
-284
-246
-243
-228
-168
-101
-129
-130
-100
-84
-66
-49
-19
-38
-8
-18
8
41
54
40
44
59
47
66
66
61
98
73
69
81
93
140
204
269
264
263
287
291
293
289
213
187
175
144
119
89
78
65
60
35
0
-11
36
5
-49
-84
-94
-56
-90
-110
-116
-108
-56
-46
-43
-59
-32
-26
13
-14
-38
0
23
53
60
49
49
41
44
71
121
130
128
143
161
190
228
233
227
240
194
191
168
125
116
53
8
-39
-66
-26
31
1
-38
-37
-30
28
65
42
15
16
-5
-5
-22
-17
-43
-74
-137
-132
-87
-93
-84
-89
-84
-69
-27
32
99
115
138
152
189
218
213
211
185
151
112
102
96
44
23
2
-32
-32
-37
-34
-86
-71
-42
-29
-32
-44
-117
-165
-135
-151
-158
-208
-294
-311
-285
-294
-285
-315
-310
-293
-304
-287
-335
-339
-341
-290
-229
-235
-214
-194
-160
-123
-73
-75
-86
-78
-77
-92
-101
-87
-68
-39
-56
-45
-1
44
86
54
60
58
52
80
76
84
98
101
139
142
153
154
139
122
130
160
137
174
167
153
170
209
206
213
192
204
246
246
243
245
206
159
180
162
161
188
193
161
141
146
154
134
128
113
71
36
25
-6
-38
-43
-40
-63
-60
-54
-68
-69
-92
-113
-148
-160
-154
-191
-173
-137
-134
-137
-164
-99
-70
-68
-38
-23
23
23
1
-36
-54
-43
-30
-18
-17
-6
3
52
47
50
47
28
-3
9
30
29
53
14
-38
11
59
58
41
17
0
-35
-24
-35
-17
-51
-71
-56
-77
-18
-28
-47
-35
-37
-34
-29
-11
-63
-36
-29
-53
-38
-53
-68
-54
-41
-58
-42
-11
-27
-31
-53
-47
-57
-36
19
39
48
74
91
150
171
156
131
85
49
35
-8
-43
-33
-25
-14
15
34
52
62
81
100
98
55
6
25
66
67
36
11
8
60
64
58
-26
-71
-80
-91
-117
-146
-146
-147
-117
-52
-37
5
-3
38
10
-30
-37
-26
0
-64
-82
-101
-99
-54
-34
-46
-37
-63
-60
-22
-3
-12
-19
-33
-23
-24
18
41
37
13
-21
-52
-62
-70
-65
-62
-87
-105
-117
-99
-74
-34
-3
-19
10
25
43
40
11
13
-51
-42
-27
-73
-53
-49
-83
-74
-32
11
0
30
71
107
152
133
110
131
133
105
59
33
84
82
47
29
38
23
58
91
69
77
59
83
112
107
102
119
82
57
31
13
9
-8
5
-10
-38
-30
-22
-38
-51
-32
-36
-30
-24
41
87
95
142
177
170
158
135
133
153
171
144
117
92
74
70
87
67
68
71
65
114
135
123
110
90
65
40
9
-13
10
-17
-40
-35
-48
-49
-52
-31
-72
-133
-119
-154
-160
-160
-129
-125
-163
-186
-211
-208
-191
-166
-157
-142
-142
-134
-83
-77
-42
-52
-75
-62
-88
-47
-49
-44
-72
-90
-39
-32
-40
-33
-73
-77
-50
-58
-29
-15
-72
-70
-54
-81
-82
-126
-156
-176
-191
-163
-161
-199
-215
-230
-191
-156
-141
-128
-134
-117
-85
-51
-54
-67
-28
-28
-54
-23
-23
-35
-15
5
52
75
83
84
74
69
81
95
134
150
126
120
111
113
130
117
93
71
87
123
122
139
142
173
184
218
273
288
249
238
268
272
255
219
175
205
239
241
251
239
208
187
189
198
221
223
185
160
168
182
183
185
152
158
148
107
111
110
53
26
-23
-64
-16
-14
-32
-24
23
10
6
-1
-12
-29
-35
-28
-29
-100
-200
-242
-267
-263
-214
-244
-314
-304
-287
-256
-248
-229
-211
-186
-157
-158
-151
-187
-203
-201
-195
-216
-238
-283
-267
-290
-324
-334
-408
-384
-365
-352
-300
-265
-258
-174
-128
-52
32
92
141
109
85
90
103
70
51
60
18
-22
-42
-71
-32
33
44
46
57
70
141
252
287
289
335
343
343
381
396
379
299
179
103
72
67
12
-23
-42
-58
-43
-14
2
1
-29
-9
3
-59
-62
-29
53
69
44
54
55
47
-8
-29
-37
-33
-45
-41
-53
-70
-61
-33
-38
-34
-44
-1
38
41
62
82
88
61
84
92
106
77
103
109
84
30
-27
-33
-72
-109
-117
-90
-138
-143
-131
-97
-79
-49
-36
-38
-51
-76
-36
-51
-47
-49
-46
-35
-40
-60
-75
-49
-67
-49
-40
-14
-32
-14
32
64
77
67
102
109
147
144
127
150
172
187
202
197
192
227
218
203
199
160
142
118
114
126
92
72
68
106
116
84
65
32
35
43
47
57
33
29
28
2
-3
3
-7
-25
-47
-47
-30
-74
-55
-47
-72
-65
-92
-79
-84
-58
-54
-39
-37
-23
-18
-20
-11
-59
-48
-58
-58
-67
-108
-144
-168
-152
-108
-140
-209
-244
-237
-201
-203
-228
-245
-230
-227
-196
-211
-210
-226
-253
-228
-241
-250
-268
-287
-287
-306
-284
-256
-268
-244
-228
-174
-139
-69
-38
19
51
60
75
91
131
121
108
49
89
86
110
89
79
47
16
51
58
63
58
74
119
164
149
181
182
203
206
200
182
134
154
138
145
112
95
83
65
82
79
105
159
190
188
169
174
204
254
254
259
260
268
288
253
222
203
208
160
148
160
150
155
122
129
144
148
146
118
108
138
118
108
108
67
55
41
2
14
6
-13
-25
-37
-68
-68
-78
-104
-104
-97
-73
-39
-21
-12
7
6
-13
8
20
10
-3
-51
-72
-98
-70
-90
-129
-159
-165
-147
-155
-147
-198
-216
-215
-183
-172
-172
-181
-212
-205
-173
-161
-186
-196
-232
-212
-223
-242
-235
-279
-229
-184
-175
-172
-180
-175
-129
-110
-94
-70
-79
-89
-18
59
69
83
50
18
34
25
-6
-18
-59
-77
-62
-34
-7
-40
-32
-8
12
-1
-37
-42
-73
-69
-47
-17
1
0
12
8
10
-23
-31
-33
-32
-11
-28
-23
-33
-19
6
39
36
2
35
78
115
104
119
144
149
170
179
191
183
185
177
182
154
164
137
133
149
153
143
162
158
149
161
138
147
134
144
139
138
117
79
66
77
57
81
121
167
169
149
120
107
141
136
112
120
147
143
104
104
56
45
50
11
33
11
16
39
40
16
-6
-27
-35
-47
-68
-47
-57
-49
-57
-112
-167
-189
-153
-156
-155
-184
-207
-202
-198
-168
-159
-170
-190
-154
-111
-99
-98
-84
-114
-127
-119
-122
-82
-111
-126
-90
-84
-108
-101
-87
-72
-36
-32
-44
-40
-9
33
14
20
6
-9
30
16
0
9
35
17
15
23
27
37
39
72
45
56
59
58
62
51
52
12
3
-13
-18
11
-5
-38
-52
-66
-82
-82
-98
-83
-83
-72
-57
-48
-67
-70
-44
-33
-32
-45
-56
-56
-51
-25
-51
-60
-42
-23
16
22
51
37
57
57
45
54
80
103
88
79
93
86
53
59
60
67
80
72
62
44
6
13
-2
-20
-16
-36
-17
-31
-8
-4
-22
-31
-34
-14
-18
-16
-9
11
-6
13
48
38
-1
5
7
28
68
79
70
80
95
89
96
109
110
119
97
99
98
75
79
56
30
9
2
8
20
10
9
3
27
10
14
4
-9
15
-4
-3
-7
-25
-47
-70
-46
-33
-54
-84
-86
-78
-49
-47
-43
-19
-12
-1
11
29
42
68
58
66
77
42
36
14
20
41
40
-16
-25
-11
19
52
68
90
86
96
75
84
81
88
90
43
-6
-22
-1
-5
-12
-33
-59
-70
-89
-105
-135
-149
-158
-124
-73
-50
-10
-28
17
41
43
57
0
-30
-45
-71
-88
-106
-143
-153
-159
-158
-183
-151
-154
-162
-149
-163
-137
-107
-87
-80
-81
-87
-59
-43
-37
-67
-110
-96
-102
-92
-77
-126
-127
-65
-39
-38
-53
-58
-42
-13
35
48
61
83
113
116
103
115
128
122
133
135
144
113
47
13
6
2
-16
9
13
48
45
58
79
74
72
80
118
126
150
160
173
167
153
142
162
134
119
103
78
87
65
54
44
35
54
97
126
157
177
181
167
166
142
120
74
54
45
28
16
-17
-20
-29
-52
-41
-62
-55
-35
-56
-51
-58
-63
-67
-79
-110
-125
-134
-121
-124
-133
-144
-157
-175
-182
-180
-182
-161
-133
-93
-81
-88
-96
-85
-74
-71
-35
-35
-42
-32
-30
-17
-26
-20
-6
-1
25
36
77
76
74
73
51
62
63
45
38
29
37
32
8
-5
-20
-28
-34
-24
-12
12
11
20
28
26
31
31
12
12
28
31
34
30
16
-14
-18
-3
-8
2
3
27
36
24
34
15
28
59
84
64
42
25
3
10
-38
-28
-36
-43
-52
-59
-59
-66
-45
-31
-8
-14
-32
-47
-29
-24
-33
-38
-36
-48
-33
-42
-28
-45
-85
-68
-64
-86
-103
-101
-101
-71
-59
-43
-33
-32
3
13
40
31
31
30
20
26
1
2
-20
-6
-7
-4
-4
-18
-8
5
26
27
19
20
21
27
43
59
78
78
69
53
60
74
47
46
57
45
50
26
20
29
18
47
46
56
87
71
87
85
91
96
86
95
73
77
54
56
42
45
37
21
29
39
62
61
54
61
65
55
37
43
43
23
12
-3
6
-9
-26
-23
-48
-43
-44
-45
-58
-63
-51
-53
-44
-50
-48
-54
-56
-38
-38
-56
-79
-91
-83
-72
-67
-68
-81
-67
-51
-36
-28
-37
-26
-14
-15
-15
-16
-17
-2
-11
-12
-16
-26
-25
-15
17
26
16
10
12
15
14
24
25
-5
-8
-17
-23
-23
-33
-44
-63
-70
-74
-73
-56
-31
-29
-11
-36
-40
-25
-23
13
-4
-16
-24
-21
9
23
11
0
-18
-11
-6
11
-11
-26
2
-9
23
26
24
14
-8
-16
-13
-19
-46
-46
-43
-32
-19
-36
-59
-50
-27
5
-4
-32
-34
-46
-36
-38
-36
-42
-35
-18
-3
14
16
19
20
28
25
19
26
52
51
47
55
68
66
74
75
90
81
64
54
50
46
59
73
91
109
99
130
131
116
114
101
85
83
72
58
44
48
57
64
48
56
58
50
71
36
25
19
25
9
0
-4
-18
-30
-45
-28
-29
-37
-32
-17
2
-6
3
13
16
3
-5
-13
-17
-22
-15
-21
-34
-42
-51
-47
-27
-16
-23
-10
-5
-7
11
16
-8
-1
5
-10
-26
-33
-58
-65
-61
-39
-36
-64
-85
-65
-50
-39
-43
-56
-40
-36
-18
1
-5
-7
-29
-27
-37
-49
-46
-52
-58
-61
-63
-65
-54
-47
-40
-42
-50
-50
-42
-31
-25
-40
-62
-52
-80
-72
-60
-71
-78
-75
-71
-65
-60
-68
-68
-52
-66
-52
-38
-53
-46
-43
-21
-34
-41
-36
-23
-10
-13
-4
4
8
6
15
37
36
41
47
54
43
46
54
53
58
57
61
59
55
58
73
73
85
80
82
93
95
101
98
96
89
86
70
44
41
51
66
74
72
50
45
66
72
76
86
71
73
74
73
66
58
64
67
77
81
71
57
71
66
81
91
84
84
81
81
71
65
66
56
38
24
15
19
13
9
1
-16
-24
-23
-28
-29
-30
-47
-49
-45
-40
-44
-64
-61
-64
-71
-76
-86
-112
-110
-91
-73
-76
-66
-73
-83
-78
-84
-79
-67
-66
-56
-53
-35
-27
-45
-40
-43
-54
-77
-86
-76
-76
-75
-85
-92
-93
-89
-71
-43
-48
-68
-54
-57
-57
-44
-61
-54
-48
-48
-50
-51
-67
-61
-51
-73
-75
-80
-66
-24
14
22
41
49
64
74
72
50
36
32
24
25
1
-25
-32
-48
-45
-49
-62
-63
-50
-36
-24
-4
-5
-2
34
54
72
89
80
67
51
39
29
17
2
16
23
26
16
7
16
26
30
39
48
74
114
141
147
152
155
147
142
130
114
105
81
55
39
29
23
9
14
24
29
37
16
-6
-12
-2
17
27
20
26
73
97
106
109
101
99
90
77
59
46
34
31
29
23
14
-3
4
12
6
3
21
35
37
36
28
11
-12
-9
-1
-2
-10
-19
-30
-33
-59
-72
-88
-102
-95
-98
-95
-99
-96
-79
-68
-65
-56
-50
-51
-40
-57
-61
-86
-105
-98
-113
-112
-109
-121
-106
-115
-113
-91
-94
-91
-79
-73
-60
-46
-45
-36
-43
-43
-40
-40
-23
-12
3
6
-1
16
15
9
-1
4
3
16
15
16
18
-9
-15
-8
-9
-14
-7
-9
3
0
-4
14
18
17
12
19
24
19
27
22
10
16
13
5
5
7
17
12
13
26
20
22
24
29
46
58
60
53
49
53
47
32
24
31
27
26
22
10
5
22
26
36
43
48
58
56
52
53
46
44
34
35
30
17
12
0
10
12
6
-11
-23
-15
-2
-2
17
6
10
16
21
30
24
42
40
41
46
39
39
31
22
20
27
40
47
60
73
72
72
77
74
78
73
67
64
58
44
37
33
22
15
6
5
0
-15
-38
-51
-58
-89
-88
-96
-107
-106
-106
-107
-115
-127
-127
-130
-133
-120
-126
-115
-102
-93
-91
-91
-87
-73
-47
-45
-42
-17
-13
-1
8
19
37
35
52
55
55
51
63
52
50
51
41
28
11
8
-12
-14
-25
-18
-22
-26
-10
-5
17
17
17
11
-3
0
3
-17
-15
-34
-44
-38
-50
-35
-46
-60
-50
-34
-43
-42
-36
-36
-31
-29
-26
-42
-43
-33
-16
2
5
-9
-16
-3
11
20
4
-16
-9
5
21
27
13
2
12
18
35
46
35
32
58
75
75
63
38
38
56
60
68
52
25
32
47
65
44
22
7
9
15
9
9
10
25
41
64
58
41
31
30
25
9
15
0
7
13
22
40
37
33
38
38
46
32
32
42
35
21
13
12
-3
-15
-11
-7
-21
-24
-25
-3
2
6
10
8
10
4
12
11
10
21
13
1
-14
-27
-29
-31
-25
-25
-30
-39
-39
-36
-33
-31
-34
-41
-33
-43
-59
-61
-58
-43
-24
-7
5
14
15
15
36
47
32
32
28
32
41
34
17
2
-1
5
-1
-5
-11
-19
-14
-17
-22
-14
-32
-42
-37
-44
-51
-62
-75
-81
-85
-82
-92
-86
-84
-83
-76
-78
-74
-73
-69
-65
-65
-77
-68
-63
-68
-69
-80
-82
-67
-77
-76
-62
-55
-47
-12
3
18
37
31
36
52
69
78
80
70
68
74
72
63
66
77
88
86
94
105
98
95
103
105
93
93
78
91
96
88
83
74
67
58
65
58
49
45
34
38
33
21
27
20
20
20
18
14
-3
-3
-3
-8
4
7
-3
4
-12
-12
-10
-11
-17
-21
-21
-17
-9
-11
5
-1
0
8
17
25
35
47
37
32
29
19
13
1
-14
-19
-18
-12
-16
-17
-24
-37
-30
-31
-52
-55
-64
-71
-69
-69
-69
-78
-88
-85
-80
-76
-79
-77
-68
-58
-39
-27
-23
-14
-10
-10
-10
-9
-17
-13
-21
-33
-39
-52
-50
-51
-51
-54
-50
-53
-47
-47
-47
-35
-34
-29
-26
-26
-24
-21
-6
-2
4
13
9
17
31
34
33
36
38
46
53
57
50
47
49
41
38
34
38
40
45
52
50
40
49
64
51
52
59
54
55
72
74
58
44
48
61
88
91
85
86
79
79
67
62
69
67
72
73
70
62
52
45
33
12
-10
-34
-38
-27
-35
-21
-25
-34
-24
-20
-32
-31
-43
-59
-63
-62
-74
-74
-61
-66
-48
-59
-51
-49
-37
-31
-38
-63
-93
-86
-78
-66
-80
-101
-113
-126
-138
-153
-167
-180
-190
-189
-193
-200
-188
-160
-148
-130
-112
-101
-89
-75
-61
-48
-26
-22
-13
11
26
47
78
106
133
172
197
211
221
228
240
245
230
219
218
213
197
183
170
161
155
152
144
141
124
108
115
102
91
75
65
54
44
52
51
51
26
14
3
2
13
0
5
2
-5
7
-2
-22
-31
-41
-51
-61
-77
-85
-93
-104
-114
-116
-116
-116
-114
-125
-126
-113
-106
-102
-111
-121
-109
-102
-95
-94
-95
-94
-90
-88
-78
-70
-74
-58
-28
-17
19
34
34
47
43
51
71
71
63
65
60
46
56
66
53
54
38
40
31
32
29
28
26
10
10
-8
-17
-15
-23
-24
-26
-32
-33
-30
-35
-28
-24
-22
-16
-19
-12
-12
-9
0
-3
1
-8
-15
-28
-42
-52
-69
-77
-73
-84
-93
-99
-98
-90
-82
-69
-59
-64
-76
-84
-78
-78
-77
-76
-87
-85
-93
-79
-71
-60
-42
-15
5
26
39
58
73
92
116
122
134
139
152
163
175
178
185
185
190
184
185
184
177
179
180
184
175
170
163
175
170
168
167
152
138
115
111
107
94
87
74
57
44
42
35
22
14
3
1
-1
-13
-24
-31
-36
-41
-46
-54
-68
-69
-75
-82
-82
-79
-91
-95
-104
-110
-101
-103
-107
-110
-113
-115
-133
-140
-134
-141
-143
-153
-152
-150
-147
-152
-165
-165
-174
-180
-176
-174
-174
-165
-146
-137
-129
-129
-126
-101
-88
-87
-77
-69
-59
-50
-46
-35
-26
-16
-12
-3
-1
3
16
23
27
31
44
56
61
51
42
56
49
51
44
30
38
42
40
40
40
29
43
50
46
48
45
46
51
51
51
48
33
25
30
36
32
26
24
33
30
24
22
31
27
47
69
86
92
80
91
102
115
125
112
101
100
105
102
95
87
78
83
90
80
84
83
90
100
98
94
90
100
103
113
106
94
100
110
123
116
106
94
89
95
95
83
83
68
60
58
54
44
29
6
-4
-19
-42
-65
-77
-80
-88
-100
-119
-149
-158
-146
-146
-154
-168
-182
-176
-165
-160
-153
-147
-144
-137
-127
-134
-125
-131
-131
-122
-130
-135
-128
-132
-144
-138
-137
-143
-139
-124
-111
-106
-109
-111
-109
-113
-109
-113
-115
-102
-83
-73
-58
-52
-53
-41
-26
-11
9
21
31
45
54
82
98
107
113
123
139
158
165
155
160
142
138
129
107
102
104
114
123
116
103
95
81
96
95
73
62
50
45
39
38
27
9
-9
-7
-13
-14
-25
-29
-44
-54
-44
-41
-33
-30
-19
-3
9
29
35
37
32
27
33
36
39
39
43
43
40
31
41
45
38
34
24
24
24
18
20
6
-2
-2
2
7
6
-1
-5
-17
-22
-25
-22
-20
-33
-41
-50
-58
-62
-52
-70
-87
-92
-102
-103
-114
-113
-104
-106
-99
-89
-86
-74
-71
-61
-54
-42
-40
-32
-18
-21
-7
3
6
9
14
23
33
51
70
78
96
100
109
122
127
150
159
149
150
149
140
153
160
164
164
161
153
150
149
140
130
112
99
91
88
88
82
72
59
38
15
-15
-41
-58
-72
-90
-107
-111
-127
-138
-154
-154
-145
-148
-150
-145
-136
-130
-126
-120
-111
-103
-98
-102
-100
-96
-91
-82
-75
-79
-77
-64
-62
-63
-49
-48
-40
-32
-35
-30
-44
-42
-41
-47
-39
-47
-59
-70
-67
-64
-62
-61
-61
-47
-34
-31
-27
-17
-12
-8
-20
-30
-34
-32
-26
-19
-24
-23
-31
-31
-33
-33
-26
-35
-49
-47
-48
-53
-43
-44
-36
-51
-55
-56
-61
-50
-46
-40
-43
-48
-43
-28
-27
-16
11
29
60
70
85
99
123
145
155
169
176
199
217
231
230
218
198
199
216
221
231
224
218
213
212
213
206
191
180
182
189
196
189
197
196
180
170
151
132
107
95
91
77
59
48
60
76
84
76
80
91
85
86
86
60
42
33
20
12
-15
-43
-59
-85
-119
-150
-182
-210
-224
-239
-250
-259
-256
-245
-225
-199
-184
-187
-184
-176
-191
-210
-228
-252
-268
-282
-298
-312
-322
-330
-331
-324
-333
-323
-322
-322
-313
-297
-280
-252
-211
-192
-151
-132
-108
-86
-66
-57
-56
-47
-35
-25
-11
12
24
42
56
62
58
66
82
95
109
114
125
139
161
168
169
167
164
172
168
167
148
132
130
106
94
106
103
108
130
160
184
181
183
193
204
210
205
201
196
188
182
178
157
144
140
127
115
91
75
65
65
77
80
79
100
115
118
133
145
130
114
95
82
78
66
53
51
54
46
32
26
41
39
50
35
17
5
4
9
-21
-32
-45
-67
-87
-91
-98
-96
-87
-89
-95
-108
-109
-109
-112
-117
-126
-141
-135
-136
-136
-134
-127
-121
-123
-118
-132
-121
-109
-98
-87
-57
-46
-45
-31
-31
-24
-20
-35
-33
-28
-46
-46
-63
-67
-86
-103
-92
-91
-85
-60
-53
-49
-39
-35
-40
-51
-55
-61
-67
-82
-84
-86
-98
-87
-92
-94
-87
-90
-87
-73
-56
-56
-57
-46
-39
-41
-35
-34
-22
-14
-26
-25
-23
-33
-30
-30
-32
-36
-39
-49
-37
-20
-7
14
23
46
62
91
113
134
152
163
172
189
195
213
240
248
258
271
270
263
272
267
276
277
258
246
236
228
220
207
193
188
165
152
137
121
107
80
65
35
22
-2
-10
-16
-20
