SAMPLES:	19547
BITSPERSAMPLE:	16
CHANNELS:	1
SAMPLERATE:	16000
NORMALIZED:	FALSE
-63
-65
-55
-47
-50
-51
-51
-33
-40
-55
-66
-66
-67
-65
-62
-73
-70
-75
-76
-69
-64
-69
-69
-49
-35
-18
4
22
29
54
76
94
103
92
90
97
94
71
49
33
25
27
24
24
17
14
26
38
43
33
37
35
37
32
17
23
28
22
10
-17
-19
-18
-25
-25
-29
-33
-34
-34
-32
-27
-18
-19
-14
-7
-7
4
7
9
16
27
40
36
33
38
27
17
-1
3
7
0
-4
-3
-7
-16
-13
-6
7
3
21
22
34
34
35
38
38
35
22
17
17
8
2
-10
-13
-21
-14
-20
-22
-22
-17
1
-6
7
18
32
23
26
27
18
15
9
3
-3
-15
-17
-22
-28
-30
-32
-22
-18
-13
-5
6
12
17
19
16
12
14
7
-3
-11
-18
-14
-19
-21
-25
-23
-31
-34
-22
-25
-35
-23
-18
-20
-13
-6
-4
1
4
3
4
6
7
6
10
3
-5
1
-8
-11
-14
-14
-8
-2
13
17
22
38
44
48
59
56
54
65
62
57
50
48
45
36
34
26
20
23
14
7
6
-7
-12
-4
-13
-11
-21
-32
-34
-44
-46
-55
-60
-56
-56
-52
-50
-47
-41
-36
-40
-37
-36
-39
-34
-41
-38
-45
-49
-40
-44
-40
-46
-51
-45
-52
-57
-50
-39
-37
-25
-19
-10
-15
-9
-7
-10
-9
-14
-1
10
20
18
23
25
29
31
43
49
50
47
44
47
35
25
45
39
31
34
32
27
35
45
42
53
58
65
70
75
61
57
54
50
40
29
31
17
8
13
13
15
25
19
15
14
19
10
2
-4
2
6
12
-7
-20
-19
-27
-20
-28
-36
-48
-33
-20
-6
-10
-5
0
2
11
8
11
1
-3
3
-2
1
-1
-7
-7
-19
-15
-10
-9
-3
-10
-6
-11
-23
-17
-37
-38
-35
-51
-51
-49
-44
-51
-45
-52
-46
-44
-46
-40
-44
-35
-28
-14
2
11
12
26
20
23
35
19
23
22
22
24
14
-5
-9
-14
-27
-43
-52
-54
-53
-45
-45
-34
-22
-16
0
8
24
26
27
22
19
32
34
24
18
18
19
23
23
31
28
37
47
52
64
63
74
72
63
66
71
60
60
56
49
27
15
20
6
-2
-15
-20
-22
-12
-3
1
-2
-1
8
16
19
15
8
14
10
-6
-8
-11
-17
-23
-30
-37
-40
-53
-64
-52
-55
-59
-55
-52
-39
-32
-11
-19
-13
0
-5
3
-1
2
9
-1
6
3
-4
-7
-15
-26
-32
-37
-44
-58
-59
-68
-86
-82
-87
-84
-81
-79
-81
-84
-86
-77
-78
-79
-76
-77
-83
-78
-68
-75
-64
-49
-32
-14
4
22
51
68
89
114
131
140
153
176
181
183
186
190
187
180
177
163
154
153
143
135
124
107
101
84
80
69
53
46
52
50
37
32
26
20
12
1
-16
-29
-39
-49
-62
-66
-72
-74
-71
-85
-94
-91
-94
-88
-86
-91
-94
-79
-82
-76
-59
-64
-60
-55
-62
-64
-55
-58
-60
-53
-54
-50
-46
-44
-39
-33
-19
-13
-10
0
4
20
19
26
23
16
13
5
10
10
12
20
16
21
15
10
21
24
19
14
6
4
3
-1
1
-8
-7
-10
-17
-21
-26
-31
-38
-43
-41
-50
-42
-33
-33
-23
-9
-6
-16
-16
-10
-6
3
7
-5
-4
-2
0
-13
-13
-21
-34
-20
-16
-21
-14
-6
-11
-10
-19
-23
-28
-28
-28
-35
-59
-84
-88
-80
-73
-75
-80
-89
-68
-67
-52
-43
-39
-25
5
32
36
55
70
102
113
121
122
125
130
135
144
131
132
127
132
140
140
143
148
153
170
174
180
172
149
156
163
155
145
138
130
121
107
83
66
40
28
23
3
-10
-18
-11
-3
-6
2
6
13
19
5
2
-11
-28
-38
-49
-56
-83
-87
-85
-98
-107
-108
-116
-127
-135
-150
-160
-160
-159
-166
-156
-142
-140
-137
-130
-128
-120
-126
-144
-153
-161
-172
-170
-165
-164
-148
-154
-139
-125
-121
-103
-91
-85
-77
-52
-48
-25
-13
-5
14
23
40
43
42
47
39
47
49
41
30
19
18
21
14
6
12
12
10
14
16
17
16
19
24
20
26
28
32
39
35
36
38
34
34
35
41
45
45
52
57
59
57
54
63
59
68
68
73
79
92
107
106
112
104
109
118
115
105
99
84
78
74
72
70
57
52
48
53
55
65
73
70
66
67
66
69
59
57
56
44
40
50
36
39
43
27
33
41
40
35
32
40
50
61
57
49
50
43
40
28
22
7
-6
-14
-17
-40
-57
-78
-94
-101
-115
-112
-119
-113
-110
-106
-95
-101
-98
-98
-100
-106
-121
-110
-128
-129
-131
-135
-139
-155
-160
-164
-160
-160
-155
-153
-142
-137
-124
-114
-97
-83
-85
-80
-70
-69
-71
-62
-60
-54
-50
-47
-42
-35
-20
-14
1
9
34
44
63
77
92
104
101
110
114
122
121
123
115
117
101
99
92
82
81
70
68
61
61
59
46
42
43
40
43
36
37
30
21
7
3
2
-12
-12
-21
-27
-28
-30
-29
-21
-15
-7
-7
4
11
15
31
37
43
45
46
48
52
53
47
52
46
44
58
56
57
50
48
54
34
37
33
36
35
28
26
19
14
10
6
3
10
0
-2
2
-11
-6
-12
-26
-28
-31
-38
-37
-47
-55
-60
-69
-68
-77
-67
-65
-62
-54
-49
-48
-44
-47
-47
-43
-42
-23
-16
-7
-4
2
-1
9
8
13
22
25
35
39
45
48
60
65
62
77
75
67
85
79
81
89
79
69
72
72
68
71
58
47
38
31
37
30
28
34
20
5
-4
-1
-7
-5
-13
-32
-41
-60
-71
-76
-103
-115
-127
-141
-135
-128
-130
-127
-135
-125
-109
-102
-97
-95
-86
-73
-60
-60
-45
-30
-39
-28
-20
-23
-15
-21
-14
-10
-13
-11
-2
-1
1
5
3
11
7
-5
-12
-18
-22
-30
-20
-21
-23
-14
-22
-28
-16
-13
-12
-9
-15
-10
4
13
9
19
21
25
29
29
28
27
22
23
24
19
16
13
17
18
10
4
4
-2
-1
1
-6
-11
-21
-19
-12
-16
-16
-18
-28
-16
-22
-30
-19
-11
2
21
32
33
48
65
73
97
95
91
100
113
122
121
122
120
137
148
142
146
137
131
142
140
141
136
137
138
141
139
136
146
141
142
132
117
106
97
92
81
69
54
51
57
53
40
26
13
8
1
6
-11
-30
-39
-45
-58
-78
-91
-117
-127
-134
-149
-150
-156
-175
-177
-171
-177
-176
-177
-178
-173
-168
-170
-166
-182
-179
-172
-181
-189
-189
-187
-189
-183
-191
-180
-182
-183
-170
-166
-154
-155
-140
-132
-130
-119
-111
-89
-80
-70
-70
-64
-57
-54
-45
-35
-39
-34
-22
-14
-5
5
17
30
34
46
59
68
76
78
90
99
97
97
97
91
102
101
96
110
115
122
125
128
138
147
160
158
164
173
185
187
187
185
183
186
168
155
131
126
125
103
84
73
68
69
77
74
79
81
84
91
84
75
67
62
54
46
33
19
27
37
38
19
20
19
19
24
30
39
39
42
35
37
31
28
27
28
20
1
-1
5
0
-7
-21
-18
-32
-31
-33
-37
-45
-45
-50
-55
-69
-87
-83
-100
-98
-106
-110
-116
-120
-131
-129
-136
-141
-149
-158
-152
-155
-162
-165
-167
-160
-155
-147
-133
-123
-99
-86
-70
-60
-64
-58
-50
-56
-62
-78
-89
-89
-82
-84
-80
-83
-68
-36
-24
-11
-6
3
20
36
32
27
15
27
23
20
17
15
24
14
4
-14
-19
-29
-21
-17
-19
-7
7
18
18
20
24
28
40
50
63
70
62
71
81
88
82
74
73
68
78
77
78
78
88
111
130
152
153
170
189
191
195
196
178
167
175
175
161
139
123
112
99
87
67
57
57
70
65
59
43
40
38
25
15
-1
0
-3
-14
-25
-29
-46
-49
-59
-75
-94
-119
-127
-125
-135
-140
-137
-150
-151
-146
-153
-151
-151
-138
-134
-127
-131
-142
-131
-142
-144
-148
-154
-157
-151
-155
-146
-144
-130
-114
-101
-78
-72
-58
-53
-32
-20
-12
-3
15
25
50
68
85
97
112
132
134
129
135
137
130
139
129
116
105
106
96
83
102
90
83
101
97
97
105
108
95
84
87
66
64
55
31
21
2
-15
-15
-26
-34
-33
-52
-55
-51
-63
-64
-63
-62
-63
-47
-44
-45
-47
-42
-24
-22
-18
-30
-48
-50
-43
-39
-42
-43
-39
-31
-10
-7
-8
-8
0
10
3
8
-4
-2
2
4
14
14
4
0
-8
-11
-15
-9
-7
-28
-30
-23
-14
-7
1
0
14
35
52
47
62
68
54
61
55
49
40
29
31
36
38
30
32
24
4
3
-4
-4
-23
-44
-42
-41
-52
-56
-69
-83
-73
-76
-93
-97
-99
-106
-102
-105
-103
-99
-89
-78
-79
-69
-49
-29
-27
-18
-15
1
10
10
10
1
8
12
23
26
36
47
59
61
67
65
60
70
65
64
57
68
63
52
56
56
61
66
53
46
54
59
53
50
55
62
76
84
80
90
80
83
84
75
70
53
52
42
30
27
20
21
30
31
31
32
18
10
10
8
-10
-16
-23
-18
-9
-1
-3
-9
-15
-14
-8
-17
-31
-54
-67
-77
-83
-91
-98
-94
-85
-69
-64
-63
-70
-70
-57
-48
-46
-59
-64
-49
-28
-18
-14
-19
-17
-6
6
1
-10
-20
-17
-10
-6
-16
-11
-7
-9
-7
-9
-4
-5
-3
-12
-21
-27
-36
-37
-41
-39
-36
-39
-31
-35
-35
-37
-43
-57
-62
-57
-57
-61
-74
-70
-52
-38
-22
-7
-4
8
22
31
37
36
30
41
49
29
43
54
58
66
79
96
96
96
91
93
104
101
86
61
57
62
55
54
54
60
56
53
31
11
-9
-21
-21
-26
-25
-22
-26
-20
-17
-16
-5
-13
-22
-24
-25
-8
-17
-37
-44
-42
-28
-4
19
21
35
46
38
18
2
-10
-25
-26
-54
-58
-33
-25
-20
3
0
-7
15
4
2
-38
-57
-55
-67
-51
-59
-36
0
-6
6
23
24
10
-13
-28
-47
-59
-24
-12
10
45
51
68
68
52
61
55
31
1
-13
-12
-1
45
58
79
103
118
145
116
82
51
13
-24
-45
-70
-100
-74
-15
30
74
68
58
84
79
34
3
-24
-48
-64
-46
-38
-13
31
63
105
107
90
77
39
-12
-65
-96
-94
-66
-53
-41
15
33
62
83
78
74
41
0
-21
-42
-40
-29
-64
-85
-83
-87
-60
-67
-111
-130
-141
-172
-186
-205
-220
-177
-140
-93
-61
-56
-54
-55
-60
-87
-145
-171
-195
-193
-153
-159
-142
-111
-64
7
51
61
66
60
30
21
-8
-60
-82
-23
33
70
105
123
167
227
206
132
79
66
90
59
5
-2
43
135
186
192
221
259
293
283
246
172
109
38
-1
-3
66
172
147
40
-87
-174
-200
-245
-346
-403
-285
-121
-14
40
71
220
434
574
512
382
271
213
158
30
-164
-294
-321
-279
-188
-97
19
102
149
127
97
82
40
-64
-154
-125
-17
109
158
124
131
230
303
262
83
-98
-194
-234
-280
-367
-414
-381
-238
-99
-29
66
147
191
186
102
43
24
-27
-97
-142
-101
5
126
229
246
283
328
377
393
317
262
262
268
261
237
165
71
-47
-198
-283
-411
-576
-725
-856
-910
-891
-824
-783
-733
-702
-524
-204
0
44
38
69
107
145
68
-61
-193
-304
-349
-411
-419
-444
-462
-504
-605
-624
-558
-481
-472
-475
-331
-101
70
116
136
217
321
494
597
626
635
591
637
706
657
540
356
133
-30
-117
-162
-260
-275
-61
496
1277
1928
2396
2651
3053
3786
4429
4270
3070
1427
240
-446
-1513
-3302
-4852
-4952
-3877
-3013
-2907
-2558
-1154
822
1925
1657
1215
1500
1869
1361
231
-517
-284
168
15
-259
-48
589
791
-99
-1579
-2771
-3627
-4534
-5642
-6622
-6403
-4831
-2675
-619
1283
3347
5643
7209
7380
6371
4849
3362
1682
-238
-2140
-3251
-3245
-2586
-1898
-1074
175
1588
2439
2109
860
-419
-1252
-2230
-3640
-4689
-4476
-3017
-1034
625
2075
3681
4832
5126
4557
3182
1525
-320
-2234
-3691
-4473
-4483
-3950
-2821
-892
1687
4264
6024
6759
7320
8401
9120
8091
4947
1256
-935
-1919
-3747
-6765
-9046
-8417
-5732
-4120
-4286
-3915
-1300
2224
3559
2236
1081
1785
2567
1665
-362
-1455
-609
507
297
-433
-218
792
1110
-426
-2774
-4647
-5604
-6374
-7720
-8908
-8685
-6647
-3989
-1181
1871
5423
8950
10983
10946
9444
7383
4715
957
-3148
-6046
-6994
-6735
-6086
-5068
-3005
512
4020
5394
4774
3614
2629
1525
-736
-3762
-5752
-5582
-3778
-1501
788
3303
6085
7936
8290
7152
5066
2649
-302
-3535
-5873
-6446
-5541
-3831
-1963
377
3849
8114
11558
12799
11880
9617
6769
3658
-80
-4521
-8597
-10769
-10643
-9360
-7701
-5922
-3549
-113
3118
4632
4375
3357
2223
776
-1189
-3086
-4083
-3977
-3135
-1821
132
2583
4401
4609
3425
1666
-384
-2897
-5999
-9133
-10952
-10909
-9583
-7564
-4993
-1635
2389
6579
10214
12346
12619
11368
8741
5288
1606
-2336
-5975
-8420
-8937
-7937
-5998
-3579
-1182
1188
3326
4301
3775
2454
527
-1890
-4061
-5469
-5783
-4715
-2823
-550
2191
5172
7880
9328
8902
6994
4407
1669
-960
-3650
-5897
-6945
-6686
-4973
-2215
930
4107
7123
10279
13265
14535
13013
9279
5166
1884
-1437
-5788
-10147
-12195
-11351
-9453
-8091
-6652
-3505
1089
4356
4650
3617
3327
3321
1785
-1488
-4470
-4907
-3532
-2686
-2303
-1077
1308
3596
3764
1910
-702
-3006
-5082
-7600
-10278
-11753
-11255
-9404
-6751
-3583
196
4863
9606
13058
14272
13488
11278
7965
3843
-935
-5574
-8718
-9550
-8551
-6864
-4553
-1488
1746
4576
5940
5214
3304
1083
-1682
-4409
-6267
-6967
-6093
-3992
-1182
2447
6260
9414
11179
10720
8646
5832
2335
-1170
-4536
-7303
-8398
-7882
-6213
-3471
-152
3400
7024
10304
13283
14843
13821
10523
6135
2393
-718
-4597
-9020
-11899
-11676
-9548
-7626
-6079
-3642
505
4375
5614
4695
3650
3166
1588
-1689
-5029
-6249
-5160
-3866
-3185
-1844
818
3957
5191
3772
939
-1697
-3755
-6052
-8874
-11270
-11767
-10386
-7639
-4317
-763
3600
8578
12683
14583
14018
11743
8813
4853
-259
-5270
-8500
-9106
-8285
-7362
-5738
-2429
2064
5972
7080
5557
3805
2184
-349
-3796
-7381
-9143
-8242
-5849
-2794
780
4833
8578
10912
11037
9370
6862
3620
-200
-4182
-7196
-8109
-7572
-6393
-4491
-1662
2503
7233
11324
13899
14459
12904
9718
5855
1786
-2718
-7607
-11792
-13416
-12347
-10284
-8372
-6210
-2343
2739
6263
6835
5731
4743
3821
1509
-2403
-6183
-7671
-7143
-6058
-4719
-2398
909
3783
4811
3738
1585
-702
-3064
-5960
-8954
-10829
-10908
-9470
-7047
-3921
-335
4075
8809
12585
14532
14324
12189
8841
4780
-168
-5019
-8558
-9868
-9342
-8054
-5482
-1806
2119
5568
7138
6574
5367
3559
400
-3332
-6626
-8568
-8227
-6376
-3904
-540
3452
7434
10325
11135
10076
7714
4643
1493
-1633
-4444
-6007
-6391
-5944
-4099
-1508
1649
5500
9065
12309
14553
14478
12036
8039
3948
172
-4227
-8924
-12295
-13031
-11837
-10119
-8338
-5322
-381
4186
6334
6393
5736
5302
3807
67
-4649
-8011
-8711
-8175
-7618
-6061
-2997
902
3794
4558
3495
1789
-201
-3091
-6414
-9173
-10345
-10116
-8930
-6781
-3764
469
5754
10398
13477
14554
13521
10879
7171
2618
-2361
-6727
-9399
-9709
-8409
-6088
-2855
664
4248
6949
7414
6202
3946
456
-3376
-6646
-9118
-9851
-8776
-6639
-3119
1498
6156
9976
11723
11329
9549
6744
3345
-340
-3932
-6498
-7527
-7544
-6484
-4405
-1533
2196
6069
9908
13264
14481
13013
9524
5456
2171
-1277
-5893
-10416
-12637
-11886
-9664
-7953
-6459
-3030
1670
5195
6352
5357
4391
3614
1002
-3009
-6738
-8337
-7803
-7067
-6037
-3419
688
4670
6550
5910
4227
2779
804
-2391
-6323
-9650
-10916
-10259
-8613
-6382
-3506
780
6142
11073
14244
15110
13736
10880
7248
2815
-1850
-5796
-8323
-8647
-7299
-4689
-1122
2144
4806
6321
6170
4815
2251
-1754
-5954
-9233
-11002
-10828
-9166
-6503
-2528
2364
7292
11112
12799
12307
10219
7035
3376
-383
-4025
-6980
-8763
-9207
-8224
-6036
-2823
1146
5331
9771
13433
14879
13569
10065
6253
3016
-837
-5957
-10729
-12691
-11664
-9495
-8016
-6293
-2335
2759
6481
7027
5618
4624
3355
204
-4428
-8473
-9758
-9069
-8101
-6495
-2908
2194
6557
8348
7649
6280
4759
2151
-2115
-7156
-10924
-12253
-11830
-10513
-8406
-4770
671
6890
11951
14623
15307
14117
11512
7483
2167
-2869
-6575
-8490
-8743
-7800
-5144
-1149
2545
5133
6127
5723
4728
2146
-2441
-6974
-10118
-11115
-9891
-8022
-5411
-1048
4157
8924
12135
12728
11466
9113
5573
1847
-1850
-5548
-8160
-9654
-9850
-8175
-5455
-2007
1921
6172
10743
14418
15384
13291
9501
5767
2491
-1772
-7082
-11337
-12671
-11494
-9893
-8753
-6428
-1746
3371
6005
5744
4720
4491
3532
-31
-4909
-8111
-8205
-6792
-5848
-4396
-796
4108
7889
8654
7153
5468
3724
574
-4153
-9166
-12270
-12947
-12294
-10818
-8169
-3577
2782
9134
13465
15638
15898
14394
11418
6602
782
-4478
-8054
-9530
-9430
-7937
-4963
-1115
2545
5401
6687
6373
4808
1336
-3231
-6983
-9370
-10047
-9211
-7349
-3780
1413
6773
11050
13063
12929
11552
8823
5019
958
-3360
-7049
-9291
-10349
-9697
-7727
-4970
-1376
2886
7671
12407
15523
15720
13210
9426
5733
2079
-2648
-7999
-11819
-12895
-11712
-10110
-8728
-6032
-1462
3170
5590
5437
4449
3859
2186
-1383
-5571
-8287
-8428
-7372
-6183
-3810
358
5086
8256
8444
6943
5255
2970
-630
-5612
-10444
-13138
-13513
-12519
-10559
-7439
-2418
4118
10072
14142
16033
15874
14001
10294
5011
-702
-5397
-8340
-9814
-9844
-7975
-4374
-59
3579
5716
6241
5787
4159
413
-3994
-7475
-9729
-9877
-8690
-6470
-2105
3352
8192
11675
13147
12741
10875
7248
2876
-1500
-5614
-8406
-10084
-10490
-9097
-6556
-3267
691
5019
9638
13901
16120
15221
11936
7914
4262
360
-4704
-9959
-13038
-12796
-10768
-9275
-8028
-4615
668
5409
7143
5831
4679
4347
2563
-1340
-5838
-8339
-7923
-6660
-5273
-2533
1734
6193
8579
7948
6305
4594
1785
-2493
-7834
-12119
-13530
-12859
-11423
-9282
-5757
-190
6680
12247
15162
16202
15272
12952
9325
3793
-1917
-6444
-9135
-9888
-9224
-6940
-3238
646
3759
5740
6260
5770
3891
-430
-4814
-7871
-9708
-9333
-8068
-6070
-1887
3323
8035
11310
12198
11312
8962
5301
1388
-2513
-6172
-8681
-10086
-10239
-8341
-5474
-2452
949
4563
8853
13417
16030
15232
11869
7851
4511
1294
-3437
-8772
-12339
-12678
-10708
-9238
-8198
-5521
-978
3895
6286
5592
4799
4588
3229
-66
-4327
-6971
-6992
-6180
-5350
-3169
716
5232
8030
7638
5937
4134
1771
-1854
-6857
-11321
-13048
-12532
-11101
-8829
-5414
-309
6124
11616
14906
16264
15492
13195
9405
3991
-1591
-6228
-9336
-10454
-9934
-7665
-3754
61
3236
5616
6315
5859
4004
-72
-4143
-7246
-9534
-9878
-8940
-6834
-2537
2569
7057
10423
11904
11681
9855
6375
2315
-1727
-5496
-8159
-9652
-9818
-8141
-5622
-2881
479
4278
8557
12902
15456
14991
12312
8433
4826
1452
-3172
-8301
-11819
-12385
-10304
-8430
-7619
-5431
-1239
3625
6409
5634
3812
3225
2388
-369
-4422
-7529
-7882
-6475
-5055
-2785
901
5052
8134
8469
6916
5160
2776
-1213
-6381
-10803
-12897
-12712
-11532
-9734
-6660
-1832
4575
10623
14364
15647
14929
12832
9693
4969
-873
-6171
-9676
-10298
-8832
-6694
-3554
-103
3230
6216
7270
6253
3833
20
-4013
-7180
-9524
-10548
-9645
-7241
-3597
1308
6180
9867
11864
11654
9830
7017
3399
-133
-3673
-6763
-8197
-8180
-6904
-4726
-2522
14
3495
7553
11632
14525
14858
12917
9536
5828
2684
-1144
-5853
-9722
-11215
-10115
-8267
-7468
-6218
-2778
1664
4796
5016
3306
2294
1856
-35
-3473
-6723
-7911
-7032
-5600
-4034
-1093
2838
6191
7627
6692
4930
3083
-39
-4574
-9188
-12350
-13050
-12163
-10748
-8411
-4478
1103
7269
12111
14383
14815
14124
12014
8277
2875
-2672
-6716
-8593
-8444
-7431
-5429
-2088
1586
4543
5956
5521
3846
1385
-2015
-5685
-8341
-9848
-9361
-7201
-4476
-399
4279
8076
10657
11519
10531
8446
5339
1670
-1995
-5415
-7598
-8344
-8171
-6769
-4534
-2442
-173
2778
6009
9729
13076
14076
12311
8879
5722
3741
1188
-3063
-7548
-9759
-8610
-6937
-7136
-7529
-5649
-1571
2077
2354
454
74
1001
543
-1745
-4341
-5135
-3685
-2517
-1867
102
3674
7181
8009
6160
4330
3095
665
-3595
-8708
-12331
-12896
-11819
-10551
-8603
-5229
-105
5557
9965
12907
14705
14640
12580
9026
4704
548
-3227
-6275
-7637
-7014
-4536
-1387
748
1973
2847
3266
2622
201
-3423
-6650
-8519
-8650
-7656
-5938
-3103
604
4512
7998
10611
11753
11212
9008
5465
1861
-1216
-4064
-6636
-8603
-9123
-7729
-5291
-2975
-960
1168
4248
8615
12489
13948
12341
9066
6605
5488
3501
-737
-5780
-8628
-8094
-6898
-7409
-8481
-7539
-4089
-850
-505
-1705
-1665
-562
-297
-1766
-3660
-3471
-1938
-1280
-944
811
4093
7222
7689
5698
3880
2754
727
-3234
-8408
-12169
-13097
-12671
-11700
-9965
-6757
-1456
4864
10246
13848
15640
15552
13928
10635
6040
1051
-3618
-6717
-8092
-8282
-6736
-3873
-856
1569
2918
3051
2301
913
-1679
-4866
-7428
-8491
-7477
-5383
-3096
55
4034
8037
11220
12374
11457
9244
6179
2575
-1268
-4764
-7324
-9089
-9760
-8949
-6957
-4458
-2085
364
3577
7940
12470
14895
14001
11203
8808
7419
5338
1076
-4340
-7930
-8287
-7554
-8315
-9965
-9679
-6502
-2699
-1484
-2452
-2421
-708
564
26
-1597
-2337
-1199
-88
362
1551
4080
6695
7270
5717
4137
3180
1261
-2754
-8034
-11869
-12980
-12459
-11913
-10980
-8237
-2949
3994
10243
14347
16481
16830
15451
12706
8188
2261
-3556
-7892
-9742
-9357
-7779
-5373
-2755
65
2966
4662
4367
2424
-722
-4085
-6143
-7033
-7117
-6193
-4372
-802
4267
8937
12046
12936
12074
10263
7404
3275
-1547
-6123
-9597
-11380
-11667
-10590
-8273
-5884
-3327
-287
3281
8020
12589
14961
14928
12989
10568
9005
6791
2320
-3291
-7662
-8888
-8113
-8958
-11471
-12357
-9837
-5276
-2559
-3103
-3620
-1625
1510
2860
1658
229
283
1115
1357
1570
2748
4470
5397
4383
2920
2503
1457
-1777
-6690
-11114
-12971
-12907
-12363
-11373
-9006
-4335
2018
7883
12197
15295
16866
16409
14069
10186
5198
-193
-5234
-8937
-10400
-9475
-6756
-4012
-1849
509
2560
3669
3141
683
-2524
-4977
-5863
-5478
-4524
-2881
13
3629
7290
10395
12082
11832
9986
6853
2746
-1326
-5174
-8692
-11516
-12993
-12148
-9537
-6141
-2808
-206
2313
5550
9344
13097
15423
15175
12914
10088
8018
6293
2874
-2569
-7600
-9757
-9543
-9611
-11625
-13460
-11900
-7577
-3948
-2827
-2346
159
3906
5989
5428
3960
3426
3460
2525
1058
1092
2674
3983
3431
1636
437
-277
-2167
-6003
-10344
-12858
-12815
-11356
-9383
-6587
-2511
2999
9314
14687
17564
17485
15021
11375
7006
1940
-3580
-8633
-11485
-11206
-8992
-6039
-2505
619
3048
4654
4601
3071
626
-2405
-5195
-6755
-6539
-4705
-2118
697
4202
8001
11096
12774
11925
8816
4735
115
-4645
-8846
-11976
-13491
-13339
-11707
-8292
-3667
650
3989
6158
8074
10837
13699
15071
13562
9845
6433
4795
3759
1057
-3361
-7406
-8680
-7995
-8754
-11351
-13322
-12179
-8355
-5376
-4350
-2809
936
5198
7144
6566
5538
5244
4472
1889
-641
-909
707
1879
622
-1250
-1313
-903
-2335
-6108
-10270
-12204
-11640
-9860
-7888
-5143
-534
5133
10228
13930
16241
16747
15052
11495
6586
1416
-3244
-7176
-9965
-10924
-9332
-5745
-2176
217
1573
2330
2600
1936
-166
-2986
-4873
-4892
-3435
-1553
686
3476
6538
9232
10553
10165
8469
5944
2370
-2413
-7070
-10312
-12037
-12608
-12119
-10229
-6536
-1589
2934
5834
7310
8273
9503
10874
12290
12693
11041
8372
6253
5682
5175
2186
-3194
-7806
-9346
-9381
-11156
-14781
-16481
-13461
-7669
-3170
-855
1626
6094
10380
11461
9509
6559
4396
2097
-1043
-3278
-3257
-1596
-279
-542
-1069
-906
-916
-2548
-6296
-10198
-11777
-10701
-8313
-5827
-3290
347
5848
12170
16556
17252
14981
11676
8203
4152
-1136
-6984
-11235
-12069
-10356
-8075
-5413
-2482
108
2257
3550
3524
2686
1381
-459
-2026
-2189
-1207
90
1084
2227
4065
5894
6995
6664
4290
1030
-2373
-6030
-9029
-11070
-12204
-11650
-9238
-5300
-557
3571
6375
8015
8708
9007
9059
9112
9680
9670
8397
6637
5511
5163
3844
-243
-5558
-9020
-9798
-10577
-13610
-16794
-15865
-9910
-3278
555
2612
6086
11366
14359
12702
7947
3337
588
-1921
-4879
-6406
-5333
-2931
-1547
-1331
-705
446
320
-2369
-6473
-9029
-8438
-6400
-5406
-4737
-2265
2595
8862
13803
15351
14659
13249
11121
7739
2405
-3770
-9118
-12091
-11950
-10403
-8728
-6110
-3049
-114
2815
4783
5213
4891
4044
2634
1412
528
55
-243
-734
-416
662
1640
2687
2683
959
-1260
-3672
-5977
-7576
-8454
-8229
-6706
-3925
-512
3108
6248
8446
9493
9011
7530
6136
6042
7655
8874
8116
6470
5288
5403
4862
861
-5105
-9470
-10753
-10835
-12860
-15917
-15416
-9593
-1973
3125
5340
7742
11500
13521
11200
5906
968
-1965
-4462
-7414
-8709
-7014
-3658
-1187
-780
-553
852
1853
30
-4494
-8103
-8460
-6992
-5764
-4960
-3298
320
5422
9974
12300
12909
12225
10018
6793
2757
-1788
-6319
-10075
-11720
-10906
-8704
-5728
-2812
-300
2652
5748
7630
7613
5909
3097
454
-1055
-1750
-2818
-4253
-4481
-2814
3
2668
3557
1987
14
-1089
-2262
-3928
-5671
-6933
-6566
-4142
-731
2377
4890
6598
7162
6616
5492
4709
4250
5073
7147
8452
8539
7886
7049
6064
3483
-1377
-6591
-9805
-10902
-12277
-14832
-15613
-11566
-4048
2415
5278
6234
8649
11750
11755
7745
1976
-2457
-4632
-6147
-7278
-6699
-4210
-1272
692
2010
3412
4040
2242
-1884
-6119
-8052
-7378
-6602
-7001
-6699
-3826
1410
7176
11066
12747
12742
11706
9910
6442
1491
-3765
-8858
-12215
-12400
-10175
-6894
-3570
-477
2850
6612
9555
9774
6907
2782
-419
-2128
-3649
-5542
-7334
-7450
-4676
-521
2692
3991
3731
2950
2160
787
-1469
-4140
-6318
-6759
-4984
-1770
1626
4132
5349
5884
6192
5969
4753
2546
1251
2900
6096
8317
8283
6824
6015
6028
3834
-1425
-6924
-9721
-10191
-11782
-14724
-15047
-10059
-2373
2805
3766
4206
7752
11445
10346
4764
-1467
-4272
-4163
-4707
-5855
-5421
-2569
1108
3355
4082
4257
3586
1077
-3082
-6746
-8273
-8398
-8792
-9161
-7319
-2640
3612
8984
11848
12994
13101
11914
8979
4081
-1780
-7347
-11448
-12735
-11149
-8005
-4393
-895
2423
5959
8888
9405
7070
2846
-1248
-4006
-5885
-7331
-8317
-7906
-5148
-766
3195
5604
6274
5516
4129
2127
-699
-3636
-5786
-6367
-5243
-3082
-121
2874
5014
6350
6496
5782
4631
2834
1058
966
3562
7467
9699
9325
8180
7996
7994
5241
-794
-6984
-10106
-10961
-12868
-15465
-15062
-9808
-2434
2199
3464
4898
8303
10830
8760
2989
-2006
-3982
-4295
-5217
-6146
-4887
-1491
2074
4114
4833
4840
3579
338
-4206
-7910
-9260
-9477
-9785
-9428
-7068
-1914
4998
11008
14265
14618
13345
11176
7728
2512
-4082
-10377
-14027
-13521
-10839
-7810
-4283
-328
4189
8604
10867
9835
6562
2363
-1755
-4876
-7017
-8450
-8979
-7932
-4651
-47
4211
7012
7451
6273
4514
2141
-681
-3592
-6149
-7143
-5845
-3161
110
3106
5018
6236
6836
6578
5207
3157
1989
2832
5542
8248
9049
8292
7948
8540
7271
2567
-3688
-8179
-9465
-10305
-13325
-15854
-13910
-7427
-883
1676
2268
4461
8388
10149
7049
1505
-2361
-3622
-4340
-5394
-5481
-3529
-266
2313
3513
4184
4080
2039
-2079
-6309
-8370
-8886
-9480
-10149
-9518
-5644
853
6807
10327
11856
12471
12207
10430
6673
1275
-4441
-9342
-12146
-12235
-9931
-6413
-3417
-906
2403
5873
7734
6819
3081
-927
-3332
-4309
-4790
-5575
-5678
-3942
-808
2688
5566
6841
6309
4724
2729
698
-960
-2797
-4438
-4674
-3030
290
3399
4975
5410
5125
5013
4919
3698
1547
-34
1046
4941
9481
11931
11431
10019
9248
7904
3597
-3274
-9103
-11743
-12585
-14116
-16226
-15036
-9068
-2085
1745
2668
4429
8130
10491
8238
2586
-1964
-3021
-2761
-3582
-4796
-3959
-719
2530
4089
4002
3108
1451
-1427
-5127
-8235
-9931
-10843
-11546
-10730
-7258
-1707
4448
9448
12334
13788
14234
12942
9310
3514
-3231
-9205
-12679
-12800
-11160
-9477
-6861
-2752
1967
6244
8301
7321
5202
3228
1098
-1176
-3463
-5326
-6206
-5722
-3292
25
2868
4889
5226
4599
4134
3056
759
-1963
-3969
-4420
-3120
-1153
354
1704
2936
3800
4482
4707
4255
3096
2320
3519
6783
10582
12161
10759
8611
7686
6362
1777
-4928
-10425
-12411
-12217
-13768
-16024
-14525
-8269
-1071
2308
2573
4194
8186
10827
8158
2133
-2199
-2878
-2284
-3179
-4424
-3799
-742
2818
4408
4174
3283
1569
-1335
-5025
-8383
-10608
-11819
-12243
-11147
-7862
-2523
3461
8470
12544
15247
16104
15065
11384
5524
-1312
-8039
-12782
-14388
-13379
-11216
-8163
-3860
1252
6016
8842
9040
7129
4701
2318
-783
-3775
-6087
-7803
-7425
-4987
-1379
2450
5263
6923
7202
6702
5582
2777
-850
-3777
-5703
-6001
-4491
-2533
-885
1117
3218
5070
6635
6963
5683
4086
4197
6646
9793
11089
9756
7271
5784
5224
2392
-3211
-8367
-11180
-11745
-12643
-15015
-15006
-10712
-4864
-980
480
2591
6819
10190
8826
4065
374
-89
659
-770
-3191
-3384
-1059
2425
4113
3186
1740
-127
-2656
-5781
-8951
-11247
-12681
-13188
-11739
-7627
-1776
4056
8555
11440
14144
16319
15791
11945
5309
-1692
-7019
-10443
-12539
-13492
-12513
-8905
-3642
1256
5009
7019
7328
6606
4392
1215
-1619
-4176
-6173
-7169
-6281
-2619
1987
5447
7098
7634
8083
7873
5579
1004
-3902
-6815
-7282
-6489
-5581
-3961
-1168
2281
5800
7893
8463
8196
6638
4540
3562
5083
8215
9669
8282
6008
5407
6384
5069
-632
-7454
-10883
-10848
-11136
-13780
-16033
-13569
-6942
-1200
1412
3081
6333
9963
10201
7000
3551
1856
1171
-738
-3284
-3623
-1314
1418
2231
1351
458
-314
-2104
-5481
-9598
-12725
-13731
-13093
-11523
-8492
-3653
2211
8118
12930
15790
16585
15440
11993
6156
-948
-7424
-12029
-14665
-15523
-14439
-11069
-5603
125
3910
5874
6834
7059
6114
3315
-765
-4116
-5552
-5395
-4160
-2021
1000
4220
6801
8294
8384
6998
4014
-320
-4321
-6487
-7128
-7041
-6479
-4614
-823
3716
7160
8643
8731
8552
7640
5682
4245
4557
6719
8618
8238
6626
5863
6408
5113
119
-5915
-9713
-10026
-10238
-13394
-16101
-14200
-7496
-600
2564
3707
6344
10728
12601
9938
5374
2299
1557
261
-2049
-3336
-2816
-685
476
-274
-1186
-2094
-3855
-7023
-10731
-13057
-13306
-12054
-10375
-7938
-3671
2805
9666
14364
16278
15760
14027
11363
6334
-1008
-8503
-13699
-15760
-15576
-13866
-10611
-5612
194
4935
7425
8277
8561
7337
4038
180
-3024
-4472
-4187
-3581
-2340
280
3914
6994
8208
7599
5651
2645
-1036
-4742
-7662
-9036
-8685
-7184
-4326
-19
4466
8074
10064
10474
9851
8397
6449
4944
4816
5857
6411
5551
4321
3992
3973
1991
-2564
-7315
-9559
-9984
-11473
-14405
-15489
-12025
-5577
-527
1625
3548
7253
11082
11620
8382
4259
1993
1021
-397
-2122
-2884
-2047
-647
-107
-472
-1507
-3421
-6161
-9249
-11685
-12582
-12155
-10900
-8615
-4928
436
6746
12397
16022
16864
15614
13302
9663
4032
-3281
-10425
-14915
-16023
-14753
-12126
-8513
-3644
1917
6476
8872
9319
8161
5669
2506
-812
-3254
-4230
-4375
-3617
-1643
1404
4903
7277
7872
6999
4830
1598
-2147
-5610
-8023
-8655
-7878
-6020
-2582
1869
6064
9189
10581
10573
9739
8268
6559
5473
5624
6365
6290
4940
3868
3713
2814
-172
-4458
-7720
-8712
-9380
-11666
-14098
-13265
-8389
-3022
-98
1293
3830
7918
10580
9490
5830
2547
945
-93
-1271
-1828
-1467
-624
-266
-407
-734
-2199
-5070
-8931
-12244
-13644
-13383
-12490
-11189
-8135
-2844
3675
9868
14133
16293
16522
15004
11944
6825
67
-7003
-12699
-15620
-15901
-14370
-11245
-6929
-1964
2937
6378
7815
7683
6096
3450
814
-1300
-2639
-3108
-2635
-1035
1546
4826
7382
8376
8232
6910
4224
467
-3697
-7080
-8645
-8423
-7190
-5223
-1963
2262
6338
9191
10411
10081
9123
8549
8259
8490
8829
8171
6674
5329
4664
3366
69
-4535
-8202
-9468
-9945
-11867
-14291
-14167
-10202
-5057
-1728
138
2507
6302
9173
9015
6541
3878
2315
1018
-194
-534
-122
480
367
-568
-1447
-2772
-5651
-9744
-13265
-14858
-14467
-13125
-11366
-8189
-3095
3011
8675
12950
16174
17956
17179
13773
8533
2559
-3530
-9301
-14105
-16469
-15440
-12239
-8573
-4807
-678
3673
6946
7930
6511
4328
2857
1630
173
-1329
-1899
-963
1064
3232
4805
5791
6516
6271
4679
1812
-1790
-5093
-7099
-7763
-7444
-5987
-3716
-870
2575
5874
8026
8998
9429
9872
10856
12144
12277
10727
8278
6176
4404
1559
-2736
-7361
-10256
-10829
-11411
-13031
-13723
-11309
-6602
-2502
-215
1249
3806
6855
7630
5944
3593
2030
1161
15
-851
-190
1596
2931
2633
1222
-67
-1850
-5435
-10373
-14514
-16293
-15563
-13912
-12014
-8506
-2576
4895
11469
15405
17283
17948
17211
14164
8432
1316
-5318
-10068
-13167
-14978
-14634
-12171
-8348
-3994
-9
3212
5341
6184
5119
2926
1074
-142
-1018
-1796
-2010
-928
1481
4243
5885
6076
5766
5236
3764
921
-2873
-6506
-8616
-8887
-7985
-6522
-4529
-1737
1779
5246
7822
9399
10293
11378
13159
14449
13748
11225
8200
5941
3931
202
-5193
-9929
-11760
-11447
-12071
-13480
-12994
-9378
-4155
-395
1096
2285
4745
6811
6422
4288
2157
1165
681
38
80
1430
3435
4439
3602
1989
260
-2188
-6193
-11099
-15112
-16791
-15775
-13462
-10661
-6765
-883
6435
12876
16639
17593
16968
15674
12869
7714
893
-5302
-9316
-11851
-13327
-13334
-11436
-7787
-4049
-1180
959
3032
4618
4340
2643
1043
713
1047
927
797
1346
3155
5359
6322
6119
5130
3854
2156
-362
-3142
-5567
-7010
-7459
-6941
-5435
-3283
-654
1567
3366
5134
7013
9580
12222
14379
15165
14113
12213
10101
7539
3498
-2311
-8092
-11834
-13387
-14470
-15842
-15916
-13050
-7623
-2512
611
2609
4557
6315
6283
4248
1793
-295
-1783
-2730
-2472
-511
2218
4190
4613
4311
3572
1640
-2066
-7116
-12013
-15253
-16398
-15772
-13669
-10182
-5437
195
6128
11695
15930
18006
17445
14734
10894
6253
954
-4653
-9557
-12531
-12820
-11175
-8903
-6743
-4087
-913
1903
3992
4466
3571
2543
1621
1087
818
683
1063
1749
3008
4630
5819
6176
5348
3289
818
-1365
-3386
-5326
-6919
-7577
-6566
-4342
-1939
270
1997
3332
4864
6836
9204
11818
13935
14569
13687
11925
9886
6972
2137
-3698
-8750
-11919
-13251
-14705
-16322
-15406
-11171
-5508
-857
1859
3979
6417
8044
7189
4157
1007
-824
-2040
-2966
-2640
-908
1890
4309
5041
4775
4024
2080
-1614
-6515
-10870
-13506
-14447
-14047
-12517
-9530
-4663
1568
7676
12419
15654
17219
16646
14080
9632
3932
-1774
-6444
-9591
-11537
-12141
-11031
-8613
-5538
-2235
395
1770
2634
2992
2246
1122
-83
-1266
-1649
-1121
-26
1460
3395
5154
5969
5934
5025
2916
-24
-3183
-6063
-7768
-7903
-7293
-6350
-4332
-1488
1626
4138
5455
6272
7699
10246
12770
13724
13023
11510
9990
8347
5173
70
-5098
-8501
-10362
-12054
-14377
-15478
-13194
-8336
-3454
-244
2133
5216
8139
8661
6436
3001
274
-1297
-2551
-3458
-2921
-880
1558
3353
3966
4000
3000
348
-3524
-7827
-10885
-12211
-12488
-11827
-9861
-6044
-660
4910
9264
12213
14442
15706
15095
11923
6648
1185
-3191
-6431
-9084
-10922
-10903
-9306
-6930
-4575
-2656
-929
660
1719
1633
1073
757
294
16
20
262
1109
2300
3625
4436
4784
4604
3327
1262
-1328
-4124
-6318
-7340
-7225
-6351
-4740
-2486
193
2897
4817
6140
7357
9196
11711
13599
13746
12388
10643
9244
7214
2896
-3108
-8160
-10572
-11151
-12574
-14945
-14877
-10862
-4899
-83
2384
4463
7510
9680
8914
5554
1766
-994
-2996
-4482
-4439
-2802
-500
1528
2514
3077
3406
2148
-1289
-5909
-9482
-11029
-11270
-10714
-9506
-7110
-2854
2797
7837
11120
12694
12643
11686
9828
6257
1250
-3883
-7104
-8149
-8176
-7709
-6750
-4950
-2660
-583
430
444
246
-198
-943
-1593
-1923
-1585
-962
-65
1249
2797
4634
6123
6510
5542
3792
1648
-813
-3313
-5932
-7942
-8334
-6921
-4266
-1511
1103
3453
5353
7032
8251
9177
10250
11015
10761
9540
8201
7029
5464
2445
-1978
-5904
-7924
-8707
-10185
-12450
-13053
-10331
-5756
-1988
235
2365
5699
8498
8494
6231
3243
750
-1224
-3372
-4596
-3596
-1384
311
970
1226
1657
1390
-698
-4268
-7646
-9172
-8931
-8300
-7267
-5179
-1779
2861
7176
9712
10657
10470
9650
8029
5054
973
-3246
-6084
-6895
-6643
-6060
-5171
-3899
-2258
-621
-28
-716
-1540
-2196
-2542
-2336
-1960
-1353
-469
578
2119
3612
4684
5111
4908
4248
2936
1027
-1402
-3605
-5162
-6099
-6377
-5879
-4196
-1578
1108
3442
4834
5826
6999
8396
10049
11277
11431
10383
8962
7911
6805
4094
-458
-5050
-7878
-8838
-9951
-12295
-13568
-11535
-6840
-2371
198
2155
5148
8297
9197
7333
4264
1518
-620
-2921
-4822
-4761
-3056
-1139
95
1019
1683
1472
-178
-3157
-6343
-8297
-8898
-8765
-7725
-5270
-1726
2527
6635
9351
10996
11573
10859
8917
5588
1185
-3104
-6368
-8282
-8884
-8162
-6373
-4251
-2196
-411
763
1038
608
-746
-2488
-2942
-2621
-2351
-1852
-1275
-21
2106
4054
4903
4982
4833
3944
2227
-192
-2832
-5005
-6444
-6989
-6870
-5507
-2853
-206
2380
4426
5801
7291
8748
10198
11562
12195
11511
9898
8234
6656
4129
48
-4481
-7817
-9471
-10339
-11943
-13253
-11925
-7975
-3311
240
2726
5500
8587
10053
8895
5943
2671
-87
-2705
-4875
-5461
-4403
-2520
-842
278
1246
1786
850
-1721
-5059
-7733
-8718
-8743
-8212
-6473
-3361
1059
6053
10162
12479
12836
11756
9614
6562
2498
-2586
-7415
-10205
-10308
-8611
-6644
-4592
-2171
605
3336
4224
2737
420
-1559
-3036
-4019
-4712
-4827
-3823
-1740
806
3279
5331
6687
7019
5852
3489
422
-2708
-5504
-7790
-9111
-8861
-6879
-3876
-806
1993
4603
6791
8418
9349
10026
10856
11540
11014
9059
6977
5653
4377
1470
-2854
-6674
-8236
-8499
-9828
-11814
-12151
-9425
-4946
-1104
1434
4006
7499
10005
9731
7541
4700
2032
-636
-3391
-5061
-4668
-2730
-1224
-678
56
881
693
-894
-4015
-7377
-9162
-9149
-8208
-6579
-3885
-119
4692
9253
12367
13780
13322
11393
7975
3476
-1369
-6358
-10301
-12295
-12207
-9885
-6498
-3137
-125
2353
4335
4918
3839
1315
-1534
-3419
-4504
-4961
-4743
-3738
-1646
1169
3786
5875
7147
7112
5573
2741
-838
-4231
-6944
-8777
-9627
-9203
-6810
-3256
288
3500
5862
7554
8955
10106
10989
11666
11630
10408
8436
6659
5268
2917
-1219
-5652
-8578
-9393
-9817
-11536
-13064
-11659
-7281
-2589
806
3184
6141
9713
11123
9678
6585
3253
493
-2474
-5014
-5646
-4467
-2449
-832
77
1006
1629
811
-1629
-4825
-7412
-8384
-8263
-7558
-5738
-2614
1860
6740
10400
12654
13269
12403
10287
6614
1803
-3565
-8359
-11537
-12486
-11431
-9264
-6263
-2735
911
3931
5257
4894
3270
1218
-601
-2463
-4098
-5172
-5307
-3975
-1742
778
3086
4942
6155
6125
4603
1755
-1614
-4681
-6985
-8340
-8670
-7441
-4753
-1356
2211
5087
7149
8384
9239
10120
11027
11597
10946
9206
7493
6325
4969
2084
-2274
-6225
-8291
-8910
-10145
-12376
-13040
-10320
-5687
-1510
1315
3761
7349
10734
11183
8963
5537
2304
-263
-3038
-5026
-5311
-4202
-2465
-1182
-327
427
531
-903
-3444
-5985
-7590
-7917
-7664
-6619
-4197
-614
3999
8117
10709
12327
13244
12465
9667
5070
-547
-5406
-8938
-11627
-13154
-12351
-9096
-4987
-1488
1390
3591
5137
5892
4481
1292
-1306
-2990
-4185
-4865
-5386
-4967
-2910
187
2944
4613
5593
5550
3887
1100
-2025
-5090
-7245
-8358
-8617
-7117
-3902
-106
3340
5669
7064
8384
9818
11210
12000
11508
9886
8250
6924
5619
3196
-1082
-5358
-7811
-8623
-9327
-11334
-13028
-11732
-7772
-3345
-151
2250
5297
8820
10571
9847
7514
4516
1788
-1093
-3558
-4192
-3541
-2487
-1464
-757
59
635
-248
-2632
-5486
-7270
-7666
-7195
-6002
-4035
-1060
3200
7752
11046
12650
13094
12806
11422
8182
2995
-2825
-7513
-10344
-12021
-12859
-12073
-8800
-4266
-486
2067
3570
4606
5286
4365
1729
-1099
-2684
-3467
-4084
-4154
-3680
-2267
61
2277
3626
4108
3619
1903
-540
-2923
-5214
-6813
-7319
-6742
-4957
-2048
1309
3924
5808
6903
7477
8283
9579
10705
10697
9542
8119
6989
6033
3780
-601
-5163
-8175
-9361
-10198
-12208
-13653
-12209
-8073
-3183
412
3080
6301
9378
10672
9692
7055
3850
915
-2088
-4487
-4961
-3944
-2600
-1686
-962
-164
230
-338
-2342
-5126
-7016
-7434
-6892
-5739
-3818
-1071
2641
6748
9992
12006
12984
12544
10487
6880
1988
-3054
-7343
-10732
-12753
-12743
-10588
-7083
-3475
-324
2361
4528
5910
5555
3507
1014
-1200
-2900
-4185
-5179
-5252
-4025
-1961
255
2318
3957
4596
3927
1905
-668
-2940
-4735
-5978
-6473
-5693
-3365
-195
2907
5164
6332
6963
7524
8276
9182
9778
9381
8289
7371
6850
5988
3209
-1067
-4867
-7035
-7798
-9318
-12104
-13242
-11152
-6773
-2299
752
3182
6148
9049
10071
8765
6089
2938
-168
-2696
-3687
-3450
-2695
-1762
-1231
-519
541
509
-1484
-4374
-6818
-7771
-7353
-6448
-5399
-3416
174
4596
8501
10732
11283
10927
10510
9379
6078
949
-4226
-7830
-9618
-10482
-10837
-10291
-7532
-3339
-14
1865
2734
3273
3596
3294
1482
-1003
-2361
-3125
-3431
-2875
-2177
-1154
265
1593
2387
2489
1951
130
-2189
-3802
-4609
-4870
-4717
-3999
-2617
45
3195
4914
5209
4867
5057
6625
8837
10034
9640
8925
8831
8791
7696
4027
-1168
-5440
-8080
-9607
-12000
-14551
-14862
-11914
-6613
-1661
1993
5264
8479
10866
11031
9300
6140
2251
-1116
-3666
-4327
-3511
-2273
-1010
-70
1405
2499
1807
-750
-4274
-7041
-8336
-8358
-7924
-6922
-4266
-120
4690
8725
10981
11864
12479
12565
10343
5782
54
-4845
-8073
-10578
-12470
-13067
-10877
-6366
-2694
-335
1527
3421
5293
5479
3501
497
-1263
-2161
-3386
-4204
-4615
-3747
-1805
79
1749
2829
3392
2627
649
-1190
-2769
-4042
-4912
-5212
-4615
-2376
886
3152
4339
4693
4965
6365
8153
9514
9793
9405
9158
8713
7970
5864
1648
-2943
-6385
-8426
-10194
-12450
-14277
-13675
-9658
-4387
-88
3122
5936
8930
10691
10336
7995
4183
707
-1962
-3620
-3562
-2581
-1403
-303
965
2271
2514
964
-2110
-5559
-8048
-8773
-8518
-7874
-6192
-3042
1266
6095
9744
11356
11644
11280
10614
8567
4361
-841
-5487
-8222
-9257
-9952
-10389
-9407
-6235
-2511
-192
960
1565
2128
2785
2387
444
-1410
-1850
-1885
-1886
-1479
-1183
-628
674
1741
1779
1224
328
-1042
-2336
-2991
-3410
-3641
-3207
-2094
-511
1779
3702
4020
3397
3109
3754
5743
8229
9439
9603
9774
10206
10172
7828
2888
-2393
-6265
-8386
-10544
-14002
-16350
-14918
-10191
-4522
-156
2814
5975
9427
11110
10142
7117
3114
-396
-3070
-4372
-4126
-3119
-1672
-123
1595
3452
3889
1931
-1623
-5295
-7791
-8793
-8976
-8846
-7585
-4401
264
5269
8913
10720
11628
11892
11188
8644
4300
-613
-4888
-7752
-9441
-10144
-9502
-7576
-4990
-2248
239
2292
3610
3752
2629
1282
258
-790
-1870
-2847
-2981
-2129
-851
428
1365
2107
2922
2907
1787
172
-1492
-2753
-3597
-4019
-3824
-2737
-862
1089
2400
3133
3364
3431
3941
5235
6994
8863
10069
10272
10011
9388
7643
3884
-981
-5315
-8091
-10103
-12962
-15589
-15062
-10983
-5430
-937
1935
4578
8067
10782
10288
7144
3114
-260
-2367
-3522
-3951
-3471
-1936
159
1935
3346
3732
2030
-1262
-4593
-7262
-8816
-9200
-9238
-8436
-5660
-1252
3479
7197
9306
10384
11091
11209
9875
6616
2014
-2421
-5622
-7418
-8451
-9275
-9029
-7295
-4478
-1760
-319
485
1303
1854
1979
1355
110
-741
-913
-1008
-821
-399
-103
368
885
1221
1391
1035
140
-1097
-2007
-2065
-2019
-1856
-1332
-507
812
1976
2126
1362
770
1138
2859
5667
8571
10715
11867
12353
11987
10440
6879
1510
-3740
-7790
-10632
-13413
-16191
-16458
-13110
-7484
-2123
1663
4674
7874
10701
11058
8424
4487
644
-2074
-3450
-3901
-3565
-2438
-423
1703
3421
4204
2944
-124
-3513
-6232
-8130
-9212
-9677
-9423
-7388
-3296
1326
5293
8112
9979
11279
11796
10980
7978
3457
-870
-4506
-7114
-8731
-9591
-9318
-7989
-5578
-2869
-760
924
1885
1915
1622
1329
755
-142
-1021
-1743
-1848
-950
126
484
562
1143
1735
1749
1051
-339
-1578
-1941
-1810
-1710
-1368
-554
490
1569
2247
2223
1800
1528
2441
4765
8043
10931
12072
12003
11306
10329
7980
3205
-2511
-7404
-10531
-12693
-14998
-16078
-14146
-9116
-3303
1130
4223
6847
9612
10554
8599
5065
929
-2001
-3686
-4591
-4181
-2882
-712
1571
3210
4236
3708
1417
-1801
-5071
-7564
-8941
-9544
-9738
-8572
-5566
-1360
3117
6607
8837
10145
11183
11603
10034
6438
1809
-2282
-4945
-6888
-8690
-10076
-9726
-7093
-4176
-2168
-863
451
1846
2813
2605
1263
424
-77
-779
-1243
-1400
-1040
-475
-77
621
1498
2322
2237
1101
-75
-663
-814
-1146
-1592
-1921
-1323
16
740
684
49
-222
1190
4133
7846
10813
12350
12643
12198
11629
9461
4722
-1335
-6740
-10088
-12100
-14293
-16137
-15409
-10947
-4997
-153
2912
5325
8008
9648
9009
6262
2463
-680
-2530
-3593
-3554
-2327
-560
1395
3215
4422
4419
2542
-785
-4560
-7726
-9368
-10178
-10797
-10366
-8053
-4067
831
5172
7892
9912
11904
13105
12208
8844
4271
-5
-3205
-5874
-8498
-10186
-9799
-7580
-5124
-3235
-1281
580
2088
2805
2216
1272
883
295
-719
-1259
-1186
-502
160
672
1674
2810
3585
3104
1421
29
-670
-1443
-2342
-3169
-3482
-2422
-916
2
298
202
557
1841
4156
7319
10347
12313
12944
12425
11537
10088
6602
872
-5205
-9543
-11654
-13087
-15131
-15974
-13435
-7859
-1888
1922
4109
6332
8680
9559
7889
4458
841
-1785
-3236
-3440
-2526
-1064
692
2359
3649
4422
3605
836
-3028
-6872
-9191
-10280
-11069
-11465
-10552
-7386
-2320
3049
7044
9546
11387
13017
13905
12476
8643
3500
-1270
-4623
-7490
-10013
-11718
-11376
-8870
-6099
-3416
-1212
380
1958
3024
2998
2201
1445
451
-685
-892
-838
-876
-425
489
1775
2837
3317
2581
1126
354
-413
-1707
-2795
-3610
-3887
-2898
-1310
-546
-427
101
1551
4481
8403
11646
13307
13737
13601
12906
11058
7221
1310
-4853
-9238
-11603
-13338
-15247
-16000
-13839
-8728
-2704
1632
4102
6098
8115
9234
8327
5489
1570
-1696
-3325
-3348
-2215
-733
936
2472
4115
5553
4893
1939
-2324
-6659
-9428
-10787
-11848
-12783
-12057
-8743
-3541
2382
7026
9944
12120
14293
15617
14246
10079
4348
-1046
-4895
-7895
-10645
-12710
-12355
-9501
-6288
-3438
-1022
891
2585
3722
3491
2008
725
-248
-1455
-1832
-1680
-1439
-483
1147
3019
4283
4648
3899
2197
788
-526
-2487
-4343
-5479
-5687
-4411
-2520
-1294
-492
505
2417
5631
9409
12407
13795
13908
13393
12427
10712
6995
1200
-4688
-8849
-10790
-12286
-14543
-15915
-14255
-9225
-3422
436
2577
4501
7044
8772
8169
5509
1769
-1146
-2593
-2807
-1893
-445
1137
2519
4025
5354
4847
2130
-2005
-6423
-9481
-10930
-12151
-13316
-12913
-9892
-4795
1219
6345
9701
12071
14213
15562
14855
11679
6639
1152
-3153
-6311
-8987
-11283
-12327
-11212
-8571
-5580
-2927
-1087
280
1671
2612
2697
2121
1201
84
-238
170
406
692
1266
2232
3276
3732
3325
1819
137
-1022
-2483
-3976
-5076
-5742
-5181
-3647
-2159
-1158
-141
1552
4243
7953
11561
14032
14914
14454
13527
12083
9012
3812
-2473
-7726
-10559
-12246
-14412
-16328
-15526
-11144
-5106
-214
2540
4530
7211
9441
9383
7031
3351
-30
-2087
-2746
-2362
-1261
433
2199
3855
5322
5512
3467
-434
-5020
-8861
-11093
-12544
-13841
-14231
-12193
-7305
-801
5241
9419
12066
14242
15902
16323
14124
9046
3067
-2163
-6009
-8763
-11375
-13451
-13353
-10548
-6394
-3115
-1034
385
1774
3576
4375
3287
1407
198
-231
-80
402
353
590
1914
3424
4170
3778
2680
1014
-600
-1901
-3607
-5372
-6299
-6066
-4954
-3205
-1686
-749
975
4060
7779
11515
14128
14940
14525
13524
12028
8945
3710
-2267
-7439
-10746
-12578
-14686
-16567
-15747
-11712
-6182
-1300
1839
4121
6787
8918
8873
6798
3662
500
-1786
-2828
-2436
-1235
404
2202
3587
4810
5322
3628
-171
-4519
-8381
-10990
-12480
-13678
-14056
-12172
-7661
-1628
4295
8823
12053
14490
16237
16503
14107
9282
3603
-1433
-5501
-8749
-11340
-12932
-12544
-10216
-7076
-3947
-1222
905
2307
3239
3676
3260
2198
840
-185
-235
372
968
1419
2135
3402
4430
4362
3044
1158
-457
-2057
-3789
-5234
-6234
-6106
-4768
-3114
-1591
-169
1569
3923
7306
11126
13863
14981
14627
13372
11785
9272
4604
-1542
-6906
-10452
-12338
-14197
-16273
-16119
-12672
-7180
-2083
1294
3803
6333
8659
9102
7420
4571
1295
-1239
-2598
-2564
-1388
224
1998
3460
4728
5453
4158
799
-3664
-7922
-10808
-12380
-13601
-14226
-12832
-8855
-2795
3683
8700
12080
14383
15822
15983
14315
10504
5123
-328
-5021
-8391
-10550
-12227
-13040
-12045
-8935
-4811
-1665
17
826
1806
3363
4251
3141
1022
-14
133
974
1562
1205
1219
2270
3346
3493
2540
1085
-473
-1953
-3264
-4544
-5613
-5738
-5104
-4185
-2469
-666
783
2894
5911
9582
13172
15350
15777
14578
12653
10248
6152
506
-5435
-10508
-13547
-14965
-16240
-16483
-13947
-8952
-3133
1808
4910
6907
8697
9323
8178
5219
1453
-1545
-3462
-3649
-2319
-608
1423
3415
4945
5956
5345
2467
-2003
-6717
-10255
-12335
-13657
-14264
-13237
-9824
-4030
2670
8078
11637
14163
16016
16776
15376
11256
5313
-339
-4704
-8098
-10797
-12742
-12899
-10994
-7791
-4184
-1345
714
2386
3310
3562
3174
2121
524
-868
-1272
-933
-158
782
1682
2912
4190
4989
4361
2487
521
-1385
-3148
-4654
-6084
-6801
-5955
-4141
-2305
-707
1026
3537
7191
11346
14418
15501
15198
13878
11972
9302
4540
-1497
-6846
-10597
-12760
-14503
-15951
-15495
-12154
-6967
-2009
1635
4300
6604
8145
7988
6376
3640
456
-2094
-3648
-3561
-1821
330
2195
3684
5026
5774
4643
1344
-3299
-7846
-11012
-12691
-13782
-14119
-12499
-8568
-2667
3649
8625
11971
14313
15795
15860
13832
9703
4318
-842
-4853
-7869
-10189
-11612
-11552
-9902
-7279
-4550
-2215
-439
721
1501
2004
1956
1652
916
74
-63
583
1434
1972
2500
3284
3932
3982
3160
1358
-518
-1996
-3646
-5026
-5780
-5842
-5006
-3530
-2027
-601
1202
3790
7168
10851
14019
15460
15329
14261
12272
9415
4902
-872
-6352
-10525
-13094
-15127
-16486
-15652
-12341
-7305
-2222
1768
4954
7706
9293
8712
6701
3807
727
-1732
-3514
-3736
-2460
-357
1978
3636
4843
5371
4141
1121
-2999
-7375
-10677
-12487
-13509
-13472
-11595
-7611
-1911
4085
9056
12445
14396
15534
15446
13365
9127
3736
-1481
-5508
-8388
-10717
-12110
-11945
-9834
-6565
-3814
-1681
176
1647
2985
3418
2689
1718
858
49
-398
-241
-59
317
1328
2428
3328
3653
3150
1812
74
-1468
-3241
-4872
-5768
-6153
-5548
-4008
-2326
-621
1707
4915
8693
12694
15557
16309
15379
13562
11018
7224
1922
-4089
-9254
-12455
-14275
-15790
-16069
-13813
-9315
-3958
590
3958
6766
8941
9402
7712
4770
1603
-1254
-3653
-4737
-4138
-2375
289
2663
4305
5387
5287
3430
-283
-4658
-8533
-11296
-12693
-13080
-12197
-9534
-4816
859
6009
10067
12783
14705
15451
13895
10009
4750
-91
-3779
-6929
-9584
-11100
-10410
-8052
-5584
-3590
-2212
-352
1707
2561
1873
610
137
-56
-478
-763
-1062
-604
932
2264
3260
4113
4483
3912
2538
928
-998
-2826
-4292
-5485
-5946
-5175
-3615
-2236
-841
1133
3651
6997
10650
13244
14234
13870
12695
10990
8152
3762
-1570
-6319
-9145
-10988
-13039
-14472
-13683
-10177
-5560
-1696
1001
3553
6493
8244
7746
5529
2556
79
-1729
-2988
-3332
-2524
-615
1473
3178
4356
4408
2997
284
-3435
-7155
-9865
-11522
-12158
-11418
-9128
-5334
-521
4277
8138
10867
12741
13569
12559
9611
5476
1521
-1634
-4381
-6835
-8716
-8892
-7356
-5669
-4524
-3683
-2712
-1332
-200
-102
-631
-731
-30
819
1364
1526
1686
2127
2930
3500
3507
3328
2547
1366
349
-820
-2257
-3690
-4823
-5144
-4418
-3400
-2591
-1559
138
2802
6152
9661
12439
13828
14229
13700
12385
9859
5403
-120
-5077
-8366
-10503
-12906
-15100
-15018
-11777
-6969
-2789
-154
2237
5666
8412
8699
6656
3448
630
-1046
-2164
-2917
-3001
-1993
-87
2095
3763
4255
3048
560
-2497
-5704
-8140
-9890
-11104
-10812
-8575
-4831
-261
3805
7043
9623
11970
13651
12889
9479
4564
25
-2755
-4783
-7148
-9225
-9279
-6826
-4030
-2487
-2213
-2065
-1067
75
77
-1044
-1719
-1453
-765
259
847
1158
1881
2728
3429
3866
3907
3046
1411
-87
-1457
-2828
-3921
-4758
-5125
-4417
-2848
-1519
-145
1939
4396
7475
10708
12607
12779
11821
10597
9059
6625
2808
-2263
-6302
-8013
-9161
-10832
-11965
-11337
-8458
-4560
-1643
224
2379
5098
6753
6450
4876
2672
430
-1131
-2086
-2470
-1862
-744
163
1137
2200
2312
905
-1607
-4363
-6602
-8086
-8916
-9152
-7989
-4939
-753
3400
6627
8721
10217
11094
11025
9186
5345
951
-2743
-4986
-5968
-6590
-6764
-5746
-3649
-1347
71
204
-359
-996
-1542
-1997
-2556
-2892
-2548
-1706
-204
1690
3193
4083
4385
4390
4166
3202
1425
-849
-2801
-3902
-4568
-4908
-4758
-3807
-2323
-887
425
1580
3018
4978
7176
9201
10489
10733
9874
8535
7327
5432
2346
-1545
-5094
-6920
-8092
-9529
-10510
-10169
-7892
-4762
-2182
-121
1937
4431
6040
6151
5142
3250
1347
-373
-1550
-2104
-1814
-901
-200
525
1160
976
-195
-2159
-4433
-6349
-7486
-7901
-7740
-6210
-3292
502
4400
7435
9444
10714
11240
10419
7837
3647
-911
-4562
-7199
-8667
-8839
-7597
-4985
-2241
-83
1465
2422
2710
1855
-99
-2086
-3148
-3417
-3382
-3170
-2464
-757
1451
3215
4281
4605
4607
3795
1781
-654
-3013
-4765
-5845
-6550
-6345
-4910
-2768
-575
1255
3314
6165
9164
11556
12428
11495
9831
7882
5657
2852
-568
-3940
-6216
-7035
-7506
-8265
-8395
-7074
-4586
-2172
-914
-237
1110
3086
4174
3890
2986
2058
1546
1005
304
-77
94
669
907
772
411
-679
-2331
-4531
-6720
-7940
-8336
-8136
-7084
-4709
-1139
3164
7294
10239
12087
12921
12337
10343
7091
2786
-1456
-4817
-7460
-9202
-9541
-8344
-5943
-2878
-224
1298
2174
2681
2263
895
-888
-2561
-3423
-3131
-2575
-1753
-157
1367
2727
3818
4317
4360
3350
1355
-1222
-3510
-4990
-6017
-6719
-6719
-5447
-3085
-434
1750
3730
6332
9393
12253
13643
12757
10510
7956
5409
2346
-1382
-5083
-7574
-8193
-8105
-8466
-8532
-7102
-4209
-1172
408
761
1254
2497
3440
3079
1983
826
307
107
-155
77
506
1048
1270
919
480
-347
-2127
-4924
-7701
-9355
-9632
-9121
-8258
-6222
-2495
2535
7510
10791
12917
14609
15279
13774
9565
3484
-2264
-6474
-9525
-11895
-13078
-11777
-8201
-4097
-768
1551
3332
4843
5064
3200
564
-1255
-2292
-2932
-3284
-3118
-1810
501
2621
3796
4462
4897
4667
3263
622
-2446
-5067
-6705
-7750
-8071
-7044
-4907
-2221
905
4572
8547
12501
15492
16123
14455
11492
7989
4062
-687
-5533
-9275
-10819
-10466
-9899
-9114
-7072
-3636
178
2733
3512
3387
3584
3534
2258
594
-757
-1105
-689
-290
457
1699
3328
4358
3834
2474
715
-1437
-3986
-7073
-10133
-11806
-11748
-10654
-8435
-4937
-294
5192
10103
13591
15488
15917
15044
12653
8540
2982
-2558
-7206
-10352
-11769
-11987
-10698
-8238
-5119
-1862
364
1472
1925
1574
772
-223
-1340
-1870
-1474
-534
655
2230
3660
4648
4994
4534
3396
1532
-503
-2769
-5250
-6967
-8007
-8308
-7704
-6147
-3884
-1365
1427
4368
7724
11406
14562
16028
15437
12991
9194
5057
741
-3904
-8248
-11232
-12105
-11482
-10176
-8436
-6045
-2283
1743
4215
4771
4318
4064
3554
2309
193
-1878
-2377
-1669
-456
786
2061
3468
4214
3907
2189
-443
-3240
-6385
-9259
-11265
-11996
-11233
-9279
-6155
-1794
3445
8785
13178
15880
16711
15819
13209
8983
3561
-2166
-7152
-10661
-12212
-12014
-10418
-7616
-4405
-1262
1417
2751
2805
2105
638
-977
-2017
-2392
-2148
-1083
550
2494
4745
6607
7234
6461
4609
2067
-677
-3268
-5838
-8174
-9360
-9320
-8063
-6000
-3694
-1009
2415
6566
10616
13991
15759
15274
13145
10158
6608
2214
-2637
-7209
-10220
-10850
-10581
-10103
-8720
-6043
-2230
1238
3241
3678
3558
3448
2641
1208
-744
-2125
-2366
-1772
-289
1424
3157
4504
4956
4515
3092
730
-2499
-6225
-9289
-11268
-12021
-11549
-10151
-7722
-3654
1821
7193
11443
14262
15432
15429
13995
10706
6002
785
-3621
-6676
-8439
-9164
-9024
-7555
-5041
-2495
-437
575
604
83
-927
-2102
-3021
-3494
-3124
-1756
403
2925
5390
7293
8385
8405
7108
4688
1312
-2408
-5668
-8220
-9926
-10681
-10300
-8670
-6317
-3365
334
4273
8198
11679
13898
14346
13133
10663
7638
4019
-213
-4442
-7839
-9230
-9313
-9094
-8445
-6751
-3825
-493
1866
2570
2398
2082
1512
408
-1027
-2264
-2710
-2127
-652
1405
3613
5356
5777
5078
3878
2031
-636
-4185
-7985
-10764
-11702
-11020
-9539
-7584
-4579
-359
4491
8804
11728
13049
13102
12166
10333
7671
4220
379
-2936
-4934
-5671
-5777
-5695
-5229
-4272
-2985
-1805
-1488
-2248
-3090
-3428
-3306
-2822
-2011
-983
757
3360
5753
7367
8253
8040
7023
5333
2822
-267
-3463
-5981
-7858
-8964
-9202
-8818
-7541
-5522
-2787
909
5097
9065
11890
13025
12763
11664
9772
6549
2248
-1943
-5117
-6977
-8036
-9030
-9060
-7277
-4760
-2315
-605
141
1035
1668
1342
221
-1281
-2094
-1977
-1305
-174
1497
3733
5834
6646
6134
4796
2755
154
-2888
-6529
-9568
-10912
-11024
-10048
-8193
-5223
-1061
3595
7857
10796
12545
13261
12578
10684
7487
3586
-65
-3247
-5250
-5834
-5493
-4383
-3021
-1934
-986
-195
-188
-1297
-3015
-4605
-5681
-5839
-5220
-4404
-2799
38
3252
6102
8081
8727
8237
7022
5228
2399
-1069
-4488
-7423
-9128
-9561
-9283
-8568
-6925
-3830
469
5266
9299
11456
11719
10810
9296
6883
3583
-336
-4201
-6442
-6782
-6538
-6250
-5594
-3646
-795
1629
2675
1834
675
-183
-1515
-3031
-4684
-5735
-5257
-3443
-749
2298
5291
7535
8395
7952
6166
3216
-470
-4311
-7842
-10239
-10927
-10237
-8501
-5733
-2128
2286
6883
10345
11951
11813
10624
8806
6040
2411
-1427
-4160
-4846
-4361
-3345
-1873
47
2306
4189
4621
3367
1343
-1049
-3730
-6320
-8603
-9789
-9285
-7309
-4154
-248
3905
7657
10246
11296
10553
8303
5222
1489
-2311
-5561
-8025
-9167
-8846
-7338
-4626
-1054
2907
6593
9183
10202
9369
7059
4173
854
-2741
-5658
-7395
-7461
-6055
-4472
-2550
234
3431
6026
6785
5724
3681
1348
-1343
-4700
-8125
-10478
-10666
-9024
-6205
-2802
845
4570
7393
8769
8501
6643
3518
-398
-4333
-7514
-9310
-9583
-8845
-6991
-3980
-306
3709
6858
8504
9045
8710
7888
6216
3337
141
-2541
-3768
-3740
-3389
-2630
-1205
876
2725
3810
3906
3038
1815
202
-1791
-3664
-4968
-5931
-6260
-5618
-4419
-2157
614
2953
4889
6254
6976
6737
5490
3404
998
-1105
-2996
-4660
-5778
-5743
-4480
-2070
1388
4755
7145
8299
8050
6667
4453
1394
-2467
-6125
-8196
-8556
-7802
-6512
-4684
-1532
2508
6055
7946
7918
6932
5213
2440
-1278
-5401
-8857
-10601
-10474
-9153
-6480
-2873
801
4175
6423
7230
6556
4538
1645
-1632
-4597
-6661
-7788
-7581
-5997
-3162
511
3982
6601
8106
8775
8617
7341
4813
1408
-1486
-3074
-3732
-4047
-3848
-2551
-121
2432
3959
4052
3476
3071
2411
976
-1332
-3361
-4164
-4076
-3598
-3102
-2472
-1334
236
1634
2637
3075
2836
2418
2025
1528
917
-102
-1373
-2225
-2432
-1981
-1104
-16
1611
3982
6197
7206
6484
4554
2298
94
-2463
-5477
-8107
-9298
-8991
-7668
-5363
-2518
905
4305
6432
7412
7619
6551
4172
901
-2654
-5504
-7017
-7842
-8026
-6700
-4150
-1048
1332
2436
2631
2330
1856
600
-1623
-3619
-4655
-4531
-3395
-1850
160
3091
6029
7696
8234
7402
5793
3511
211
-3034
-5112
-5465
-4879
-3830
-2125
390
3542
6006
6502
5594
4189
2703
805
-1611
-3807
-5079
-4946
-3976
-2843
-1295
768
2508
3506
3785
3073
1845
341
-1396
-2781
-3272
-2760
-1849
-842
524
2170
3966
5473
6189
6470
6350
5396
3311
496
-2185
-4508
-6412
-7768
-8556
-8004
-6328
-4618
-3016
-1042
1456
3713
4939
4748
3984
3524
2900
1455
-944
-3092
-4144
-4329
-3947
-3673
-3292
-2246
-1184
-643
-863
-1917
-2833
-3291
-3516
-3402
-2961
-2035
-519
1545
3824
6041
7688
8327
8052
6710
4748
2223
-911
-3770
-5982
-6780
-5849
-4094
-1853
511
2877
5070
6295
6283
5160
3288
1058
-1110
-2956
-4336
-4793
-4186
-2599
-440
1924
3783
4666
5083
4670
3251
1244
-1163
-3478
-4811
-4900
-4090
-2542
-411
1887
4156
6504
8604
9891
9969
8572
5754
2437
-780
-4317
-7630
-9934
-10779
-9870
-8150
-6353
-4234
-1362
2114
4825
5827
5516
4656
3741
2324
166
-2336
-4342
-5241
-5243
-4633
-3718
-2535
-1451
-718
-267
-518
-1368
-2612
-3996
-5004
-5167
-4409
-3324
-1838
216
2518
4891
6769
7668
7772
7010
5362
3119
571
-1930
-4069
-5586
-6075
-5083
-3036
-612
1648
3113
4319
5328
5331
4094
1971
-120
-1754
-2714
-3307
-3675
-3138
-1734
173
2436
4045
4720
4884
4371
3007
1060
-864
-2580
-4003
-4504
-3896
-2472
-185
1972
3685
5469
7031
8410
8947
7950
5411
2145
-595
-3078
-5702
-8174
-10043
-10126
-8681
-6888
-4846
-2523
375
3330
5471
6172
5898
5041
3219
965
-1668
-4141
-5478
-6067
-6160
-5528
-4012
-2235
-855
-19
41
-334
-642
-1052
-1854
-2356
-2214
-1610
-479
970
2255
3450
4634
5466
5797
5348
4061
2153
30
-1756
-3141
-4053
-3943
-2956
-1320
714
2663
3954
4627
4832
4218
2697
592
-1338
-2849
-3584
-3450
-3180
-2560
-1198
389
2106
3409
3886
3749
3016
2117
936
-386
-1558
-2299
-2310
-1567
-212
1195
2431
3662
4961
6475
7446
7212
5422
2840
682
-1349
-3545
-5854
-7842
-8477
-7922
-6959
-5939
-4607
-2402
157
2261
3391
3756
4015
3771
2596
753
-1203
-2760
-3874
-4708
-5337
-5226
-4264
-3214
-2413
-1981
-1760
-1613
-1464
-1287
-1105
-679
-95
371
1123
2354
3522
4345
4575
4035
3388
2753
1361
-530
-2297
-3178
-2899
-2148
-1154
-244
1077
3110
4664
5109
4729
3785
2309
703
-1134
-3203
-4425
-4719
-4471
-3514
-2010
62
2058
3670
4418
4185
3709
2906
1626
97
-1183
-1902
-1747
-1061
-320
464
1523
2838
4287
5906
7045
7039
5959
4103
1949
51
-2245
-4864
-6818
-7512
-6868
-5875
-5133
-4206
-2556
-216
1970
3028
3091
3123
3015
2280
1099
-751
-2720
-4102
-4931
-5289
-5106
-4365
-3513
-2807
-2061
-1499
-1112
-879
-1067
-1481
-1483
-821
-137
433
828
1101
1701
2589
3284
3252
2837
2177
1316
452
-576
-1414
-1917
-1687
-807
168
1183
2055
2711
3205
3220
2670
1475
225
-759
-1628
-2088
-2493
-2594
-2062
-1008
290
1405
2499
3296
3691
3741
3104
2005
796
-170
-787
-1018
-804
-294
368
1156
2122
3288
4639
6004
6619
6166
5019
3257
1291
-1039
-3663
-5838
-7142
-7313
-6950
-6456
-5329
-3442
-817
1461
2816
3467
3737
3791
3034
1452
-810
-3141
-4744
-5899
-6425
-6148
-5256
-3660
-1995
-612
383
926
1064
717
182
-382
-815
-1006
-960
-713
-383
148
574
980
1550
1808
1639
1329
1057
883
665
548
628
1019
1601
1879
1892
1748
1412
950
14
-1216
-2347
-3009
-3085
-2790
-2260
-1501
-254
1102
2196
2959
3297
3348
3112
2446
1673
947
326
25
-87
47
459
827
1157
1088
1019
1481
2421
3602
4365
4363
3759
3191
2303
672
-1329
-3500
-5141
-5728
-6228
-6705
-6436
-5280
-3333
-1253
400
1626
2768
3629
3516
2446
712
-1246
-2863
-4126
-5186
-5657
-5128
-4189
-2934
-1566
-472
480
1323
1912
1917
1496
780
-97
-479
-544
-627
-456
-296
238
1091
1694
1921
2031
2201
2284
2173
1951
1955
2137
2368
2460
2081
1691
1323
450
-807
-2344
-3596
-4125
-4130
-3790
-3130
-1847
138
2410
4231
5276
5559
5300
4578
3288
1500
-300
-1666
-2175
-1955
-1446
-713
42
766
1430
2146
3057
3989
4742
4935
4480
3813
2975
1683
-153
-2033
-3539
-4341
-4666
-5428
-6291
-6182
-4896
-3299
-2072
-1251
-440
950
2171
2305
1541
124
-1121
-2068
-2995
-3708
-4115
-3895
-3263
-2594
-1881
-1326
-894
-556
-415
-279
-159
-209
-654
-1201
-1416
-915
16
803
1236
1470
1779
2281
2414
2059
1548
1316
1640
1928
2000
1771
1425
1421
1450
1003
-101
-1569
-2954
-3868
-4152
-4125
-3795
-3028
-1597
495
2935
5083
6371
6870
6882
6287
4946
2925
492
-1704
-3213
-3814
-3787
-3144
-2073
-983
292
1842
3473
5015
6273
6884
6514
5603
4210
2631
920
-1202
-3199
-4780
-5286
-5321
-5784
-5846
-5345
-4052
-2157
-857
-281
68
713
1356
1357
701
-650
-1812
-2304
-2536
-2329
-1910
-1339
-808
-368
122
511
501
-65
-1027
-1987
-2451
-2350
-2251
-2227
-1933
-1222
226
1745
2774
3163
3145
3401
3703
3534
2840
1947
1112
937
1044
835
622
356
-159
-704
-1391
-2362
-3259
-3908
-4250
-4123
-3054
-1631
-113
1615
3093
4438
5447
5880
5429
4363
3117
1647
231
-1031
-2092
-2643
-2680
-2172
-1609
-980
12
1197
2922
4724
6246
6815
6398
5274
3775
2180
215
-2095
-4376
-5961
-6633
-6948
-6986
-6471
-5220
-3085
-876
734
1510
2132
2377
1806
675
-978
-2356
-3324
-3887
-3898
-3494
-2341
-885
292
1174
1647
1785
1492
513
-1083
-2728
-3628
-3850
-3706
-3145
-2152
-427
1701
3598
4805
5001
4871
4639
3958
2816
1365
86
-672
-736
-637
-394
150
336
143
-319
-892
-1488
-2272
-2981
-3563
-3364
-2151
-686
778
2086
3233
4253
5104
5225
4260
2842
1437
188
-618
-1323
-2028
-2288
-1978
-1156
-224
571
1132
1931
3370
5287
6647
6773
5943
4468
3092
1480
-847
-3430
-5733
-6926
-7172
-7263
-6980
-5841
-3808
-1352
913
2281
3077
3577
2995
1757
35
-1959
-3392
-4460
-5089
-4807
-3659
-1847
-120
1141
1917
2290
2399
1881
503
-1255
-2804
-3812
-4069
-3847
-3344
-2177
-326
1863
3920
5283
5827
5856
5443
4528
3272
1747
229
-939
-1498
-1687
-1509
-1199
-1241
-1305
-1269
-1272
-1010
-987
-1160
-911
-192
765
1478
1813
1901
2020
2221
2289
1806
1062
312
-412
-781
-996
-1096
-856
-440
78
738
1543
2054
2234
2416
2800
3676
4514
4573
3982
2962
1805
623
-1071
-3184
-5099
-6302
-6634
-6569
-6361
-5515
-3842
-1502
794
2340
3154
3461
3072
1927
173
-1981
-3683
-4852
-5439
-5158
-4139
-2400
-387
1149
2223
2855
2707
1779
214
-1646
-2932
-3601
-3795
-3494
-2550
-887
1158
3079
4425
4966
5070
4821
3953
2578
943
-228
-905
-1364
-1635
-1594
-1235
-522
4
93
146
62
-53
-295
-737
-970
-765
-96
578
946
1311
1671
1869
1888
1548
962
417
-173
-698
-931
-1023
-818
-288
289
1087
2082
3066
3732
3886
3706
3608
3918
4156
3723
2582
1133
-146
-1190
-2477
-4169
-5636
-6182
-5606
-4591
-3626
-2483
-908
998
2568
3038
2601
1823
810
-516
-2092
-3798
-4967
-5224
-4787
-3636
-2034
-259
1274
2243
2527
2255
1440
214
-1217
-2677
-3405
-3280
-2591
-1491
-206
1217
2730
4060
4625
4494
3681
2332
1178
55
-797
-1275
-1475
-1210
-859
-287
442
939
1149
1029
778
422
-128
-535
-918
-1142
-1075
-770
-343
51
431
672
816
763
588
242
-377
-726
-933
-847
-389
9
566
1457
2573
3506
3942
3993
3643
2940
2321
1620
793
223
-377
-1053
-1696
-2250
-2504
-2469
-2342
-2152
-1727
-862
-256
-150
-78
-332
-467
-528
-1166
-1974
-2630
-3070
-2990
-2649
-2395
-2070
-1393
-555
193
835
1151
975
463
17
-482
-1026
-1480
-1781
-1614
-836
274
1285
1911
2316
2658
2787
2582
1844
790
-141
-679
-1016
-1097
-803
-364
265
923
1343
1592
1867
2025
1884
1402
748
165
-318
-897
-1486
-1870
-1807
-1464
-1015
-561
-197
164
598
811
728
414
33
-55
183
501
945
1522
2115
2766
3373
3758
3784
3311
2418
1233
-20
-1194
-1990
-2328
-2399
-2248
-1763
-959
213
1324
1928
1980
1585
1084
243
-1205
-2968
-4409
-4883
-4735
-4488
-4226
-3478
-2037
-461
840
1355
1196
965
496
-282
-1035
-1668
-1979
-1941
-1619
-1025
-283
551
1303
1762
2003
2107
1892
1284
518
-332
-912
-1151
-1187
-928
-606
-123
503
1112
1723
2095
2268
2229
2084
1911
1567
1311
878
219
-354
-804
-1295
-1751
-2026
-2191
-2035
-1391
-731
-209
425
817
1010
1213
1364
1285
1280
1406
1530
1686
1833
1934
1981
2112
2123
1853
1388
748
-125
-1083
-2009
-2714
-2981
-2426
-1074
483
2026
3350
4242
4641
4400
3194
1059
-1149
-3010
-4710
-6109
-7029
-7107
-6081
-4375
-2603
-970
588
1770
2232
2009
1114
-30
-935
-1808
-2589
-2821
-2324
-1244
-13
985
1653
2060
2207
1879
1067
-46
-1076
-1891
-2364
-2223
-1655
-757
87
770
1721
2580
2852
2609
1922
1401
1277
1087
670
215
83
355
701
554
29
-496
-916
-1201
-1508
-1883
-2118
-1926
-1355
-605
229
992
1626
2055
2349
2588
2626
2438
1903
1210
796
492
296
-90
-697
-1097
-1174
-1099
-1225
-1423
-1509
-1084
-230
858
1927
2991
4116
4731
4673
3891
2629
1135
-697
-2668
-4411
-5250
-5297
-5018
-4601
-3829
-2446
-729
706
1190
1133
1242
1352
1142
339
-726
-1396
-1375
-806
-194
286
871
1512
1894
1734
964
-228
-1346
-2134
-2493
-2305
-1710
-989
-80
1065
2115
2751
2731
2367
1797
999
203
-530
-1070
-1183
-920
-562
-215
378
874
1200
1311
730
-103
-860
-1619
-2258
-2579
-2406
-1928
-1054
138
1313
2400
3043
3153
2955
2483
1815
1018
74
-790
-1385
-1754
-1917
-2081
-2060
-1719
-1151
-409
233
959
1548
1911
2106
2074
1976
1836
1855
1746
1334
836
162
-550
-1127
-1769
-2392
-2851
-3033
-2912
-2918
-2983
-2788
-2270
-1451
-530
100
342
664
977
1208
1233
769
183
-208
-389
-460
-506
-546
-598
-590
-437
-305
-301
-286
-165
150
626
1000
1178
1288
1365
1262
956
642
304
48
-234
-474
-514
-179
378
696
662
700
954
1223
1085
415
-446
-1001
-1003
-912
-901
-736
-343
422
1319
1871
2182
2149
1983
1630
1047
407
-333
-1105
-1723
-1993
-1804
-1347
-878
-420
106
747
1522
2100
2186
1946
1615
1323
1051
574
30
-200
-59
342
966
1382
1417
1165
588
-83
-933
-1818
-2722
-3530
-3918
-3906
-3463
-2695
-1797
-859
210
1180
1674
1908
1657
895
70
-858
-1569
-1922
-1990
-1673
-1058
-232
547
1101
1267
1028
624
281
140
-11
-235
-428
-454
-276
-95
-9
23
93
333
531
456
275
202
247
226
5
-296
-428
-175
155
306
377
323
439
783
774
720
614
474
392
230
34
-385
-818
-1153
-1415
-1444
-1200
-879
-546
-141
295
682
979
1007
889
795
659
568
562
556
547
552
613
776
1026
1207
1343
1411
1342
1279
1131
796
229
-517
-1213
-1686
-2068
-2483
-2772
-2664
-2293
-1718
-1047
-480
87
567
883
902
769
606
251
-37
-216
-347
-322
-187
-203
-216
-129
-110
-158
-387
-731
-1012
-1018
-593
-80
345
759
1094
1489
1679
1348
693
-138
-750
-1177
-1549
-1739
-1650
-1237
-584
147
821
1633
2324
2500
2439
2121
1603
1206
353
-731
-1552
-2003
-1955
-1691
-1454
-1192
-707
-60
547
865
895
748
480
238
121
4
-108
-151
-211
73
670
1380
1887
2055
2068
1977
1864
1437
775
145
-271
-204
15
207
444
744
1017
1080
864
230
-419
-978
-1639
-2289
-2725
-2696
-2194
-1526
-904
-298
395
1176
1566
1513
1166
715
304
-184
-792
-1458
-1806
-1764
-1666
-1475
-1204
-980
-674
-332
-121
113
367
508
810
1037
989
711
-2
-809
-1489
-1990
-2368
-2591
-2384
-1732
-809
116
778
1361
2000
2429
2366
1759
881
-79
-854
-1461
-2069
-2424
-2459
-2247
-1721
-942
-225
396
832
991
958
793
463
69
-345
-543
-396
25
585
987
1211
1488
1868
2087
2056
1727
1351
1198
1155
1028
739
419
388
625
959
1177
1211
1204
1301
1250
1051
656
-65
-552
-842
-1045
-1071
-994
-883
-661
-440
-194
184
482
638
527
292
182
128
-110
-393
-722
-1043
-981
-831
-770
-572
-314
-34
206
226
115
157
167
73
-54
-362
-543
-642
-724
-790
-866
-798
-611
-430
-423
-381
-321
-258
-197
-203
-144
-111
-165
-135
-88
-166
-180
-161
-276
-438
-492
-798
-1060
-1127
-1209
-1053
-812
-522
-211
201
659
928
951
901
883
839
811
645
372
360
530
812
1079
1109
1192
1273
1254
1243
1073
785
587
441
331
441
625
823
1062
1241
1298
1095
718
111
-551
-1015
-1422
-1699
-1781
-1607
-1314
-965
-653
-366
-119
184
358
366
332
161
38
-157
-415
-661
-871
-1019
-1156
-1215
-1210
-1176
-974
-836
-702
-566
-345
125
723
1243
1390
1199
742
117
-634
-1565
-2570
-3217
-3237
-2801
-2206
-1546
-780
257
1317
2059
2334
2128
1737
1308
710
-49
-928
-1690
-2104
-2160
-1858
-1290
-534
234
998
1619
2042
2204
1968
1516
1005
731
579
460
473
521
788
1277
1724
1985
2112
2056
1923
1913
1791
1512
1262
909
681
772
969
1058
1119
982
853
823
641
294
-258
-907
-1321
-1297
-1204
-1115
-1056
-951
-620
-204
17
6
-132
-289
-298
-275
-337
-573
-966
-1321
-1548
-1654
-1659
-1625
-1561
-1411
-1027
-596
-269
-187
-163
-147
-144
-101
-281
-705
-1212
-1683
-2141
-2417
-2612
-2705
-2505
-2089
-1507
-787
-54
614
1144
1407
1497
1520
1360
1071
534
-115
-588
-916
-1213
-1391
-1392
-1193
-687
-115
513
1013
1439
1866
2093
2115
1954
1684
1438
1269
1132
1076
1122
1214
1276
1448
1671
1944
2236
2354
2232
1982
1582
1164
705
236
-109
-288
-234
-70
200
324
452
575
582
544
429
229
-41
-291
-470
-758
-1116
-1307
-1479
-1479
-1334
-1238
-1055
-799
-548
-325
-237
-299
-432
-548
-746
-981
-1243
-1566
-1725
-1732
-1622
-1461
-1248
-1063
-870
-682
-493
-342
-366
-500
-767
-1156
-1469
-1703
-1858
-1978
-1953
-1487
-787
-124
257
502
791
1138
1360
1205
777
401
141
-117
-263
-548
-750
-632
-424
-69
483
1031
1443
1824
2071
2282
2399
2318
1990
1573
1296
1171
1153
1185
1185
1253
1504
1710
1820
1838
1823
1662
1483
1317
1080
826
468
212
132
162
240
381
457
499
696
798
655
265
-196
-561
-906
-1180
-1413
-1595
-1621
-1491
-1180
-869
-579
-348
-250
-262
-376
-528
-802
-1222
-1751
-2190
-2365
-2376
-2284
-2111
-1827
-1474
-1043
-701
-547
-604
-822
-960
-1074
-1120
-1087
-879
-635
-513
-422
-376
-386
-484
-757
-1181
-1322
-1248
-1027
-819
-737
-394
315
1106
1588
1618
1517
1522
1498
1237
785
211
-196
-163
48
454
997
1479
1932
2275
2467
2501
2281
1724
1044
486
260
291
316
488
734
1240
1922
2400
2508
2436
2258
2021
1768
1224
476
-135
-572
-842
-847
-771
-636
-361
-107
220
526
639
634
471
191
-33
-272
-646
-1074
-1531
-1914
-2051
-2154
-2283
-2217
-2087
-1863
-1541
-1352
-1239
-1125
-1057
-1055
-1169
-1316
-1444
-1519
-1477
-1365
-1284
-1178
-1003
-768
-478
-331
-282
-390
-466
-405
-288
-231
-294
-419
-500
-425
-258
-111
-99
-109
84
431
730
848
885
1079
1488
1847
2097
2061
1849
1750
1637
1440
1060
453
-97
-318
-346
-144
156
351
641
1062
1419
1761
1919
1820
1673
1614
1632
1569
1279
892
600
466
448
347
71
-119
-199
-204
-101
-94
-43
97
356
599
825
1065
1196
1163
950
562
106
-373
-961
-1611
-2160
-2275
-2182
-2079
-1913
-1820
-1562
-1138
-807
-710
-754
-854
-1015
-1138
-1318
-1548
-1649
-1628
-1650
-1642
-1562
-1393
-1238
-1167
-1126
-1084
-910
-750
-662
-572
-525
-350
-80
174
359
372
301
236
184
136
68
-50
-52
96
323
648
981
1239
1561
1843
2036
2120
1973
1560
1102
665
239
-88
-388
-506
-284
124
677
1335
1791
2129
2343
2332
2080
1603
1121
660
277
-9
-189
-271
-166
46
259
493
734
950
1041
989
881
683
436
253
106
48
-20
-77
-174
-305
-348
-457
-638
-883
-1093
-1237
-1365
-1551
-1738
-1773
-1614
-1422
-1262
-1182
-1145
-1034
-959
-898
-951
-1149
-1312
-1539
-1772
-1927
-1928
-1729
-1398
-1055
-747
-335
125
456
611
648
571
492
394
164
-185
-482
-604
-488
-215
20
300
519
641
854
1102
1225
1198
999
817
676
589
549
526
603
818
1081
1247
1289
1146
999
1025
1117
1088
929
692
459
364
313
387
593
774
816
806
806
863
881
832
638
362
198
-8
-132
-250
-311
-165
109
371
555
570
527
434
305
174
-73
-360
-669
-886
-1027
-1165
-1153
-995
-675
-389
-138
-50
-155
-340
-708
-1192
-1593
-1879
-2062
-2121
-2077
-1998
-1807
-1513
-1158
-848
-602
-431
-304
-174
-208
-208
-211
-290
-293
-284
-333
-371
-409
-336
-133
-36
-58
-110
-92
16
109
121
203
498
788
979
1121
1229
1184
1037
912
780
662
521
308
174
66
66
205
332
415
515
802
1109
1394
1402
1129
912
721
562
505
467
403
397
447
383
322
292
211
77
-61
-68
53
128
124
154
213
317
422
501
556
395
285
303
147
-174
-728
-1134
-1164
-955
-598
-405
-461
-515
-411
-370
-432
-689
-1067
-1232
-1187
-1171
-1200
-1131
-997
-882
-751
-514
-168
146
280
141
-226
-494
-471
-287
-281
-520
-704
-787
-727
-548
-325
-104
72
204
431
647
701
684
752
966
1128
1036
736
451
272
148
169
374
569
553
385
355
557
699
685
627
478
343
479
757
983
1029
859
564
273
100
-92
-337
-553
-620
-698
-665
-474
-249
-2
175
145
234
471
437
237
17
-136
-53
221
421
567
576
418
312
321
324
100
-223
-415
-576
-850
-1030
-925
-784
-744
-755
-709
-540
-96
322
565
475
127
-184
-467
-887
-1260
-1284
-1287
-1448
-1486
-1274
-945
-553
-236
75
281
260
51
-157
-252
-293
-204
-213
-375
-532
-547
-242
56
193
198
135
80
17
153
293
370
411
150
-97
-58
104
442
1014
1282
1180
1093
999
835
634
425
317
263
202
223
202
11
-51
191
525
610
486
348
224
125
47
258
388
375
543
528
338
106
-25
-31
-55
-79
-80
-27
-103
-287
-348
-310
-77
428
881
888
387
-83
-153
120
392
480
317
-204
-763
-1020
-943
-487
67
121
-147
-276
-262
-266
-509
-636
-546
-640
-939
-1140
-993
-650
-281
-46
30
154
334
563
801
930
929
725
-42
-1029
-1519
-1592
-1354
-1084
-972
-759
-525
-235
124
514
1108
1541
1552
1146
652
404
261
106
72
279
426
188
-48
-82
-36
130
222
268
586
800
843
832
642
484
464
336
-22
-250
-423
-703
-747
-434
-257
-338
-334
-329
-544
-929
-1154
-864
-225
455
940
887
508
345
463
403
4
-311
-393
-349
-305
-191
-167
-372
-787
-1212
-1282
-970
-525
-30
202
30
-133
-257
-331
-334
-129
-135
-253
-200
-116
-116
-426
-674
-436
-81
87
206
112
-7
92
321
265
8
-283
-593
-690
-517
-142
25
-139
5
252
330
468
654
774
719
680
868
1038
884
441
18
-74
132
435
546
666
593
334
310
289
188
477
887
809
520
471
530
607
699
674
447
49
-272
-388
-445
-602
-728
-564
-241
-133
-171
6
260
460
982
1747
2121
1799
996
-35
-553
-299
-158
-128
-121
-246
-230
-155
-335
-341
-137
-26
120
85
-262
-618
-788
-858
-730
-575
-488
-449
-578
-699
-808
-1019
-1174
-1136
-1167
-1350
-1346
-1045
-743
-706
-1012
-1162
-845
-336
87
260
596
974
908
586
213
-383
-963
-1522
-1920
-1621
-798
-192
-167
-322
-416
-244
473
1115
1273
1125
994
1118
875
352
533
1049
991
303
-166
-124
-55
-196
-322
-87
242
584
922
816
467
706
1122
1092
814
684
655
502
113
-278
-70
513
720
606
385
63
-61
-113
-94
108
385
687
735
521
484
629
662
525
16
-592
-579
-326
2
243
215
37
-170
-288
-374
-339
-515
-1077
-1436
-1521
-1526
-1214
-665
-358
-650
-912
-728
-423
-288
-272
-164
-146
-219
-58
-42
-93
270
653
725
504
112
-166
-417
-704
-812
-619
-178
-6
24
70
-213
-606
-531
-60
464
482
-153
-502
-176
85
-145
-348
-443
-437
-355
-408
-435
-345
-141
52
446
1126
1704
1882
1823
1775
1718
1712
1801
1876
1643
989
679
769
662
595
532
238
22
152
286
461
572
269
88
170
201
105
-300
-516
-226
-244
-602
-908
-958
-730
-581
-790
-958
-678
-547
-658
-581
-563
-501
-539
-930
-1120
-1020
-1036
-938
-709
-688
-914
-1091
-1000
-499
89
29
-367
-610
-581
-448
-660
-1025
-813
-238
-181
-564
-682
-526
-446
-507
-528
-254
220
569
685
583
423
259
-217
-784
-571
230
856
961
574
510
838
982
786
391
444
779
909
1023
978
709
639
695
889
1211
1543
1617
1162
527
27
-75
271
459
235
-91
-376
-348
-23
365
651
892
1040
997
607
-22
-305
-61
53
-187
-292
-460
-902
-899
-616
-498
-243
58
165
25
-362
-783
-844
-655
-510
-443
-389
-402
-361
-439
-568
-561
-758
-922
-707
-746
-1006
-777
-461
-483
-665
-699
-746
-543
-52
48
-88
-95
-166
-179
-36
38
-85
37
416
617
754
861
720
265
8
184
333
406
641
726
637
343
173
415
468
291
159
429
841
1056
1386
1603
1459
1089
791
665
463
138
-50
-90
266
708
555
234
30
-163
-169
148
440
519
430
-17
-400
-167
-132
-374
-483
-522
-429
-220
-103
-208
-379
-604
-839
-1011
-962
-957
-964
-1027
-1190
-884
-232
265
271
-272
-1003
-1463
-1568
-1506
-1266
-904
-867
-1051
-1209
-1130
-466
121
150
-59
-404
-706
-808
-575
-335
-589
-897
-782
-545
-439
-242
363
919
866
498
341
478
361
198
386
465
310
302
457
561
285
81
424
780
934
946
910
1072
1238
971
634
506
603
818
999
1152
1507
1795
1609
1408
1309
1127
793
253
-76
-115
41
241
296
384
315
176
165
647
1128
1290
1292
916
260
-475
-868
-748
-349
-61
-356
-807
-865
-431
78
38
-136
-366
-687
-657
-601
-634
-521
-557
-912
-1286
-1230
-718
-125
134
-23
-367
-559
-600
-852
-1238
-1183
-801
-563
-477
-568
-763
-734
-619
-350
-59
-138
-455
-586
-485
-464
-733
-972
-893
-498
-73
46
-82
-294
-467
-612
-674
-107
530
529
252
4
-176
-356
-113
481
1018
1373
1321
1185
1228
1213
1259
1223
1057
1002
850
489
358
347
-75
-319
42
457
651
635
403
491
792
685
458
268
-163
-733
-901
-553
-47
50
-293
-593
-526
-249
-81
134
195
241
392
429
276
-194
-419
-336
-141
281
456
47
-462
-669
-615
-214
266
197
-281
-764
-1097
-1091
-956
-775
-353
-150
-341
-399
-412
-334
-283
-367
-254
-352
-713
-816
-809
-847
-801
-954
-947
-531
65
706
979
660
236
311
476
199
-220
-210
193
677
820
593
561
997
1434
1405
1293
1622
1984
1717
950
424
568
651
462
368
484
581
551
641
666
548
478
648
851
819
465
58
-352
-480
-98
249
177
-293
-606
-640
-767
-864
-729
-488
-583
-680
-595
-639
-677
-830
-1117
-1336
-1126
-575
-231
-340
-662
-967
-1038
-1005
-1051
-961
-904
-810
-546
-510
-555
-235
25
96
-162
-656
-774
-500
-184
-97
30
68
-152
-418
-426
-320
-77
359
585
320
159
425
837
1027
830
593
373
387
754
775
342
-38
-95
163
407
743
916
599
236
186
343
737
600
65
-13
47
-67
17
632
1369
1431
798
82
-178
225
643
941
1006
618
22
12
344
253
189
443
457
275
122
20
82
107
123
120
-1
-376
-550
-436
-382
-384
-235
-156
-425
-859
-1053
-849
-651
-870
-1137
-1036
-918
-961
-955
-722
-462
-428
-406
-196
-81
-362
-681
-756
-593
-222
14
-61
-447
-903
-1095
-929
-600
-259
-7
-81
-322
-414
-380
-313
-30
282
259
-82
-468
-567
-211
276
338
154
-7
-11
77
135
207
319
180
116
229
461
848
979
1015
1243
1505
1571
1432
1326
1308
1364
1429
1348
939
566
867
1174
697
219
282
487
739
666
483
518
436
225
305
407
457
390
-31
-351
-405
-320
57
406
208
-166
-477
-898
-1017
-617
-251
-175
-330
-564
-561
-497
-438
-196
81
7
-243
-435
-646
-1006
-1266
-1171
-1104
-1072
-921
-797
-850
-835
-605
-356
-257
-279
-274
-457
-709
-619
-418
-518
-691
-702
-532
-221
-224
-470
-785
-859
-586
-223
-46
-80
-1
150
-16
-310
-491
-184
372
595
506
414
515
570
654
750
695
482
178
293
476
290
314
661
1081
1187
943
856
971
1144
1275
1052
508
-3
-160
-96
-80
-87
-88
54
377
299
-71
-235
-90
42
-85
-245
-103
144
306
216
-199
-294
-113
200
660
773
411
-81
-360
-512
-608
-676
-811
-833
-683
-373
-121
-202
-277
13
173
42
49
-57
-218
-102
20
-39
-137
-278
-637
-785
-405
165
369
83
-203
-20
215
283
193
47
32
-44
-238
-324
-213
19
252
185
147
258
379
266
70
2
-182
-115
273
334
35
-31
254
499
539
366
208
144
103
-26
57
396
456
378
401
266
270
394
339
288
139
-339
-482
-40
192
231
125
103
-37
-378
-435
-370
-282
-96
-131
-382
-606
-639
-335
-20
95
-20
-329
-529
-597
-513
-471
-402
-271
-371
-365
-93
184
243
67
-195
-329
-336
-410
-374
-160
173
388
305
83
-273
-584
-637
-452
-27
334
305
-99
-319
-330
-583
-858
-652
-127
209
115
-32
93
82
-145
-237
-139
-188
-224
-166
-11
351
500
480
544
626
625
797
1128
1323
1018
652
653
849
987
880
777
721
545
54
-235
9
271
211
-89
-60
310
567
761
889
724
427
164
-185
-494
-647
-594
-394
-252
-262
-387
-412
-508
-587
-511
-301
-262
-439
-591
-695
-634
-533
-325
-200
-549
-789
-334
123
198
17
-149
-376
-589
-412
-110
-97
-292
-595
-646
-428
-280
-205
-225
-162
-296
-557
-554
-349
-108
20
-15
9
-17
77
158
-90
-298
-36
441
653
648
776
766
455
142
-83
-70
286
759
1019
831
389
254
455
540
549
618
540
441
472
411
376
561
692
641
305
-18
73
352
404
153
-8
-105
-273
-389
-469
-505
-482
-433
-286
-227
-296
-381
-411
-317
-74
172
210
84
-9
-23
-21
-162
-374
-399
-296
-148
-7
-4
-67
63
174
118
-51
-248
-262
-292
-327
-179
206
518
545
329
34
-123
-299
-458
-426
-303
-179
-223
-517
-772
-787
-601
-481
-303
-226
-355
-314
-113
82
-52
-348
-486
-272
74
192
261
277
85
-75
-165
-105
96
183
66
23
-14
-110
-150
-146
-269
-455
-357
-11
459
533
67
-308
-425
-374
-135
276
643
543
121
-110
-315
-487
-235
265
704
823
565
168
184
230
185
254
351
465
534
415
193
219
425
750
817
453
232
233
211
74
-100
-212
39
358
236
229
280
236
254
55
-213
-204
-52
33
54
51
108
395
588
393
181
207
62
-271
-403
-193
43
145
54
-354
-629
-448
-58
368
634
384
-41
-406
-555
-655
-581
-241
63
301
305
84
-177
-479
-566
-362
-130
125
194
-37
-355
-575
-476
-153
23
-60
-369
-611
-500
-309
-178
-296
-494
-507
-162
258
194
50
78
-35
-267
-288
-233
-97
133
234
209
66
-19
92
108
0
-139
-24
339
590
445
281
306
293
168
-43
-159
-175
-142
-135
-118
-30
-30
-123
-288
-406
-311
-139
-150
-273
-347
-310
-252
-262
-241
-116
-23
15
-22
-287
-377
-137
284
418
71
-333
-381
-192
-211
-239
-26
316
573
468
143
91
286
339
233
263
365
461
435
267
129
79
-8
68
437
555
369
340
327
135
-49
-114
-30
44
141
295
381
67
-409
-402
-240
-102
155
333
304
78
-219
-219
-73
43
277
363
275
230
235
188
165
158
67
3
155
365
543
538
306
119
92
175
273
277
162
101
20
-184
-293
-221
-187
-162
-340
-477
-373
-368
-286
-96
41
4
16
-14
-155
-132
-131
-118
-55
-162
-362
-466
-478
-442
-309
-295
-452
-419
-248
-35
78
42
-29
-13
-128
-313
-229
-104
-180
-244
-240
-255
-308
-417
-189
242
166
-259
-418
-439
-298
62
221
-4
-162
-90
39
13
-87
154
550
509
207
127
264
276
95
-112
-102
-30
14
51
9
52
143
300
405
337
237
156
86
33
-31
158
326
334
312
231
150
18
-84
-163
-195
-97
-142
-154
63
168
167
200
184
18
-85
-96
0
126
249
243
-36
-356
-362
-19
-65
-227
-128
26
100
-14
-73
-20
53
6
-101
-91
47
99
-117
-366
-434
-314
-88
91
58
18
110
160
42
-216
-404
-336
-167
26
276
316
214
199
249
210
94
-15
-43
84
118
61
101
70
129
211
6
-113
-21
100
217
346
388
261
-4
-103
-160
-165
-69
-22
78
229
190
35
-9
204
505
538
292
39
19
37
-76
-177
-81
122
175
-7
-200
-201
-184
-127
19
192
306
237
23
-138
-139
-193
-353
-269
-65
-112
-203
-166
-142
-3
161
235
329
288
24
-287
-462
-401
-98
7
-184
-331
-271
-101
-13
96
134
-16
-369
-622
-514
-274
-157
-220
-398
-552
-600
-420
-97
98
134
43
-97
-149
-33
69
62
33
-58
-52
13
-93
-308
-227
13
83
185
220
56
-261
-359
-156
32
207
285
383
487
324
141
91
55
139
299
494
663
628
222
-178
-231
4
291
446
392
308
262
28
-136
-146
-102
-122
-100
-26
154
270
171
45
-119
-192
-153
-41
48
-102
-204
-83
-37
-250
-402
-391
-232
49
140
51
-25
43
129
140
88
-57
-213
-238
-38
307
610
503
97
-206
-212
-97
160
506
773
697
171
-188
-184
-63
-76
-57
112
244
183
-58
-172
-123
-68
-34
-65
-102
-265
-527
-613
-395
-70
-18
43
160
267
283
128
27
158
209
-22
-96
15
54
51
127
196
228
117
-29
99
335
378
213
23
-16
30
97
231
413
576
488
113
-98
-180
-255
-267
-148
-129
-261
-426
-621
-689
-728
-736
-506
-150
-75
-173
-169
-215
-387
-579
-475
-144
64
-5
-120
-162
-244
-357
-475
-444
-220
2
-28
-135
-197
-142
-136
-322
-344
36
417
480
312
37
-66
-113
-218
-242
-162
-45
41
-52
-310
-259
124
400
421
373
379
424
412
374
412
517
566
690
582
247
77
45
138
253
317
278
225
149
197
311
367
441
449
421
327
152
62
136
190
163
50
12
4
-192
-288
-122
87
-12
-166
-222
-199
-196
-331
-385
-201
78
173
21
-254
-509
-620
-465
-142
219
313
167
38
-143
-335
-312
-195
4
110
21
-123
-225
-187
-148
-84
-83
56
264
134
-101
-206
-238
-300
-355
-361
-211
-5
49
7
-98
-208
-233
-212
-283
-320
-329
-271
-95
55
123
77
-10
20
87
251
451
534
619
604
290
3
-160
-253
-259
-225
-99
19
134
129
137
125
117
210
458
696
619
335
103
-19
-115
-67
-57
-63
-45
23
31
-47
-122
-69
62
73
78
124
259
310
276
354
403
317
316
304
139
-94
-361
-478
-312
-138
-184
-333
-411
-382
-306
-231
-173
-128
-53
-11
-33
6
-105
-209
-91
-21
-158
-153
90
189
134
-81
-329
-476
-470
-426
-398
-255
20
225
75
-97
-71
-39
-90
-51
110
182
231
156
43
-33
-207
-258
-154
-206
-245
-123
-34
-25
78
114
112
121
195
282
232
179
170
152
139
139
-58
-233
-190
94
360
350
126
-122
-290
-357
-292
-91
137
163
115
71
139
295
225
59
45
116
142
81
8
-3
-165
-339
-242
10
260
314
143
-78
-159
-80
70
258
339
277
53
-256
-452
-444
-171
59
68
-44
-217
-266
-187
-98
95
320
277
114
-61
-243
-192
-5
227
424
459
373
237
113
94
154
144
131
122
124
137
86
-13
-45
97
240
406
404
328
329
263
134
126
276
294
208
206
231
138
-33
-61
19
68
-61
-200
-288
-367
-249
21
99
-180
-457
-541
-389
-154
53
122
28
-219
-351
-246
-123
-95
11
166
55
-158
-319
-433
-410
-314
-284
-246
-217
-128
-99
-221
-237
-121
-54
-12
54
90
-26
-218
-363
-397
-374
-345
-246
-92
30
43
-21
-230
-411
-565
-474
-194
-21
27
-128
-277
-243
-100
-12
36
93
146
119
-123
-309
-352
-292
-116
85
259
212
155
111
47
-28
-22
93
140
121
110
18
-129
-232
-217
-44
163
359
367
190
78
110
356
615
606
555
578
520
391
370
528
626
577
552
577
494
298
137
157
239
258
266
352
419
369
433
466
410
279
137
-66
17
219
293
372
291
112
-86
-98
-31
-51
-98
-36
63
-10
-179
-255
-297
-271
-252
-349
-341
-255
-208
-232
-291
-305
-229
-153
-184
-227
-200
-203
-278
-397
-385
-219
-208
-324
-361
-302
-160
-97
-194
-338
-402
-326
-291
-259
-262
-221
-200
-228
-353
-410
-385
-311
-224
-284
-292
-179
-102
-94
-111
-78
23
37
59
38
-33
-19
-21
71
239
201
113
102
198
263
197
138
102
168
186
160
192
166
148
155
92
110
141
102
41
-92
-168
-249
-220
-31
122
123
39
4
97
192
124
89
23
9
-41
-59
-3
-39
-49
-31
12
-24
-181
-169
27
163
142
82
5
-52
-48
-70
4
150
250
314
340
213
98
0
-93
-117
26
128
103
134
157
129
-11
-42
55
131
142
200
273
239
130
-45
-192
-157
-61
-26
23
65
120
80
-40
-63
26
175
151
-8
-17
66
128
137
64
-23
-91
23
212
263
170
9
-66
-119
-130
-61
41
150
169
62
-60
-62
-65
-79
-111
-128
-169
-196
-245
-164
-10
29
71
134
229
210
166
143
90
12
44
160
126
59
23
74
130
191
240
156
60
10
-36
12
8
83
159
87
52
11
-44
-154
-195
-215
-97
4
-27
-157
-299
-369
-290
-171
-83
-54
-126
-196
-246
-260
-238
-142
-123
-68
17
-57
-196
-286
-283
-190
-90
-12
-10
-107
-268
-364
-360
-282
-276
-400
-392
-322
-238
-197
-205
-283
-391
-348
-198
-62
34
6
-38
-121
-209
-81
43
55
98
253
235
175
122
32
-5
-34
-74
-108
-113
-35
61
53
-20
-64
3
165
279
237
178
169
165
226
221
135
108
172
284
323
367
308
180
117
86
-53
-140
-38
148
207
230
314
395
411
349
433
501
469
401
396
384
290
207
164
197
251
230
238
233
6
-178
-126
-108
35
186
187
78
33
40
22
111
199
213
188
124
80
59
31
13
-64
-96
-147
-117
-53
20
-1
-60
-73
-105
-54
-9
-25
-89
-133
-118
-20
114
190
198
158
78
-29
-172
-224
-193
-259
-327
-332
-327
-395
-389
-250
-140
-189
-290
-331
-359
-323
-166
-178
-275
-278
-296
-275
-266
-363
-512
-534
-535
-539
-502
-402
-291
-191
-149
-219
-330
-376
-261
-39
114
188
264
227
62
-69
-21
104
172
116
30
-26
-86
-58
67
119
59
-12
-11
-4
13
26
91
94
52
43
-34
-75
-44
27
17
-18
15
21
-9
29
73
68
82
164
162
202
217
153
177
129
194
264
293
325
396
473
426
384
281
286
291
282
408
454
340
236
113
36
20
77
169
161
84
-32
-30
6
-11
-8
85
154
134
121
91
46
64
128
158
71
36
124
182
175
101
42
53
39
16
90
144
135
145
146
173
186
170
134
27
-118
-143
-134
-127
-177
-255
-309
-343
-299
-217
-171
-147
-252
-337
-320
-279
-211
-242
-186
-192
-286
-277
-270
-253
-217
-198
-198
-192
-175
-139
-153
-202
-153
-82
-43
-64
-90
-108
-83
-29
-81
-111
-86
-42
-16
-20
-40
-89
-164
-201
-219
-168
-61
-2
-10
-55
-37
-83
-126
-77
-14
104
194
180
124
48
25
-22
-21
0
38
47
96
159
168
160
131
118
166
227
202
244
234
164
155
53
16
27
48
0
-30
-32
-37
-131
-175
-70
-13
59
96
92
9
-60
-39
-14
-34
-32
-66
-77
-75
-64
53
127
161
129
8
-103
-106
-11
145
191
158
129
87
80
133
250
318
373
293
144
30
-69
-59
-63
48
158
169
145
29
-62
-162
-157
-167
-160
-92
11
57
75
88
71
99
74
1
-86
-133
-208
-275
-233
-160
-12
70
37
13
41
97
129
172
157
155
126
29
-57
-114
-204
-205
-103
49
122
62
-63
-189
-233
-219
-137
-26
69
91
32
-48
-85
-67
42
92
31
-52
-94
-142
-199
-183
-79
-43
-85
-77
-28
34
118
130
58
94
109
78
-113
-210
-94
107
151
68
17
-58
-41
39
123
220
222
166
139
139
127
65
-6
-84
-14
92
103
46
-6
-44
-71
-28
15
143
232
134
113
18
-98
-92
-130
-226
-334
-353
-226
-38
32
-13
-8
18
29
38
-3
-47
-49
-23
15
53
69
-5
-119
-132
-76
-85
-136
-157
-151
-155
-183
-189
-129
-133
-142
-98
-92
-87
-83
-92
-71
-54
-64
-77
-20
9
16
21
49
57
-41
-85
-67
-36
-13
19
19
-58
-58
-68
-54
14
65
74
47
-8
-60
12
43
8
88
125
108
107
67
152
114
58
105
86
122
186
231
248
266
220
189
158
119
90
108
239
323
303
208
50
-29
20
46
56
120
183
209
204
121
102
147
175
177
153
139
94
44
-2
-87
-100
-15
80
70
-2
-84
-108
-102
-105
-89
-144
-171
-234
-285
-268
-208
-134
-94
-89
-171
-270
-348
-417
-331
-234
-203
-196
-247
-262
-203
-150
-121
-116
-116
-128
-113
-77
-47
38
46
-26
-65
-82
-17
74
36
0
70
65
-29
23
98
139
179
164
195
299
319
324
281
175
85
61
84
121
181
201
148
83
-24
-98
-45
42
83
49
94
112
107
44
34
20
-51
-56
-16
23
84
58
-17
-60
-49
-107
-182
-174
-168
-122
-14
18
2
-6
10
119
158
147
71
-11
-107
-121
-161
-168
-81
-61
-14
-44
-47
-83
-123
-82
-139
-123
-130
-160
-214
-300
-299
-230
-120
-52
-16
33
40
21
20
-60
-86
-86
14
27
-101
-142
-126
-79
-66
-129
-195
-132
-47
7
12
-49
-118
-146
-109
22
101
119
116
99
102
77
103
175
190
141
123
59
0
10
59
148
227
262
265
200
94
156
272
302
272
191
134
105
97
124
197
224
203
177
153
95
93
97
85
104
147
124
61
55
35
50
67
50
40
120
77
92
111
64
25
-31
-24
29
45
18
38
39
-27
-116
-167
-176
-193
-197
-155
-116
-101
-144
-163
-188
-191
-140
-108
-151
-153
-159
-187
-244
-235
-207
-186
-191
-217
-171
-84
-18
9
30
35
56
44
22
32
39
63
99
73
41
25
51
102
110
159
151
13
-88
-111
-55
-45
-91
-100
-185
-180
-143
-146
-70
-98
-133
-147
-205
-236
-248
-170
-57
-60
-72
-102
-69
17
35
-15
-58
-66
-57
-75
-118
-154
-100
-49
-15
49
37
-62
-140
-114
-80
8
68
64
56
78
72
47
62
66
56
62
74
82
58
1
0
29
73
57
17
-46
-59
-41
-21
18
26
70
112
126
185
181
152
133
72
15
53
135
160
140
136
170
223
244
310
290
240
177
166
190
194
267
261
231
215
245
138
80
117
158
158
143
136
93
12
-24
57
105
150
103
46
40
79
119
120
93
14
-74
-127
-76
-52
-35
-10
-51
-110
-167
-174
-69
-24
27
14
-92
-144
-132
-147
-180
-130
-106
-136
-159
-125
-83
-118
-143
-123
-177
-208
-157
-123
-61
-23
-27
-54
-65
-12
-26
-16
-43
-43
-59
-156
-219
-266
-217
-172
-163
-129
-121
-98
-93
-100
-154
-239
-178
-100
-70
-162
-261
-275
-224
-127
-146
-170
-172
-204
-182
-168
-191
-181
-142
-94
-70
-43
4
31
66
72
60
128
197
222
207
132
59
50
61
54
75
74
36
-22
-48
-15
19
-11
-30
-55
-121
-87
-4
29
2
-49
-65
-11
3
6
6
-7
5
56
146
149
144
140
110
107
130
162
174
191
238
252
242
242
278
351
388
399
389
330
265
219
218
194
195
185
165
170
162
153
147
158
179
143
71
28
70
126
167
170
142
93
69
82
101
117
68
10
32
59
62
58
0
-51
-73
-79
-62
-55
-96
-120
-105
-93
-82
-92
-127
-188
-189
-170
-124
-77
-93
-118
-128
-168
-198
-187
-191
-199
-168
-208
-243
-211
-192
-157
-112
-60
-11
-23
-106
-138
-133
-131
-169
-175
-165
-123
-101
-148
-162
-198
-199
-190
-215
-269
-234
-194
-200
-173
-210
-211
-169
-140
-140
-150
-145
-123
-68
-69
-57
-20
-21
-11
5
7
-10
3
6
32
33
14
6
38
21
33
39
48
103
104
115
125
128
65
40
83
110
69
29
39
-3
15
2
-30
-67
-85
-29
28
43
28
-6
6
77
137
144
138
123
108
122
123
137
136
95
98
113
151
214
235
285
294
281
305
332
371
368
327
294
215
181
107
88
100
108
136
174
179
119
99
80
92
137
152
92
33
-13
-35
-28
-18
-24
-37
-29
-48
-17
-57
-102
-48
-15
3
49
59
58
65
45
23
-37
-62
-79
-74
-87
-48
-18
-49
-115
-157
-152
-102
-50
-79
-78
-76
-119
-154
-161
-140
-130
-139
-151
-212
-282
-316
-327
-328
-305
-273
-201
-176
-201
-238
-239
-241
-228
-204
-187
-144
-150
-139
-114
-117
-86
-86
-99
-69
-37
-7
21
52
67
59
61
51
54
71
74
100
128
141
88
49
32
17
27
16
-21
1
3
-28
-41
-72
-86
-45
-33
-14
11
30
85
55
41
39
41
77
107
135
135
128
106
93
103
89
84
92
97
107
101
77
45
36
59
88
71
59
91
76
71
77
53
67
75
54
45
53
40
30
30
55
59
20
-12
-27
-81
-111
-96
-99
-88
-40
-22
-53
-71
-49
-27
-13
-7
-26
-28
-8
38
60
28
-22
-47
-20
-11
-8
-43
-33
48
97
71
63
52
63
97
133
151
140
180
208
208
235
210
199
161
123
109
88
45
13
44
69
62
43
-1
-25
-23
-5
15
23
19
56
66
88
78
70
109
108
89
73
93
65
42
-4
-39
-60
-80
-57
-41
-23
-44
-81
-130
-129
-106
-101
-114
-145
-166
-148
-133
-145
-139
-109
-85
-91
-146
-200
-211
-253
-264
-245
-273
-283
-258
-262
-237
-209
-198
-172
-183
-190
-143
-122
-152
-178
-172
-124
-92
-135
-159
-142
-176
-207
-192
-209
-218
-216
-205
-213
-217
-194
-154
-107
-118
-110
-72
-41
10
47
42
18
-34
6
77
107
181
239
271
262
249
308
358
396
442
452
454
461
440
433
430
400
386
393
391
375
341
330
328
280
254
268
276
253
190
153
126
79
68
39
11
-20
-33
-11
-45
-55
-67
-119
-145
-110
-70
-72
-96
-127
-144
-174
-197
-165
-121
-68
-87
-120
-109
-101
-75
-75
-53
-26
-29
-32
-28
-18
-8
9
43
60
94
92
84
67
13
0
1
18
13
20
-1
-33
-60
-68
-58
-72
-51
-29
-16
-16
-54
-84
-80
-64
-45
-51
-79
-68
-101
-131
-171
-148
-121
-153
-131
-146
-147
-150
-155
-129
-91
-64
-35
-21
-16
-20
-3
9
-11
-15
-45
-65
-63
-65
-101
-124
-115
-107
-108
-114
-155
-187
-180
-169
-146
-140
-138
-127
-169
-159
-148
-150
-132
-142
-162
-120
-106
-96
-63
-57
-63
-73
-50
-14
48
55
105
95
91
144
206
233
222
211
186
189
224
248
268
245
225
242
247
247
273
279
250
230
213
263
293
289
303
300
286
287
264
254
234
214
203
187
162
139
153
120
92
78
60
42
29
6
-15
-33
-82
-96
-78
-83
-87
-108
-123
-119
-105
-98
-103
-103
-73
-95
-156
-167
-189
-153
-109
-119
-146
-178
-196
-183
-119
-112
-112
-130
-155
-149
-141
-142
-160
-144
-138
-114
-127
-162
-194
-196
-184
-138
-122
-145
-150
-144
-109
-118
-125
-106
-85
-69
-69
-50
-82
-107
-92
-46
-15
34
39
3
3
-3
-10
-19
8
43
106
109
79
46
53
81
83
50
16
25
23
29
64
83
69
101
75
81
99
87
96
73
68
50
35
11
32
74
85
89
97
39
33
50
43
82
110
94
94
61
49
78
88
104
127
131
122
99
58
72
79
81
84
63
62
56
46
47
85
99
69
60
66
47
41
31
24
53
51
39
49
61
72
57
22
-5
1
35
45
39
8
-28
-64
-85
-93
-93
-82
-75
-69
-76
-103
-110
-127
-118
-126
-102
-107
-147
-164
-182
-179
-157
-134
-127
-129
-139
-140
-135
-127
-120
-105
-93
-76
-72
-65
-61
-51
-45
-51
-61
-74
-79
-74
-69
-96
-109
-118
-133
-89
-61
-61
-44
-36
-16
-13
-36
-28
-19
-16
15
28
16
27
51
57
59
61
48
89
127
135
144
147
168
162
157
133
130
128
121
89
89
79
62
52
35
49
49
43
60
53
40
43
14
4
-10
14
39
52
47
43
30
8
33
36
49
43
31
43
50
61
92
129
132
110
95
98
114
136
118
131
144
143
146
122
111
96
78
70
77
86
81
37
11
-5
-15
-25
-35
-34
-56
-79
-103
-97
-87
-98
-126
-125
-126
-158
-171
-175
-181
-184
-183
-176
-177
-180
-176
-200
-220
-219
-196
-167
-143
-127
-137
-147
-133
-122
-111
-103
-88
-96
-96
-75
-82
-89
-71
-44
-26
-26
-13
-40
-24
17
22
40
46
42
52
38
43
56
51
81
77
63
63
71
78
102
116
103
108
110
90
84
109
95
76
71
76
87
72
74
67
58
34
14
38
53
59
34
-3
-14
13
33
39
17
4
-3
-9
-11
-13
-2
-11
-19
-2
-3
-8
-4
7
11
21
33
26
33
67
88
97
68
48
65
68
74
54
33
0
-7
0
2
17
11
-1
16
38
29
28
23
20
10
16
38
22
10
14
26
28
26
6
11
16
-33
-51
-53
-62
-82
-72
-54
-55
-55
-66
-64
-44
-45
-42
-50
-54
-56
-63
-79
-97
-91
-82
-47
-37
-53
-52
-75
-81
-77
-85
-79
-61
-78
-67
-44
-31
-24
-30
-12
9
18
8
18
24
24
34
60
63
85
87
62
52
27
31
45
25
6
23
47
59
84
90
92
110
111
106
95
87
79
66
68
62
53
54
48
47
42
35
18
8
1
-6
0
-23
-30
-24
-35
-32
-42
-40
-53
-70
-74
-96
-106
-117
-137
-137
-135
-129
-108
-111
-113
-107
-108
-122
-111
-99
-81
-88
-72
-61
-58
-64
-75
-55
-48
-37
-34
-38
-30
-32
-28
-30
-33
-10
9
22
5
22
32
45
69
56
52
46
60
62
71
69
54
60
54
57
72
61
55
61
50
53
45
38
40
56
58
70
78
77
97
88
56
40
55
66
58
63
51
67
70
58
91
103
107
100
102
103
113
104
89
82
75
74
58
59
58
30
10
-5
-18
-21
-29
-31
-27
-29
-20
-15
-17
-23
-3
3
1
-2
-3
10
2
-1
-4
-6
-15
-3
-16
-15
-17
-18
-10
12
3
-9
-22
-51
-56
-51
-53
-55
-62
-68
-59
-70
-63
-52
-66
-77
-95
-94
-108
-129
-135
-148
-145
-131
-110
-106
-104
-106
-122
-119
-108
-121
-100
-86
-80
-65
-60
-50
-45
-56
-57
-48
-39
-28
-23
-26
-37
-27
-50
-49
-36
-19
-13
-14
-9
-10
-2
-12
-18
-27
-26
-4
0
13
21
8
-8
-13
-3
12
43
51
67
65
53
41
42
29
52
55
44
48
58
54
43
51
39
47
41
40
45
62
61
46
44
47
50
44
51
62
76
87
80
82
115
132
136
141
144
158
161
170
172
179
187
183
166
165
166
159
159
140
163
161
148
146
130
109
92
79
58
67
67
62
60
41
16
9
-8
-12
2
4
2
-15
-35
-36
-54
-76
-117
-120
-120
-112
-103
-119
-145
-170
-190
-200
-182
-179
-177
-155
-167
-173
-185
-205
-211
-211
-209
-195
-200
-209
-188
-177
-176
-200
-201
-194
-176
-162
-161
-156
-152
-169
-147
-116
-92
-57
-59
-46
-44
-52
-41
-34
-28
-8
3
30
40
45
49
52
51
46
62
59
63
65
69
66
65
59
73
81
77
89
82
78
78
55
54
61
60
62
54
51
60
57
52
71
84
69
24
21
20
25
30
28
30
32
41
63
67
69
59
55
68
64
83
90
92
102
106
99
92
90
92
97
91
61
45
59
63
57
63
51
74
83
93
98
103
88
87
82
73
63
43
50
60
57
51
47
28
39
47
44
43
49
59
48
45
47
46
38
45
49
41
13
-7
-7
-27
-43
-65
-75
-76
-87
-95
-117
-134
-140
-142
-143
-138
-156
-161
-166
-171
-165
-165
-160
-161
-148
-150
-142
-135
-137
-130
-132
-125
-133
-137
-131
-124
-124
-110
-104
-114
-110
-99
-87
-79
-57
-42
-28
-18
-18
-8
0
1
4
14
7
6
16
20
14
14
4
2
0
27
23
26
37
28
38
53
70
72
78
65
68
70
67
65
58
53
37
34
60
61
67
65
54
57
49
49
70
86
94
97
102
90
70
82
87
85
78
64
59
67
77
69
57
30
27
26
19
21
23
6
-4
-4
-16
-7
-10
-4
-3
-10
-7
3
9
7
7
-2
4
-6
-10
-16
2
19
4
8
-10
-8
11
19
27
36
30
34
29
15
24
26
26
6
-10
1
4
15
5
1
-9
-45
-45
-47
-34
-22
-27
-17
-26
-20
2
3
-7
-21
-39
-48
-40
-51
-43
-43
-45
-43
-40
-44
-52
-58
-52
-40
-43
-33
-18
0
18
35
43
47
58
55
36
12
1
-6
-19
-25
-26
-35
-53
-59
-63
-54
-30
-32
-47
-33
-19
-17
-16
-23
-17
-9
-15
3
4
-7
-4
-20
-14
-27
-52
-68
-54
-34
-14
5
-4
-9
-6
9
25
41
40
58
66
53
36
28
23
35
41
29
15
-11
-30
-37
-39
-43
-46
-50
-46
-44
-41
-33
-48
-51
-33
-33
-40
-19
-14
-25
-15
-28
-32
-19
-5
-8
-15
-21
-12
-9
-13
-16
-16
-16
-7
19
47
62
63
61
67
64
58
53
43
47
55
53
38
50
47
53
65
65
59
58
55
49
54
55
56
42
37
33
33
40
38
37
33
19
29
31
22
18
26
29
30
48
31
27
40
39
36
23
18
17
29
33
33
30
24
24
19
19
31
35
37
28
6
-3
5
-8
-20
-16
-19
-24
-31
-41
-40
-47
-64
-70
-71
-77
-72
-73
-74
-76
-83
-86
-92
-91
-85
-83
-75
-69
-66
-68
-81
-88
-74
-71
-69
-71
-66
-55
-44
-40
-34
-31
-30
-13
-5
1
6
7
15
20
15
6
3
7
4
-2
-4
6
6
-8
-5
6
8
17
9
-4
-11
-4
-1
-12
-3
7
-1
-7
-16
-24
-20
-19
-17
-7
-5
5
12
11
9
16
20
27
46
54
49
33
29
29
28
27
25
14
23
41
42
29
25
31
36
48
45
42
36
31
39
46
35
26
31
26
32
32
18
21
25
31
29
30
27
33
45
38
52
46
39
46
51
39
39
38
37
34
30
25
23
18
6
9
17
15
4
-10
-6
0
-9
3
3
-5
-6
-14
-18
-13
-19
-17
-8
-13
-22
-29
-30
-20
-29
-29
-28
-31
-22
-30
-28
-24
-36
-39
-30
-27
-23
-36
-41
-43
-55
-65
-61
-47
-47
-49
-52
-64
-69
-75
-81
-75
-72
-73
-66
-76
-67
-58
-70
-58
-60
-58
-54
-43
-36
-42
-29
-23
-20
-12
-13
-16
-13
0
15
27
30
18
12
20
31
41
45
52
54
66
80
100
95
86
78
73
78
81
82
69
67
56
62
62
54
53
36
40
40
18
15
19
27
53
56
39
23
18
10
1
9
7
17
17
6
11
25
37
39
41
37
30
12
9
18
19
21
24
11
1
5
-6
-4
-7
-6
-4
1
1
-8
-15
-28
-27
-40
-44
-37
-54
-53
-54
-75
-78
-84
-91
-87
-75
-93
-87
-73
-73
-60
-63
-67
-57
-62
-57
-57
-63
-60
-60
-42
-42
-39
-26
-27
-23
-29
-26
-17
-11
4
7
0
-4
-3
-12
-12
-14
-1
7
11
21
24
26
23
16
28
30
41
35
25
22
17
24
37
52
56
53
60
46
40
55
58
74
74
76
67
67
66
62
66
61
60
55
54
53
52
61
66
64
