13
11
11
10
13
14
13
10
11
12
13
15
15
12
17
23
24
24
23
23
21
22
16
15
21
17
17
16
13
14
14
9
3
0
4
8
9
10
10
12
14
16
9
8
14
14
10
7
7
6
1
1
2
4
7
11
7
8
6
7
7
1
2
5
7
3
-2
-4
-3
-3
-4
-2
-6
-3
-1
-6
-6
-11
-12
-7
-7
-8
-8
-5
-3
-11
-13
-12
-10
-12
-15
-14
-9
-9
-10
-16
-17
-13
-9
-10
-10
-15
-16
-15
-17
-21
-19
-15
-16
-14
-16
-17
-12
-13
-15
-17
-14
-14
-15
-17
-17
-19
-16
-14
-17
-17
-19
-14
-11
-13
-14
-14
-10
-9
-10
-9
-7
-7
-6
-10
-11
-5
-5
-7
-9
-8
-1
0
-3
-4
-1
0
-1
-2
1
3
6
3
2
1
4
7
8
5
6
3
1
5
5
3
4
8
9
13
10
11
10
7
7
8
9
13
15
12
12
14
12
8
11
18
20
23
25
26
27
29
28
26
26
22
20
15
10
7
7
9
6
3
1
3
5
8
8
9
12
12
13
13
10
11
7
8
5
7
8
4
4
1
10
11
9
8
10
9
12
13
9
12
13
11
9
8
6
7
-3
-9
-14
-17
-11
-13
-10
-10
-10
-9
-10
-8
-7
-2
-1
-1
-3
-2
-1
-5
-4
-10
-17
-16
-12
-10
-8
-8
-6
-9
-13
-17
-12
-6
-7
-9
-13
-10
-10
-12
-10
-9
-14
-9
-11
-19
-18
-22
-23
-24
-23
-21
-23
-17
-17
-14
-12
-8
-5
-9
-9
-12
-10
-7
-7
-11
-11
-12
-14
-12
-11
-11
-14
-16
-18
-15
-16
-13
-11
-12
-11
-6
0
2
5
3
4
2
1
-1
2
0
-2
3
5
3
3
6
9
9
6
7
7
8
8
7
12
15
12
13
13
13
13
13
10
10
7
8
5
3
11
10
13
10
13
17
20
22
24
23
21
28
25
27
24
19
21
19
20
17
16
18
17
11
9
8
9
14
15
14
13
14
14
11
9
8
9
6
7
7
4
4
0
-1
-1
-1
3
4
1
5
7
5
1
-3
-3
-1
0
-1
-3
-6
-6
-6
-7
-10
-11
-11
-9
-11
-14
-13
-11
-12
-13
-16
-15
-15
-15
-18
-16
-17
-16
-19
-20
-19
-23
-19
-17
-15
-14
-17
-18
-17
-15
-14
-13
-15
-19
-15
-14
-11
-13
-10
-8
-9
-8
-6
-9
-9
-7
-8
-4
-4
-7
-5
-6
-6
-5
-2
4
4
1
3
6
6
0
-3
-3
-6
-4
3
1
2
-1
-1
-1
4
1
-3
1
2
4
8
8
9
10
9
11
8
9
7
7
5
4
6
4
0
0
0
5
3
5
10
10
10
4
7
10
11
8
9
11
9
6
7
5
8
7
5
4
5
3
3
-3
-4
2
6
9
6
8
7
8
8
7
8
6
5
6
11
7
6
5
0
0
0
3
7
8
7
9
14
14
10
6
7
9
10
12
4
1
1
6
5
1
3
4
2
-1
2
7
8
11
11
6
5
2
-1
-5
-9
-7
-9
-14
-12
-14
-14
-16
-17
-17
-11
-8
-7
-1
-3
2
4
3
2
1
-1
-5
-7
-10
-8
-3
-2
-5
-6
-3
2
2
-4
-5
-3
3
7
3
0
0
4
3
3
-1
-5
-5
-10
-15
-13
-13
-11
-13
-12
-12
-9
-9
-10
-10
-10
-9
-13
-12
-12
-12
-7
-9
-14
-16
-16
-14
-16
-21
-19
-16
-17
-17
-18
-17
-15
-11
-14
-11
-6
3
2
0
0
-5
-4
-3
-10
-5
-7
-8
-4
-6
-5
-4
-2
0
3
5
1
3
3
7
8
10
16
13
13
14
11
10
10
6
6
3
4
8
7
9
7
12
12
10
16
20
26
27
25
30
27
28
28
28
26
26
26
28
24
20
18
17
18
12
12
16
21
23
21
21
21
19
20
20
17
16
17
15
11
10
9
4
3
-1
2
6
6
8
5
0
1
2
1
1
-2
-2
1
0
-2
-4
-8
-9
-10
-15
-14
-16
-19
-20
-20
-17
-15
-17
-16
-14
-14
-11
-13
-15
-16
-15
-17
-19
-15
-18
-16
-17
-21
-21
-21
-23
-22
-22
-17
-19
-20
-17
-18
-20
-21
-20
-19
-18
-18
-20
-18
-18
-19
-21
-19
-18
-22
-23
-20
-17
-18
-15
-12
-11
-10
-9
-10
-11
-7
-4
-6
-7
-6
-5
-2
-2
-5
-5
-5
1
2
2
5
6
12
13
8
9
7
10
11
9
10
9
8
6
3
8
9
9
8
8
12
15
12
9
12
12
17
21
17
14
17
18
18
15
12
14
19
17
13
12
11
10
10
13
17
20
20
21
18
20
23
25
20
16
15
18
15
10
7
9
9
5
4
4
12
13
12
9
12
16
19
15
15
13
12
10
8
4
6
4
1
4
2
5
7
8
11
13
9
11
9
9
7
3
5
2
-1
-4
-7
-13
-19
-20
-21
-17
-15
-18
-23
-22
-19
-21
-17
-17
-12
-9
-12
-10
-7
-9
-9
-12
-17
-16
-19
-17
-15
-19
-18
-19
-19
-21
-20
-14
-15
-15
-15
-15
-11
-12
-12
-8
-5
-8
-7
-11
-17
-18
-21
-24
-22
-21
-21
-17
-14
-15
-14
-11
-7
-5
-8
-10
-8
-4
-3
-6
-12
-16
-13
-12
-14
-11
-9
-13
-10
-8
-7
-3
-4
-6
-3
1
4
5
7
12
9
8
5
1
0
0
2
-1
4
6
10
10
13
14
14
18
20
18
12
12
17
20
19
20
18
19
19
16
16
14
10
12
11
12
16
15
16
16
20
23
27
26
24
26
27
30
28
23
24
24
23
22
22
19
17
15
13
11
8
10
11
9
11
13
14
14
13
8
8
7
10
7
-1
-1
-1
-2
-6
-7
-6
-6
-7
-3
-1
2
1
-2
-2
-7
-8
-6
-9
-12
-13
-15
-16
-18
-20
-19
-16
-20
-21
-22
-22
-17
-15
-16
-19
-17
-17
-14
-15
-21
-20
-20
-18
-19
-20
-17
-18
-19
-19
-20
-14
-16
-16
-13
-16
-14
-16
-15
-15
-16
-17
-16
-11
-14
-14
-13
-12
-9
-8
-5
-6
-7
-7
-6
-6
-2
-4
-6
-6
-4
2
6
6
7
11
11
11
8
9
8
7
7
7
10
6
3
6
3
1
1
-1
4
8
9
9
9
10
13
14
13
15
9
12
10
11
13
9
3
5
3
3
0
1
3
2
3
2
7
4
6
7
2
4
7
12
15
15
17
15
13
11
10
9
4
1
2
6
10
6
11
18
16
14
17
16
15
16
13
12
10
8
7
8
2
1
-1
-3
-6
-8
-3
0
-4
-4
-1
-2
-3
1
6
3
-2
-2
-1
0
2
1
-2
-2
-4
3
5
5
7
8
15
14
11
9
4
3
-4
-10
-14
-16
-15
-16
-15
-19
-23
-25
-25
-24
-20
-15
-13
-12
-10
-5
-2
-5
-9
-11
-11
-11
-8
-9
-10
-11
-15
-11
-13
-9
-8
-4
-2
-1
-1
0
2
2
3
4
3
-1
-3
-7
-8
-12
-13
-12
-16
-18
-14
-9
-9
-8
-6
-4
-2
-1
0
-2
1
-1
-3
-1
1
-2
-4
-4
-9
-11
-13
-13
-11
-14
-14
-9
-3
-5
-3
4
8
11
15
10
7
5
4
3
1
2
2
2
1
-2
-4
1
-2
-3
3
2
6
2
6
11
12
12
17
21
20
17
20
17
12
12
7
9
6
4
6
9
8
10
8
12
15
19
24
25
25
27
29
25
25
21
22
21
18
22
17
12
9
8
7
6
6
8
9
14
16
17
14
11
13
13
13
10
10
7
7
1
-2
-3
-3
-4
-6
-2
-2
2
0
-3
-6
-8
-7
-6
-3
-2
-1
-4
0
-4
-6
-7
-12
-13
-20
-19
-21
-24
-22
-20
-20
-18
-20
-17
-14
-17
-15
-19
-19
-22
-22
-23
-20
-19
-21
-22
-27
-30
-31
-32
-30
-30
-28
-26
-31
-29
-28
-28
-25
-24
-23
-21
-16
-18
-14
-16
-18
-19
-21
-17
-18
-17
-14
-8
-8
-9
-5
-1
2
-2
2
7
9
9
11
12
15
13
13
12
12
14
13
16
14
16
14
13
10
9
11
12
10
13
18
20
18
20
20
22
22
23
24
21
16
17
18
18
20
18
21
23
21
22
22
21
24
21
23
22
22
21
21
21
14
13
12
12
13
15
15
19
21
17
16
17
21
14
13
11
12
11
7
7
5
4
3
0
0
1
1
2
5
8
4
4
4
1
0
0
-1
-3
-6
-8
-7
-8
-11
-14
-11
-10
-8
-5
-7
-8
-8
-6
-5
-5
-7
-9
-11
-13
-15
-18
-23
-24
-26
-31
-30
-25
-24
-23
-22
-22
-22
-21
-20
-19
-21
-18
-21
-18
-14
-15
-18
-16
-17
-20
-17
-14
-13
-11
-10
-13
-15
-14
-14
-11
-12
-8
-10
-10
-10
-12
-11
-14
-11
-13
-7
-7
-11
-14
-13
-11
-8
-8
-6
-1
0
2
3
2
4
6
6
2
4
3
5
6
4
5
7
13
12
14
16
13
12
13
14
14
16
13
14
13
13
15
17
13
12
9
7
5
6
10
7
12
10
11
12
12
12
15
12
13
14
9
10
8
10
10
8
8
8
8
11
13
12
13
14
13
14
14
17
16
15
14
14
15
16
15
16
18
17
15
13
14
10
9
8
6
6
6
8
7
3
2
2
-1
-6
-4
-4
-4
-4
-3
-6
-11
-7
-4
-7
-9
-11
-12
-8
-10
-13
-9
-8
-9
-7
-10
-9
-7
-4
-6
-8
-12
-11
-12
-11
-14
-15
-11
-12
-13
-14
-8
-7
-7
-9
-14
-12
-8
-9
-7
-6
-5
-8
-8
-5
-8
-8
-10
-10
-10
-13
-10
-12
-16
-15
-11
-11
-12
-8
-8
-7
-9
-11
-9
-10
-11
-7
-5
-6
-6
-2
-4
-1
-2
-4
-5
-6
-2
-3
-1
-2
-2
0
2
3
3
2
1
0
-4
-2
1
-1
1
1
0
-2
1
0
4
1
7
8
4
7
3
6
7
5
7
6
3
-2
-3
4
6
7
3
1
0
2
6
6
3
1
5
5
4
8
12
13
7
9
7
8
12
10
10
12
12
13
15
14
11
10
13
11
13
15
11
13
18
20
20
19
17
12
12
17
11
9
9
3
2
5
3
-3
-5
-1
-5
0
2
1
3
3
7
7
7
5
2
-1
0
-1
-1
2
-4
-3
-4
-3
2
-1
0
3
0
0
3
2
3
3
9
3
-2
-1
-9
-13
-8
-9
-12
-12
-17
-17
-16
-12
-10
-14
-18
-16
-17
-13
-11
-5
-2
-9
-9
-16
-18
-15
-13
-17
-19
-14
-13
-14
-13
-14
-15
-18
-16
-19
-17
-8
-6
-9
-9
-5
-9
-9
-8
-8
-9
-8
-7
-13
-18
-14
-14
-14
-12
-10
-9
-9
-4
-2
-6
-4
2
-1
-4
-6
-6
-8
-6
-5
-6
-4
-1
3
4
5
5
8
12
10
8
12
14
13
18
13
15
15
12
9
5
5
10
13
13
12
11
19
14
14
15
18
14
11
15
11
13
13
10
9
9
8
14
16
17
22
24
24
20
23
22
19
26
25
22
21
21
22
21
18
23
21
24
23
20
22
21
22
19
16
16
17
11
8
8
5
2
-1
-3
-10
-6
-1
-4
-9
-9
-8
-11
-12
-10
-10
-12
-9
-11
-18
-17
-13
-18
-20
-20
-19
-18
-18
-15
-18
-17
-12
-18
-16
-15
-16
-11
-15
-14
-15
-17
-15
-20
-18
-20
-20
-20
-23
-28
-23
-21
-20
-21
-25
-20
-18
-18
-17
-22
-23
-23
-23
-20
-24
-25
-23
-26
-34
-36
-35
-37
-33
-36
-38
-34
-29
-29
-32
-25
-21
-25
-19
-18
-16
-10
-2
-14
-19
-7
-9
-11
-15
-9
-3
0
9
12
17
24
29
32
32
32
43
48
47
51
49
60
67
65
68
72
65
69
71
68
65
69
73
69
81
85
84
74
62
53
52
63
51
41
31
20
13
1
-16
-36
-47
-48
-59
-69
-68
-72
-74
-68
-72
-71
-66
-64
-62
-56
-38
-28
-25
-20
-25
-27
-14
-16
-26
-31
-34
-22
-10
-15
-8
3
11
17
16
22
18
29
47
40
37
44
39
32
31
32
31
39
40
37
37
54
67
72
79
100
117
129
131
131
133
136
130
117
113
105
95
77
46
19
18
29
17
-15
-28
-43
-72
-92
-110
-148
-184
-208
-235
-258
-273
-284
-300
-312
-322
-334
-330
-317
-306
-288
-263
-223
-192
-165
-141
-113
-79
-48
-32
-18
12
37
62
74
70
85
114
116
120
138
162
174
182
190
188
202
209
198
189
196
212
224
197
178
182
178
171
164
159
140
135
157
157
152
158
148
126
117
110
121
140
126
94
78
80
63
38
16
-21
-42
-74
-86
-115
-155
-155
-164
-186
-209
-203
-190
-195
-206
-222
-235
-233
-253
-265
-261
-258
-253
-266
-277
-276
-273
-261
-262
-256
-226
-208
-174
-145
-130
-106
-43
13
40
65
93
121
150
185
197
210
208
183
190
216
236
280
295
271
282
349
383
385
397
408
415
456
505
471
415
405
383
412
483
446
348
271
176
141
207
212
101
0
-46
-132
-145
-71
-154
-261
-255
-331
-456
-461
-470
-586
-611
-596
-703
-755
-718
-763
-800
-607
-335
-274
-386
-565
-743
-619
-276
-66
-31
-180
-409
-484
-315
-27
171
185
11
-237
-230
-57
68
165
137
-37
-138
-102
-64
-60
24
179
201
210
141
-40
-54
141
411
539
564
501
355
403
596
811
1024
1014
926
896
876
944
1019
1016
1010
1023
1003
843
647
606
561
507
546
431
132
-140
-317
-425
-463
-402
-483
-785
-1033
-1203
-1286
-1232
-1136
-1156
-1338
-1458
-1508
-1474
-1360
-1254
-1140
-1072
-1032
-958
-682
-297
-293
-340
-280
-363
-189
154
235
230
223
167
88
238
597
572
558
553
238
328
573
457
397
418
153
-121
148
218
-6
244
461
118
147
327
96
150
663
778
441
674
799
476
846
1166
1035
1064
1116
1197
1178
1261
1362
1314
1362
1431
1368
1242
912
710
899
757
560
587
204
-427
-481
-343
-681
-958
-945
-1355
-1713
-1562
-1664
-1866
-1815
-1914
-2140
-2092
-2051
-2134
-1964
-1918
-2224
-2346
-2207
-1808
-881
-289
-673
-1224
-1529
-1514
-782
190
436
86
-292
-793
-756
223
915
820
573
126
-295
8
751
832
692
793
251
-246
82
357
377
964
1388
1049
671
675
610
757
1743
2330
2111
1759
1468
1416
1998
3002
3210
2844
2506
2104
2041
2321
2540
2540
2307
2031
1704
1432
1229
897
713
494
158
-179
-865
-1745
-2192
-2370
-2538
-2582
-2692
-3319
-4182
-4309
-3961
-3711
-3368
-3505
-4012
-4164
-3859
-3074
-2263
-1958
-2289
-2317
-1845
-1600
-1040
-711
-1054
-1042
-409
12
-71
234
377
-19
571
1476
1313
1277
1353
714
598
1420
1489
913
937
758
214
702
1406
1079
1034
1441
1195
1015
1559
1729
1469
2209
3070
2740
2783
3349
3014
3269
4739
5145
4073
3424
3248
2637
3088
4026
3668
2630
1774
1284
1250
1526
1589
1272
129
-1247
-1340
-1364
-2015
-2255
-2273
-3412
-4322
-3842
-4035
-4910
-4917
-4467
-4765
-4821
-4317
-4848
-5157
-4133
-3152
-2808
-2730
-2823
-2670
-2586
-2482
-1855
-1263
-1113
-1148
-917
-688
-700
-258
185
-47
281
676
594
617
669
638
572
704
672
662
724
340
400
1276
1371
994
1285
1359
1113
1684
2493
2561
2767
3566
3695
3887
5168
5302
4426
4344
4572
4745
4811
5045
4702
3503
3242
3100
2866
2960
2469
1753
827
-173
-508
-468
-1052
-1745
-2005
-2967
-4368
-4572
-4162
-4802
-4972
-4481
-5376
-6249
-5984
-5636
-5448
-4523
-3902
-4372
-3418
-2225
-2555
-2940
-3227
-3250
-2399
-934
-116
-581
-1264
-1712
-1786
-169
1485
1439
854
-426
-1218
-94
1316
1465
1242
916
-425
-826
662
1255
994
1867
1995
1163
1468
1829
1480
2155
4044
4404
4108
5301
5334
4214
4550
5430
5612
5978
6581
5851
4425
4114
4083
3847
4671
5175
3916
2453
1263
674
1104
1314
486
-826
-2136
-3538
-4224
-3948
-4211
-4608
-4412
-4982
-5981
-6368
-6775
-6876
-5733
-4303
-4557
-5290
-4764
-4239
-3976
-3176
-3081
-3713
-3573
-2511
-1706
-1515
-1203
-1559
-2326
-1240
342
682
310
-490
-1103
-240
1337
1847
1522
664
-522
-666
473
1471
1721
1614
1149
765
1155
1662
1544
1886
2801
3487
4743
5631
4618
3377
3648
4553
5527
6748
6848
5080
3569
3307
3646
4579
5008
4076
2501
1169
402
698
1199
520
-360
-853
-2408
-4004
-3853
-3333
-3908
-3798
-3215
-4541
-6295
-6262
-5845
-5298
-3754
-2885
-3333
-3805
-4112
-4625
-4436
-3152
-1817
-1313
-1488
-2151
-2552
-2231
-1817
-701
869
623
-636
-1328
-2072
-2101
-331
731
-234
-835
-1385
-2798
-2735
-668
402
728
1326
684
-243
153
934
1620
3166
4284
4588
5309
4901
3492
3864
5302
6068
6743
7511
6281
4027
3673
4200
5151
6485
6132
3944
1804
689
903
2355
2754
910
-462
-1964
-4262
-4225
-2657
-3186
-4170
-3497
-4379
-6459
-6594
-5922
-5806
-4066
-2219
-3379
-3685
-3457
-4639
-4253
-2277
-811
-646
-345
-731
-2198
-1507
-527
-426
1194
2069
555
-847
-1929
-2212
-816
637
236
-838
-1373
-3031
-3657
-1441
-349
-671
269
-168
-1706
-1261
-25
58
725
2796
3216
3806
5324
3974
2511
3746
5249
5893
6788
7613
5662
3397
3936
4684
5863
7393
6224
3490
1372
366
1533
2827
2077
491
-923
-3178
-5250
-4178
-3046
-4402
-4237
-3720
-6035
-7932
-7472
-6727
-5622
-2737
-2156
-5275
-6577
-5899
-5351
-3223
-362
156
-1514
-2430
-2173
-1675
202
2233
1956
1174
1054
618
130
270
1092
1659
1455
727
-41
-762
-1450
-1244
110
636
74
-49
-755
-1688
-952
457
1172
2774
5172
4354
1674
1487
2601
3607
5630
7268
6457
4615
3513
3023
4127
6653
7224
5649
4179
2004
415
1364
2409
1810
1177
156
-3098
-5016
-3785
-3516
-4255
-3493
-3555
-5597
-7155
-7633
-7455
-5713
-3537
-3378
-4044
-4495
-5478
-5570
-4008
-2171
-978
-153
34
-740
-1005
-278
849
2114
3413
4111
2936
1041
222
1048
2522
3020
2792
1910
-158
-1677
-907
315
602
1041
1001
-257
-1022
-648
-767
369
4092
5936
4246
2060
1024
965
2442
5443
7040
6267
4699
2512
1707
3690
5925
6434
5862
4099
2053
1525
1775
1460
1128
1071
-825
-3445
-3902
-3703
-4765
-5308
-4745
-5073
-6517
-7597
-7952
-7642
-5778
-4511
-5148
-5640
-5880
-6279
-5831
-4583
-3383
-2667
-2011
-1742
-1854
-834
-196
-284
1006
2603
3094
2883
2287
1801
1955
2820
3425
3555
3151
1827
872
931
1428
2247
2519
1547
639
579
443
946
3652
6074
5080
3210
2561
2099
2818
4770
6144
5715
4490
3510
2555
2931
4792
5193
4418
3659
2136
1155
1145
969
933
1222
26
-3045
-4693
-4245
-4260
-4073
-3408
-4058
-5966
-7600
-7924
-7127
-5242
-3962
-5375
-6328
-5866
-6209
-6294
-5249
-4010
-3704
-3695
-2673
-2282
-2545
-1578
-789
-279
741
2131
2249
287
-106
1767
2735
2926
3526
3410
1646
415
1576
2901
3216
3579
3287
2321
1755
2123
3467
6104
8099
6902
4560
3797
3676
4263
6067
7487
6380
3850
2700
2605
3256
4931
5559
3920
1760
839
716
6
-355
117
-264
-2216
-4101
-4457
-4759
-5854
-5426
-4090
-4461
-5829
-6876
-7581
-7474
-5648
-3864
-4280
-5241
-5861
-6601
-6419
-4996
-2980
-1972
-2316
-2981
-3596
-3507
-2435
-823
607
918
323
-436
-1241
-933
478
1083
1167
1438
1369
496
-104
655
1271
2152
3474
3368
2302
1965
2946
5586
8221
8395
6434
5088
5439
5897
7030
8610
8094
6024
4788
4449
4564
4859
4737
4027
3032
2244
1401
-108
-1902
-2364
-1619
-2371
-4510
-5904
-6450
-7206
-7294
-5924
-5688
-7179
-8334
-7950
-6776
-5315
-4613
-5321
-5665
-5192
-4392
-3433
-3082
-3044
-2683
-1822
-1058
-695
-343
-736
-1433
-721
702
1003
791
7
-1335
-1133
35
-229
-686
-91
-194
-1506
-1107
22
-585
-459
1120
1545
1071
2258
4661
6012
5688
5412
5846
6255
6784
8081
9618
9125
7284
6996
7433
7625
8236
7890
5938
3865
3621
4270
2964
989
-192
-1488
-3063
-4281
-4813
-5600
-6989
-7362
-6867
-7148
-7969
-9077
-9903
-9101
-6512
-4404
-5168
-6102
-6183
-6843
-5932
-3455
-1488
-818
-809
-962
-1736
-1150
871
1576
2462
3740
2616
994
739
786
1038
2460
2868
302
-1474
-1148
-2043
-2434
-293
471
-1110
-1836
-1456
-1227
216
3867
5662
4398
3113
2791
4106
5810
7026
8873
9459
7477
5923
6952
8543
8351
7749
7630
6028
4624
5141
4799
2291
379
97
-798
-2891
-3994
-4759
-6726
-7879
-7210
-6716
-7830
-9656
-10446
-9850
-8612
-7701
-7377
-7315
-7954
-7834
-6456
-5164
-3932
-2738
-1892
-1566
-1049
250
1054
1019
1764
3112
3737
3698
3192
2515
2293
2865
3488
2852
1869
1018
-302
-689
310
615
-90
-874
-1246
-367
2233
4522
3843
1834
1188
1857
3446
5891
7348
6542
4862
4215
4968
7073
9095
8789
7101
5836
4804
4801
5796
5682
4249
2880
857
-1851
-2619
-2445
-3736
-4472
-4306
-5861
-8178
-8890
-9157
-9537
-8538
-7157
-7438
-7894
-7703
-8691
-9048
-7135
-5097
-3906
-3080
-3145
-3840
-3778
-2032
309
2157
3193
2479
1350
1731
2907
4113
4956
4845
3880
2479
1619
1834
1843
1761
2153
2368
1432
78
-240
832
3789
6121
4962
2234
922
1365
2937
5350
8017
7605
4669
3363
4395
6018
7088
7114
6372
4984
4483
4996
4540
3347
2584
2166
504
-1463
-1470
-1876
-4435
-5418
-4534
-5310
-7176
-8368
-8684
-8403
-7335
-7088
-8294
-8697
-8756
-8893
-7958
-6730
-5844
-5400
-5376
-4815
-3877
-2985
-2334
-1681
-677
284
1130
1645
1203
1587
2970
3215
3340
4032
3563
2437
2732
3618
3485
3306
3250
2214
2094
4291
6683
6778
4904
3063
2339
3343
5282
6726
7202
5947
3816
2920
4152
6271
7032
5814
4133
2876
2633
2988
2685
2449
2011
545
-1428
-3175
-3819
-3853
-3980
-4031
-4713
-5648
-6882
-8147
-7953
-6494
-5140
-5509
-6907
-7428
-7726
-7804
-6764
-5413
-4290
-4156
-4302
-4288
-4573
-3847
-2615
-1688
-417
185
-374
-1129
-1728
-413
1874
2683
2308
2003
1363
137
811
2988
3564
3034
3200
2771
2267
4231
7634
8139
6254
5394
4992
4655
5717
7775
8972
8087
6262
5281
5469
6431
6843
6475
5641
4037
3236
3367
2030
262
564
662
-1688
-3927
-4032
-4876
-6606
-5919
-4912
-6244
-7936
-8610
-8945
-8366
-6338
-5568
-6526
-6743
-6855
-6913
-6312
-5378
-4137
-2930
-2399
-2563
-2584
-2207
-2107
-1473
195
767
547
45
-1029
-1080
478
1572
1176
891
897
-125
-923
335
1653
1829
1719
1596
1577
2911
5742
7097
5977
4595
4603
5481
6115
7228
8882
8484
6290
5368
7070
8458
7461
6448
5802
4694
4474
4859
3600
1110
254
265
-1220
-2964
-3674
-4873
-6431
-6355
-5827
-6254
-7849
-9524
-9604
-7913
-6585
-7318
-8037
-7894
-7731
-6769
-5537
-5207
-5203
-4123
-2637
-2306
-1774
-1014
-1283
-1337
-347
836
1633
1205
-204
-255
964
1229
955
1427
1335
230
230
582
385
820
1205
1065
2207
5137
5853
4184
3461
3104
3679
5629
7188
7830
7115
5840
5057
5527
8067
9620
8284
6467
4791
4271
5205
5338
4476
3208
1429
-819
-2281
-1971
-2383
-4388
-5006
-4971
-5627
-6424
-7817
-8927
-8920
-7626
-6763
-7474
-7935
-8554
-8914
-7771
-5991
-4268
-3346
-3867
-4484
-4156
-2908
-1621
-830
338
684
200
256
212
349
1286
2224
2536
2539
1827
454
-177
1070
2427
2682
2678
1741
998
2838
5960
6454
4797
3997
3608
3792
5506
7306
7572
6293
5248
5275
6616
8178
7858
6331
5173
4428
4610
5474
4550
2375
1326
209
-1447
-1755
-1423
-3252
-5461
-5677
-5778
-6234
-6809
-7982
-8756
-7669
-6436
-7162
-7747
-7986
-8391
-7565
-6410
-5411
-4532
-3884
-4064
-4545
-3184
-1743
-1772
-1208
-323
-278
27
364
-374
-541
513
1255
1417
1831
1980
598
132
1121
2091
3165
2687
1544
2280
5092
6708
5752
4426
3232
3646
5779
7107
7673
7427
5624
4320
5229
7680
8596
7016
5391
4102
3540
4153
4183
2951
1805
942
-685
-2495
-3266
-3161
-3933
-4608
-5081
-6023
-6696
-8027
-8831
-7866
-6603
-6982
-7961
-8023
-8189
-7706
-6041
-5345
-5395
-4232
-3040
-3209
-3353
-2383
-1408
-1392
-1094
53
579
275
-270
-122
189
189
1001
1943
1599
818
798
891
947
2176
3507
3231
3002
4851
6605
5802
4722
4684
4225
4876
7025
8293
7741
6481
5451
5069
6811
8986
8502
6561
5063
3882
3670
4444
4008
2157
998
-374
-2540
-3554
-3378
-4471
-5549
-5461
-6259
-7359
-7978
-8572
-8680
-7450
-6328
-7414
-8442
-8401
-8211
-6668
-4784
-4380
-4265
-3470
-3061
-2970
-2017
-1245
-1034
-460
248
180
214
320
-380
-259
837
1020
702
711
538
-56
78
770
1170
1968
2455
1954
2656
5418
6411
5093
3947
3312
3440
5091
7424
8584
7638
6004
5205
6059
8259
9141
8044
6476
5139
4380
4521
4368
2758
1386
774
-427
-2277
-3236
-4016
-5756
-6331
-5847
-6283
-7540
-8803
-9682
-9560
-7953
-7168
-7872
-8544
-9108
-8717
-7370
-5705
-4516
-3694
-2940
-2859
-2634
-1580
-512
84
611
1285
1750
1730
921
440
795
1035
1359
1933
1976
1080
116
-263
189
1290
2349
2622
2667
4303
5463
4677
4019
3704
3416
4388
6248
7570
7536
6242
5023
5104
7542
9606
8793
7100
5482
4688
5129
5814
5158
3360
1834
-21
-1287
-815
-1055
-3612
-5310
-5397
-5576
-5676
-6364
-8357
-10242
-9652
-8063
-8011
-8181
-8631
-9792
-9769
-8107
-5826
-4133
-3676
-4127
-4350
-3281
-1594
-604
-193
89
304
1050
1472
1076
836
932
1511
2544
3415
3252
1870
821
929
2282
4508
5296
4554
5462
6575
5434
4252
4444
4440
4286
5701
7194
6681
5050
3909
4021
6354
8777
8430
6663
4608
3411
4118
5394
5058
3124
1406
-382
-2173
-2062
-1055
-2277
-4370
-5347
-6234
-6649
-7063
-7888
-8298
-7997
-7942
-8516
-8433
-8739
-9498
-8477
-6985
-6106
-4779
-3803
-4439
-5464
-4476
-2475
-1359
-737
-837
-1226
-1067
-1003
-315
892
1071
806
1214
1789
1453
1161
1627
1638
1885
3818
5085
4630
5380
6740
6431
5256
4982
5317
5255
5694
6768
6993
6149
4937
4867
7121
8751
8060
6913
5500
4135
4284
5433
5117
2828
711
-891
-2420
-2260
-1290
-2226
-4333
-5717
-6425
-6984
-7717
-7978
-7232
-6404
-6939
-8548
-9065
-9063
-9009
-7714
-5870
-5207
-5216
-4842
-4790
-4726
-3553
-1879
-1069
-826
-747
-731
-646
-1099
-497
1397
1440
535
782
531
-68
771
1908
1886
1732
2430
2926
3583
6245
7634
6407
5249
4728
5262
6101
6723
7639
7725
6805
5569
5485
7415
8852
8246
7279
6182
5442
5482
5358
4744
3610
2181
13
-1716
-1760
-1518
-2280
-3448
-4763
-5575
-6141
-7822
-8751
-8154
-7112
-7494
-8949
-9210
-9329
-9196
-8625
-7796
-6134
-5001
-4967
-5022
-5050
-4264
-2832
-1850
-755
-241
-673
-1084
-1652
-1215
358
1278
1144
529
338
366
130
535
1407
2073
2660
3063
4176
6180
6679
5509
4739
4978
5645
6115
6791
7046
6215
5519
5094
5317
7458
8856
7539
5639
5113
5425
5230
5464
5576
3972
1854
103
-1162
-1325
-913
-1515
-2897
-3846
-4709
-6140
-7813
-7869
-6667
-5608
-6208
-8466
-9425
-9525
-9322
-8143
-6314
-4857
-4991
-5521
-5520
-5331
-3923
-2274
-1929
-1407
-871
-1074
-1760
-2340
-1491
-334
301
612
-46
-713
-688
-410
237
1054
1718
2036
2354
4247
6726
7007
5917
4651
4316
5613
6819
7391
7157
6376
5799
5000
5701
8170
8882
7247
5672
5443
5885
5770
5693
5401
4027
2395
799
-814
-1359
-1111
-1342
-2366
-3304
-3634
-5225
-7469
-8015
-7222
-6025
-6160
-7675
-8563
-8834
-9146
-8653
-6747
-4484
-3749
-4223
-4966
-5348
-4355
-2918
-1980
-859
-268
-642
-1576
-2553
-2111
-397
981
1247
808
309
-1010
-1980
-1037
762
2141
2679
2828
4074
5311
4681
3951
4253
4777
5649
6372
6661
5967
4840
4628
4538
6102
8546
8288
6004
4536
4825
5392
5563
5775
5142
3594
1919
-230
-1452
-676
-593
-1261
-1739
-2852
-4144
-5995
-7287
-6766
-5400
-4656
-6506
-8367
-8542
-8521
-8022
-7470
-6330
-4568
-4208
-4565
-4950
-4929
-3991
-3118
-1920
-609
-351
-679
-2108
-3085
-1484
140
462
566
227
-128
-526
-264
-6
-11
1400
2494
3300
6083
7114
4537
2746
3137
4332
5798
6943
7005
5467
4258
3813
3571
5905
8070
7284
5665
4430
3869
3868
4387
4775
4312
3430
1619
-1231
-2398
-1456
-1184
-1502
-1953
-2807
-4344
-6464
-7094
-5830
-4286
-4222
-6021
-7508
-8255
-8121
-6972
-6233
-5076
-3626
-3605
-4387
-4559
-3524
-2543
-2345
-1249
-62
-116
-433
-1285
-1947
-1202
-109
1158
1534
511
-250
-727
-1042
-409
1096
2391
2081
2616
6009
6785
4526
3641
3983
4178
5081
6956
7386
5645
4586
3935
3451
5595
7699
6745
4912
4007
4012
4214
4283
4095
3542
2730
704
-1546
-1588
-1125
-1887
-2257
-2457
-3107
-4248
-6035
-7193
-6906
-5235
-4873
-6487
-7576
-8063
-8061
-7788
-6949
-4608
-2859
-3053
-4021
-4200
-3112
-2042
-1461
-374
79
-275
-348
-914
-1179
-510
324
755
530
404
621
272
-407
-290
941
2016
2246
3242
5795
6539
4693
3496
3644
4223
5168
6234
6510
5629
4476
3535
3269
5099
7223
6472
4736
3872
3427
2969
3178
3850
3443
2489
661
-2060
-2793
-1896
-1871
-2329
-2723
-3026
-4355
-6516
-7368
-7197
-5999
-5465
-6826
-7365
-7404
-8032
-8407
-7448
-4818
-2775
-2489
-3190
-4399
-4345
-2653
-1198
39
857
330
-668
-1612
-1350
105
1022
1498
1241
884
836
289
-240
212
1479
2367
2656
4023
6477
6761
5061
3945
3927
4771
5889
6663
6600
5889
4880
3671
3457
5840
7963
6814
4854
3933
3355
2778
3243
4007
3721
2552
254
-2234
-2850
-2162
-1955
-2379
-3148
-3905
-5058
-7061
-7530
-6189
-4718
-5201
-7605
-8392
-8210
-8429
-8115
-6697
-4450
-3289
-3622
-3973
-3731
-3123
-1854
-822
-175
359
391
-16
-1042
-785
500
830
1056
1265
1095
1302
1249
584
731
1729
1802
1815
3712
6575
7328
6178
4442
3214
3678
5232
6357
6740
6610
5388
3727
2795
4463
7225
7191
5298
4317
4185
3178
2929
3972
3886
2550
644
-1567
-2854
-2280
-1830
-2890
-3950
-4039
-4304
-6168
-7657
-7981
-7295
-6496
-7512
-8175
-8050
-8483
-9050
-8271
-5530
-3297
-3051
-3613
-4282
-3962
-2068
-828
-424
186
124
-154
-497
-459
102
523
1011
1134
1561
2200
1475
484
758
1713
2722
3785
4768
5922
6917
6704
5107
3719
3899
4725
5435
6311
6486
5115
3212
2204
3836
6662
7328
5970
4234
2858
2002
2827
4212
3868
2646
806
-1794
-2960
-2257
-1787
-2682
-3626
-3693
-4187
-5489
-6775
-7833
-7408
-6313
-6547
-6758
-7347
-8629
-9162
-8215
-5467
-3321
-2901
-3511
-4798
-4582
-2583
-1070
-163
351
158
-68
-577
-462
165
545
1363
1764
2442
2869
1535
452
1015
2149
3272
4428
5233
5720
6677
7192
5942
4890
5316
5712
5692
6177
7022
6391
4159
2786
3912
6353
7137
5767
4298
2822
1834
2706
3947
3320
1896
222
-2027
-3199
-1893
-1178
-3049
-3971
-3739
-4209
-5219
-6296
-7437
-7692
-6296
-6027
-6953
-7385
-8421
-9434
-8484
-5702
-3474
-2825
-3364
-4689
-4814
-3056
-1564
-1087
-523
-292
-760
-1141
-946
-534
-49
718
1043
1536
1740
856
291
631
1626
2890
4343
4813
5078
6735
8003
6776
5155
5483
5674
5619
6833
7837
6903
4684
3059
3714
6328
7913
6665
4508
2856
1991
2584
3819
3450
1820
12
-2268
-3820
-3036
-1960
-3295
-4730
-4596
-4577
-5584
-6989
-8169
-8374
-7200
-6679
-7041
-7263
-8122
-9104
-8530
-6059
-3526
-2441
-2700
-4049
-4567
-2810
-1090
-533
21
473
-102
-841
-730
-371
-289
216
871
1566
1876
907
-201
-496
544
2483
3852
4189
4150
5455
7531
7421
5788
5524
5495
5417
6384
7871
8491
6411
3492
3370
6362
8851
8136
5937
3753
2284
2841
4481
4533
3110
1179
-1552
-3685
-3213
-1766
-2674
-4642
-5297
-5229
-5290
-6556
-8279
-9086
-8177
-6989
-7238
-7586
-8171
-9426
-9273
-6925
-4324
-2695
-2240
-3411
-4278
-3254
-1274
-168
215
896
675
-92
-383
-256
220
906
1412
2133
1837
547
-224
-489
-91
1348
3166
3977
3829
4972
7186
7156
5499
5111
5483
5605
6074
7172
7823
6214
4088
3874
5850
8530
8772
6763
4392
3138
3525
4629
5020
3880
1809
-653
-2716
-2929
-1694
-2089
-3910
-5018
-5558
-6029
-6882
-8204
-9578
-9274
-7855
-7997
-8713
-8982
-9617
-9575
-7873
-5409
-3757
-2951
-2965
-3842
-3676
-1941
-636
24
1025
1146
397
-121
-472
-341
574
1674
2071
1641
810
54
-405
-96
1000
2494
4016
4098
4298
6166
6449
4756
4139
4840
5128
5086
5945
6766
5718
4271
3795
5108
7976
8705
6964
5048
3836
3777
4642
5712
4904
2754
780
-1812
-2986
-1396
-1003
-2913
-4251
-4774
-5387
-6351
-7542
-8600
-8458
-7101
-7595
-8822
-8676
-9088
-9470
-7926
-5622
-4321
-3556
-3546
-4459
-4119
-2002
-849
-695
512
891
35
-279
-206
73
804
1639
2092
2026
1549
650
-140
7
1013
2600
3905
3766
4085
6226
7225
5788
4763
5063
5184
5269
6023
7134
6612
4855
3733
4470
7356
9047
7636
5257
3749
3622
4387
5597
5346
3349
1028
-1471
-2870
-1946
-1079
-2498
-4118
-4938
-5414
-6047
-6963
-7692
-8249
-7393
-7148
-8561
-9077
-9318
-9231
-8095
-6552
-4678
-3851
-3798
-3901
-4127
-2845
-1355
-894
154
695
68
-242
-275
-568
-495
776
1743
1223
1039
821
-690
-1184
-41
1423
2605
3516
3884
4519
6325
6138
4164
4169
4823
4822
5333
6527
6655
5042
3723
3860
6032
8753
8298
5602
4357
4076
3980
5241
5667
3799
1501
-520
-2316
-2419
-854
-1507
-3792
-4312
-4445
-5743
-7213
-7833
-8415
-8072
-6968
-7837
-9132
-9347
-9440
-9060
-7279
-4847
-3745
-3926
-4180
-4443
-3493
-1552
-705
242
1423
991
56
14
332
558
1328
2169
1842
1203
1241
511
-332
435
1883
2754
3002
3185
3934
6157
7219
5829
4998
5130
4944
5044
6071
7120
6454
4843
3752
4437
7409
8461
6123
4423
4114
3920
4599
5281
4286
2210
391
-1149
-1940
-878
-821
-3172
-4317
-3831
-4355
-5784
-7037
-8463
-8727
-7086
-6840
-8376
-9128
-9342
-9368
-8010
-5567
-3729
-3361
-3723
-4264
-3760
-1825
-698
-569
-50
339
55
-181
-430
-672
-341
536
1323
1437
1090
70
-1200
-1048
703
2786
3477
2900
2946
5486
7972
7051
5380
5127
4963
4885
5987
7597
7346
5257
3622
3928
6804
9062
7274
4560
3909
4290
4880
5386
4846
2729
339
-999
-1661
-1741
-1571
-2868
-4568
-4898
-4690
-5478
-7701
-9457
-9352
-7659
-6808
-8170
-9395
-9641
-9433
-8087
-5668
-3817
-3265
-3502
-3905
-3707
-2203
-550
-403
-341
321
262
-216
-532
-601
-257
371
1100
1131
448
-221
-1135
-1393
-222
1699
3217
3088
2154
3446
6474
7031
5607
5042
5035
4983
5460
6554
7191
6426
5162
4641
6304
8874
8609
6471
5287
5034
5319
5997
5627
3644
1485
-20
-1055
-1486
-1488
-2410
-4128
-4995
-5267
-5828
-7100
-8363
-8591
-7956
-7054
-7847
-9359
-9646
-9416
-8273
-6298
-4590
-3790
-3978
-4020
-3699
-2646
-545
357
-95
79
377
167
46
213
153
-53
477
995
561
144
-442
-1408
-1020
562
1898
2343
2129
2665
4852
6876
6012
4482
4451
4550
5036
6307
7600
7179
5635
4779
5546
8007
9271
7684
6072
5854
5754
5941
6318
4965
2459
1098
278
-790
-1049
-1157
-3053
-4609
-4483
-5036
-6251
-7356
-8742
-9442
-8071
-7325
-8814
-9530
-9150
-8771
-7609
-5683
-4301
-3974
-3631
-3725
-3438
-1761
-675
-502
-85
239
21
141
37
-569
-303
630
747
242
50
-953
-2185
-1700
-340
835
1716
1707
1375
3422
6182
5764
4461
4249
3925
3999
5158
6493
6816
6103
4971
4681
6985
9198
7927
6262
5884
5540
5776
6456
5347
2981
1459
251
-1128
-1297
-784
-2180
-4050
-4619
-5074
-5684
-6441
-8021
-9461
-8660
-7336
-8176
-8912
-8678
-9018
-8581
-6745
-4629
-3375
-2915
-3219
-3637
-2424
-478
264
644
1012
456
125
185
128
252
672
1013
830
443
-52
-1255
-2047
-1433
340
2199
2474
1511
2103
5013
6224
5071
4601
4663
4332
4556
5763
7077
6906
5321
4220
5702
8498
8801
7395
6408
5443
5267
6336
6428
4574
2536
1057
-484
-1143
-399
-942
-3021
-4150
-5007
-5872
-6345
-6926
-7698
-7826
-7154
-8221
-9680
-9294
-8638
-7909
-6654
-4998
-3878
-3811
-3795
-3711
-2543
-564
147
206
602
479
77
155
359
85
-267
314
564
-225
-582
-928
-1669
-1656
-373
1318
2142
2266
2998
4926
6064
5231
4274
3893
3650
4235
5975
7205
6683
5185
3910
4456
7244
8628
7434
6468
5809
5058
5334
6047
5075
2654
815
-361
-1156
-770
-914
-3116
-4896
-5044
-4999
-6024
-7607
-8991
-9554
-8512
-7741
-8137
-8277
-8424
-8683
-8149
-5941
-3431
-2448
-2284
-2922
-3041
-1470
-107
388
934
1023
520
-163
-405
-143
-189
451
1367
1042
-143
-1165
-1860
-2190
-837
1794
2917
2096
1474
2903
5098
5684
5342
4768
3915
3748
4602
6134
6930
5934
4735
4557
6393
8798
8477
6711
5662
5542
6054
6482
5952
3982
1480
-124
-1020
-1119
-625
-1831
-4143
-5397
-5826
-6020
-6568
-7731
-8899
-8744
-7990
-8736
-9217
-8609
-8417
-8024
-6555
-4645
-3514
-2934
-2905
-3263
-2139
-149
546
624
754
242
-32
407
558
322
443
966
827
188
-97
-916
-1723
-1311
330
2196
2672
2219
2960
5035
5667
4807
4756
4505
3960
4644
6241
7006
6170
4937
4345
5618
8301
8860
7179
5875
5234
5313
5934
5972
4665
2458
311
-1062
-1252
-649
-1482
-3654
-4738
-5583
-6293
-6585
-7496
-8574
-8774
-7981
-8319
-9079
-8531
-8359
-8553
-7371
-5047
-3454
-2858
-2715
-2954
-2641
-1166
51
594
820
368
-94
-46
-236
-442
-64
681
714
-228
-866
-1643
-2279
-1770
-673
838
2008
1880
1962
3802
5798
5496
4159
3681
3598
4251
5589
6536
6485
5535
4297
4678
7317
8981
7937
6503
6011
5768
5911
6306
5398
3408
1768
137
-1169
-935
-868
-2748
-4327
-4879
-5752
-6718
-7569
-8485
-8881
-7863
-7482
-8729
-9067
-8604
-8395
-7575
-5743
-3952
-3043
-2643
-2688
-2539
-1340
-231
340
888
1093
942
572
298
219
277
701
1121
525
-852
-1799
-2131
-1951
-1017
440
1180
954
1155
2799
5009
5499
4415
3599
3340
3841
4919
6193
6812
5894
4553
4495
6737
8894
8309
6721
6172
6171
6116
6351
6186
4503
2458
1057
-54
-435
-241
-1445
-3461
-4268
-4710
-5409
-6716
-8363
-9289
-8589
-7554
-8361
-9246
-8887
-8593
-8177
-6542
-4291
-3024
-2563
-2500
-2660
-1759
-299
643
1281
1397
1081
739
418
-170
-10
940
1381
813
-268
-1262
-2059
-1900
-1055
127
1462
1702
1131
2117
4594
5407
4427
4005
3627
3372
3797
4856
5811
5533
4378
3594
5138
7881
7987
6282
5519
5652
5990
6036
5704
4748
3220
1390
-349
-1062
-727
-1132
-2850
-4566
-5294
-5391
-6300
-8271
-9303
-8725
-7778
-8274
-9134
-9027
-8768
-8316
-7385
-5433
-3311
-2394
-2275
-2533
-2256
-933
414
1320
1620
1243
698
199
69
382
641
1030
1125
115
-936
-1456
-1939
-1746
-153
1723
1969
1533
2340
4180
5079
4624
3992
3892
4019
4113
4751
5989
6252
4708
3323
4409
7340
8604
7249
5956
5580
5542
5686
5970
5348
3497
1510
-144
-1178
-1109
-1164
-2530
-3881
-4810
-5552
-6128
-7493
-9033
-9093
-7885
-7467
-8211
-8450
-8319
-8345
-7408
-5310
-3284
-2066
-1508
-1884
-2214
-1152
442
1583
2052
1839
1023
446
414
512
743
1195
1409
619
-544
-1443
-1974
-1607
-546
997
1951
1641
1239
2420
4714
5372
4509
4126
4002
3624
3668
4994
6389
5952
4388
4167
6228
8308
8024
6529
5806
5768
5994
6279
5832
4272
2267
440
-1056
-1422
-1041
-1646
-3346
-4804
-5848
-6755
-7628
-8671
-9324
-8874
-8009
-8539
-9202
-8907
-8656
-8052
-6580
-4222
-2707
-2356
-2061
-2236
-1840
-375
884
1633
1788
1122
367
69
342
691
1029
1259
693
-220
-1048
-1739
-1818
-836
619
1575
1482
1020
1724
3984
5207
4296
3729
3736
3498
3534
4428
6042
6108
4698
3994
5092
7708
8494
7020
5842
5647
5737
5955
6080
5000
3068
963
-664
-1410
-1011
-1163
-2841
-4258
-5275
-6147
-7027
-8187
-8835
-8452
-7795
-8400
-9326
-9162
-8786
-8090
-6544
-4467
-2957
-2484
-2470
-2498
-1653
-50
1129
1658
1903
1524
935
546
583
1142
1440
1139
691
68
-673
-1350
-1714
-1252
-207
1180
1634
958
1378
3544
5158
4846
4005
3588
3460
3587
4055
5524
6783
5798
3682
3793
6526
8282
7682
6760
6294
5972
6019
6146
5517
3978
2061
506
-555
-907
-933
-2164
-3938
-5100
-5849
-6442
-7780
-8977
-9112
-8457
-8147
-8713
-8923
-8849
-8624
-7808
-5967
-3709
-2404
-2266
-2495
-2134
-883
433
1387
1988
1940
1286
765
630
944
1261
1323
1385
1006
235
-444
-1253
-1533
-631
1039
2165
1648
982
2032
4027
4636
3959
3644
3295
2894
3091
4419
5911
5574
4151
3429
4996
7535
7864
6525
5782
5689
5690
6070
6197
4744
2386
612
-650
-1196
-775
-1256
-3320
-5162
-5881
-6513
-7662
-8566
-8951
-8986
-8438
-8595
-9254
-9177
-8748
-8067
-6756
-4565
-2846
-2519
-2708
-2682
-1668
1
1163
1634
1763
1480
828
656
1094
1531
1666
1706
1284
142
-420
-560
-892
-748
517
1899
1699
825
1069
2840
4869
5135
4288
3329
2539
2580
3483
5215
6238
5402
3917
3999
6129
7908
7671
6742
6078
5798
5892
6065
5464
3625
1462
23
-558
-460
-684
-2106
-3889
-5448
-6309
-6664
-7499
-8696
-9216
-8591
-8262
-8931
-9047
-8506
-8067
-7378
-5766
-3751
-2754
-2519
-2431
-2160
-828
847
1578
1472
1370
1199
933
1097
1337
1487
1716
1639
871
194
-18
-505
-681
232
1593
2128
1427
925
2241
4760
5901
4870
3760
3079
2565
3175
5144
6731
5715
3647
3392
5133
7424
7930
6901
6240
5961
5672
5724
5804
4568
2472
818
-268
-939
-1121
-1960
-4120
-5733
-5947
-6139
-7431
-9253
-9912
-9177
-8128
-8243
-9010
-8964
-8652
-8116
-6526
-4175
-2583
-2253
-2407
-2411
-1549
153
1441
1314
723
808
1031
959
900
806
728
1140
1329
604
-218
-603
-1096
-1092
579
2265
1705
424
909
3103
5308
5822
4663
3092
2203
2606
4101
6080
6936
5321
3484
4097
6479
8330
8184
6990
6287
6405
6593
6259
5162
3376
1842
635
-249
-747
-1295
-2922
-5193
-6384
-6175
-6410
-8186
-9917
-9848
-8421
-7863
-8763
-9473
-9099
-8050
-6705
-5107
-3553
-2883
-2972
-2990
-1943
-365
887
1321
794
578
1065
1584
1679
1705
1808
1591
1102
752
618
329
-177
-465
213
1507
1617
428
-8
2012
4697
5517
4670
3301
2234
2222
3190
5035
6942
6916
4854
3703
5319
7862
8954
8147
7001
6478
6530
6308
5527
4473
3228
1908
725
-198
-787
-1710
-3599
-5621
-6390
-6049
-6432
-8237
-9729
-9668
-8914
-8759
-9061
-8961
-8553
-7947
-6938
-5685
-4217
-3085
-2769
-2378
-1350
-100
902
978
754
1042
1666
1929
1394
1069
912
685
580
536
393
150
-461
-882
-20
1142
1273
720
1342
3534
5210
4975
3509
2427
2359
3153
4336
5698
6505
5410
3856
4255
6362
8287
8594
7414
6274
6138
6399
6109
5255
4230
2990
1364
-16
-886
-1658
-2645
-4264
-5766
-6253
-6613
-7839
-9599
-10364
-9813
-9040
-8761
-8870
-8635
-8164
-7650
-6634
-5017
-3097
-1994
-1953
-1955
-1392
-273
812
1128
1211
1440
1319
882
781
1312
1750
1391
981
728
261
24
-348
-138
1023
1832
1336
566
1591
3757
5171
4891
3703
2806
2426
2910
4125
5804
6414
5145
4147
5127
7081
8477
8477
7573
6657
6477
6744
6158
4821
3668
2421
876
-70
-702
-1825
-3654
-5356
-6160
-6326
-6662
-7951
-9587
-9791
-9076
-8676
-8711
-8531
-8005
-7682
-6963
-5487
-3673
-2335
-2165
-2083
-1365
-422
636
1115
850
779
1413
1657
1045
867
1178
1023
683
864
660
203
-180
-530
53
1455
1659
335
297
2323
4389
5138
4270
2527
1504
2079
3617
5268
6686
6198
4324
3877
5503
7904
9123
8344
6967
6361
6595
6264
5372
4497
3181
1495
370
-557
-1466
-2645
-4721
-6287
-6361
-6087
-7129
-9159
-10152
-9838
-9129
-8519
-8514
-8313
-7848
-7541
-6850
-5127
-3047
-2135
-2065
-1897
-1270
-134
706
468
380
1316
1810
1581
1250
853
652
638
892
1138
915
335
-884
-1083
455
1526
1173
592
850
2272
4193
4700
3355
1952
1644
2504
4107
6010
6794
5255
3892
4547
6576
8696
9046
7582
6340
6225
6489
6130
5258
4062
2452
960
-14
-899
-1814
-3171
-4939
-5976
-6007
-6301
-8107
-10031
-9990
-9014
-8380
-8311
-8553
-8639
-8281
-7109
-5824
-4285
-2719
-2329
-2360
-1671
-465
516
946
863
832
1380
1853
1664
1325
1354
1226
787
905
1052
768
301
-149
185
980
1258
551
584
1955
3631
4863
4768
3282
1931
2058
3238
4662
6376
6634
5021
4146
5148
7161
8856
8858
7581
6705
6713
6399
5545
5088
4330
2743
1220
255
-1055
-2199
-3720
-5604
-6269
-5977
-6645
-8879
-10152
-9856
-9184
-8165
-7866
-8419
-8229
-7517
-6872
-5658
-3636
-2303
-2269
-2207
-1556
-615
493
585
-39
314
1240
1570
1296
1050
624
7
93
683
1007
943
23
-698
-264
640
877
433
854
2238
3896
4590
3300
1917
1546
1830
3114
5100
6558
5703
3924
3863
5413
7817
9321
8477
7106
6559
6426
6123
5669
5013
3792
2323
789
-824
-1726
-2720
-4732
-6045
-5977
-6166
-7781
-9667
-10150
-9669
-8604
-7706
-7995
-8220
-7859
-7401
-6385
-4708
-2903
-2151
-2317
-2010
-1317
-492
185
-15
-49
798
1522
1484
1070
896
512
113
608
1283
1254
864
34
-281
522
1409
1170
367
1002
2973
4732
4745
3198
1909
1472
2194
4011
5936
6887
5742
3870
4003
6407
9128
9554
8078
6915
6421
6224
5874
5319
4635
3422
1603
14
-802
-1657
-3536
-5415
-5774
-5453
-5784
-7581
-9963
-10586
-9135
-7669
-7505
-7585
-7350
-7504
-7517
-6129
-4042
-2305
-1672
-2098
-2070
-980
-12
-105
-357
285
1236
1856
1746
901
230
307
606
1238
1908
1728
480
-697
-473
575
1336
888
397
1625
3617
4543
3788
2493
1526
1422
2944
4989
6295
6216
4636
3556
4777
7658
9546
8821
7226
6271
6110
6118
5791
5154
3843
2202
702
-516
-1564
-2628
-4208
-5598
-5610
-5382
-6589
-8912
-10349
-10195
-8972
-7534
-7252
-8031
-8374
-8083
-7041
-5257
-3203
-1992
-2158
-2338
-1953
-939
47
17
-231
517
1503
1649
1146
616
181
84
837
1546
1540
970
-274
-859
99
1267
1210
588
770
1833
3618
4868
3831
2168
1741
2288
3758
5642
6781
5902
4282
4227
6049
8433
9311
8052
6592
6238
6142
5993
5730
4788
3209
1734
524
-540
-1573
-2852
-4754
-5851
-5621
-6114
-7555
-9243
-10033
-9433
-7892
-7003
-7869
-8599
-8310
-7589
-6247
-4306
-2634
-2220
-2649
-2589
-1408
-79
460
151
-82
540
1357
1614
1060
189
-44
175
745
1764
1887
625
-548
-434
581
1533
1568
850
920
2900
5066
5121
3620
2329
1595
2213
4177
6325
7191
5885
4015
4063
6525
9174
9237
7574
6502
6175
6158
6103
5530
4256
2721
1188
90
-679
-1625
-3527
-5647
-6165
-5743
-5911
-7425
-9691
-10366
-9039
-7179
-6858
-7539
-7884
-7865
-7306
-5984
-3977
-2322
-2203
-3042
-3074
-1797
-387
-51
-506
-372
500
1144
1244
837
175
-387
-268
712
1380
1300
476
-667
-666
424
1455
1320
723
1319
3316
4982
4518
2798
1794
1846
2872
4811
6649
6893
5330
3790
4530
7518
9622
8842
7053
6225
6129
6066
6020
5189
3479
2107
977
-402
-1454
-2192
-4001
-6156
-6562
-6033
-6543
-8340
-10026
-10239
-8558
-6823
-6945
-7649
-7472
-7223
-6985
-5448
-3009
-1948
-2352
-2733
-2273
-1075
-217
-215
-357
153
841
1272
1318
894
256
-5
430
1286
1919
1687
268
-891
-483
696
1436
1042
268
464
2412
4823
5146
3414
1730
1491
2732
4603
6427
7218
6206
4720
4670
6866
9419
9478
7795
6700
6436
6437
5911
4757
3639
2667
1550
21
-1635
-3031
-4608
-5527
-5334
-5226
-5832
-7600
-9929
-10639
-8962
-6924
-6769
-7515
-7378
-7120
-6883
-5634
-3846
-2600
-2459
-2128
-1228
-706
-521
-1094
-1292
86
1607
2278
1745
465
-502
-501
729
2182
2508
1537
-107
-1271
-1058
145
1267
1124
222
555
2577
4433
4216
2630
1684
2059
3491
5089
6327
6723
5659
4620
5353
7686
9646
9146
7511
6536
6306
6377
5936
4960
3676
2393
1190
-591
-2312
-3455
-4725
-5745
-5554
-5071
-6151
-8656
-10521
-10394
-8523
-6777
-6869
-7679
-7753
-7616
-7159
-5568
-3545
-2598
-2694
-2496
-1814
-1089
-759
-1023
-862
427
1491
1581
939
61
-427
84
1441
2304
2069
755
-869
-1189
-183
746
859
230
-349
250
2604
4777
4247
2318
1414
2049
3663
5422
6687
6797
5728
4984
5802
8049
9783
9034
7453
6604
6188
5930
5531
4803
3751
2780
1293
-863
-2484
-3586
-4716
-5215
-4729
-4787
-6291
-8708
-10480
-10146
-8071
-6435
-6527
-6944
-7048
-7351
-6941
-5110
-3178
-2229
-2102
-1925
-1614
-1090
-736
-994
-394
907
1629
1640
947
-81
-584
329
1806
2254
2143
1249
-564
-1488
-301
1289
1763
925
-11
535
2534
4380
4181
2822
2148
2466
3560
5230
6654
7033
6396
5744
6020
7920
9886
9334
7404
6455
6319
5875
5164
4470
3345
1953
305
-1820
-3364
-4158
-5235
-5880
-5314
-5321
-7069
-9419
-10609
-10059
-8352
-6508
-6193
-7120
-7644
-7694
-6776
-5076
-3638
-2653
-2513
-2299
-1717
-1293
-866
-739
-341
789
1545
1469
744
77
85
886
1950
2314
1755
441
-1027
-1344
15
1144
1005
43
-746
-38
2277
4302
4077
2525
1805
1928
3205
5188
6647
7282
6555
5614
5876
7717
9534
9204
7807
6808
5985
5693
5398
4581
3592
2387
524
-1489
-2861
-3830
-5277
-5737
-4913
-5063
-6582
-8734
-10445
-10225
-8230
-6253
-5940
-6683
-7212
-7749
-7136
-5183
-3321
-2158
-2040
-2326
-2087
-1352
-805
-807
-153
992
1642
1622
794
-318
-427
574
1539
2190
2321
1058
-816
-1255
-266
833
1497
926
22
878
2884
4010
3452
2554
2139
2456
4201
6083
6970
6984
6193
5565
6522
8900
10124
8818
7158
6073
5582
5667
5523
4735
3406
1612
-568
-2248
-2995
-3853
-5211
-5591
-5025
-5280
-7095
-9408
-10560
-9717
-7837
-6114
-5904
-6620
-7151
-7573
-6838
-4943
-2927
-1715
-1768
-2082
-1869
-1104
-531
-496
265
1565
2007
1601
755
-269
-524
484
1672
2279
1995
273
-1691
-1830
-299
844
910
158
-480
30
1947
3712
3784
2802
2023
2350
3965
5869
7104
7152
6203
5720
6687
8661
9831
8833
7105
5924
5539
5603
5571
4757
3001
1129
-687
-2413
-3357
-3901
-4967
-5606
-5314
-5682
-7752
-9676
-10227
-9836
-8126
-6012
-6228
-7579
-7915
-7715
-6894
-5158
-3086
-2231
-2413
-2376
-2166
-1371
-498
-427
237
1555
1864
1282
470
-339
-320
854
2162
2510
1936
314
-1798
-1823
100
1190
1109
628
-34
235
2251
4210
4018
2968
2860
3264
4440
6008
6921
6899
6437
6307
7087
8811
9690
8328
6547
5779
5771
6090
5947
4696
2818
1002
-860
-2274
-2898
-3831
-5184
-5744
-5628
-5676
-6729
-8591
-9955
-9685
-7885
-6163
-5968
-6477
-6884
-7174
-6598
-5102
-3019
-1478
-1443
-1922
-2067
-1438
-751
-489
332
1584
1870
884
-237
-784
-675
706
2260
2182
1260
-229
-1935
-2047
-366
1373
1440
379
-327
-374
1163
3562
4128
3196
2759
3333
4368
5488
6647
7129
6923
7138
7688
8555
9381
8677
7066
6324
6501
6554
6009
4653
2669
1031
-605
-2299
-3506
-4090
-5132
-6204
-6097
-6135
-7410
-9052
-9776
-9650
-8447
-6527
-6401
-7369
-7402
-7092
-6471
-5111
-3455
-2444
-2366
-2132
-1769
-1355
-447
-196
-18
868
1339
1050
397
-402
-752
272
1898
2376
1654
176
-1688
-1839
-191
937
860
130
-633
-710
1180
3815
4331
3385
2793
2814
4141
5795
6946
7563
7210
6926
7211
8377
9650
8991
7282
6372
6197
6119
5466
4154
2635
1128
-526
-2211
-3564
-4481
-5370
-6158
-6134
-5679
-6355
-8378
-9934
-9793
-8393
-6669
-5884
-6118
-6662
-7005
-6714
-5736
-3692
-1783
-1431
-1579
-1750
-1750
-1036
-93
736
1571
1962
1076
-330
-806
-321
699
1903
2219
1334
-236
-1706
-1860
-625
550
786
240
-178
-452
563
3066
4204
3581
3124
3656
4598
5598
6662
7422
7758
7850
7602
8343
9619
8936
7112
6482
6508
6106
5691
4802
2682
1060
-109
-2024
-3555
-4013
-4848
-6310
-6505
-6022
-6719
-7971
-9000
-9684
-9033
-7005
-6164
-6815
-6771
-6626
-6839
-6124
-4191
-2344
-1489
-1377
-1854
-2005
-744
480
948
1541
1789
924
-315
-690
-226
812
1816
1734
640
-619
-1554
-1564
-624
208
585
163
-653
-816
358
2850
4412
4106
3494
3463
4259
5376
6497
7811
8601
8226
7450
7717
8969
9183
7820
6884
6525
5816
5019
4275
3038
1661
185
-1884
-3883
-4704
-5015
-5710
-6092
-6156
-6961
-8387
-9410
-9836
-9387
-7618
-6143
-6800
-7536
-7290
-7159
-6527
-4842
-2667
-1482
-1638
-1892
-2009
-1137
229
920
1606
1691
846
-142
-631
-212
792
1701
1577
572
-444
-1460
-1694
-646
101
185
271
-55
-300
501
2817
4377
3947
3671
3933
4258
5052
6349
7786
8555
8469
8011
7767
8344
8807
8171
7281
6648
6110
5405
4351
3301
2004
193
-1648
-3140
-4240
-5062
-5707
-6086
-6148
-6490
-7661
-9079
-9540
-9003
-7615
-6191
-6070
-6456
-6715
-6703
-6179
-4808
-2631
-1304
-1472
-1835
-1790
-1007
103
828
1437
1707
1032
-166
-647
-169
629
1338
1364
689
-120
-899
-1286
-893
-265
81
73
-168
-231
318
2039
3757
4259
4109
4038
4276
5041
6217
7622
8663
8751
8146
7936
8698
9138
8332
7460
6832
5827
4970
4535
3672
2025
186
-1589
-3439
-4651
-4992
-5583
-6405
-6627
-6624
-7451
-8723
-9413
-9337
-8219
-6613
-6416
-6726
-6451
-6625
-6714
-5577
-3462
-1864
-1767
-1920
-2111
-1772
-408
436
863
1276
870
-17
-533
-231
410
1021
1368
671
-463
-1151
-1530
-1414
-610
176
275
-123
-292
2
1183
3143
4006
4089
4231
4228
4706
6056
7739
8805
8927
8548
7798
7892
8931
8667
7423
6600
5708
4761
4235
3650
2254
317
-1536
-3184
-4557
-5019
-5179
-5848
-6333
-6948
-8113
-8876
-8959
-8800
-8179
-6675
-5884
-6746
-6915
-6474
-6156
-5086
-3259
-2008
-1830
-1729
-1518
-1328
-335
941
1357
1313
810
235
209
475
678
888
930
621
-91
-626
-804
-749
-538
-290
-15
96
-87
-48
1043
3160
4716
4783
4325
4146
4459
5772
7463
8834
9413
8793
7639
7355
8443
9065
8046
6800
5852
4983
4510
4082
2686
725
-944
-2458
-3938
-4723
-4807
-5569
-6339
-6657
-7423
-8456
-9010
-8901
-8421
-7348
-6278
-6538
-6914
-6592
-6284
-5605
-4099
-2420
-1656
-1621
-1580
-1469
-785
264
912
1165
818
46
-294
-224
141
693
976
498
-429
-892
-1046
-922
-570
-207
38
-124
-357
-110
678
2059
3826
4889
4672
4081
4050
5164
6706
8171
9219
8984
7993
7343
7520
7996
7993
7307
6250
5110
4392
3871
2834
1310
-457
-2102
-3652
-4800
-5057
-5411
-6052
-6800
-7755
-8475
-8643
-8675
-8753
-8107
-6810
-6516
-6764
-6240
-6028
-5957
-4804
-3157
-2012
-1558
-1267
-1483
-1457
-98
997
1026
831
398
-102
-50
275
330
477
436
-353
-889
-708
-635
-620
-295
-147
-243
-100
119
199
1449
3716
4917
4833
4483
4114
4616
6454
8197
9263
9442
8576
7283
7160
8407
8814
7867
6744
5451
4577
4438
3834
2318
577
-1205
-3015
-4302
-4494
-4608
-5609
-6509
-7067
-7709
-8044
-8263
-8457
-8055
-6746
-5873
-6244
-6268
-6196
-6358
-5430
-3609
-2034
-1508
-1527
-1694
-1631
-441
721
847
451
-224
-580
-245
208
308
368
447
-211
-616
-207
-305
-642
-268
123
-30
34
274
364
1035
2892
4695
5385
5492
4858
4545
5927
7730
8897
9435
8922
7597
6839
7397
7955
7433
6592
5545
4552
4120
3584
2218
408
-1155
-2544
-3773
-4481
-4953
-5715
-6664
-7347
-7542
-7841
-8234
-8412
-8493
-7784
-6625
-6231
-6255
-6439
-6241
-5424
-4321
-3003
-2071
-1876
-1840
-1621
-899
59
392
45
-466
-767
-605
-189
-70
-68
-165
-579
-965
-869
-563
-387
-152
-9
11
-194
-75
190
713
1894
3370
4942
5664
5215
4686
5164
6740
8158
9069
9419
8365
7278
6998
7081
7551
7367
6377
5310
4509
3930
2801
1415
-63
-1703
-2769
-3390
-4222
-5143
-6121
-6933
-7144
-6777
-6799
-7331
-7814
-7968
-7463
-6282
-5237
-5219
-5595
-5485
-4870
-3816
-2582
-1621
-1297
-916
-402
14
526
288
-404
-601
-488
-254
60
46
-426
-998
-920
-373
-97
-72
-84
-37
-15
-88
112
366
498
1129
2268
3984
5694
6105
5408
5059
5932
7467
8660
9488
9214
7779
6843
6661
7045
7625
7344
6133
4881
3969
3037
1843
722
-591
-2062
-2990
-3994
-5255
-6272
-6854
-6879
-6628
-6622
-7229
-8083
-8414
-8246
-7208
-5378
-5001
-5697
-6069
-5931
-5036
-3793
-2401
-1573
-1408
-867
-456
-403
-211
-535
-996
-839
-340
-126
-459
-968
-1443
-1820
-1273
-148
152
-160
-282
-462
-803
-402
351
571
804
1784
2985
4317
5748
6233
5852
5997
6988
7990
8638
8957
8653
7822
7181
6824
6790
7081
6643
5589
4856
3951
2663
1527
469
-960
-2215
-2996
-4393
-5894
-6409
-6769
-6983
-6754
-6919
-7735
-8160
-7999
-7955
-6776
-4905
-4975
-5809
-5789
-5301
-4613
-3449
-1833
-1076
-1052
-658
-447
-502
-458
-773
-968
-845
-594
-429
-525
-938
-1336
-1229
-532
126
300
155
-270
-414
-286
106
675
853
970
1867
3666
5253
6023
6648
6858
6638
7043
8244
9077
9032
8729
8091
7274
6802
6702
6787
6586
5858
4818
3490
2134
809
-210
-1041
-2095
-3435
-4815
-6039
-6673
-6500
-5989
-5594
-5946
-7010
-7631
-7676
-7367
-6369
-5124
-4804
-5492
-5890
-5700
-4891
-3732
-2416
-1402
-934
-686
-1029
-1366
-1362
-1237
-777
-365
-581
-790
-873
-1311
-1665
-932
152
329
183
33
-291
-413
-56
210
489
1123
1540
2013
3564
5148
5711
6674
7538
7475
7502
8125
8365
8116
8274
7997
7006
6334
5886
5485
5594
5283
4145
2982
1810
544
-280
-703
-2108
-4088
-5191
-6047
-6526
-6068
-5590
-6023
-6760
-7264
-7802
-7576
-6459
-6058
-6045
-5284
-5199
-5787
-5475
-4513
-3676
-2435
-1005
-615
-961
-1171
-1700
-1926
-935
-365
-723
-1031
-1445
-1857
-1545
-827
-504
-177
98
-324
-603
-9
163
-44
398
778
1081
1955
2766
3259
4258
5613
6587
7426
8162
7892
7389
7608
7976
8172
8085
7439
6289
5708
5734
5604
5376
4516
3023
1884
1238
578
-420
-1893
-3733
-5125
-5340
-5106
-5110
-5553
-6495
-7101
-7082
-6871
-6309
-5763
-5739
-5962
-5652
-5023
-4842
-4621
-4118
-3552
-2637
-1769
-1401
-1493
-1602
-1581
-1421
-1106
-1179
-1664
-1863
-1850
-1640
-713
-66
-343
-702
-489
-160
290
1029
1042
477
358
585
1109
2331
3389
3601
3861
4989
6142
6988
8174
8489
7984
7819
7821
7618
7435
7424
7002
6327
6213
5867
4732
3711
2781
2018
1579
932
-376
-2148
-3469
-4482
-4993
-4672
-4734
-5652
-6465
-6625
-6347
-5914
-5738
-6158
-6666
-6311
-5654
-5144
-4640
-4673
-4843
-4515
-3778
-2672
-2073
-2239
-2506
-2641
-2120
-1590
-1562
-1958
-2596
-2599
-1965
-1188
-648
-642
-848
-929
-537
150
533
593
316
318
1193
2045
2538
2638
2738
3138
3837
5085
6776
7987
8024
7694
7603
7404
7030
7068
7427
7534
7221
6548
5292
4072
3523
3171
2823
2591
1434
-356
-1837
-2901
-3326
-2842
-2669
-4000
-5327
-5764
-6285
-6365
-5315
-4794
-5259
-5494
-5749
-6172
-5455
-4516
-4737
-4655
-3710
-3648
-4047
-3579
-3127
-3045
-2216
-1153
-1424
-1995
-2098
-2750
-2745
-1519
-631
-560
-477
-575
-969
-520
173
224
512
904
874
1128
1762
2069
2246
2852
3566
4210
5109
5344
4891
5101
6053
7151
7738
7797
7341
6696
6345
6282
6536
6436
5527
4390
3566
3071
2726
2196
1421
287
-671
-1185
-1785
-2489
-3049
-3250
-3597
-4184
-4544
-4763
-5276
-5789
-5518
-4894
-4765
-4788
-4916
-5344
-5138
-4168
-3712
-3847
-3766
-4000
-4287
-3857
-3105
-2867
-2876
-2728
-2689
-2539
-1942
-1536
-1573
-1593
-1322
-676
-381
-297
-34
130
88
641
1637
2052
1782
1827
2088
2273
2995
4261
4763
4390
4372
4556
4583
5016
5772
6383
6890
7000
6576
5948
5611
5349
4731
4359
4164
3392
2222
1121
482
341
259
-109
-806
-1555
-2397
-2733
-2676
-2895
-2941
-3104
-3870
-4554
-4463
-4335
-4486
-4616
-4513
-4543
-4648
-4890
-5346
-5342
-4950
-4662
-4419
-4022
-3816
-4064
-4070
-3414
-2691
-1987
-1488
-1492
-1528
-1298
-1083
-994
-617
-269
-144
264
781
888
1095
1528
1668
2200
2973
3312
3340
3330
3222
3431
4096
4627
4802
4969
5138
4997
5174
5598
5716
5983
5923
5028
4270
4055
3689
3169
3125
2993
2233
1542
1012
194
-146
185
57
-665
-1114
-1589
-2428
-2589
-2257
-2226
-2613
-3308
-4118
-4437
-4178
-3917
-3948
-4173
-4719
-5258
-5332
-5355
-5269
-4797
-4279
-4264
-4028
-3462
-3199
-3058
-2543
-1752
-1247
-1113
-1200
-1181
-1087
-937
-251
538
682
581
1009
1211
1235
2075
2814
2633
2513
2840
2790
2554
2836
3206
3421
4139
4712
4378
4135
4320
4020
3721
4074
4125
3609
3095
2693
2336
2511
2827
2598
2106
1604
982
661
929
963
590
172
-452
-1062
-1188
-1249
-1690
-2073
-2089
-2326
-2566
-2654
-3111
-3666
-4008
-4065
-3961
-4057
-4234
-4563
-4844
-4723
-4256
-3721
-3560
-3410
-2902
-2688
-2655
-2296
-2032
-2070
-1804
-1223
-735
-399
-183
-113
43
462
1007
1541
1766
1614
1443
1499
1629
1738
1928
2029
2044
2415
2596
2434
2603
2766
2503
2605
2999
2862
2501
2461
2401
2036
2306
2609
2102
1675
1774
1819
1722
1933
2169
1796
1147
827
710
762
853
732
405
-1
-373
-650
-778
-1076
-1299
-1513
-1820
-2068
-2373
-2730
-3113
-3224
-3124
-2962
-2741
-2665
-2861
-2924
-2709
-2473
-2194
-1927
-1806
-1890
-1821
-1502
-1154
-829
-570
-220
46
81
-35
39
259
191
115
187
135
35
243
616
820
1113
1462
1485
1230
1067
1127
1351
1536
1530
1501
1368
1263
1224
1342
1429
1425
1540
1587
1524
1584
1637
1492
1465
1685
1853
1660
1270
1033
934
1104
1311
998
506
-42
-327
-338
-227
-249
-525
-860
-1325
-1472
-1183
-936
-886
-856
-937
-1149
-1284
-1105
-798
-683
-711
-754
-701
-706
-926
-995
-750
-428
-226
-337
-561
-790
-1069
-1191
-1023
-920
-1056
-1185
-1238
-1203
-1011
-806
-674
-843
-903
-757
-883
-1011
-850
-698
-678
-301
-20
-287
-550
-473
-238
15
501
819
630
482
471
538
704
857
910
766
651
689
863
961
758
573
541
424
360
556
619
502
622
894
951
897
985
885
762
1088
1480
1455
1297
1260
1247
1241
1370
1417
1318
1230
1102
1105
1262
1238
1071
882
574
280
161
27
-220
-496
-580
-679
-943
-1075
-1193
-1523
-1721
-1615
-1478
-1613
-1987
-2336
-2466
-2252
-1830
-1553
-1622
-1756
-1744
-1523
-1388
-1181
-924
-900
-944
-913
-737
-822
-1016
-951
-832
-825
-683
-565
-670
-862
-736
-505
-396
-307
-265
-318
-214
48
400
792
933
1045
1277
1451
1595
1803
2032
2210
2451
2727
2792
2782
2853
2864
2934
3204
3447
3475
3274
3000
2604
2287
2175
2069
1846
1514
1090
728
607
383
58
-185
-353
-551
-808
-960
-1123
-1393
-1575
-1687
-1858
-2009
-2055
-2213
-2380
-2293
-2171
-2107
-2065
-2092
-2182
-2140
-2052
-2173
-2364
-2360
-2189
-2174
-2255
-2243
-2311
-2549
-2624
-2427
-2269
-2267
-2353
-2531
-2481
-2186
-1779
-1484
-1300
-1162
-959
-410
222
651
898
1196
1490
1872
2300
2443
2400
2425
2579
2795
3218
3575
3442
3287
3371
3295
3353
3510
3350
2851
2596
2522
2353
2367
2340
1868
1389
1478
1440
1132
936
727
193
-132
-37
-128
-343
-384
-455
-698
-733
-760
-848
-897
-765
-608
-643
-851
-1276
-1576
-1653
-1656
-1525
-1519
-1902
-2402
-2765
-2738
-2523
-2503
-2786
-3178
-3458
-3437
-3312
-3154
-2843
-2744
-2666
-2248
-1791
-1439
-1167
-709
-369
-90
359
615
674
740
1121
1507
1795
1891
2048
2209
2295
2545
2768
2741
2587
2736
2743
2653
2637
2573
2347
2142
2061
1831
1608
1462
1344
1157
1004
853
637
489
354
323
351
234
102
97
147
177
432
695
472
137
14
-99
-151
13
130
-180
-614
-948
-1294
-1359
-1150
-1103
-1367
-1724
-1970
-2317
-2533
-2459
-2259
-2136
-2121
-2210
-2285
-2275
-2243
-2039
-1673
-1352
-1182
-1177
-1258
-1242
-973
-430
60
232
233
202
277
469
730
1054
1138
1138
1272
1275
1138
1176
1337
1347
1380
1557
1458
1194
1039
849
724
807
765
452
228
206
200
188
113
-68
-143
37
233
430
533
497
439
450
488
539
693
696
452
316
343
352
355
282
262
163
-49
-235
-322
-366
-485
-534
-503
-548
-600
-702
-903
-942
-878
-586
-426
-507
-696
-894
-980
-966
-726
-427
-278
-385
-364
-325
-353
-246
-17
110
210
380
321
154
114
83
38
140
347
319
211
215
112
77
196
63
-60
-161
-208
-239
-298
-426
-569
-568
-335
20
260
312
193
96
38
128
461
723
585
277
63
98
282
529
762
792
712
726
706
676
682
813
965
997
992
886
664
545
704
916
1035
953
665
298
135
197
238
138
-16
-227
-467
-456
-373
-350
-390
-413
-413
-326
-215
-361
-661
-780
-682
-578
-502
-514
-567
-668
-748
-727
-550
-497
-682
-880
-956
-1003
-1034
-1053
-1179
-1293
-1257
-1097
-1011
-1094
-1135
-1049
-967
-952
-911
-822
-957
-1183
-1149
-945
-663
-493
-450
-331
-119
153
384
621
808
863
1015
1332
1564
1591
1595
1561
1600
1788
2070
2171
1973
1842
1802
1827
1745
1604
1415
1154
1047
968
766
630
435
163
88
195
119
-47
-111
-240
-325
-159
-24
-308
-514
-464
-409
-330
-309
-482
-816
-861
-858
-930
-926
-910
-977
-1165
-1215
-1140
-1015
-900
-935
-1189
-1336
-1309
-1267
-1273
-1410
-1550
-1533
-1596
-1680
-1577
-1410
-1215
-1020
-889
-763
-609
-330
-174
-87
222
624
745
775
822
1057
1407
1770
2103
2193
2157
2160
2172
2264
2513
2533
2373
2098
1926
1972
1896
1717
1673
1608
1412
1236
1034
850
660
550
533
444
321
96
-193
-364
-338
-164
-111
-253
-443
-590
-642
-627
-683
-869
-1029
-1108
-1229
-1257
-1202
-1197
-1274
-1445
-1569
-1512
-1526
-1566
-1672
-1820
-1869
-1861
-1843
-1927
-2008
-1898
-1724
-1548
-1387
-1293
-1273
-1269
-1255
-1082
-810
-595
-437
-324
-78
181
455
650
810
967
1102
1284
1356
1446
1389
1332
1383
1469
1527
1466
1406
1447
1491
1528
1643
1561
1376
1273
1267
1185
1098
1087
1025
760
615
625
610
566
418
240
111
12
-115
-229
-375
-393
-303
-225
-284
-422
-475
-531
-595
-575
-497
-666
-934
-1192
-1287
-1200
-1097
-1051
-1195
-1411
-1434
-1439
-1401
-1279
-1145
-1072
-1069
-1023
-1000
-857
-691
-588
-439
-162
45
64
55
90
245
433
535
541
530
508
522
679
792
889
886
821
858
925
1062
1218
1225
1137
1132
1264
1259
1185
1180
1131
1087
986
890
817
691
690
597
450
367
260
119
16
32
71
52
57
11
-125
-99
-38
-115
-147
-192
-327
-440
-536
-702
-835
-821
-802
-882
-878
-868
-928
-859
-760
-671
-588
-490
-495
-557
-539
-449
-370
-205
-45
-89
-200
-283
-232
-210
-195
-162
-185
-199
-314
-495
-690
-679
-548
-401
-255
-201
-105
-117
-16
208
395
564
515
400
233
17
19
187
387
473
414
395
363
271
279
316
376
376
247
42
-66
-81
-41
97
224
156
80
26
-95
-111
-60
-34
-58
-199
-256
-274
-321
-201
-128
-55
10
37
79
104
214
234
246
372
503
544
541
497
445
397
384
343
237
147
7
-141
-122
-28
-37
-180
-352
-413
-469
-498
-441
-331
-294
-260
-195
-266
-214
-258
-276
-202
-199
-249
-267
-281
-157
-58
46
84
-1
-41
-109
-25
38
-33
-144
-161
-193
-207
-226
-204
-190
-129
-131
-230
-259
-168
-97
-29
49
80
106
74
75
87
64
132
202
271
364
457
604
657
700
800
809
850
929
992
1056
1049
1027
942
843
849
784
636
460
381
217
-20
-166
-76
-65
-32
-8
-178
-317
-453
-496
-444
-443
-362
-335
-426
-515
-580
-506
-449
-408
-435
-517
-603
-666
-613
-543
-504
-457
-403
-457
-514
-483
-442
-382
-344
-291
-282
-277
-338
-407
-381
-329
-348
-435
-475
-522
-546
-487
-429
-428
-356
-244
-207
-168
-4
191
308
333
406
485
537
676
793
850
870
859
826
820
828
783
675
636
593
549
483
453
402
383
328
322
347
261
172
129
117
-7
-68
-130
-281
-407
-379
-379
-441
-499
-548
-560
-629
-582
-541
-528
-412
-322
-313
-324
-347
-396
-416
-381
-334
-291
-294
-339
-457
-472
-446
-426
-385
-409
-406
-460
-399
-314
-287
-208
-125
57
106
190
227
214
268
308
366
470
543
478
419
457
508
559
601
625
609
512
548
607
643
730
763
751
747
688
642
611
571
497
406
380
347
255
201
119
19
68
97
24
-49
-101
-85
-101
-132
-118
-193
-223
-214
-228
-268
-309
-329
-303
-315
-281
-248
-315
-381
-393
-312
-287
-274
-198
-189
-174
-170
-156
-129
-110
-76
-66
-87
-156
-163
-182
-245
-294
-283
-209
-260
-284
-242
-274
-275
-233
-183
-218
-214
-168
-106
-50
-16
52
-5
-53
-40
98
158
144
140
83
-11
-115
-56
-23
-69
-102
-92
-103
-49
57
68
62
48
-20
-95
-129
-128
-118
-94
-77
-120
-175
-227
-244
-135
5
62
48
-17
-80
-121
-39
110
192
273
303
295
264
220
200
216
210
263
299
245
210
160
126
138
167
96
-4
-95
-146
-165
-195
-164
-196
-242
-262
-247
-266
-235
-186
-152
-57
8
-22
-80
-108
-110
-70
20
84
109
104
50
40
83
129
150
167
112
109
119
127
118
127
208
205
148
118
64
69
140
182
246
274
298
292
235
263
337
383
367
324
315
342
419
509
618
639
631
642
606
608
640
607
534
541
473
383
296
190
99
-31
-140
-262
-445
-547
-591
-665
-693
-718
-682
-719
-803
-756
-747
-785
-768
-732
-661
-678
-663
-619
-599
-548
-547
-512
-524
-566
-569
-503
-435
-328
-219
-193
-265
-257
-257
-218
-79
31
62
48
37
37
64
130
164
162
220
312
309
256
269
353
386
449
556
580
600
626
701
754
842
876
866
853
833
728
630
555
454
356
275
235
118
7
-79
-129
-196
-202
-263
-386
-508
-607
-620
-611
-584
-586
-597
-678
-771
-837
-875
-887
-829
-762
-762
-825
-858
-845
-843
-764
-691
-666
-642
-583
-561
-508
-424
-369
-244
-135
-119
-74
-59
-31
133
241
365
475
511
585
607
692
796
951
1057
1068
1064
1004
1023
1098
1191
1251
1244
1254
1194
1121
1073
1120
1106
1071
1040
892
795
669
585
501
392
302
238
100
22
-30
-122
-129
-199
-273
-300
-332
-364
-495
-613
-637
-696
-776
-846
-871
-898
-907
-949
-1000
-1048
-1078
-1074
-1113
-1060
-1058
-1021
-1009
-985
-979
-924
-805
-746
-673
-579
-464
-360
-289
-226
-145
-86
-9
118
238
335
420
502
607
681
730
728
761
795
904
1049
1119
1061
1057
1039
1014
1033
1031
983
868
835
800
688
579
488
408
388
316
235
145
19
-47
-113
-72
-67
-141
-225
-296
-427
-505
-500
-575
-628
-663
-746
-836
-904
-905
-924
-953
-925
-988
-1061
-1086
-1109
-1085
-1029
-993
-949
-927
-903
-875
-819
-795
-714
-626
-528
-408
-324
-222
-112
-34
73
189
244
341
454
560
603
664
813
911
964
977
968
986
1048
1113
1128
1124
1097
1069
1032
980
929
876
782
657
573
528
507
431
391
351
227
176
88
35
-18
-124
-178
-166
-125
-105
-125
-188
-213
-271
-333
-460
-513
-530
-626
-656
-660
-718
-821
-911
-941
-893
-853
-818
-787
-775
-754
-658
-589
-532
-469
-423
-373
-327
-243
-178
-115
-21
40
170
308
414
588
673
754
854
942
1056
1108
1103
1135
1149
1160
1172
1130
1041
961
867
760
677
569
511
409
333
239
80
-34
-106
-81
-29
-46
-74
-173
-287
-308
-287
-289
-372
-465
-583
-678
-699
-730
-662
-713
-757
-734
-733
-814
-921
-937
-912
-903
-864
-810
-845
-825
-801
-718
-678
-622
-545
-545
-576
-635
-603
-572
-536
-438
-291
-165
-59
96
204
299
455
585
670
803
853
846
916
947
1010
1050
1096
1114
1126
1119
1063
1018
960
921
847
793
734
675
613
544
478
373
322
241
179
19
-132
-267
-301
-336
-452
-496
-612
-681
-737
-769
-769
-765
-844
-851
-871
-899
-901
-908
-870
-880
-888
-858
-854
-849
-851
-833
-790
-700
-692
-681
-618
-608
-538
-417
-289
-189
-100
-5
102
195
338
503
590
634
772
887
982
1071
1133
1183
1260
1334
1387
1433
1400
1318
1270
1253
1220
1216
1231
1185
1105
1049
955
836
748
664
559
432
311
203
53
-83
-199
-315
-430
-482
-499
-550
-568
-623
-593
-626
-717
-751
-787
-792
-853
-835
-894
-997
-1031
-1032
-1000
-1020
-1027
-1088
-1101
-1098
-1045
-994
-941
-935
-915
-842
-779
-680
-552
-464
-374
-271
-220
-158
-111
-17
88
170
297
413
488
500
590
690
779
880
921
958
999
1043
1118
1102
1111
1098
1044
1032
992
937
852
775
704
641
551
457
297
171
47
-22
-47
-117
-160
-245
-274
-309
-363
-393
-424
-453
-539
-602
-656
-689
-721
-767
-826
-850
-889
-892
-904
-933
-936
-902
-791
-752
-715
-661
-639
-597
-577
-531
-433
-356
-305
-237
-193
-182
-194
-145
-81
-7
32
94
210
297
378
473
586
684
783
860
933
985
1048
1095
1178
1190
1163
1167
1131
1043
991
962
908
811
725
697
633
553
556
518
432
352
242
179
80
-7
-53
-166
-265
-343
-444
-492
-595
-668
-693
-769
-766
-787
-745
-709
-697
-644
-598
-613
-608
-556
-534
-461
-457
-507
-561
-562
-537
-464
-438
-369
-283
-253
-234
-176
-86
5
22
60
148
197
227
259
283
282
301
303
338
387
464
508
518
522
461
492
555
566
584
607
638
643
640
619
546
437
364
263
196
114
68
43
18
-68
-155
-179
-252
-319
-402
-439
-482
-490
-497
-556
-590
-595
-637
-621
-567
-612
-653
-695
-741
-741
-707
-683
-598
-527
-491
-462
-448
-396
-275
-159
-57
-36
-25
-38
-35
30
96
101
49
34
27
19
52
122
142
199
226
225
239
255
314
360
453
552
592
608
588
581
606
643
648
676
667
588
516
450
381
314
271
227
196
141
89
7
-11
-72
-134
-148
-183
-200
-244
-283
-345
-425
-458
-476
-513
-567
-580
-590
-598
-553
-479
-429
-399
-373
-307
-229
-137
-35
98
153
222
302
313
329
349
359
343
300
281
262
244
222
205
219
253
252
251
274
317
358
435
451
497
488
445
423
394
362
309
310
243
192
152
165
154
119
142
132
82
31
13
-21
-64
-54
-88
-112
-168
-254
-291
-338
-416
-465
-527
-600
-644
-712
-728
-689
-670
-629
-559
-575
-575
-529
-471
-427
-389
-303
-263
-218
-175
-117
-72
-15
71
132
149
149
198
252
245
304
334
323
328
303
324
325
331
333
339
319
309
304
264
236
190
154
109
101
133
111
56
44
76
85
94
93
112
69
52
73
6
7
-1
-1
-30
-70
-84
-140
-219
-270
-289
-401
-489
-525
-554
-558
-549
-570
-561
-564
-591
-589
-604
-569
-510
-489
-442
-398
-350
-289
-246
-200
-94
-70
13
123
193
289
369
419
483
514
559
605
644
641
621
625
621
622
631
629
637
633
560
514
436
379
349
343
348
385
368
344
309
294
279
224
211
207
163
108
89
-3
-40
-72
-139
-169
-205
-274
-286
-279
-277
-295
-350
-356
-397
-462
-455
-475
-476
-516
-524
-486
-476
-497
-527
-510
-468
-427
-392
-347
-306
-295
-248
-186
-149
-88
-4
52
58
96
131
172
200
249
268
291
332
374
439
465
496
477
505
540
546
577
597
563
537
470
418
359
282
302
232
240
218
149
137
106
51
9
-45
-116
-154
-160
-112
-97
-138
-205
-260
-268
-285
-329
-371
-400
-417
-476
-521
-540
-531
-527
-532
-573
-582
-587
-544
-537
-561
-531
-511
-473
-464
-479
-412
-388
-360
-326
-300
-252
-196
-96
-29
44
108
152
198
208
258
326
361
424
443
487
538
576
541
546
569
531
479
465
426
418
407
392
394
371
334
320
303
264
220
205
189
174
167
139
128
119
100
32
-22
-58
-76
-106
-134
-159
-181
-190
-244
-289
-289
-276
-280
-290
-285
-281
-282
-258
-244
-242
-229
-227
-222
-267
-321
-290
-292
-272
-235
-199
-138
-80
-19
-19
2
2
8
43
143
203
249
257
262
257
281
326
367
399
373
407
396
416
396
392
370
358
388
368
339
296
319
269
197
141
74
1
-31
-38
-41
-68
-87
-90
-108
-140
-208
-185
-220
-235
-261
-331
-335
-346
-316
-348
-356
-354
-350
-350
-377
-356
-351
-368
-360
-345
-359
-316
-305
-280
-224
-179
-149
-132
-117
-121
-90
-57
-27
-23
7
38
65
76
41
109
116
120
176
182
197
178
175
191
206
194
217
266
329
362
344
307
279
253
238
172
153
129
93
78
56
30
24
8
-39
-7
-23
-63
-95
-117
-114
-168
-209
-218
-270
-294
-307
-326
-280
-219
-237
-278
-271
-281
-265
-223
-206
-177
-148
-132
-115
-129
-143
-108
-65
-70
-50
-32
-2
29
48
103
135
174
251
290
296
340
368
421
432
388
428
463
458
442
425
419
436
442
432
416
403
364
275
242
204
184
136
68
54
13
-22
-54
-52
-42
-48
-56
-75
-143
-144
-104
-120
-157
-158
-193
-202
-227
-215
-206
-223
-174
-167
-167
-172
-168
-227
-215
-191
-211
-196
-192
-151
-119
-136
-156
-133
-146
-173
-167
-136
-92
-124
-106
-79
-47
-6
6
20
30
32
63
71
26
71
111
117
93
76
119
134
127
142
115
118
115
116
133
97
87
106
100
59
57
28
-12
-4
-32
-68
-111
-163
-173
-215
-270
-268
-267
-237
-235
-282
-247
-223
-291
-301
-272
-283
-277
-298
-297
-295
-297
-277
-277
-275
-257
-233
-218
-178
-169
-114
3
49
54
75
140
203
196
201
196
211
243
272
226
218
242
248
248
251
211
228
296
318
322
304
305
308
309
275
320
343
295
271
251
193
211
203
183
156
117
141
138
107
123
112
116
133
66
36
42
43
5
-50
-86
-121
-138
-163
-209
-246
-227
-230
-215
-214
-225
-218
-230
-247
-266
-227
-184
-161
-147
-137
-128
-122
-86
-79
-48
-45
-38
6
-14
-5
35
55
91
106
104
142
165
193
201
188
201
254
249
238
178
198
243
234
191
173
198
193
168
153
155
132
103
40
18
-1
39
80
77
58
33
26
-13
-52
-42
-49
-83
-105
-157
-183
-196
-232
-235
-235
-292
-352
-324
-299
-349
-381
-379
-360
-364
-382
-404
-374
-331
-305
-325
-319
-277
-229
-232
-258
-221
-151
-109
-97
-48
-46
-2
29
53
60
102
124
136
143
122
118
129
115
104
106
68
82
67
43
33
58
68
73
37
46
73
117
133
99
88
87
106
101
83
70
113
83
75
65
67
120
164
183
178
182
181
173
158
160
153
131
120
117
93
84
58
15
-5
-44
-39
-38
-37
-65
-73
-49
4
-31
-60
-61
-33
25
33
21
35
67
102
162
95
69
92
142
152
102
86
99
84
24
10
-14
-18
-13
-1
20
15
36
36
52
71
71
36
-33
-74
-89
-102
-50
-37
-60
-98
-109
-103
-127
-143
-149
-132
-78
-36
-44
-45
-18
-2
-22
-26
-46
-7
48
71
79
82
92
72
68
101
180
192
140
113
136
161
134
81
-16
-37
-60
-76
-107
-164
-131
-125
-101
-106
-118
-62
-68
-66
-83
-122
-80
-74
-16
22
30
51
9
-20
-110
-177
-175
-119
-125
-136
-121
-57
19
-14
-89
-107
-121
-79
-90
-116
-125
-104
-108
-136
-177
-201
-178
-202
-200
-255
-231
-182
-130
-154
-174
-153
-111
-34
-45
-3
20
46
82
49
10
39
68
59
8
-23
5
11
30
3
-10
40
141
157
145
213
243
255
246
241
278
341
366
342
286
265
299
278
214
143
154
143
104
38
54
92
94
147
139
138
140
153
147
81
31
26
5
-45
-97
-99
-95
-129
-164
-233
-243
-158
-146
-151
-196
-159
-77
-70
-57
-80
-20
36
20
11
24
4
3
-28
-93
-80
-81
-91
-59
-35
7
69
99
120
140
143
201
242
227
197
173
216
225
164
107
71
115
105
76
35
39
94
84
-30
-85
-46
-9
7
-49
-38
55
104
72
28
-4
46
30
-39
-119
-157
-136
-187
-234
-262
-246
-223
-234
-246
-253
-244
-231
-213
-215
-222
-232
-206
-219
-268
-264
-250
-216
-252
-297
-305
-254
-193
-207
-239
-243
-207
-149
-72
-96
-122
-38
12
15
-5
16
84
103
90
54
24
20
27
31
-18
-17
85
124
94
108
163
202
182
161
179
210
246
247
219
210
217
205
210
165
132
199
225
188
128
79
80
67
26
7
63
110
134
105
78
87
103
97
40
-10
19
47
17
-33
-43
-1
59
44
0
-33
2
46
18
-18
-20
1
18
61
22
18
38
97
46
-14
4
59
139
91
44
80
119
97
61
1
-16
59
74
16
-2
38
112
68
-19
-54
-38
-25
-7
-39
-29
48
53
48
11
-9
12
46
-3
-68
-31
32
55
16
-51
-78
23
55
29
-51
-28
66
116
107
53
74
121
53
-86
-117
-136
-93
-118
-186
-237
-215
-211
-245
-260
-249
-191
-226
-263
-253
-199
-111
-89
-84
-55
-70
-45
-72
-141
-157
-196
-156
-150
-147
-115
-78
-67
-111
-179
-192
-133
-101
-88
-101
-47
-16
7
-38
-133
-111
-52
-24
-77
-129
-150
-112
-122
-138
-89
-78
-20
36
-4
-27
48
120
135
113
139
171
204
230
237
270
284
249
189
132
128
162
162
111
58
65
113
133
112
108
123
166
201
211
222
236
226
179
98
54
63
93
70
20
7
63
132
114
97
74
90
111
87
50
52
90
97
91
62
80
68
26
-61
-136
-146
-207
-247
-298
-309
-266
-214
-141
-151
-149
-140
-102
-87
-84
-21
23
63
70
30
56
115
103
85
39
46
108
87
76
37
48
92
74
37
63
136
185
169
134
153
171
167
157
93
85
77
59
25
-23
-62
-36
-29
-19
-9
11
60
79
88
49
36
29
12
-55
-108
-109
-56
-45
-120
-182
-180
-172
-223
-294
-303
-282
-263
-252
-298
-264
-233
-212
-262
-310
-256
-198
-181
-185
-202
-179
-97
-106
-164
-181
-189
-160
-105
-73
-73
-47
7
56
58
36
72
164
180
123
126
187
210
185
143
118
160
200
164
54
32
94
105
68
-13
6
122
159
90
36
93
144
125
8
-42
-1
68
112
66
40
61
87
71
11
-8
30
54
35
-11
-21
8
88
83
-32
-95
-103
-89
-101
-140
-179
-168
-102
-150
-221
-235
-156
-114
-209
-261
-194
-56
-51
-92
-128
-77
8
4
2
8
114
189
165
148
139
228
296
271
212
208
242
240
209
185
175
167
195
215
214
243
315
309
265
217
188
206
182
146
80
92
157
145
57
27
47
105
80
-15
5
41
108
69
-51
-54
22
23
-34
-61
-48
-44
-84
-145
-182
-164
-111
-114
-172
-159
-95
-42
-99
-138
-164
-189
-204
-237
-276
-294
-250
-232
-267
-381
-386
-347
-311
-315
-333
-283
-221
-161
-194
-174
-83
21
39
5
-5
31
88
56
15
2
8
46
55
1
12
73
111
71
19
49
101
125
60
37
55
104
93
63
37
55
125
75
-58
-98
-69
-23
-19
-106
-147
-98
-70
-61
-78
-50
78
120
106
28
3
45
55
33
-55
-61
6
6
-43
-67
-63
40
73
-5
-23
8
22
32
-7
-9
51
123
167
97
76
104
126
95
15
43
114
134
116
71
88
142
190
149
92
126
168
186
136
71
92
183
192
60
-13
4
75
106
35
-24
-9
62
49
-21
-74
-30
24
-33
-89
-82
-36
31
7
-56
-44
30
27
-14
-48
-51
49
87
38
-5
15
81
80
7
-48
-28
19
24
-16
-47
-18
73
88
81
88
135
208
169
97
49
70
67
13
-68
-103
-62
-23
-46
-100
-93
-23
20
-44
-112
-112
-30
-49
-103
-159
-160
-125
-138
-201
-226
-125
-44
-57
-135
-164
-122
-84
-137
-250
-257
-238
-153
-175
-194
-180
-114
-64
-126
-175
-177
-145
-130
-154
-213
-201
-149
-117
-138
-150
-103
-45
-64
-84
-62
-18
62
48
-3
-23
44
112
131
97
57
100
141
148
126
108
168
216
169
115
87
144
185
139
50
73
159
192
149
87
131
170
141
91
49
59
112
99
86
44
98
148
101
75
66
130
168
90
-14
-63
-69
-28
-31
-112
-119
-52
-20
-50
-76
-95
-57
-54
-135
-176
-136
-45
-18
-29
-81
-70
-12
18
-37
-79
9
124
129
70
74
92
124
146
104
90
164
249
254
202
252
312
285
247
158
160
251
250
139
131
142
206
233
151
119
91
87
57
1
-58
14
74
59
-33
-96
-68
-88
-103
-175
-259
-215
-122
-138
-152
-201
-173
-117
-97
-143
-179
-112
-74
-124
-167
-138
-87
-73
-124
-176
-183
-202
-250
-277
-316
-305
-220
-236
-332
-363
-303
-227
-234
-323
-311
-250
-144
-147
-177
-100
-4
18
-43
-101
-117
-78
-48
-84
-83
-5
20
4
-5
15
66
135
176
152
168
224
273
279
257
222
247
264
228
169
109
158
210
167
96
80
135
153
63
3
12
91
109
20
-81
-74
-8
11
-62
-57
15
55
40
-41
-101
-75
-51
-74
-134
-138
-87
-51
-67
-117
-112
-27
43
35
38
32
128
159
96
34
70
101
112
71
-8
-14
37
65
10
-12
-2
58
116
72
25
87
160
185
142
136
175
222
184
105
60
85
107
56
-9
-40
16
59
63
31
17
49
92
82
38
85
157
160
120
103
153
200
190
107
39
6
9
34
-32
-103
-114
-123
-125
-131
-118
-88
-35
7
-34
-36
-34
-37
-76
-79
-76
-86
-69
-119
-171
-193
-201
-194
-216
-230
-205
-150
-102
-79
-80
-45
-36
-113
-112
-127
-130
-80
-66
-121
-157
-150
-134
-138
-157
-138
-108
-58
-59
-95
-66
-42
-10
30
4
7
37
85
83
71
40
21
-1
34
56
19
60
92
84
64
46
70
100
52
21
-7
5
6
-5
-35
-37
-23
-29
-37
-53
-46
4
-4
-48
-72
-66
-40
-82
-136
-124
-36
-6
7
-9
50
65
13
-3
-10
4
26
54
87
100
96
133
160
178
125
105
79
81
61
54
36
15
12
23
16
-39
11
28
21
-37
-26
-17
-24
-66
-90
-41
-43
-69
-79
-50
-34
28
67
67
55
123
125
142
117
74
103
97
98
74
73
100
122
157
142
173
154
126
146
144
130
135
178
197
203
170
151
119
87
45
21
-27
-43
-21
-30
-37
-82
-111
-131
-121
-82
-67
-58
-35
-20
3
-17
-53
-71
-53
-75
-54
-89
-126
-132
-138
-84
-78
-49
-11
-19
-29
15
18
9
-55
-96
-81
-35
-57
-83
-113
-123
-151
-203
-256
-271
-238
-227
-202
-173
-155
-159
-142
-102
-82
-54
6
28
77
93
88
73
43
49
-18
-20
19
39
22
-5
-14
-17
16
33
15
15
34
20
-33
-43
7
39
17
-2
28
25
12
-70
-96
-85
-88
-90
-108
-101
-106
-56
-38
-40
-35
-16
39
25
21
29
39
50
84
56
22
21
44
43
-4
-3
-26
-40
-66
-77
-34
28
58
80
32
15
60
85
104
87
76
119
142
103
79
77
96
99
75
57
81
123
166
189
185
227
247
264
218
197
226
230
214
143
110
128
123
83
21
-3
22
52
11
-39
-44
-34
-31
-68
-75
-59
-30
15
34
20
46
53
65
34
-42
-39
-43
-66
-77
-90
-82
-59
-86
-110
-152
-141
-97
-100
-82
-82
-66
-54
-61
-130
-137
-104
-95
-92
-131
-119
-80
-82
-96
-147
-124
-97
-93
-89
-97
-64
-15
27
-5
-34
-36
1
11
-24
-28
-3
-3
-26
-61
-68
-43
-45
-48
-87
-74
-16
16
39
36
61
95
99
9
-18
-14
8
9
-45
-75
-69
-11
-18
-57
-78
-42
-18
-31
-56
-45
4
18
-26
-55
-61
-46
-9
0
-31
-21
7
5
-10
-30
-33
-27
-24
-9
-31
-6
33
29
50
54
81
129
144
90
38
41
76
48
8
-9
3
58
36
22
23
50
82
57
54
68
95
116
129
137
153
142
96
85
37
18
56
52
64
51
22
51
52
37
31
10
-1
-4
21
2
1
12
8
-26
-64
-61
-53
-46
-67
-87
-56
-18
-12
1
6
3
3
-45
-79
-72
-47
-9
8
22
44
85
98
107
121
118
103
73
40
26
27
9
20
34
25
-6
11
30
12
-17
5
50
63
30
-1
19
16
13
14
-28
-39
-9
-30
-83
-102
-72
-38
-51
-79
-74
-31
14
10
6
6
31
6
-6
19
-11
-12
-25
-56
-128
-167
-154
-142
-129
-141
-163
-142
-149
-151
-114
-65
3
-2
-37
-27
-16
30
30
-51
-87
-99
-84
-98
-107
-63
-15
-41
-92
-69
-26
-1
-14
8
29
40
21
2
-11
17
27
35
46
23
20
2
8
-7
0
13
-14
-7
23
19
37
56
100
111
65
76
78
104
109
106
120
124
113
49
9
12
42
36
-15
-60
-29
-10
-23
-29
-30
10
16
0
13
45
58
47
19
16
13
-1
-1
-13
-29
-33
-40
-47
-30
-9
12
16
31
48
40
35
36
79
97
93
93
100
83
75
59
42
63
48
10
11
26
14
3
-18
2
30
41
41
44
66
99
87
74
77
74
64
32
7
10
2
-11
-26
-51
-73
-104
-87
-90
-91
-79
-52
-26
-30
-44
-57
-36
-26
-47
-64
-58
-62
-46
-66
-88
-92
-109
-84
-84
-86
-50
-32
-30
-19
2
22
2
-19
-31
-44
-20
-2
-6
-11
-2
4
0
4
0
8
13
4
-6
10
12
8
-2
-8
-22
7
27
23
16
22
41
32
-6
-29
-37
-30
-37
-48
-34
-45
-36
-42
-44
-24
-3
2
-24
-24
-5
4
-2
-13
-24
-29
-33
-35
-39
-15
-9
-6
16
-3
-26
-30
-17
0
-5
-12
-3
24
37
38
11
24
27
40
26
5
32
66
46
6
8
20
26
12
-17
6
37
68
58
45
72
85
88
44
20
37
43
33
22
-2
-2
1
3
-5
-11
8
23
19
3
0
12
45
61
37
35
19
14
27
12
10
23
33
14
1
8
29
47
34
32
16
39
42
52
43
39
69
66
44
29
57
40
29
10
-12
-1
4
-8
-41
-74
-71
-61
-46
-40
-38
-3
13
-11
-26
-30
-31
-43
-68
-75
-53
-33
-48
-88
-102
-65
-38
-42
-46
-35
-25
12
23
20
-1
2
33
23
6
-31
-15
-1
-45
-70
-93
-104
-96
-98
-99
-93
-84
-78
-62
-63
-42
-21
-6
-3
-5
-22
-25
-29
-54
-53
-62
-43
-32
6
14
34
18
13
3
6
38
57
63
60
55
71
62
45
30
23
48
48
43
20
2
-12
5
-4
-23
-47
-43
-19
-14
-29
-30
-13
5
-1
-6
1
0
9
-3
0
0
20
32
8
16
17
27
44
34
56
73
66
66
58
74
90
102
102
93
78
67
58
33
34
43
35
39
37
19
1
-9
-7
-5
-13
-11
1
28
40
46
37
48
62
57
64
48
38
48
25
8
-6
-16
-10
-22
-1
19
12
-2
-5
2
11
19
32
29
6
8
16
-2
-6
-8
-38
-36
-58
-76
-75
-71
-74
-89
-85
-112
-112
-95
-79
-67
-63
-66
-63
-33
-20
-21
-11
-10
1
3
0
-25
-31
-21
-28
-38
-30
-31
-23
-15
-16
-7
-1
6
-1
-7
12
18
-1
-10
-8
-17
-28
-31
-38
-33
-27
-32
-39
-33
-34
-26
-9
-14
-22
-34
-12
18
19
10
1
12
13
16
3
-14
-12
0
-1
-9
-19
-28
-27
-19
-19
-10
-4
-8
-6
-21
-20
-19
-19
-3
-7
-16
-12
-22
-16
-8
-15
-13
-8
-10
-13
-15
19
35
25
32
25
38
47
37
19
22
68
78
62
51
59
67
73
62
55
60
81
94
70
60
62
66
61
58
27
31
44
60
54
37
36
28
39
35
23
25
30
30
35
21
18
19
20
8
14
28
35
32
9
17
29
24
10
0
4
19
3
-13
-27
-23
-12
-19
-29
-35
-19
-6
0
-19
-19
2
0
-19
-22
-38
-51
-52
-77
-86
-89
-90
-91
-83
-73
-55
-52
-46
-44
-43
-23
-10
-9
-28
-28
1
13
-3
-15
-26
-26
-30
-31
-30
-20
3
-2
-6
2
6
20
24
26
16
10
21
13
-2
-25
-22
-43
-50
-53
-60
-44
-42
-34
-40
-48
-57
-31
-22
-16
-19
-14
-4
3
-1
-1
10
-3
0
-14
-22
-11
-12
-35
-32
-34
-27
-17
-25
-28
-12
-19
-7
4
6
3
4
12
14
4
-5
-1
-7
3
-10
-22
-3
6
28
32
30
42
54
68
64
75
95
107
94
92
105
90
68
53
40
43
53
47
36
35
42
44
40
36
33
25
20
25
38
41
32
21
7
-11
-24
-37
-26
-15
-9
-2
-14
-2
10
6
-1
12
13
15
18
14
9
4
12
22
18
20
17
16
23
9
12
-9
-5
0
-4
-5
-24
-32
-26
-18
-29
-34
-35
-27
-18
-13
1
-7
-2
5
1
-11
-15
-25
-21
-22
-29
-37
-46
-42
-33
-46
-50
-48
-27
-19
-24
-13
-4
-4
-12
-13
-27
-31
-26
-24
-26
-18
-2
-8
-20
-28
-25
-13
-17
-17
-16
-13
-20
-14
-9
-18
-21
-15
-8
-10
-12
-18
-21
-11
-17
-28
-31
-32
-30
-22
-22
-17
-7
0
-5
-6
-9
-20
-21
-16
-7
-23
-37
-28
-19
-3
-4
-10
-4
8
10
2
0
5
2
12
7
15
21
19
19
24
41
38
30
37
42
46
44
30
19
26
38
29
25
21
26
32
35
44
36
27
24
27
34
32
16
17
12
19
28
21
21
31
25
29
24
10
14
29
28
35
38
38
44
48
46
37
32
32
31
20
18
-1
-10
-1
-2
-1
9
4
3
-2
5
3
-2
9
-1
-14
-21
-23
-24
-15
-3
0
2
-3
-8
-6
-6
-12
-26
-35
-24
-6
-8
-1
4
5
7
10
11
-5
-20
-24
-19
-23
-24
-38
-47
-46
-53
-55
-53
-56
-53
-49
-41
-34
-30
-22
-26
-26
-22
-24
-34
-35
-26
-18
-17
-30
-31
-29
-26
-33
-38
-26
-14
13
22
25
26
36
40
27
14
7
-4
-17
-24
-32
-38
-41
-48
-47
-41
-37
-45
-48
-33
-26
-23
-25
-22
-12
0
10
8
-1
-2
-12
-14
-4
-10
-5
2
10
7
3
3
14
28
43
42
32
46
46
53
54
48
43
43
43
51
35
33
41
38
41
32
22
24
27
28
33
22
26
37
25
18
21
24
26
21
20
24
23
22
25
15
18
16
17
9
2
6
10
11
15
22
22
35
38
32
23
22
19
14
1
-12
-13
-15
-6
-14
-15
-15
-23
-10
-15
-12
-8
-17
-21
-13
-11
-8
1
-4
8
10
12
3
-5
-9
-11
-19
-31
-30
-32
-26
-16
-23
-15
-8
-9
-2
7
21
27
26
26
23
19
24
19
8
7
-3
-11
-12
-21
-23
-31
-35
-39
-29
-19
-21
-23
-29
-30
-36
-28
-23
-20
-21
-24
-30
-24
-16
-19
-36
-51
-38
-34
-29
-35
-26
-22
-27
-25
-23
-16
-17
-11
-10
-19
-24
-21
-21
-28
-32
-33
-34
-32
-33
-26
-23
-11
-5
-12
-17
-19
-20
-17
-16
-13
-2
-13
-8
-7
5
12
2
-1
-3
7
18
15
19
11
16
29
37
32
36
36
28
27
23
25
33
38
46
35
28
28
28
23
19
24
26
33
33
31
32
47
57
55
52
63
62
58
54
47
53
37
34
29
15
26
23
16
6
-7
-2
-4
-17
-15
-10
-9
4
3
-5
0
7
13
17
13
16
23
22
22
14
12
18
6
-11
-10
-11
-8
-5
-10
-10
-1
0
-1
-4
-6
-2
2
9
9
15
7
6
7
-1
-7
-18
-17
-23
-21
-25
-24
-24
-25
-12
-20
-21
-16
-12
-6
-8
-4
5
2
-7
-13
-21
-20
-26
-40
-48
-58
-47
-34
-45
-47
-41
-38
-37
-33
-24
-16
-19
-21
-26
-24
-14
-20
-22
-21
-19
-19
-9
-9
-10
-13
0
17
17
0
-1
1
-6
-11
-25
-29
-31
-21
-17
-19
-31
-38
-36
-34
-38
-29
-11
2
0
-3
6
13
9
5
11
11
9
12
14
16
6
9
18
18
18
20
32
33
39
39
43
48
41
36
32
38
31
25
16
1
2
-1
-10
-14
-7
0
5
-3
2
7
10
14
12
16
20
29
28
21
16
4
-1
4
3
-10
-5
-4
-10
-3
-5
1
1
12
11
14
28
39
45
43
39
40
37
27
21
24
27
31
24
16
12
2
6
-3
-5
8
17
17
8
16
20
18
19
22
19
19
21
15
9
-5
-8
-17
-23
-23
-21
-16
-19
-22
-24
-27
-15
-10
-4
-4
-5
2
-3
0
-3
5
5
-8
-20
-23
-21
-17
-29
-32
-36
-35
-35
-41
-36
-27
-18
-17
-8
-22
-16
-8
-8
2
-3
-7
-8
-6
-16
-23
-22
-23
-22
-27
-23
-17
-12
-2
-13
-19
-10
-6
-6
-11
-9
-5
-4
-14
-12
-11
-12
-16
-25
-29
-27
-23
-23
-20
-19
-14
-9
-6
-15
-11
-4
0
-1
-1
0
1
-1
-1
0
2
3
8
14
4
12
11
8
8
5
8
15
23
14
9
1
9
14
7
1
10
11
18
11
7
11
4
11
6
17
26
35
39
37
41
38
30
33
38
37
39
37
29
36
34
31
34
28
22
24
22
21
14
9
12
7
12
10
4
9
11
-4
-9
-6
-13
-9
-10
-15
-15
-14
-14
-21
-19
-17
-21
-18
-10
-8
-3
-7
-4
-2
0
5
-1
-5
0
2
-2
-3
-2
-7
-10
-7
-13
-7
0
11
17
8
19
23
12
13
5
3
-8
-14
-14
-19
-19
-21
-30
-29
-24
-29
-20
-7
-4
-3
4
3
10
13
1
2
2
1
-6
-13
-14
-12
-19
-22
-11
-9
-12
-10
-10
-15
-15
-8
-6
-13
-19
-18
-18
-24
-26
-34
-39
-33
-33
-40
-42
-35
-33
-30
-27
-25
-19
-13
-15
-17
-10
-2
8
8
0
10
16
20
11
11
12
17
23
17
15
15
21
24
20
16
19
24
27
20
11
14
22
21
11
2
4
7
7
3
5
19
32
26
16
10
14
16
13
4
4
10
16
14
5
6
4
5
1
-5
-3
8
13
10
2
6
15
16
13
7
7
19
16
6
3
3
14
12
-5
-10
-10
1
1
4
8
10
21
22
21
17
20
19
15
5
1
1
2
0
-2
-4
-10
1
0
-3
3
1
9
9
-1
3
11
13
11
7
8
19
11
1
-7
-4
6
-4
-6
-9
-10
0
6
0
-1
-2
6
4
-7
-4
-8
-10
-14
-30
-32
-32
-28
-21
-36
-36
-36
-42
-38
-44
-47
-38
-30
-34
-33
-26
-21
-17
-18
-24
-20
-8
-5
-7
-19
-13
-11
-20
-18
-22
-16
-5
-5
-8
-5
-7
1
8
-3
-2
1
5
3
-9
-1
-1
3
5
1
-1
7
12
11
4
3
1
2
7
4
10
8
4
6
9
11
15
8
5
6
4
1
1
-1
-3
1
6
3
1
4
13
16
12
11
16
18
16
14
14
13
18
20
23
24
21
20
21
19
14
20
17
19
16
12
23
29
28
27
26
26
23
16
11
13
9
6
3
1
4
7
10
7
4
2
5
2
1
0
1
2
0
0
4
7
5
5
8
1
8
9
2
-1
-8
-14
-13
-13
-11
-19
-21
-18
-8
-12
-15
-10
-12
-6
3
8
10
7
15
21
25
25
20
12
2
-1
-6
-12
-17
-19
-17
-13
-6
0
-2
-1
-5
-3
-7
-13
-8
-8
-6
-5
-3
-8
-17
-19
-25
-32
-37
-44
-46
-42
-35
-30
-21
-25
-22
-22
-18
-15
-19
-16
-10
-3
-9
-10
-19
-16
-9
-9
-12
-10
-7
-2
-4
-7
-10
-17
-18
-17
-24
-26
-25
-25
-21
-25
-23
-19
-19
-21
-18
-18
-13
-15
-7
1
5
15
15
18
15
14
16
16
16
28
31
31
35
30
33
41
40
38
38
41
47
45
49
40
41
37
34
28
19
12
8
6
-1
1
5
4
9
12
12
19
12
14
19
23
22
18
12
12
9
5
3
-7
-4
1
-7
-7
-4
-3
-1
-1
2
-1
3
13
17
22
21
19
23
21
22
17
5
3
5
-6
-18
-18
-23
-24
-24
-19
-22
-17
-18
-19
-15
-12
-7
-11
-12
-13
-13
-14
-21
-23
-16
-14
-19
-20
-10
-7
-7
-6
-7
-8
-1
-1
0
-3
-1
3
12
15
14
6
3
0
-1
1
-4
-7
-9
-10
-14
-13
-14
-18
-19
-24
-18
-12
-15
-10
-18
-19
-22
-20
-22
-18
-9
-14
-11
-12
-11
-9
-10
-18
-17
-20
-14
-11
-12
-9
-4
1
-1
-3
-1
-1
-3
-2
-5
-3
-6
-9
-5
-2
1
9
13
6
1
-2
6
5
2
4
3
7
12
17
18
12
15
17
15
12
10
13
12
15
11
15
17
14
19
15
19
20
22
26
23
22
21
19
17
16
10
11
14
18
18
21
25
22
21
21
16
17
19
16
15
15
14
10
8
11
6
7
8
8
11
15
10
2
-2
-2
-3
-2
-2
3
-2
-6
-1
-8
-11
-16
-19
-19
-21
-17
-13
-16
-13
-4
-4
-4
-7
-4
5
-2
-16
-12
-11
-12
-7
-7
-5
-2
-3
-14
-23
-22
-18
-13
-12
-8
-4
-1
2
3
-3
-1
2
-6
-6
4
5
0
-9
-12
-15
-20
-17
-24
-24
-18
-10
-8
-7
-12
-12
-9
-13
-15
-23
-25
-20
-16
-14
-15
-20
-24
-29
-31
-27
-20
-16
-13
-2
6
7
6
7
5
3
1
0
-2
-2
-9
-15
-20
-24
-28
-27
-18
-20
-20
-22
-19
-6
-3
-1
7
14
23
28
22
20
19
15
18
15
18
23
29
29
22
10
14
19
25
34
34
35
38
41
41
33
30
32
29
24
17
11
12
4
3
9
7
12
5
1
3
14
21
24
19
18
20
18
28
23
23
25
24
17
18
14
19
20
8
-1
1
3
0
-2
-8
-2
3
-1
3
3
6
4
0
-10
-11
-9
-8
-10
-14
-14
-15
-15
-15
-18
-23
-16
-15
-16
-19
-10
-5
-1
-3
-2
0
0
3
-2
-11
-12
-11
-14
-17
-23
-23
-20
-17
-22
-14
-15
-11
-6
-11
-3
1
2
2
1
0
1
2
-6
-6
-10
-10
-6
-11
-18
-25
-25
-21
-25
-28
-21
-16
-11
-14
-18
-15
-11
-10
-18
-25
-21
-18
-19
-21
-23
-22
-22
-21
-20
-17
-10
-8
-6
-16
-17
-22
-15
-11
-14
-14
-12
-7
-3
-2
-2
0
4
12
7
5
5
7
6
5
9
10
10
6
12
15
20
22
21
14
12
17
18
19
21
26
21
21
18
14
16
18
19
17
16
22
25
26
28
23
26
27
24
28
23
23
26
20
20
20
18
20
17
14
19
21
25
17
21
26
19
17
14
13
13
15
12
7
5
0
5
-1
-6
-1
-9
-2
0
0
4
7
6
7
4
0
0
3
7
0
0
3
-1
-5
-9
-13
-17
-18
-17
-16
-14
-9
-8
-7
-5
-5
0
-2
-9
-9
-6
-5
-4
-12
-10
-15
-17
-21
-23
-21
-23
-18
-22
-23
-16
-12
-12
-12
-9
-13
-16
-14
-15
-18
-18
-20
-27
-29
-29
-38
-34
-41
-41
-35
-29
-25
-20
-17
-14
-13
-10
-7
-14
-14
-13
-7
-5
-6
-9
-9
-2
1
-2
-8
1
6
8
13
19
27
28
30
33
30
28
24
19
8
6
3
-4
0
-6
-4
-2
-6
-6
-2
3
1
8
13
21
24
22
19
12
8
1
2
-2
0
10
9
12
8
6
7
5
6
5
2
4
8
15
14
13
12
14
15
10
6
-3
-5
-8
-7
-4
-5
-8
-6
-4
-5
-2
3
6
4
6
12
10
9
14
16
10
9
3
-4
0
1
4
6
11
17
10
10
8
12
14
12
15
17
24
31
33
25
25
23
21
20
13
9
9
6
4
-2
-3
1
-1
1
0
-2
-2
-5
-4
1
6
7
5
1
1
-11
-8
-18
-25
-26
-32
-33
-28
-31
-33
-31
-29
-24
-20
-22
-15
-5
-5
-3
-3
4
2
0
-7
-9
-17
-17
-15
-17
-21
-24
-25
-27
-24
-27
-22
-18
-12
-4
-3
-3
-4
-1
-6
-7
-10
-15
-11
-16
-19
-26
-32
-27
-22
-17
-13
-8
-5
-4
-6
-6
-9
-10
-4
-4
0
6
5
4
5
6
-1
0
-1
-4
-2
2
3
3
7
7
10
10
7
15
22
23
26
24
26
26
24
21
18
20
18
13
12
14
17
16
21
16
19
18
20
25
24
29
26
17
17
19
20
21
20
17
9
13
11
12
7
5
13
8
11
14
19
22
15
20
21
12
15
15
11
8
6
5
1
4
2
1
5
4
5
2
1
1
-3
-3
-3
-4
-3
2
-7
-9
-13
-19
-19
-24
-25
-24
-21
-20
-14
-16
-10
-6
-5
-7
-8
-9
-9
-8
-15
-9
-11
-13
-20
-23
-18
-21
-23
-26
-27
-25
-23
-22
-18
-16
-14
-10
-10
-12
-9
-5
-7
-11
-14
-10
-9
-22
-20
-20
-20
-20
-24
-22
-26
-21
-18
-11
-7
-5
2
-2
-2
-1
-3
-6
-8
-5
-1
-6
-8
-12
-7
-5
-3
1
0
6
2
4
9
14
13
11
7
2
3
1
4
1
-2
-4
-7
-6
-5
-1
2
2
-5
-1
6
8
16
22
24
28
26
25
29
24
21
22
19
17
17
20
21
23
20
14
13
12
14
14
17
18
22
24
19
21
21
21
22
20
14
9
4
6
5
8
9
8
8
8
12
13
17
23
21
19
17
18
15
17
14
8
4
4
8
6
3
-5
-3
-12
-14
-12
-6
-4
-1
7
4
3
8
9
4
2
-4
-7
-12
-15
-12
-12
-8
-9
-9
-5
-8
-2
0
-3
-8
-13
-17
-13
-17
-19
-15
-16
-13
-13
-20
-18
-9
-8
-13
-14
-19
-15
-17
-17
-14
-20
-15
-19
-22
-22
-19
-15
-13
-13
-11
-6
-10
-13
-11
-10
-9
-13
-16
-19
-21
-19
-20
-26
-32
-32
-33
-29
-23
-15
-13
-10
-13
-11
-8
-10
-10
-13
-16
-14
-7
-9
-10
-10
-7
-7
-1
6
4
5
8
7
8
12
10
8
8
5
4
3
1
0
-1
-1
3
5
9
9
15
14
14
13
16
19
15
21
20
27
26
19
20
16
16
20
19
21
21
22
23
21
24
28
34
28
28
26
26
23
23
26
21
24
21
20
22
19
11
9
11
12
14
10
4
-1
0
3
5
1
2
10
3
-1
0
3
0
0
-4
-2
1
-3
0
0
-2
3
5
5
2
4
5
10
6
1
-3
-5
-6
-10
-2
1
2
-3
-5
-4
0
-3
-9
-11
-10
-10
-6
-10
-11
-10
-7
-7
-12
-14
-12
-12
-12
-6
-6
-7
-2
-7
-7
-8
-13
-9
-15
-20
-23
-20
-16
-8
-8
-7
-8
-9
-3
-6
-5
-10
-12
-16
-23
-23
-20
-21
-27
-27
-29
-28
-27
-27
-21
-17
-11
-8
-8
-11
-12
-9
-9
-8
-8
-10
-12
-9
-10
-14
-11
-8
-4
-2
0
-1
0
2
3
3
-1
3
2
2
-2
-5
-4
-5
-8
-4
-5
-7
0
3
6
9
7
7
11
18
24
19
18
17
14
12
15
17
17
21
21
24
26
27
27
27
26
26
20
20
23
20
23
21
15
11
11
10
11
10
8
12
10
12
11
10
9
3
0
-2
-1
-1
-2
0
-1
4
4
2
-1
-1
4
3
2
-4
1
-3
0
6
7
6
2
1
1
2
1
5
5
3
2
3
4
3
-4
-5
-6
-8
-5
-4
-2
0
-3
-5
-1
-4
-8
-9
-4
-4
-11
-11
-13
-14
-13
-11
-11
-12
-7
-6
-6
-6
-3
-5
0
-2
-3
-6
-4
-1
1
-2
-6
-4
-9
-6
-1
3
3
2
4
2
-1
-2
-3
-1
0
-2
1
-2
-10
-10
-10
-13
-15
-16
-14
-14
-13
-11
-10
-14
-10
-5
-9
-6
-2
-3
2
0
-2
-6
-9
-9
-11
-11
-8
-5
-7
-5
-5
-2
-5
-7
-5
-6
-8
-6
-5
-7
-8
-4
-1
-6
-8
-8
-7
-4
-4
-2
1
4
7
8
4
7
9
12
11
11
13
8
7
5
6
4
4
8
9
11
8
9
15
21
18
14
15
11
10
14
13
12
21
17
15
12
12
16
14
10
11
9
12
13
14
18
19
21
18
14
15
14
12
16
15
11
7
3
4
4
-1
-4
1
1
-6
-6
-8
-8
-10
-6
-4
-4
-3
-2
-1
-4
-4
-6
-3
-6
-3
-3
-8
-7
-14
-17
-20
-21
-17
-20
-20
-20
-17
-11
-10
-8
-11
-11
-10
-8
-6
-4
0
0
-1
-6
-3
-3
-7
-9
-12
-11
-6
-8
2
5
6
6
2
0
0
-1
-4
-4
-2
-3
-12
-11
-12
-12
-10
-12
-10
-10
-6
-1
0
-5
-7
-3
0
-6
-7
-8
-8
-5
-4
0
-5
-2
-2
-5
-3
-2
1
0
4
7
5
6
14
11
14
13
12
8
-1
-11
-11
-13
-15
-14
-16
-15
-17
-13
-14
-14
-13
-12
-4
-1
6
10
3
5
5
10
4
-3
2
7
8
13
15
10
11
8
9
15
21
24
25
30
33
37
40
36
31
34
37
30
22
17
13
14
16
11
7
5
8
6
5
2
5
6
3
-1
1
5
6
7
1
1
0
4
1
-4
-9
-7
-7
-6
-5
-11
-10
-8
-8
-4
0
3
7
8
7
6
4
8
7
4
4
0
1
-6
-13
-9
-11
-11
-8
-11
-13
-10
-7
-8
-1
3
2
0
-6
-11
-10
-12
-17
-19
-21
-22
-27
-28
-27
-27
-29
-26
-30
-28
-22
-16
-11
-11
-9
-9
-2
-1
0
-4
-5
-4
-5
-9
-12
-16
-19
-18
-21
-20
-19
-14
-11
-8
-8
-7
-8
-9
-7
-6
-6
-4
0
-5
-4
-5
-7
-11
-10
-9
-10
-4
2
4
4
6
8
13
8
8
8
12
10
9
7
7
10
9
9
10
10
12
9
3
6
12
13
14
15
9
16
20
22
20
21
23
25
22
17
21
21
24
20
19
19
20
19
16
14
15
19
16
12
7
9
13
10
9
7
7
9
6
3
0
3
5
1
7
7
10
14
11
17
14
16
21
15
12
11
11
9
7
4
5
3
7
5
5
-2
2
-2
-3
-2
-1
-1
-7
-6
-5
-9
-9
-12
-9
-7
-11
-11
-14
-13
-16
-17
-18
-22
-24
-24
-19
-17
-18
-23
-17
-22
-22
-15
-18
-19
-21
-18
-17
-14
-12
-13
-14
-14
-14
-16
-17
-18
-14
-13
-17
-8
-6
-10
-10
-7
-9
-7
-10
-13
-11
-13
-12
-13
-10
-11
-18
-21
-22
-23
-24
-20
-20
-17
-14
-10
-9
-6
-2
-2
-10
-9
-4
3
3
1
2
3
0
1
4
4
10
10
21
23
23
25
26
29
25
23
18
14
13
7
5
4
3
7
6
10
7
7
4
3
4
9
18
22
23
21
23
21
15
16
11
9
11
12
17
13
14
10
7
2
8
12
16
20
21
25
23
23
18
16
14
13
12
9
9
8
4
6
3
-1
-4
-3
-5
-4
1
4
4
4
5
8
5
3
0
-5
-5
-8
-7
-5
-8
-11
-11
-14
-14
-10
-10
-10
-8
-6
-3
2
6
6
5
2
1
-3
-5
-8
-6
-8
-8
-7
-7
-6
-4
2
4
4
0
-4
-2
-2
-4
-1
-1
-4
-3
-1
4
4
1
-4
-6
-10
-14
-18
-16
-14
-11
-11
-15
-13
-17
-17
-13
-6
-4
-3
-2
0
3
0
0
-1
-4
-7
-12
-9
-13
-17
-18
-23
-25
-27
-26
-25
-20
-14
-17
-20
-20
-19
-19
-12
-15
-16
-16
-17
-14
-14
-15
-14
-15
-11
-10
-4
3
3
5
2
-1
-2
-2
-6
-5
5
8
12
11
7
7
10
11
10
11
12
10
10
14
11
15
17
18
18
19
25
29
28
24
24
21
24
27
22
21
22
26
22
17
14
12
14
16
13
16
21
21
17
8
9
13
17
15
15
12
18
15
9
8
6
10
5
0
4
5
8
11
12
10
12
11
12
11
9
10
3
3
4
6
7
6
2
0
-1
-2
-2
-4
-5
-4
3
2
-3
-5
-1
-3
-10
-6
-11
-16
-16
-17
-15
-19
-19
-20
-27
-30
-31
-33
-34
-34
-27
-26
-26
-23
-23
-29
-30
-30
-25
-27
-25
-22
-20
-18
-18
-19
-22
-20
-18
-18
-15
-12
-7
-7
-7
-3
1
3
3
-3
-7
-3
-3
1
-1
-8
-12
-12
-8
-6
-8
-5
-3
1
3
4
7
8
3
3
3
2
1
-2
-2
0
0
2
-3
-1
6
12
17
16
20
20
22
22
23
18
16
15
9
9
5
0
-3
2
4
3
5
5
9
13
14
9
7
11
16
19
23
26
24
21
19
16
17
19
20
22
25
29
26
25
21
20
17
20
26
23
26
21
18
15
17
17
15
8
9
10
6
9
5
4
-3
-4
-4
-6
-9
-11
-4
0
0
-2
1
3
1
-1
-1
-6
-6
-7
-7
-8
-7
-5
-11
-10
-12
-15
-15
-17
-8
-11
-15
-11
-13
-9
-8
-8
-6
-12
-22
-25
-28
-32
-31
-29
-27
-23
-24
-24
-24
-22
-23
-25
-25
-28
-29
-29
-32
-30
-28
-27
-30
-29
-26
-29
-25
-23
-23
-21
-14
-17
-21
-14
-16
-14
-19
-18
-12
-9
-8
-3
-5
0
7
10
12
15
14
17
21
