-18
-3
10
9
-1
-3
8
15
6
-1
-2
-7
-6
0
4
5
10
13
1
-2
2
10
10
-2
-4
1
0
-13
-8
-6
-8
-6
-15
-21
-13
-9
-12
-19
-14
0
-1
-5
-7
-12
-23
-17
-10
-10
-14
-18
-14
-16
-27
-26
-20
-25
-26
-21
-17
-17
-15
-15
-13
-13
-19
-23
-22
-21
-18
-22
-19
-11
-12
-14
-19
-20
-20
-19
-11
-5
-11
-16
-13
-5
2
2
-11
-19
-10
-8
-6
-12
-11
-8
3
11
9
5
2
7
8
9
15
13
8
8
12
18
21
16
12
20
25
28
33
37
30
22
30
36
34
24
21
24
25
15
3
10
17
19
18
12
9
7
13
4
-3
8
29
27
15
17
21
18
6
0
-7
0
6
15
16
8
4
6
6
7
17
21
15
0
4
16
19
14
13
8
3
11
18
9
-3
-1
-1
2
1
-2
-3
3
6
7
9
14
19
12
2
-8
-11
-9
-5
-1
-2
-6
-6
-7
-13
-13
-9
-11
-21
-23
-26
-26
-26
-24
-21
-14
-4
-13
-22
-28
-25
-17
-23
-27
-28
-26
-25
-27
-31
-30
-26
-14
-12
-20
-21
-13
-14
-23
-20
-17
-10
-12
-12
-14
-21
-22
-14
-9
-14
-14
-6
-5
-15
-16
-13
-13
-16
-17
-8
-4
6
3
-4
-5
-2
3
1
3
0
6
3
-3
1
12
14
8
7
6
2
-3
2
7
13
17
16
14
11
17
26
28
21
15
9
9
20
22
14
5
11
14
12
22
24
19
8
1
5
18
30
26
17
13
5
-1
-2
2
9
6
8
16
12
8
11
13
14
11
10
8
12
12
9
12
19
20
14
12
8
4
4
12
19
25
18
10
6
8
11
12
13
14
21
20
19
17
14
10
6
-2
0
-3
-4
-4
4
8
2
0
-2
3
2
-7
-12
-3
-6
-16
-21
-10
-4
2
-4
-7
-8
-17
-19
-23
-19
-20
-26
-26
-18
-12
-6
-7
-16
-22
-26
-30
-21
-19
-21
-20
-22
-13
-6
-11
-18
-28
-30
-21
-17
-25
-34
-35
-28
-17
-20
-19
-13
-17
-22
-24
-33
-30
-23
-14
-6
-5
-7
-2
0
-7
-12
-10
-7
-5
-3
-6
-15
-10
4
8
7
5
-1
-2
3
1
4
8
7
2
2
4
8
11
5
-3
0
-3
1
1
5
16
23
23
18
5
6
12
15
16
12
9
5
11
18
22
12
10
17
18
19
21
24
29
25
21
27
28
27
17
9
8
8
8
1
-1
4
9
3
-5
2
14
11
4
7
15
23
16
6
13
18
17
15
9
7
6
9
12
13
4
7
13
19
23
25
22
18
22
24
19
15
16
16
22
20
12
10
10
7
-4
-16
-18
-10
-3
-1
-2
4
3
4
1
0
-1
-3
-1
-7
-11
-8
-5
-17
-19
-21
-25
-28
-28
-24
-24
-23
-29
-30
-21
-13
-20
-28
-26
-18
-13
-20
-28
-30
-25
-24
-33
-29
-29
-31
-31
-31
-21
-23
-28
-25
-16
-9
-19
-17
-7
-6
-10
-6
1
-3
-8
-16
-10
0
1
-12
-18
-17
-12
-12
-8
-6
1
-1
-12
-15
-19
-9
-1
1
5
5
8
6
4
1
0
3
8
14
8
7
10
11
4
7
14
8
1
-3
8
18
15
14
15
6
2
-4
-8
2
9
11
9
1
-1
11
20
18
15
16
15
10
6
9
18
25
30
28
22
16
9
7
1
3
10
8
9
8
10
13
20
24
21
18
16
13
17
23
23
18
22
24
17
8
8
4
0
-7
-6
6
18
24
20
13
5
1
0
2
3
5
11
10
9
10
9
4
4
-4
-11
-2
-2
-1
5
13
17
13
9
6
0
-1
-7
-10
-10
2
16
22
10
-9
-14
-12
-12
-15
-17
-21
-20
-16
-14
-4
0
-5
-9
-10
-5
-19
-28
-20
-10
-8
-15
-17
-21
-24
-29
-33
-31
-28
-30
-33
-29
-23
-22
-19
-10
-11
-18
-26
-23
-23
-22
-15
-13
-17
-25
-23
-27
-28
-33
-28
-28
-33
-32
-30
-20
-8
2
-5
-4
-6
-8
-7
-5
6
9
9
4
-1
-1
3
1
3
-2
-15
-15
-4
3
14
22
24
20
16
19
18
17
16
12
8
14
26
23
15
16
26
23
17
19
19
26
27
36
40
35
40
40
36
37
30
20
15
11
12
8
-4
1
7
8
7
8
11
6
3
2
14
32
38
41
30
12
6
8
3
1
-2
-1
1
0
1
-2
-6
-4
3
11
14
12
15
16
10
8
9
10
4
4
9
8
-12
-20
-18
-20
-24
-21
-17
-14
-5
-8
-11
-11
-5
1
-2
-10
-8
-4
-1
-9
-16
-11
-5
-4
-11
-24
-26
-21
-10
-10
-15
-16
-16
-12
-13
-13
-6
-5
-13
-16
-12
-9
-10
-13
-10
-11
-21
-30
-32
-32
-37
-31
-13
-6
-18
-18
-17
-20
-17
-8
3
-3
-13
-18
-13
1
10
3
-11
-20
-21
-21
-18
-19
-16
-8
-8
-11
-3
-1
2
2
18
22
20
22
25
16
10
18
16
3
2
1
4
-1
-2
10
6
3
2
12
16
11
10
17
20
19
23
22
22
21
24
22
11
8
11
7
5
5
6
10
9
18
27
21
17
26
30
21
10
14
17
11
11
13
6
4
5
8
1
-8
-12
-9
-4
-8
4
22
22
16
14
13
6
3
3
1
-1
3
14
14
4
-2
-9
-12
-7
-1
-1
-3
-6
7
11
-7
-13
1
14
9
1
-2
-3
-9
-12
-8
-12
-17
-12
-8
-18
-23
-16
-17
-21
-20
-14
-7
-7
-6
3
2
-8
-4
-3
-4
-9
-8
0
-6
-16
-16
-11
-12
-9
-5
-2
-11
-11
-6
-10
-10
-1
1
-6
-5
0
2
7
9
4
-10
-17
-13
-13
-12
-17
-14
-7
-4
-13
-6
2
-3
-4
-5
1
1
-4
-8
-12
-8
6
8
-1
-11
-14
-19
-29
-28
-13
0
0
-4
-1
-5
-11
3
14
4
-1
0
1
-2
0
10
8
-6
-15
-18
-17
-16
-15
-5
-3
-5
5
22
24
10
6
12
9
0
1
4
3
12
20
17
9
9
17
17
11
11
23
31
25
25
28
28
23
29
27
11
8
9
7
-4
4
24
21
4
-9
2
-1
-3
4
13
16
17
21
28
27
15
23
20
8
0
13
21
6
9
21
16
4
9
20
15
0
0
9
11
13
21
24
19
17
17
10
-8
-17
-6
-13
-15
-2
-2
-9
-16
-13
-17
-23
-22
-17
-15
-21
-19
-2
6
-4
-8
-10
-18
-30
-29
-23
-35
-36
-22
-18
-23
-25
-28
-38
-44
-37
-19
-18
-20
-13
-2
-6
-19
-19
-10
-21
-28
-17
-14
-18
-7
-1
-11
-18
-12
0
-17
-33
-24
-4
-2
-1
15
27
17
5
5
-2
-14
-17
0
2
-1
13
23
10
-5
-13
-18
-29
-31
-10
2
5
12
36
41
25
6
7
-8
-29
-19
2
16
15
17
25
16
-7
-17
-27
-37
-37
-17
3
13
28
41
44
26
6
-3
-21
-20
-7
9
14
26
50
51
35
20
6
-13
-25
-14
4
17
33
56
69
60
29
21
15
-4
-11
7
23
26
35
48
48
29
12
-4
-20
-26
-11
7
22
33
43
49
36
16
2
-11
-22
-16
-6
-1
4
27
48
25
1
-12
-21
-42
-48
-30
-8
9
18
29
25
6
-10
-13
-31
-50
-35
-11
-7
-3
14
19
0
-15
-24
-39
-54
-41
-15
-2
9
21
18
8
-6
-13
-26
-49
-46
-28
-10
-5
6
25
16
-10
-27
-33
-43
-51
-38
-16
6
20
24
19
1
-10
-20
-28
-42
-44
-23
-6
6
17
19
0
-28
-35
-45
-49
-40
-25
-8
6
13
14
9
-6
-21
-28
-34
-36
-24
-6
2
7
20
31
17
-6
-23
-37
-35
-18
8
26
33
30
32
29
2
-24
-30
-31
-35
-19
11
35
39
42
34
7
-14
-20
-18
-17
-5
22
51
53
44
41
28
-5
-25
-13
-2
0
21
52
58
60
64
53
17
-13
-13
-4
10
23
41
52
48
45
44
15
-17
-20
-13
-12
-4
32
60
60
62
55
33
-6
-25
-22
-12
-7
14
43
50
44
36
26
-6
-34
-35
-25
-20
2
36
54
46
42
32
-5
-48
-64
-50
-34
-18
2
21
18
7
2
-14
-49
-67
-56
-44
-40
-8
31
36
26
14
-6
-46
-77
-73
-60
-47
-24
0
7
-1
-4
-15
-45
-75
-77
-60
-41
-19
11
29
24
13
-1
-21
-45
-56
-61
-45
-27
-8
9
15
6
-9
-14
-36
-51
-48
-35
-12
11
33
46
38
24
10
-15
-41
-52
-38
-16
-2
12
24
28
18
2
-18
-37
-45
-25
-1
3
17
47
53
33
9
3
-8
-26
-24
-7
9
17
33
42
32
22
20
12
-6
-7
11
13
13
38
64
56
37
32
18
-12
-26
-10
12
18
33
50
50
31
16
9
-3
-16
-2
22
28
30
48
57
34
27
28
7
-14
-13
2
2
0
10
22
24
16
9
10
5
-10
-7
4
2
4
17
26
15
10
6
-13
-23
-27
-28
-26
-16
-1
4
3
-5
-6
2
-16
-27
-13
-8
-10
3
20
19
10
3
0
-15
-29
-31
-24
-21
-20
-7
9
5
-3
6
3
-17
-28
-18
-20
-27
-8
17
22
8
3
0
-18
-39
-40
-28
-24
-20
-3
13
7
-2
-3
-14
-35
-37
-31
-40
-35
-2
22
15
7
8
-12
-39
-50
-37
-21
-23
-17
7
16
8
8
2
-13
-27
-28
-17
-12
7
31
41
37
26
13
-18
-39
-41
-20
-11
-4
17
41
36
19
21
5
-28
-49
-33
-16
0
29
56
58
45
26
4
-26
-45
-35
-16
-5
12
34
41
25
10
4
-20
-49
-51
-22
11
30
54
60
47
17
-12
-23
-31
-29
-10
12
28
44
49
31
11
-2
-13
-31
-40
-20
20
48
65
82
78
47
6
-11
-22
-30
-17
-1
18
24
26
21
8
-13
-16
-19
-33
-28
-5
19
29
50
66
53
19
-8
-20
-26
-27
-20
0
18
23
28
23
7
-16
-30
-35
-31
-17
19
43
54
61
52
25
-9
-30
-37
-34
-30
-16
1
5
0
-5
-8
-30
-44
-32
-17
-5
11
29
35
26
9
-3
-14
-26
-28
-21
-14
-7
-2
-11
-27
-33
-30
-37
-41
-33
-24
-18
-3
20
31
24
0
-15
-23
-35
-48
-35
-14
-17
-16
-12
-24
-42
-44
-41
-47
-37
-18
-12
-9
8
20
16
-7
-17
-7
-6
-11
-1
18
9
-8
-11
-13
-22
-38
-40
-34
-18
-2
11
24
35
33
27
13
-2
-4
13
21
36
51
56
38
10
-4
-19
-28
-20
-4
17
37
42
49
48
31
17
5
2
12
24
35
45
52
43
15
-3
-9
-21
-29
-21
-10
5
25
47
63
50
31
13
-5
-19
-15
5
26
43
49
44
12
-19
-34
-46
-46
-38
-16
10
28
42
47
37
11
-16
-22
-26
-20
1
34
53
52
41
15
-19
-50
-61
-58
-51
-30
14
44
49
47
36
7
-27
-40
-38
-35
-19
10
38
42
36
20
-16
-53
-73
-72
-64
-41
0
43
43
24
10
-12
-40
-55
-51
-40
-18
9
35
45
29
7
-23
-55
-80
-79
-53
-35
-2
30
47
35
19
2
-24
-55
-67
-48
-27
-11
18
39
35
11
-18
-47
-73
-72
-51
-28
-9
25
55
46
12
-4
-23
-58
-61
-33
4
30
47
51
40
4
-27
-42
-56
-55
-21
14
25
36
49
32
-7
-28
-29
-41
-34
-1
40
66
78
74
56
10
-32
-44
-48
-42
-9
42
65
66
57
40
8
-21
-39
-54
-35
5
49
87
105
96
56
16
-15
-30
-28
-18
11
40
66
75
69
47
20
10
-10
-23
-8
19
43
63
88
91
61
13
-31
-52
-56
-45
-14
21
44
56
43
15
-22
-59
-78
-77
-58
-21
22
64
89
89
45
-17
-68
-97
-95
-50
6
40
63
55
21
-30
-58
-73
-79
-72
-45
-8
11
35
53
56
14
-35
-56
-73
-77
-44
6
25
17
2
-14
-45
-71
-66
-65
-68
-47
-10
18
33
44
39
7
-37
-65
-59
-46
-15
32
48
35
9
-21
-57
-79
-73
-57
-39
-14
16
45
62
44
9
-16
-34
-48
-49
-19
8
27
46
47
28
0
-23
-58
-78
-93
-70
-27
8
45
78
80
46
7
-27
-48
-60
-35
9
51
72
77
59
12
-35
-73
-97
-95
-57
2
52
79
97
98
61
12
-15
-22
-19
-8
25
65
102
103
82
56
15
-30
-56
-53
-23
13
56
89
101
84
47
2
-31
-29
-12
10
29
62
84
77
53
14
-23
-55
-74
-53
-22
14
36
53
52
38
22
4
-15
-33
-19
-14
0
12
29
40
33
27
6
-23
-38
-40
-38
-30
-21
6
21
22
15
9
1
-19
-24
-16
-7
0
1
-2
-12
-26
-37
-44
-47
-40
-30
-17
-2
5
13
5
-15
-32
-50
-46
-37
-16
18
33
28
17
-3
-34
-61
-68
-58
-45
-32
-8
19
37
43
29
13
-23
-62
-64
-45
-21
20
64
70
45
11
-29
-70
-82
-63
-28
1
23
45
41
18
-7
-28
-54
-62
-32
-2
18
46
73
63
11
-32
-53
-73
-71
-33
3
21
32
37
20
-6
-21
-26
-34
-41
-30
-12
-5
4
29
48
39
12
-9
-28
-45
-38
-6
14
32
41
44
42
30
15
-12
-35
-41
-36
-8
35
73
88
85
48
6
-32
-56
-48
-11
20
57
75
62
42
17
-15
-50
-56
-47
-24
18
66
92
89
71
44
4
-33
-44
-27
2
26
56
78
73
57
34
4
-19
-33
-24
-11
8
48
62
46
28
20
-2
-28
-34
-21
-15
-7
4
24
24
1
-18
-35
-52
-51
-31
-11
-4
12
26
18
0
-16
-24
-36
-33
-34
-26
-9
6
34
45
28
-2
-31
-58
-66
-57
-23
20
45
56
53
28
-6
-26
-47
-55
-43
-16
4
13
23
26
18
-2
-35
-56
-59
-48
-29
-10
11
15
10
3
-2
-8
-7
4
-4
-23
-26
-23
-18
-7
3
-3
-20
-33
-36
-44
-40
-33
-9
-1
-7
-5
0
-6
-9
2
3
-14
-25
-13
-5
2
9
2
-21
-41
-51
-50
-38
-20
-1
15
24
25
28
20
1
-9
-5
-18
-22
-2
19
27
28
27
4
-24
-32
-24
-12
10
36
45
45
41
48
39
15
11
26
32
28
35
40
27
-1
-8
5
14
19
22
28
22
15
14
17
12
13
18
21
20
31
44
41
25
15
8
-5
-4
12
23
17
6
4
-3
-15
-18
-3
12
12
11
22
21
11
11
15
-1
-20
-18
0
15
28
38
32
8
-17
-39
-62
-50
-27
11
39
43
46
45
29
9
1
-7
-30
-35
-16
4
20
22
28
19
-5
-23
-38
-51
-49
-32
-17
-7
10
35
21
-2
-11
-25
-47
-61
-49
-31
-21
-13
-3
-2
-14
-36
-40
-42
-43
-26
-6
6
9
7
-3
-25
-40
-47
-51
-46
-39
-25
4
12
0
7
7
-21
-52
-53
-53
-56
-38
2
37
55
41
12
-17
-50
-74
-80
-69
-49
-18
16
24
23
21
6
-31
-51
-45
-42
-33
-6
33
56
46
34
40
22
-16
-22
-13
-9
-4
17
36
34
38
39
21
19
17
14
17
24
44
52
48
52
62
45
18
10
16
16
12
20
38
43
36
43
50
38
18
9
6
3
17
40
60
76
71
45
11
-14
-25
-22
-9
15
42
65
63
56
52
35
-1
-22
-14
-13
2
36
58
61
52
36
-1
-32
-53
-53
-34
-19
-11
11
26
31
34
30
2
-31
-33
-33
-36
-27
-12
0
9
12
9
-2
-26
-54
-64
-68
-79
-80
-55
-48
-37
14
37
20
-7
-38
-93
-124
-109
-92
-58
-19
1
8
6
-33
-89
-118
-117
-96
-65
-16
18
25
14
5
3
-13
-36
-63
-74
-60
-38
-11
23
45
45
26
-5
-18
-26
-47
-63
-23
30
58
74
93
79
32
-11
-33
-34
-26
3
36
60
72
67
42
13
-1
-25
-45
-44
-31
-11
10
23
51
83
70
28
-14
-55
-98
-95
-58
-7
36
48
52
36
-6
-45
-73
-91
-92
-63
-10
37
77
105
88
50
36
17
-1
-17
-19
-4
16
53
91
110
99
70
49
28
1
-1
17
33
70
128
173
193
194
169
112
64
55
60
81
113
142
156
144
123
89
37
2
3
11
7
22
53
51
16
2
-18
-54
-88
-112
-126
-121
-101
-73
-73
-92
-115
-143
-160
-172
-171
-172
-184
-189
-157
-131
-117
-96
-84
-107
-149
-179
-200
-217
-193
-144
-114
-76
-45
-34
-37
-66
-94
-83
-70
-28
38
95
132
146
163
155
138
147
148
145
170
232
277
305
324
333
307
246
215
181
163
150
146
162
171
174
158
105
40
-24
-89
-155
-208
-219
-201
-195
-193
-183
-196
-260
-317
-350
-367
-375
-380
-372
-345
-316
-303
-282
-266
-285
-308
-292
-272
-282
-274
-241
-214
-188
-156
-137
-122
-84
-46
-19
0
44
121
175
196
212
217
220
249
319
386
424
486
578
662
733
747
692
593
531
521
526
565
617
628
584
521
457
388
293
185
78
-23
-76
-104
-128
-171
-222
-259
-311
-399
-494
-599
-705
-732
-685
-558
-446
-364
-269
-242
-296
-374
-462
-533
-553
-508
-366
-220
-102
-56
-114
-188
-234
-220
-181
-153
-114
-57
-28
-55
-103
-165
-245
-282
-207
-115
-85
-88
-124
-160
-175
-153
-95
-4
177
351
501
647
700
704
698
664
696
858
1030
1092
1037
954
910
888
921
969
960
888
703
484
316
188
111
127
123
77
5
-91
-275
-495
-704
-902
-1023
-1063
-1054
-1037
-1012
-989
-959
-927
-918
-887
-811
-738
-719
-654
-555
-545
-540
-527
-482
-360
-309
-285
-292
-384
-451
-481
-448
-334
-273
-230
-265
-382
-411
-378
-347
-297
-210
-165
-203
-291
-327
-322
-266
-172
-42
199
413
498
525
588
686
754
911
1102
1293
1409
1439
1620
1831
1834
1714
1558
1448
1396
1400
1506
1520
1349
1183
1026
890
817
697
527
245
-76
-235
-315
-470
-681
-872
-957
-1073
-1167
-1192
-1335
-1470
-1486
-1511
-1467
-1396
-1406
-1371
-1218
-1012
-836
-718
-731
-893
-964
-1003
-1011
-855
-643
-619
-696
-771
-867
-997
-989
-788
-509
-123
-3
-149
-179
-281
-626
-814
-566
-199
51
302
531
609
504
361
276
357
581
838
1225
1600
1790
1922
2069
2102
2120
2150
2160
2263
2553
2699
2463
2114
1865
1770
1834
1988
2016
1844
1397
708
221
110
58
60
79
-102
-359
-649
-1112
-1697
-2100
-2289
-2353
-2319
-2131
-2126
-2410
-2607
-2682
-2688
-2708
-2696
-2405
-2005
-1794
-1632
-1420
-1394
-1677
-1916
-1982
-1920
-1580
-1242
-1159
-1198
-1272
-1522
-1700
-1396
-881
-461
-70
45
-181
-307
-350
-480
-334
-64
28
109
367
543
688
818
872
812
915
1319
1788
2213
2444
2541
2817
2967
3067
3291
3821
4294
4307
4172
3864
3469
3052
2744
2677
2864
2856
2561
2076
1701
1373
915
675
385
-211
-747
-960
-1196
-1601
-2246
-2831
-3129
-3188
-3028
-2882
-2830
-2924
-3221
-3320
-3257
-3258
-3155
-2737
-2197
-1693
-487
329
-495
-1725
-2738
-3148
-2361
-1420
-846
-776
-1261
-1909
-2497
-2040
-1197
-982
-621
-573
-844
-494
-406
-1083
-1494
-1301
-1151
-933
-230
308
211
217
352
475
1188
1572
1461
1748
2636
3337
3634
4295
4432
4286
4901
5584
5814
5620
4938
4352
3930
3552
3618
3789
3556
2780
2017
1699
951
383
667
84
-1003
-982
-908
-1796
-2550
-2756
-3162
-3439
-3138
-2867
-3265
-3896
-4336
-4486
-4070
-3700
-3443
-2866
-2496
-2401
-1525
-305
-824
-2549
-3791
-4170
-3190
-1828
-1162
-1076
-2084
-3032
-3303
-3094
-1987
-1032
-447
-496
-1558
-1999
-2008
-2743
-3189
-2488
-1624
-1029
164
840
275
31
271
115
504
1769
2411
2358
2913
4017
4256
4227
4684
4941
5625
6555
6796
6198
4691
3450
3189
2964
3134
4030
4625
4130
3203
3221
2747
825
64
175
-756
-1358
-938
-1153
-1957
-2335
-3024
-3766
-3360
-2799
-3169
-3371
-3183
-3574
-3868
-4041
-4139
-3569
-2296
-374
1628
1913
-148
-2593
-3927
-4241
-3756
-2715
-2797
-3587
-3551
-3239
-2690
-1591
-1165
-1670
-2567
-2917
-2751
-2536
-2145
-2115
-2140
-1543
-728
-29
381
223
29
361
820
1228
1672
1947
2102
2861
3819
3897
4081
4804
5143
5667
7165
7943
6701
4800
3816
3695
3884
4311
4580
4151
3083
1981
1501
1397
959
923
1102
531
117
82
-1251
-3032
-3395
-3396
-3544
-2994
-2224
-2558
-3457
-3769
-4095
-4425
-4104
-3778
-3321
-2183
-834
1270
2138
-93
-3161
-5198
-5534
-4292
-2486
-1324
-1803
-3278
-4451
-5272
-4804
-3375
-2973
-2889
-2635
-2561
-2615
-2722
-3068
-3518
-3056
-2511
-1830
340
1544
398
107
966
1199
1569
2393
3101
3574
4539
5048
4411
4643
5081
5275
6592
7764
7765
6406
4722
4621
4603
3804
3580
4102
3695
1849
1439
2494
1434
-329
-79
-27
-1244
-1481
-1044
-2181
-3570
-3696
-4166
-4636
-3881
-3596
-3883
-3569
-3221
-3170
-2821
-2953
-3265
-2043
406
2330
2467
178
-2655
-3921
-4067
-2960
-696
39
-2108
-4066
-4686
-4887
-4204
-2854
-2237
-2200
-1614
-1290
-1811
-2940
-4122
-4862
-4653
-3190
-1233
247
722
461
165
511
1014
1403
2267
3092
3982
4582
4258
3949
4215
4967
6374
8294
9239
7757
5285
3920
3584
3401
3539
3767
3308
2429
1989
2248
1747
-9
-847
-1131
-1785
-762
849
204
-2413
-4187
-4708
-5480
-5478
-4167
-3282
-3111
-2689
-2431
-2217
-2178
-2435
-2718
-1777
1584
4517
3997
736
-2563
-4079
-4113
-2392
421
691
-2200
-4619
-5062
-4653
-3591
-1877
-1478
-2991
-3547
-2795
-2979
-3800
-4702
-5592
-5343
-3967
-1549
447
450
-473
-520
531
1310
1623
2167
2507
2851
3368
3803
4539
5610
7316
8656
8491
7302
5646
4142
3226
2973
4120
4887
3645
2161
1354
1506
1708
601
-632
-1229
-1589
-1388
-845
-1106
-2528
-4640
-6320
-6132
-4278
-2494
-2177
-2356
-2751
-3550
-3702
-3418
-3357
-2149
1283
4303
5167
4069
1088
-2237
-4287
-3604
-925
949
760
-1396
-3389
-4029
-4031
-2893
-1439
-1490
-2078
-1867
-1883
-2716
-3483
-4905
-6744
-6132
-3426
-1486
-367
658
677
463
771
813
1004
2227
3527
4053
4487
4397
4121
5698
8207
9459
9125
7400
5481
4733
4395
4303
4991
4637
2440
679
916
1428
751
296
-335
-2021
-2434
-1656
-1852
-3107
-4340
-5692
-6686
-5775
-3930
-3367
-4182
-4745
-4334
-3779
-3687
-3879
-3587
-1523
3213
6591
5018
1306
-1916
-3501
-3087
-539
2824
2629
-577
-2304
-2637
-2373
-1567
-803
-452
-1522
-1974
-1375
-2667
-4655
-5447
-5842
-5958
-4215
-1273
-248
-1841
-2251
-820
-192
148
483
1153
2627
4777
5868
4549
3438
4441
7263
9367
9348
8941
7628
4924
3285
4178
5550
4779
3040
2108
1725
2392
2257
-629
-2693
-2843
-3571
-3120
-1095
-1499
-4581
-7069
-7835
-7758
-6374
-4592
-4961
-5791
-5135
-4530
-4406
-5290
-6002
-3115
1873
3573
2973
2596
288
-2307
-1855
1408
4399
4021
1019
-1379
-1362
-534
-635
-172
581
-415
-266
1203
184
-2329
-4097
-5971
-7126
-4744
-907
-308
-1677
-1549
-1200
-841
-289
-238
706
3029
4935
4726
3602
3008
3154
5197
8193
10292
10551
8411
5896
4749
4404
4741
5315
4452
2221
1960
3943
2970
-652
-1752
-2167
-4111
-3730
-656
-554
-4725
-8090
-8879
-8969
-7917
-6103
-5559
-5651
-5579
-4979
-4659
-5830
-6081
-3424
-598
-216
95
1216
555
-1136
-1218
739
3299
4151
2620
1592
2467
1973
288
597
923
-20
442
2306
2257
733
-897
-3831
-5770
-4273
-2282
-2019
-1877
-1607
-1827
-1507
-1515
-2083
-567
2586
4116
3910
4239
4268
4303
6522
8893
9351
8230
7002
6393
5382
5156
6450
7050
5233
2639
2987
4506
2864
886
667
-1445
-4122
-3535
-2055
-2681
-4454
-6270
-8430
-8825
-7014
-6849
-7615
-7306
-7430
-7868
-7838
-7976
-7579
-4904
-2210
-1774
-1375
-88
-35
-1129
-1627
-370
1912
2791
2045
2171
2876
1780
722
1447
1687
1191
1937
2607
1898
2008
1181
-2859
-5175
-3432
-2138
-1938
-550
233
-458
-704
-1129
-2113
-915
2066
3046
2021
2139
3582
5648
7644
8421
8221
7009
5969
6318
7098
7738
8431
8144
4956
1684
2664
4607
3592
2599
2627
667
-2199
-2624
-1721
-2855
-4997
-6921
-8038
-7127
-6169
-7036
-7666
-7509
-8006
-8408
-8565
-8339
-6235
-3048
-2011
-2971
-3002
-2475
-3020
-3609
-2410
152
1747
1345
984
1950
2859
2428
1975
3051
3941
3401
2639
2088
1935
1740
-388
-3061
-3022
-1063
-111
312
1275
1090
-444
-1524
-2068
-1936
195
2525
2670
2006
2769
5549
8296
8864
7796
6530
6197
6023
5194
5119
5857
5703
4631
3729
4673
6315
5644
3425
2294
1951
366
-1965
-2744
-2313
-3134
-4884
-6550
-7485
-7021
-6955
-7187
-6359
-5846
-6934
-8927
-9801
-7396
-3729
-3983
-6988
-7216
-4498
-2641
-2362
-1345
-70
-328
-944
-228
1477
2557
1559
-90
-124
1789
3663
3238
1508
1760
3256
2265
-296
-994
-368
-748
-741
1026
1977
959
-465
-1249
-496
2318
4709
3770
1491
1353
4014
6983
7906
7069
5215
3827
4078
4884
5931
6892
6236
4055
2555
4467
7219
5684
2548
2096
1779
145
-545
-715
-1743
-2818
-3129
-3692
-4655
-4975
-6452
-8590
-7807
-5644
-5516
-7496
-9257
-8635
-6414
-5006
-4889
-4635
-4011
-3920
-4202
-3639
-2161
-1314
-2456
-3427
-672
2796
2292
117
-222
1313
3175
4151
3454
2569
2552
1455
-338
-136
508
-390
-308
2358
4364
3550
1912
736
323
1942
4520
4833
2982
1655
3740
7225
7707
6126
5085
4584
3901
3493
5274
7516
6413
2553
-229
1519
4440
3538
1910
2486
2551
1276
726
560
-354
-2017
-3381
-3816
-3343
-3242
-5817
-8616
-7950
-5815
-5129
-5543
-5675
-5666
-5693
-5808
-6334
-5869
-4742
-5064
-5814
-5500
-3870
-2404
-2906
-3031
-750
1681
1309
-628
-567
484
910
1153
462
344
1930
1658
381
1114
1369
251
7
1691
3878
4012
2852
2009
2229
3416
3680
3063
3339
5571
8801
10028
7981
5079
3753
3153
2402
2575
4491
5433
2576
-1260
-1371
2049
3339
1617
1123
1861
1096
-464
-1022
-2087
-4584
-6650
-6366
-4209
-1708
-1368
-4171
-6479
-5327
-3292
-3956
-6185
-6577
-5273
-5035
-5728
-5456
-4637
-4947
-6381
-6089
-2831
-86
-903
-3481
-3932
-2230
-1506
-2861
-3090
-1005
-99
-518
61
968
559
-349
-287
617
1779
1830
949
-162
-709
850
3049
3400
3388
5254
7095
6306
5392
8002
11152
10508
7926
6840
6746
5008
1799
1341
4417
6059
4247
1240
124
806
312
-1136
-1665
-1757
-2206
-3105
-3749
-3384
-3806
-6566
-9016
-7667
-3042
-124
-1425
-3524
-3868
-4151
-5282
-5402
-3980
-3121
-3649
-4039
-2202
905
1109
-2490
-5645
-4259
-450
65
-2318
-3242
-2655
-3211
-4519
-3205
294
1649
165
-911
-286
-153
-2444
-4554
-3316
-800
587
1020
286
19
930
1599
2159
3828
6165
6407
5258
6549
10222
12359
10652
7417
6760
8678
9016
6304
4052
4388
4631
2269
235
1835
3030
-522
-4711
-4330
-2508
-3932
-6295
-6167
-4805
-5124
-7520
-10175
-10137
-7283
-5653
-5851
-4563
-2260
-2660
-5012
-5691
-4001
-1677
-1274
-1883
-581
2166
2276
-2158
-4872
-2292
183
-365
-1055
679
1916
-1056
-4490
-3377
-252
352
-1139
-1873
-1375
-1649
-3459
-5082
-4517
-2036
-437
-471
189
1356
1309
364
279
1869
4085
5656
7034
10055
13055
12496
9441
8180
9441
10327
9570
9030
8456
6258
2686
183
1393
3644
2440
-761
-2251
-2789
-3967
-5514
-7267
-8960
-9905
-10197
-10406
-10153
-9069
-9172
-10039
-8993
-6158
-3905
-3935
-5209
-5292
-3256
-1760
-1448
-399
1185
1846
901
61
1490
3112
2305
577
1280
3355
2304
-715
-1657
-856
280
251
-1214
-2027
-2395
-3973
-5436
-4623
-2106
-1062
-2220
-2769
-1773
-356
-131
-753
611
3446
4844
5658
9121
12882
12414
9768
9444
10916
11006
9906
9483
9634
9192
7100
4069
3323
4800
4671
2171
-98
-1502
-3679
-6720
-8080
-7931
-8682
-10303
-11549
-11528
-10591
-10028
-10503
-11099
-10046
-7001
-5079
-5408
-5690
-5147
-4966
-4816
-2652
1309
3734
2795
1218
2162
4546
4321
1943
1994
3642
3128
1402
1050
2138
2037
-400
-2285
-1373
-515
-2416
-4884
-5220
-4658
-4491
-4480
-4152
-3212
-2164
-1672
-1303
42
1915
3884
6872
9902
10769
10155
9857
9909
10219
11040
11881
11297
9692
8961
8462
7637
7291
7120
5886
3393
1150
-330
-2588
-5271
-6963
-8391
-9677
-9887
-9749
-9798
-9823
-10297
-11717
-12525
-11241
-9362
-8726
-7930
-6230
-5550
-5303
-3891
-2119
-1229
-1111
-224
1881
3477
4141
4057
3360
3297
3633
3622
3984
4050
4290
4475
3185
1374
-135
-1528
-2769
-3716
-3456
-2598
-3227
-4834
-5350
-4206
-2672
-1909
-1201
124
2276
5644
8109
8000
6845
6773
8024
9644
11103
12456
12796
11198
8888
7816
8154
8171
6934
5646
5343
5235
4240
1248
-2397
-4205
-5441
-7714
-9380
-9426
-9561
-10765
-11065
-10331
-10602
-11633
-11558
-10850
-9975
-8344
-7045
-6769
-6143
-4058
-2469
-3181
-3824
-1695
1119
2128
2890
4062
4376
2977
1583
2886
5201
5601
4396
3468
3799
3207
798
-1233
-2431
-2768
-1887
-1454
-2255
-3329
-4065
-3958
-3055
-1584
519
3069
5473
6145
4820
4197
5236
6578
8240
10439
12031
11528
9665
8004
7120
7794
8982
8082
5716
4304
4110
3565
1941
-67
-1933
-4260
-6608
-7538
-7720
-9012
-11264
-12277
-11102
-9169
-8362
-8923
-10180
-10873
-9931
-8357
-6360
-4485
-3979
-4009
-4242
-4257
-3143
-1535
-243
619
1964
4263
4337
1674
619
2258
3913
3768
3206
3735
3293
913
-843
-901
-589
-548
-709
-883
-719
-809
-2000
-3240
-2930
88
4745
7516
7150
5210
4189
4691
5742
7701
10567
12337
11396
8849
6887
6227
6409
6769
7016
7278
7183
5875
3351
1003
-595
-2730
-5876
-7416
-6240
-5662
-7740
-10244
-11289
-11633
-11342
-9202
-6934
-6983
-7766
-8172
-8404
-7615
-5835
-4827
-5457
-5228
-2605
33
1093
1186
1010
839
947
1384
2113
2783
2435
1173
1044
2875
4301
3326
1565
818
200
-637
-647
-705
-1619
-2315
-2120
-1617
-1068
19
3289
7102
7824
5698
4268
5183
5759
5774
7982
11095
11328
8888
7174
8041
8877
7487
5945
5559
5973
6286
4920
2608
692
-1605
-5349
-8283
-7984
-6637
-7168
-9012
-10409
-10751
-10341
-10195
-10618
-10793
-9742
-8398
-8044
-7468
-5585
-4250
-5264
-6129
-4204
-887
665
385
653
1620
1488
61
-256
1463
2792
1877
812
1662
2803
2060
391
126
810
939
407
-568
-1330
-1132
-954
-1353
-1145
652
4184
6798
6173
4303
3743
4576
5587
6510
8410
10332
9916
7514
6120
7989
10326
9544
7549
6748
6375
5633
4131
2730
2087
934
-1941
-5183
-6395
-6525
-8103
-10092
-10082
-9148
-9043
-9376
-9996
-10656
-10222
-9271
-9058
-8688
-6717
-4725
-5347
-6413
-4791
-1730
168
717
1634
2844
2779
1226
-234
24
1616
1972
1212
1645
3078
2732
480
-323
756
1209
233
-878
-648
563
357
-1149
-1456
1096
5841
8688
7686
5055
3730
3882
3654
3995
7036
10178
10087
7257
5505
7353
8973
7465
6092
7065
8264
7502
5073
2524
635
-1473
-4059
-5359
-4259
-3267
-5381
-8415
-9005
-8535
-8971
-9747
-10554
-10438
-8954
-8272
-8664
-8122
-6220
-5263
-6515
-6695
-4074
-1296
-277
-635
-375
1220
1307
-229
-170
1491
2201
1446
632
1191
2387
2124
667
178
1094
1301
-21
-1269
-1017
-18
-548
-2331
-1863
2713
7822
8820
6680
4450
4669
6173
6121
6358
8359
8992
6722
4357
5393
8790
9401
7134
5617
5669
6204
5421
3218
1570
644
-1363
-4090
-5191
-4336
-4795
-7506
-8944
-7874
-6999
-7639
-8659
-9456
-9541
-9156
-9775
-10178
-8070
-4466
-4055
-6230
-5659
-3739
-3192
-2374
-449
1162
1376
526
24
339
1210
1725
1494
1440
1787
2078
1934
913
159
803
1216
-75
-1160
-177
802
250
-7
1557
5506
8689
7444
4349
3403
4824
5128
4435
6937
10557
10025
6627
4844
6186
7468
6264
5535
5735
4964
4327
3788
1766
-352
-1320
-2820
-4894
-4962
-3496
-5007
-8671
-9796
-8518
-7755
-8167
-8993
-8965
-7740
-7214
-7851
-7650
-5743
-4514
-5807
-6013
-3139
-1040
-1500
-2290
-1084
957
1303
597
846
1891
2273
1192
241
699
1112
1080
887
895
1581
1744
501
-934
-747
1047
1613
475
828
4261
8128
8522
6258
4634
4987
6177
6649
7224
8788
9276
7381
4901
5161
7822
8608
6759
5688
5463
4831
3691
2227
983
-333
-2697
-6125
-7888
-6760
-6164
-8007
-9450
-9380
-9350
-9524
-9361
-9547
-9888
-9399
-8499
-7442
-5681
-3640
-3396
-5337
-5783
-3509
-1368
-156
980
1892
1757
587
-383
324
1743
1853
764
28
-214
-898
-1196
-883
-264
1106
2203
1293
-281
-50
820
470
360
2321
6308
9009
7780
4775
3047
3906
6056
7513
9324
11096
10357
7469
5191
5884
7688
7370
6481
6461
6169
5431
3688
1014
-1172
-2339
-3639
-6024
-7213
-6380
-7203
-9461
-10647
-10388
-9475
-9013
-9167
-9650
-9439
-9427
-10541
-10109
-7229
-5142
-5245
-4560
-2290
-481
875
1821
1775
1752
2147
2024
1270
1058
1498
1324
802
1337
2334
1932
225
-816
-113
942
745
-822
-1989
-746
1088
1039
966
3262
6979
8854
7858
6282
5348
5030
5289
6454
9100
11204
10256
7555
6539
7947
9167
8577
7438
6510
5825
5096
3317
729
-1180
-2506
-4023
-5138
-5185
-5400
-7730
-10188
-10496
-9827
-9483
-9859
-11219
-12113
-10995
-9611
-9625
-9298
-7103
-5193
-4985
-3592
-755
83
-785
-701
510
1649
1915
1308
868
918
1351
1956
2324
2124
1424
978
618
75
83
69
-1046
-2133
-1774
-236
732
522
736
3372
7935
10042
7812
4620
3689
4451
4909
6346
9732
11312
9446
7453
8346
10531
10014
7436
6188
6289
6611
6080
3928
1100
-1091
-2610
-3912
-4671
-4629
-5529
-7633
-8927
-9576
-9394
-8509
-9742
-12602
-12745
-10168
-9345
-10102
-8608
-5916
-6014
-7243
-5773
-3271
-2010
-1597
-678
1070
2415
2414
1790
1909
2957
3593
3062
2486
2502
1925
524
-496
-443
399
717
-95
-1572
-1887
-221
658
-156
907
5671
9499
8303
5316
4500
4965
4958
5466
8346
11334
10869
8266
7028
8638
10647
10027
8113
7317
7281
6875
5137
2558
747
-489
-1837
-2892
-2929
-3051
-5213
-8142
-9858
-9616
-8330
-8347
-10623
-12341
-11494
-10500
-11122
-11012
-8883
-7178
-7464
-7252
-4969
-3291
-3153
-3063
-2175
-221
1564
1668
1141
1697
2487
2257
1819
2089
2582
2273
1278
633
473
263
-484
-1420
-1423
96
1377
1100
756
2688
6585
8261
6562
4591
4399
5147
5278
6019
8919
11034
10231
8208
7460
8648
9420
8735
8317
8393
8415
7988
5704
2596
835
-692
-2544
-3698
-3671
-3586
-5139
-7554
-9794
-10759
-10138
-9795
-10822
-11379
-10516
-10093
-10714
-10049
-8070
-7374
-8200
-7415
-4966
-2920
-1980
-2463
-3083
-2361
-869
-546
-794
148
1542
2285
2283
2404
2552
1424
-543
-1020
106
539
-293
-1152
-976
336
1519
1426
1089
3294
7987
9823
7349
4273
3631
3969
3371
4437
8417
11311
10637
8836
9059
10957
10868
8487
6968
7126
7746
7396
5289
2889
1562
-205
-2626
-3728
-3040
-3585
-6389
-9124
-10805
-10886
-9440
-8911
-10136
-10864
-10071
-9862
-10312
-8911
-6101
-5456
-7153
-6994
-4781
-3242
-2967
-2873
-2084
-506
234
-246
-148
583
517
-218
-35
1676
2376
617
-933
-878
-234
-473
-1459
-1923
-1154
590
1837
2019
2214
4313
7517
8069
5898
3872
4361
5712
5617
6715
9639
10826
9216
7139
8204
11229
11377
9378
8170
7334
6802
6052
4164
2658
1519
-127
-1753
-2373
-2666
-4797
-7799
-10182
-11592
-10857
-9074
-9211
-10586
-10063
-8708
-9096
-9479
-7984
-6380
-6672
-7009
-5109
-3053
-2313
-2048
-1928
-1197
452
971
331
225
292
-214
-826
-337
616
356
-432
-707
-667
-413
-724
-2235
-3550
-3133
-1443
-307
-75
554
3104
7118
8887
7053
4493
4048
4649
5010
6705
9600
11093
10024
7966
8203
10720
11689
10436
9122
8371
7890
6453
3817
1813
803
-368
-2118
-2602
-1924
-3253
-6515
-9200
-9993
-9288
-8860
-9753
-11430
-11927
-11042
-10481
-9925
-8042
-5933
-5574
-6253
-5365
-3291
-2519
-2568
-1686
493
2592
2863
1872
1291
1221
1344
1211
644
106
-349
-1018
-1833
-1931
-1341
-1536
-2589
-2940
-1699
-369
-964
-2358
-1942
1701
6156
7374
5405
3645
3940
5129
5773
7384
10274
11345
9573
7506
8231
10684
10750
9123
9005
9730
10013
8389
5429
3421
2480
676
-1680
-2177
-1514
-3317
-7140
-9553
-10225
-10306
-9753
-9289
-10183
-11001
-10643
-10700
-11096
-9385
-6193
-5428
-6340
-5185
-3279
-3123
-3180
-1792
95
1090
1080
1550
2425
3048
3173
2143
699
0
-275
-1002
-1461
-663
-136
-1086
-2548
-3210
-2825
-2385
-2494
-2180
-596
2658
6562
7247
4107
1161
1117
2790
4658
7036
10014
11331
10155
8361
7986
9039
9712
9484
9100
8929
9310
8393
5317
3235
2952
1711
-586
-1815
-2185
-3643
-6526
-8714
-9293
-9250
-9446
-9620
-9537
-9589
-9704
-10268
-10230
-8059
-5371
-4897
-6113
-6168
-4931
-3937
-3434
-2147
-100
1283
1171
677
828
994
899
956
1377
1800
1950
898
-1001
-2047
-1911
-1947
-2599
-2586
-1326
-648
-1841
-3027
-2541
-600
3123
6422
6409
4559
3308
3482
4385
6048
8857
10690
10050
8369
7299
7873
8988
8869
8202
8014
8345
8103
5910
3520
2769
1246
-1600
-3168
-3000
-3443
-6124
-8140
-8151
-8354
-8948
-8429
-8022
-9236
-9955
-9406
-9218
-8157
-5390
-3457
-3845
-4502
-3498
-2422
-1921
-531
1221
1727
1580
1070
492
765
1345
1094
-133
-599
417
802
-256
-1075
-1729
-2519
-3215
-3346
-2618
-1851
-1951
-2220
-1504
-31
2597
5570
6309
4832
3675
4281
5764
7205
8837
10548
10749
9408
8016
7822
9146
10071
9290
7884
7271
7271
5691
2688
1475
693
-1968
-4311
-4680
-4825
-6371
-8016
-8498
-9102
-10093
-9509
-8423
-8643
-9293
-9270
-9354
-8906
-6295
-3472
-2771
-3237
-3278
-2705
-1542
171
1606
1793
1991
1908
811
1064
2123
1603
-330
-1320
-641
-357
-919
-1332
-1847
-2767
-3253
-3307
-3299
-3226
-3457
-3434
-3006
-1676
1038
4509
6830
6062
3868
3230
4488
6067
7422
9568
11711
11689
10094
8560
8684
9611
8974
7110
5755
5605
5268
3571
2138
1490
-726
-3748
-5439
-6324
-7231
-8134
-8569
-9378
-10543
-10352
-9409
-9751
-10237
-8620
-6559
-6052
-5184
-2892
-1843
-3476
-4851
-3542
-835
1506
2697
3175
3718
3791
2762
1897
2056
1919
386
-1098
-833
-400
-809
-1261
-2009
-3162
-3577
-2985
-3191
-4046
-4155
-3527
-3194
-2740
-1278
1581
5055
6724
6015
4960
5548
7218
8293
9308
11465
12356
10495
8569
9201
10967
11084
9177
7274
6604
6138
4842
2936
1352
-881
-3988
-6276
-7402
-7949
-8309
-8858
-10012
-10795
-10113
-9827
-10792
-10952
-9728
-8242
-7570
-6514
-4141
-2279
-1779
-2229
-2349
-250
2097
2316
2003
2594
3213
2458
1765
2817
3406
2010
809
616
321
-150
-692
-1666
-3223
-4146
-3743
-3887
-5089
-5308
-4600
-4196
-3624
-2193
-619
1282
4154
6157
5831
4782
5322
6892
8184
10114
12275
12443
11160
10026
9568
9911
9974
9140
7956
6719
6093
4873
2277
-102
-2270
-4955
-7786
-9003
-8600
-8728
-10003
-11325
-11832
-11604
-10971
-10617
-10629
-9422
-7447
-6408
-5878
-4461
-2785
-2661
-3002
-1456
1107
2490
3142
3520
3277
3341
3342
2726
2167
1746
1499
1245
713
792
880
-159
-2260
-3778
-3550
-3206
-4284
-5300
-4556
-3730
-3850
-3731
-2805
-1499
555
3904
6359
6226
5452
5855
7255
9073
10843
12267
13025
12680
10958
9778
10242
10296
8708
7321
7188
6583
4277
1814
-350
-3117
-5924
-7706
-8236
-8339
-8581
-9760
-11213
-11999
-11962
-11562
-11202
-10440
-9665
-8362
-6596
-5471
-4177
-2312
-1172
-1258
-1376
252
2030
2495
3456
4900
5494
4729
3281
2389
1807
1374
1186
952
1230
1157
-352
-1836
-2477
-2980
-3413
-4177
-4680
-4557
-4390
-4541
-4807
-4192
-2504
353
4452
7241
6943
5790
6074
7528
8729
9837
11845
12809
11903
10420
9247
9396
9769
8844
7805
7249
6534
4899
2332
-20
-2117
-4506
-6681
-8088
-8609
-9232
-10943
-12365
-12643
-12374
-11114
-9701
-9622
-9031
-7348
-6904
-7217
-6069
-3911
-2842
-2949
-1848
439
1868
2951
4179
4510
4490
3820
2376
1663
1591
1302
1051
1363
1568
578
-568
-1031
-2028
-2953
-2656
-2764
-3907
-4778
-5107
-5166
-5210
-4769
-2302
1411
5100
7516
7559
6824
6240
6445
8290
10389
11764
12248
11782
10386
8584
8419
9743
9701
8590
7729
6729
5038
2402
-275
-2749
-5469
-7337
-7911
-7987
-8587
-10368
-11663
-11849
-11503
-10661
-10147
-10043
-9707
-8709
-7497
-6545
-5640
-4356
-3199
-2681
-1728
156
1840
2654
3085
3662
3983
3248
1968
1281
1171
1628
2498
2690
1690
650
352
-114
-1509
-2063
-1232
-1176
-2559
-3696
-3885
-4096
-4445
-3991
-1559
2053
5492
7483
7625
6827
5903
6325
8553
10537
11342
11925
12235
10763
8005
7456
9301
9548
7500
5781
4969
3821
1400
-759
-2379
-4480
-6638
-8051
-8252
-8267
-9415
-10513
-10489
-10468
-10474
-10130
-10291
-10627
-9791
-7527
-5630
-4754
-3505
-2465
-3010
-3347
-1581
764
2038
2614
2802
2430
1601
780
381
509
1461
2635
2724
1877
1562
1398
-387
-2630
-2539
-931
-765
-2161
-2840
-2858
-3286
-3594
-2869
-361
3005
6405
8474
8020
6657
6358
7017
7947
9301
10986
11783
10828
8372
6260
6909
8760
8430
6539
5490
4827
2849
241
-1161
-2446
-4952
-7674
-8828
-8308
-8311
-9790
-11034
-11056
-10435
-9386
-8310
-8123
-9093
-9685
-8834
-7224
-5123
-3039
-2332
-2957
-2873
-1217
462
1608
2686
2547
1567
1163
995
826
1055
1469
1264
624
594
1021
915
109
-585
-547
-18
-344
-1934
-3184
-3313
-2685
-1404
165
2194
4942
8050
9458
8451
7205
7073
7846
9044
10165
11115
11376
10041
7333
5763
7448
9811
9033
6331
4699
3304
864
-1124
-2003
-3440
-5930
-8078
-8728
-7945
-7453
-8814
-10644
-10800
-10221
-9939
-9183
-8983
-9808
-9552
-7332
-4982
-3440
-2117
-1336
-2297
-2851
-786
1267
1613
1381
1485
1569
826
-303
-599
-502
157
1300
1656
1601
1648
845
-888
-2169
-1886
-1069
-1159
-1576
-1443
-1137
-840
-328
302
1997
5362
8939
9890
8361
7079
6443
6354
7819
10339
11866
11770
10659
8620
6938
6964
7305
5849
3712
2440
1756
972
-169
-1451
-3624
-6650
-8690
-8798
-7859
-7735
-9228
-10766
-11079
-10761
-10128
-9192
-9023
-9240
-8065
-5875
-3977
-2973
-2400
-2444
-3006
-2340
-422
1009
1451
1213
921
803
209
-115
243
275
26
-109
-37
-218
-489
-436
-585
-1306
-1371
-504
-665
-1993
-2470
-1771
-926
266
1596
3110
5180
8216
10530
10270
8811
8123
8472
9435
10224
10798
10943
10020
8346
7084
7767
8957
7407
3983
1984
1726
1253
-410
-2128
-4032
-6827
-9089
-9515
-8784
-8721
-10086
-11083
-10732
-10114
-9020
-8448
-9690
-10343
-8080
-4831
-3403
-2910
-1975
-1829
-2967
-2738
-281
1920
2450
2041
1819
1434
592
58
-206
-454
-65
624
306
-150
376
294
-1117
-2258
-1803
-438
-328
-1410
-2010
-1774
-884
-233
475
2838
6547
9886
10933
10009
8794
8088
8303
9407
10536
11401
11542
9853
7078
5762
7245
8032
5756
3539
3433
3461
1774
-630
-2587
-5160
-8188
-9697
-9132
-7704
-7989
-10141
-10969
-9993
-9772
-10221
-10324
-10597
-10178
-7887
-5144
-3766
-3335
-2576
-2287
-2750
-1606
773
1732
1418
1444
1952
1427
-152
-950
-291
563
1104
1146
517
103
-509
-1530
-2539
-3007
-2168
-1114
-934
-1073
-1071
-982
-807
-390
623
3107
6746
9571
9897
8683
7778
7649
8467
9649
10676
11503
11283
9751
7558
6523
7432
7670
5916
4200
3787
3268
1386
-768
-2346
-4508
-7665
-9933
-9950
-9071
-9648
-11103
-11173
-10590
-10400
-10116
-10199
-10756
-10068
-7687
-5280
-3827
-2647
-1791
-2335
-3184
-1894
692
1868
1810
1902
2265
1810
578
-117
79
314
732
1206
1303
1411
1123
301
-602
-1106
-682
-284
-1047
-1681
-1125
-259
-31
-119
1160
3832
6819
9445
10364
9245
7490
6888
7754
8965
10239
11447
11211
9230
7042
6685
7606
7267
5450
3904
3143
2489
1268
-404
-2046
-4203
-7023
-8977
-9009
-8233
-9313
-11390
-11562
-10559
-10154
-9938
-9397
-9268
-8830
-7018
-4926
-4079
-3676
-3040
-3359
-3804
-2183
379
1286
1367
2066
2281
1332
73
-689
-613
-15
641
1075
1010
1067
932
272
-435
-818
-223
144
-719
-1264
-736
-432
-510
-53
1445
3699
6271
9297
10539
9086
7233
6436
7232
8690
9909
11073
11277
9716
7199
5803
6580
7202
5841
4051
2961
2194
1035
-787
-2649
-4709
-7316
-9148
-9448
-8867
-9359
-10828
-10943
-10431
-10425
-10100
-9541
-9765
-9670
-7591
-5319
-4714
-4224
-3038
-2962
-3497
-2438
-450
867
1436
1646
1424
699
-279
-990
-959
-269
943
1727
1439
1145
1347
782
-547
-1395
-649
619
480
-134
-144
-125
-120
205
1419
3804
6507
9182
10218
8997
7030
5738
6386
8120
9783
11524
12021
10131
7184
5476
6103
6868
5625
4019
3230
2642
1389
-636
-2435
-4713
-7553
-8797
-8404
-7791
-8405
-9925
-10320
-9967
-9839
-9089
-8374
-9081
-9353
-7401
-5187
-4529
-4042
-2841
-2697
-3322
-2520
-616
804
1231
1205
1000
799
338
-458
-881
-310
694
1262
1218
1272
1402
795
-333
-949
-308
587
441
-80
171
477
681
866
1253
2949
5520
8513
10336
9664
8022
6922
7312
8790
9746
10599
11062
9889
7736
6445
6954
7413
5637
3346
2432
1913
951
-720
-2346
-4383
-7176
-8951
-9161
-9144
-9907
-10812
-10586
-10200
-10369
-9875
-9065
-9602
-9947
-7759
-5121
-4253
-3866
-2844
-2581
-3685
-3831
-2071
-316
599
1034
1262
1067
137
-897
-1148
-616
221
965
1094
814
906
898
44
-952
-598
792
933
13
-284
-224
-148
425
1302
3111
5515
8131
10077
9726
8076
6958
7351
8940
10159
10821
11457
10436
7704
5690
6102
7426
6499
4151
2778
2055
871
-913
-2776
-4817
-7392
-9230
-9375
-8910
-9163
-10074
-10397
-10119
-9884
-8812
-7682
-8783
-9922
-7975
-5056
-4340
-4259
-2854
-2177
-3150
-3106
-1281
233
799
960
893
846
740
329
-238
-102
1190
2161
1649
1123
1677
1820
546
-789
-526
692
686
-570
-995
-414
79
251
792
3092
6324
8874
9928
9419
8168
6952
6996
8454
10063
11129
11275
9737
6829
5308
6448
7546
5976
3653
2716
1941
535
-728
-1837
-4188
-7431
-9452
-9456
-8707
-9219
-10605
-10939
-10389
-9787
-9034
-8425
-8930
-9485
-7866
-5641
-4597
-3634
-2761
-2941
-3611
-2814
-841
221
613
1168
1242
883
581
90
-383
-347
517
1461
1513
1668
2178
1818
570
-506
-347
447
97
-891
-1014
-715
-386
245
1342
3105
5379
8015
9612
8891
7023
6054
6791
8492
9893
11066
11457
9957
7089
5744
6990
7931
6044
3357
2284
1745
402
-1000
-2086
-4309
-7255
-9139
-8980
-8222
-8716
-10144
-10788
-10428
-9683
-8849
-8820
-9995
-10422
-8549
-6110
-4632
-3526
-2681
-2870
-3601
-3055
-1323
-27
506
903
1038
1021
755
204
87
542
1191
1482
1517
2105
2880
2245
691
-283
-183
244
-69
-443
-293
-126
328
1032
1997
3794
6069
8199
8980
7822
6074
5541
6640
8180
9607
11095
11381
9271
6455
6054
7708
7990
5882
3661
2456
1229
-211
-1060
-1813
-4097
-6868
-8154
-8030
-7724
-8641
-10167
-10787
-10463
-9708
-8953
-9024
-9976
-9917
-7847
-5744
-4611
-3614
-3087
-3713
-4256
-3191
-1460
-682
-139
770
1431
1506
1053
588
523
961
1626
1960
1902
2277
2571
2192
1319
485
611
975
579
90
269
430
505
914
1850
3754
6410
8471
8545
7126
5911
5945
7002
8433
9947
10859
10279
8158
6149
6364
7761
7427
5247
3365
2404
1318
-93
-956
-2088
-4766
-7648
-8750
-8460
-8137
-8942
-10262
-10498
-9945
-9453
-9251
-9789
-10582
-9903
-7758
-5870
-4846
-4158
-3933
-4764
-5156
-3345
-1165
-398
-132
497
894
535
-196
-126
517
1061
1725
2081
2069
2301
2358
1959
1473
1115
1377
1461
649
-22
-99
150
527
924
2097
4778
7724
8873
8136
6842
5962
6048
7409
9169
10457
10548
9133
6846
5435
6246
7610
7122
5120
3065
1934
1021
-123
-1109
-2176
-4327
-7100
-8422
-8057
-7862
-9289
-10569
-9979
-8980
-8661
-8901
-9440
-10066
-9475
-7787
-6215
-4655
-3708
-3784
-4515
-4094
-2247
-1070
-960
-383
525
849
398
-108
191
803
1326
1836
2039
2300
2703
2340
1660
955
573
882
637
123
385
841
992
1119
1755
3487
6333
8741
8794
7198
5958
5711
6317
7779
9686
10715
10051
8344
6571
5950
7021
7662
6658
4944
3633
2717
1222
-244
-1338
-2866
-5302
-7643
-8183
-7399
-7549
-9399
-10645
-10008
-9088
-9199
-9555
-9484
-9390
-8859
-7755
-6032
-4228
-3869
-4923
-5560
-4334
-1998
-1098
-1125
-350
503
575
-82
-571
-245
96
196
494
1120
2043
2364
1981
1774
1808
1726
1593
965
291
314
329
-107
160
1654
4118
7238
9159
8565
6819
5789
6104
7040
8270
9771
10189
9174
7736
6439
6227
6881
7035
6462
5197
3788
2457
651
-878
-2144
-3706
-5877
-7963
-8218
-7509
-8028
-9626
-10333
-9786
-9260
-9060
-9170
-9382
-9179
-8614
-7835
-6116
-4098
-3742
-4917
-5494
-3607
-1508
-1002
-572
64
257
-40
-418
-313
227
737
865
798
1512
2419
2166
1535
1566
1697
1673
1492
1021
795
1011
1006
366
643
2223
4615
7610
9182
8229
6456
6003
6715
7623
8980
10618
10518
8855
7317
6289
6125
6637
6821
6310
4926
3211
1668
-6
-1367
-2701
-4260
-6069
-7633
-7880
-7523
-8116
-9749
-10382
-9476
-8612
-8656
-8929
-8925
-8903
-8798
-7870
-5597
-3583
-3457
-4373
-4386
-2576
-961
-988
-781
164
904
817
26
-23
275
-28
-137
417
1701
2549
2243
2018
1904
1259
985
777
360
380
746
758
144
389
2190
4544
7223
9084
8448
6668
5772
6184
7344
8761
10073
10078
8996
7854
6582
5884
6320
6676
6051
4518
2981
1790
175
-1559
-2884
-4396
-6437
-8075
-8252
-7524
-8039
-9598
-10201
-9795
-9201
-8814
-8812
-9063
-8993
-8616
-7647
-5773
-4034
-3508
-4256
-4341
-2504
-911
-691
-419
24
350
34
-433
-164
105
145
264
761
1607
2256
2205
1760
1098
647
878
760
186
117
262
248
55
593
2377
4801
7482
8950
8238
6780
6122
6314
7499
9157
10166
10101
9255
7888
6107
5500
6771
7428
6395
4779
3158
1491
-234
-1609
-2766
-4373
-6304
-7799
-8026
-7347
-7953
-9787
-10488
-9564
-8806
-8785
-8912
-8848
-8727
-8235
-6676
-4676
-3253
-3019
-3622
-3747
-2180
-420
-209
-304
371
1121
808
-23
-57
77
-66
440
1354
2026
2363
2253
1801
1054
461
571
256
-430
-377
113
130
-398
-35
1900
4391
7055
8754
8358
7134
6409
6611
7759
9274
10286
10005
9041
7937
6280
5676
6914
7596
6564
4693
2999
1632
-159
-1785
-2854
-4498
-6636
-8023
-8049
-7731
-8783
-10301
-10531
-9848
-9023
-8618
-8756
-9036
-8928
-8032
-6762
-5087
-3428
-2911
-3429
-3450
-1984
-677
-645
-568
93
686
662
190
26
215
604
1221
1759
2128
2302
2089
1696
808
-34
85
-106
-839
-942
-115
84
-700
-384
1582
3735
5723
7705
8382
7525
6499
6687
8107
9371
9953
10040
9697
8455
6298
5235
6537
7527
6341
4201
2492
1568
262
-1303
-2464
-4086
-6253
-7839
-8105
-7871
-8714
-10205
-10644
-10038
-9061
-8528
-8661
-9077
-9255
-8127
-6342
-4941
-3723
-3052
-3153
-3231
-2277
-647
14
38
668
1296
1441
971
329
212
476
1054
1520
1581
1769
2154
1953
911
-74
-73
24
-662
-826
16
21
-1059
-1072
730
2703
4562
6978
8754
8561
7044
6521
7627
8925
9402
9691
10035
9237
6979
5691
6651
7760
6770
4519
2832
2106
1306
-217
-1719
-3336
-5415
-7235
-7901
-7782
-8178
-9143
-9744
-9749
-9022
-8128
-8183
-9121
-9367
-7675
-5651
-4777
-3964
-2899
-2432
-2804
-2601
-1061
149
331
383
849
1353
1063
-56
-409
297
1301
1991
1758
1534
1846
1642
342
-913
-511
320
-576
-1580
-966
-469
-1257
-1499
72
2067
3594
5578
7956
8573
7404
6396
6494
7820
8885
9286
9640
9283
7612
5912
6014
6936
6431
4471
2782
1945
1251
-88
-1744
-3525
-5575
-7070
-7565
-7858
-8535
-9311
-9738
-10012
-9641
-8305
-7679
-8808
-9566
-7868
-5416
-4438
-4231
-3414
-2547
-2536
-2634
-1854
-491
365
476
592
1273
1733
858
-119
366
1412
1921
1655
1266
1690
2081
1163
-312
-446
372
-273
-1742
-1406
-542
-852
-1015
-184
1228
2834
4532
6714
8367
8411
7748
7208
7739
8921
9325
9528
9557
8576
7339
6607
6482
6120
4585
2960
1758
884
404
-623
-2833
-5271
-6646
-7077
-7626
-8496
-8624
-8332
-8525
-8574
-7775
-7333
-8381
-9172
-8081
-5967
-4544
-4280
-3955
-3099
-2262
-1792
-1609
-688
318
684
895
1413
1978
1436
-9
-89
1041
1921
2070
1513
1320
1449
933
-210
-897
-643
-631
-1494
-1519
-815
-495
-509
-226
1019
2542
3886
5531
7451
8599
8412
7556
7302
8092
8698
8651
8821
8956
8308
7038
6026
5576
4886
3425
1703
705
460
-506
-2580
-4571
-5756
-6364
-7135
-8345
-8970
-8566
-8465
-8777
-8621
-8269
-8455
-9073
-8695
-6892
-5034
-4357
-4091
-3160
-1921
-1461
-1782
-1656
-668
431
789
1028
1888
2141
828
-201
384
1161
1173
882
833
1014
916
137
-1023
-1546
-1265
-1168
-1497
-1263
-527
-130
-130
196
1420
2993
4251
5800
7775
8926
8354
7146
7320
8430
8665
8515
8932
8913
7724
6161
5309
4953
3982
2599
1665
1253
635
-1085
-3468
-5324
-6171
-6703
-7894
-8737
-8278
-7902
-8228
-8426
-8237
-8017
-7985
-7967
-7147
-5480
-3948
-3418
-3198
-2160
-1224
-1411
-1788
-1075
273
1058
1137
1564
2099
1597
442
315
1163
1541
1615
1727
1653
1244
651
-292
-1312
-1447
-833
-663
-1133
-761
32
34
-105
430
2044
3503
4848
7090
8739
8418
6968
6506
7678
8560
8500
9044
9350
8235
6277
4932
4813
4245
2897
1961
1272
583
-676
-2903
-4895
-5928
-6448
-7160
-7913
-7732
-7535
-8134
-8507
-8529
-8238
-7648
-7295
-6922
-5824
-4292
-3665
-3860
-3296
-2133
-1801
-2135
-1659
-218
588
339
531
1238
1618
1171
705
811
1161
1388
1207
974
857
498
-381
-1262
-1288
-689
-665
-1342
-1327
-307
416
385
503
1518
2839
3698
5048
7433
8949
8308
6883
7040
8076
7996
7572
8253
8600
7289
5437
4368
3883
2954
1717
926
573
-85
-1713
-3664
-4971
-5673
-6299
-7089
-7782
-7793
-7539
-7643
-8098
-8327
-7763
-7186
-7209
-6554
-4740
-3342
-3259
-3324
-2420
-1514
-1537
-1808
-947
469
879
504
789
1653
1683
908
385
528
920
1126
1158
951
552
87
-758
-1353
-989
-415
-624
-959
-228
562
577
575
906
1889
3057
3824
4982
7203
8743
8058
6990
7288
7760
7434
7471
8325
8160
6772
5279
3972
3172
3012
2624
1577
597
-179
-1713
-3611
-4695
-5034
-5560
-6573
-7244
-7242
-7157
-7536
-8095
-7895
-6834
-6147
-6075
-5721
-4803
-3796
-3334
-3011
-2084
-1055
-783
-1166
-1015
-125
89
24
715
1479
1671
1073
443
540
757
951
925
410
123
99
-328
-823
-776
-427
-483
-586
1
543
357
71
342
1094
1795
2506
3810
5763
7698
8351
7915
7363
6876
6755
6836
7002
7023
6324
4969
3412
2472
2640
2332
1296
430
-699
-1853
-3051
-4175
-4639
-5319
-6557
-7498
-7721
-7413
-7416
-7340
-6535
-5746
-5240
-5032
-5163
-4884
-4190
-3493
-2911
-2313
-1515
-1083
-1396
-1371
-790
-187
187
622
1386
1313
587
300
488
827
1044
1073
801
302
8
-218
-696
-721
-299
-66
192
434
329
13
-78
383
1063
1800
2623
3465
4721
6570
7978
7977
7181
6814
6924
7074
6934
6502
5879
4936
3712
2608
2477
2658
1893
366
-758
-1675
-3044
-3895
-3806
-4013
-4854
-5642
-6488
-7150
-7031
-6416
-5915
-5424
-4746
-4627
-5166
-5333
-5020
-4293
-3009
-2119
-1498
-1106
-1134
-1330
-1711
-1226
192
1044
1279
1353
1268
1212
837
604
530
494
663
422
212
275
-127
-671
-616
12
580
715
735
755
591
884
1230
1178
1700
2967
4089
5099
6738
8090
7858
6732
6357
6534
6263
5640
5432
5344
4662
3331
2057
1651
1545
890
19
-995
-2183
-2895
-3143
-3383
-4092
-5203
-6211
-7080
-7194
-6204
-5181
-4880
-5107
-5089
-4697
-4935
-5503
-4999
-3588
-2605
-2410
-2140
-1529
-1611
-2119
-1573
-99
955
1080
1021
1023
971
664
316
101
99
55
45
60
-106
-298
-333
-41
188
444
749
530
-181
-295
481
1063
957
1354
2461
3099
3383
4527
6499
7596
7162
6554
6321
5801
5143
4747
4805
4579
3604
2361
1438
1287
1440
965
-229
-1373
-1932
-2202
-2723
-3447
-4179
-4948
-5945
-6313
-5527
-4567
-4315
-4472
-4525
-4580
-4757
-4710
-4555
-4185
-3142
-2231
-2011
-1795
-1443
-1458
-1553
-835
520
1271
1116
928
857
728
596
385
319
351
511
699
508
80
54
2
-309
-88
389
360
58
117
676
873
779
1091
1684
2321
2973
4031
5348
6582
7325
7092
6205
5242
4822
5014
4770
4288
4210
3816
2744
1624
1333
1280
367
-344
-514
-1354
-2400
-3003
-3598
-4302
-4807
-4938
-5033
-5064
-4450
-4213
-4831
-5160
-4668
-4003
-4161
-4395
-3796
-2891
-2582
-2656
-2248
-1348
-1011
-954
-110
893
1004
430
448
879
612
37
-235
-385
-256
87
329
244
-60
-34
325
341
136
-101
-288
-398
-437
94
675
703
511
810
1966
3338
4104
4653
5479
6312
6515
5925
5325
4869
4306
3811
3952
4360
3965
2707
1565
1058
928
597
-120
-895
-1820
-2706
-3007
-3035
-3383
-3858
-4172
-4388
-4584
-4667
-4674
-4898
-5008
-4580
-4196
-4077
-3873
-3520
-3123
-2805
-2443
-1846
-1097
-339
120
209
107
-112
-86
344
668
727
530
269
41
-145
82
332
4
-361
13
387
22
-272
-160
-201
-295
234
841
649
207
490
1332
2191
2997
3611
3932
4517
5646
6573
6480
5492
4652
4555
4691
4624
4457
3979
3105
2108
1514
1286
781
37
-809
-1686
-2227
-2476
-2721
-3043
-3338
-3442
-3990
-4884
-5053
-4644
-4431
-4293
-3844
-3410
-3484
-3812
-3741
-3363
-2924
-2374
-1565
-435
217
107
-372
-857
-808
-238
395
882
1084
987
515
-198
-319
-5
152
64
22
228
237
-297
-868
-980
-886
-483
80
506
765
798
816
821
1235
2260
3333
3821
4229
4925
5627
5758
5259
5042
5064
4753
4240
3930
3806
3406
2480
1459
760
346
42
-440
-1143
-2088
-2852
-2848
-2467
-2614
-3180
-3883
-4871
-5580
-5214
-4199
-3900
-3910
-3509
-3220
-3547
-3814
-3530
-3167
-2561
-1517
-576
-207
-260
-585
-1067
-1281
-630
517
1041
988
1058
770
-103
-679
-467
-264
-399
-317
-95
-275
-700
-1057
-1176
-1100
-794
14
647
755
546
187
157
697
1878
3295
4134
4206
4092
4468
5183
5784
6075
6068
5794
5167
4395
3697
3241
3014
2677
2204
1710
1089
232
-838
-1604
-2026
-2359
-2416
-2309
-2673
-3474
-4246
-4822
-5184
-4898
-4008
-3465
-3423
-3486
-3458
-3427
-3325
-2943
-2449
-1715
-968
-787
-899
-919
-1221
-1730
-1291
-47
871
1094
1054
681
-51
-279
73
198
-88
-292
-279
-272
-404
-655
-974
-1041
-603
147
601
405
-92
-225
160
890
1822
2785
3624
3970
4078
4131
4353
4997
5791
6586
6854
6171
4911
3454
2455
2506
2954
2861
1954
771
-115
-637
-992
-1404
-2025
-2389
-2410
-2369
-2348
-2859
-3965
-4780
-4686
-3998
-3413
-3159
-3184
-3489
-3545
-3264
-3157
-3216
-3055
-2571
-1958
-1320
-1085
-1441
-1871
-1656
-800
139
980
1202
801
194
-189
-334
-648
-935
-930
-773
-843
-1046
-1107
-1048
-1052
-1035
-826
-441
-295
-250
164
694
1202
1678
2330
3087
3605
4008
4369
4382
4225
4466
5253
5849
5744
5141
4245
3350
2820
2722
2609
2322
1998
1379
607
-74
-669
-1219
-1643
-1770
-1806
-2014
-2553
-3112
-3413
-3499
-3565
-3409
-3069
-3048
-3251
-3340
-3340
-3339
-3102
-2819
-2606
-2318
-1896
-1555
-1404
-1203
-920
-756
-615
-290
139
429
263
-263
-915
-1212
-1226
-1125
-902
-581
-646
-1069
-1072
-847
-795
-638
-331
-69
102
566
1107
1298
1469
1969
2544
3027
3682
4312
4412
4239
4175
4144
4158
4528
4994
4970
4671
4336
3794
3084
2521
2245
2113
1872
1398
376
-731
-1358
-1544
-1472
-1345
-1424
-1903
-2358
-2489
-2338
-2191
-2198
-2463
-2860
-3072
-3165
-3243
-3251
-3099
-2800
-2609
-2395
-2170
-1932
-1826
-1891
-1701
-1259
-849
-775
-1024
-1263
-1263
-1214
-1178
-1018
-755
-544
-705
-1111
-1650
-2243
-2581
-2337
-1390
-243
199
69
-150
-207
104
716
1544
2235
2824
3294
3486
3391
3326
3453
3526
3862
4354
4624
4222
3636
3537
3708
3856
3444
2668
1967
1499
1093
733
500
185
-296
-469
-242
-92
-350
-1068
-1948
-2484
-2300
-1772
-1545
-1770
-2116
-2901
-3844
-4043
-3538
-2946
-2474
-2013
-1527
-1511
-1979
-2360
-2346
-1884
-1357
-833
-541
-828
-1543
-2169
-2339
-1881
-1068
-409
-432
-972
-1473
-1963
-2401
-2237
-1500
-592
123
463
483
224
101
254
893
1904
2826
3224
2995
2495
2085
2062
2512
3354
4034
4204
4009
3646
3282
2904
2691
2655
2902
3477
3643
2979
1908
1095
581
381
783
1376
1287
494
-295
-794
-1196
-1423
-1206
-842
-718
-815
-1035
-1554
-2185
-2344
-1992
-1642
-1387
-1312
-1760
-2485
-2787
-2586
-2219
-1980
-1873
-1971
-2162
-2141
-2275
-2430
-2469
-2205
-1775
-1345
-1152
-1526
-2096
-2272
-1702
-992
-521
-351
-658
-1083
-985
-380
219
745
1180
1492
1671
1784
1790
1725
1834
2374
2975
3374
3511
3261
2853
2614
2561
2522
2414
2195
2126
2134
2082
1720
1153
975
1526
2299
2327
1504
273
-586
-826
-411
383
988
629
-434
-1059
-1113
-1069
-1006
-932
-1221
-1512
-1374
-1276
-1737
-2327
-2638
-2690
-2456
-1972
-1576
-1664
-2110
-2227
-1938
-1775
-1901
-2202
-2375
-2100
-1779
-1703
-1861
-2078
-2167
-2147
-1731
-942
-561
-768
-861
-701
-439
-281
22
423
726
1041
1413
1695
1766
1803
1937
2061
2342
2647
2504
2191
1999
1782
1659
1795
2116
2210
2127
2113
1953
1595
1437
1407
1285
1302
1478
1453
1171
837
712
639
414
419
683
827
661
428
327
136
-262
-615
-643
-432
-459
-627
-684
-800
-1038
-1233
-1138
-1043
-1233
-1532
-1883
-2066
-2087
-2036
-2047
-2196
-2279
-2278
-2435
-2507
-2317
-2130
-1967
-1720
-1338
-1064
-940
-873
-700
-521
-189
211
333
199
94
230
576
1033
1495
1770
1732
1559
1579
1696
1562
1265
1252
1385
1479
1539
1595
1260
633
332
571
889
951
1063
872
480
349
405
451
548
776
1108
1355
1494
1420
1119
860
711
794
1133
1245
872
380
120
-24
-67
-12
-50
-255
-655
-962
-1103
-1242
-1448
-1572
-1610
-1667
-1711
-1961
-2257
-2341
-2329
-2134
-1803
-1606
-1526
-1621
-1664
-1683
-1587
-1267
-1013
-765
-662
-578
-505
-382
-146
219
648
833
663
414
285
241
263
433
675
746
688
524
298
-51
-298
-349
-258
-110
62
133
7
-111
-146
-37
399
931
1327
1415
1394
1308
1033
971
1212
1585
1803
1935
2120
2082
1792
1577
1518
1448
1485
1588
1618
1293
781
421
147
101
269
311
-11
-589
-1024
-1225
-1389
-1516
-1557
-1591
-1619
-1681
-1714
-1752
-1714
-1586
-1329
-956
-793
-840
-966
-1166
-1156
-785
-259
64
140
79
-80
-206
-333
-302
-244
-149
4
96
-6
-355
-706
-807
-593
-410
-309
-392
-557
-772
-928
-880
-732
-672
-479
-94
361
600
539
399
335
501
925
1471
1885
1976
1782
1802
1932
1931
1877
1894
2122
2352
2524
2470
1940
1331
1090
1196
1359
1430
1270
728
55
-189
-159
-117
-221
-470
-637
-692
-717
-787
-924
-1154
-1313
-1316
-1084
-851
-935
-1140
-1186
-1122
-1014
-917
-923
-1142
-1231
-1028
-954
-1036
-1158
-1222
-1326
-1310
-1094
-968
-1222
-1587
-1754
-1942
-2149
-2174
-2117
-2197
-2203
-1863
-1517
-1442
-1250
-860
-740
-731
-440
-106
23
255
664
1004
1137
1388
1750
1933
2013
2173
2353
2348
2365
2506
2555
2491
2414
2341
2347
2380
2424
2346
2194
1955
1723
1494
1249
1096
942
809
687
587
412
207
78
22
-116
-214
-281
-247
-221
-337
-447
-588
-644
-635
-479
-322
-356
-494
-628
-729
-890
-1156
-1309
-1386
-1581
-1733
-1731
-1787
-2010
-2187
-2284
-2337
-2366
-2391
-2417
-2432
-2386
-2230
-1979
-1745
-1617
-1515
-1388
-1203
-921
-560
-189
122
405
726
1017
1154
1183
1209
1331
1517
1916
2329
2398
2224
2056
2127
2259
2372
2502
2561
2514
2361
2140
1956
1687
1375
1274
1431
1496
1386
1149
860
577
336
353
468
439
252
237
268
235
277
245
93
-7
29
103
63
15
-69
-226
-328
-497
-715
-1057
-1352
-1458
-1558
-1697
-1910
-2256
-2600
-2731
-2747
-2778
-2781
-2665
-2583
-2503
-2435
-2297
-2166
-2233
-2194
-1981
-1614
-1354
-1171
-876
-680
-536
-367
-233
17
268
529
907
1152
1290
1430
1504
1477
1452
1713
2052
2187
2203
2139
1894
1501
1194
1120
1109
1046
962
948
891
647
471
339
263
370
653
957
1048
983
830
710
748
844
941
945
895
753
646
672
606
483
317
133
-2
-117
-276
-437
-599
-743
-897
-999
-1146
-1381
-1515
-1535
-1559
-1586
-1453
-1577
-1863
-2097
-2170
-2133
-1997
-1691
-1343
-1143
-980
-823
-743
-678
-474
-84
237
556
790
922
838
702
666
669
738
915
1146
1308
1278
1013
696
586
591
674
711
680
612
452
344
308
315
371
395
429
425
429
421
382
356
440
536
594
675
729
822
905
1008
1235
1385
1298
1127
902
637
488
442
407
263
40
-239
-493
-600
-695
-738
-755
-726
-646
-741
-950
-1104
-1206
-1282
-1180
-930
-799
-776
-808
-837
-879
-956
-971
-820
-591
-397
-268
-244
-259
-199
-199
-142
-9
83
179
229
249
168
53
-28
-29
-3
30
-137
-383
-589
-812
-926
-974
-903
-870
-883
-878
-792
-731
-692
-498
-353
-218
-112
72
230
308
418
582
680
747
832
837
742
642
693
719
820
888
910
873
750
591
471
458
512
558
606
626
609
562
562
602
565
496
432
325
271
221
196
99
-9
30
107
109
53
4
-49
-86
-90
12
150
225
358
418
286
95
-100
-254
-421
-499
-467
-547
-745
-958
-1141
-1325
-1411
-1398
-1368
-1288
-1238
-1208
-1156
-1050
-925
-807
-648
-464
-373
-275
-130
-125
-114
-17
29
116
183
295
387
393
412
414
425
425
495
569
621
654
775
909
992
1051
1108
1179
1236
1377
1411
1348
1251
1209
1146
1128
1085
1040
984
811
712
668
661
615
613
610
577
501
444
447
401
351
334
232
136
-45
-332
-558
-711
-839
-840
-879
-1003
-1223
-1493
-1658
-1842
-1930
-1871
-1801
-1746
-1628
-1550
-1588
-1602
-1614
-1540
-1491
-1429
-1251
-1156
-1124
-1113
-1077
-1103
-1069
-909
-793
-744
-703
-594
-503
-404
-260
-190
-75
91
383
709
901
1052
1170
1229
1360
1548
1673
1738
1765
1900
2031
2086
2097
2031
1918
1812
1738
1686
1613
1411
1215
1053
940
789
666
679
688
704
742
677
450
295
105
-102
-237
-372
-554
-830
-1040
-1237
-1484
-1665
-1684
-1577
-1507
-1505
-1548
-1605
-1656
-1607
-1440
-1275
-1175
-1038
-941
-946
-908
-914
-956
-1052
-1133
-1145
-1142
-1162
-1229
-1201
-1129
-1147
-987
-752
-561
-417
-237
48
378
688
919
1071
1217
1338
1506
1675
1878
1997
2093
2171
2185
2158
2075
2017
1965
2017
2031
2045
2025
1923
1780
1628
1566
1523
1457
1429
1400
1267
1095
845
542
243
69
-5
-219
-544
-755
-933
-1094
-1198
-1250
-1314
-1387
-1487
-1568
-1631
-1585
-1523
-1533
-1456
-1383
-1332
-1369
-1424
-1430
-1455
-1519
-1470
-1500
-1562
-1651
-1672
-1607
-1543
-1424
-1358
-1324
-1251
-1148
-1105
-1039
-848
-632
-358
-27
244
425
463
483
548
661
860
1136
1318
1502
1621
1634
1586
1502
1528
1586
1594
1598
1643
1608
1507
1415
1387
1326
1190
1091
1013
822
644
486
351
216
164
133
31
-86
-191
-347
-555
-696
-694
-643
-718
-792
-767
-769
-839
-824
-768
-695
-637
-697
-763
-841
-897
-933
-898
-795
-694
-739
-861
-950
-1053
-1159
-1239
-1194
-1013
-854
-739
-616
-579
-577
-499
-396
-202
-23
143
326
441
549
704
800
906
1019
1104
1170
1159
1167
1188
1226
1286
1401
1536
1650
1613
1539
1412
1277
1155
1031
991
1000
960
879
778
574
359
157
-5
-133
-280
-397
-547
-668
-719
-684
-612
-595
-593
-631
-689
-750
-726
-710
-682
-603
-594
-527
-470
-507
-568
-607
-576
-523
-521
-544
-518
-596
-629
-545
-459
-434
-417
-393
-422
-523
-520
-370
-233
-58
145
347
381
373
376
298
305
409
594
751
835
883
866
783
740
759
735
721
802
809
745
709
660
559
467
461
501
421
297
58
-234
-471
-617
-607
-652
-721
-765
-863
-984
-1131
-1217
-1247
-1233
-1159
-1160
-1100
-999
-987
-933
-830
-688
-643
-614
-502
-468
-491
-480
-340
-272
-217
-146
-74
-27
30
46
116
150
184
277
341
429
478
515
565
582
669
767
798
816
786
761
811
818
819
831
852
846
817
827
828
777
737
824
896
932
907
851
742
597
514
395
277
130
69
3
-86
-147
-264
-420
-510
-569
-635
-722
-832
-926
-1026
-1090
-1112
-1114
-1111
-1020
-1033
-1114
-1150
-1155
-1152
-1128
-1004
-829
-668
-559
-490
-503
-458
-483
-454
-319
-225
-115
66
269
480
600
660
758
855
856
889
944
975
1019
1084
1182
1156
1117
1111
1123
1145
1167
1186
1253
1211
1112
1073
933
775
714
667
629
598
542
467
355
182
-21
-146
-178
-245
-298
-342
-459
-634
-828
-912
-914
-879
-870
-824
-913
-1099
-1257
-1318
-1345
-1282
-1160
-1104
-1084
-1081
-1074
-1113
-1147
-1141
-1113
-1049
-942
-948
-1025
-1042
-1006
-862
-672
-438
-207
-131
-63
10
89
134
197
310
494
593
641
654
682
775
883
1035
1124
1195
1223
1253
1235
1324
1414
1453
1539
1590
1605
1524
1383
1217
1117
1029
1045
997
925
822
655
445
280
116
-83
-231
-345
-429
-568
-627
-767
-926
-1062
-1103
-1102
-1177
-1275
-1354
-1377
-1396
-1352
-1310
-1318
-1339
-1356
-1319
-1268
-1171
-1071
-1093
-1027
-921
-840
-748
-615
-490
-379
-235
-167
-139
-188
-211
-119
-43
82
264
366
441
523
542
500
520
651
793
987
1157
1222
1282
1312
1380
1454
1520
1557
1513
1500
1433
1349
1273
1227
1260
1240
1270
1291
1165
990
795
661
535
459
411
304
119
-76
-239
-378
-570
-725
-832
-932
-995
-1015
-1066
-1172
-1223
-1233
-1165
-1101
-1090
-1155
-1213
-1237
-1303
-1290
-1214
-1128
-1007
-948
-851
-798
-803
-805
-772
-693
-645
-580
-474
-384
-339
-244
-108
-26
56
82
130
180
246
362
462
575
673
778
886
935
1026
1148
1206
1165
1100
1128
1120
1089
1136
1180
1129
1078
1080
1075
991
840
735
676
546
458
424
295
131
-37
-114
-236
-330
-453
-560
-617
-703
-720
-762
-860
-939
-995
-1034
-1043
-1075
-1078
-1031
-992
-909
-825
-781
-789
-801
-816
-878
-943
-958
-915
-854
-870
-825
-777
-769
-719
-690
-594
-517
-429
-339
-246
-115
-28
64
153
308
445
608
681
716
738
736
727
815
990
1075
1198
1301
1389
1434
1443
1432
1394
1357
1302
1296
1257
1218
1165
999
845
717
561
434
260
45
-97
-167
-217
-280
-327
-344
-367
-380
-363
-403
-520
-641
-737
-764
-736
-689
-638
-531
-438
-401
-387
-421
-518
-638
-617
-553
-479
-421
-384
-400
-446
-453
-448
-418
-399
-331
-267
-257
-258
-255
-205
-163
-151
-92
-43
-51
-39
-2
57
201
290
363
435
511
589
682
779
836
868
912
956
964
1010
969
893
860
811
750
626
548
495
402
277
172
74
25
-26
-175
-316
-454
-638
-775
-834
-902
-883
-874
-859
-849
-821
-775
-734
-718
-676
-650
-644
-597
-544
-499
-475
-432
-382
-346
-371
-346
-306
-330
-337
-299
-208
-178
-149
-86
-37
-1
6
29
6
-42
-115
-115
-107
-115
-24
107
197
287
331
327
370
341
379
460
516
579
639
652
623
615
626
645
715
740
740
742
626
482
392
302
200
117
52
-6
-114
-223
-306
-363
-411
-418
-400
-389
-374
-352
-331
-323
-304
-281
-230
-250
-242
-247
-218
-204
-257
-209
-179
-102
-88
-28
23
28
-7
-9
66
139
150
180
199
138
113
103
79
59
37
19
14
9
-29
-2
86
118
153
157
124
104
143
208
235
320
454
579
655
692
666
599
587
558
522
504
489
431
317
218
126
60
-47
-146
-219
-290
-411
-486
-486
-455
-451
-463
-421
-463
-510
-540
-549
-549
-528
-466
-416
-382
-389
-398
-342
-272
-268
-221
-159
-103
-79
-57
-18
19
83
149
201
185
140
88
23
-58
-128
-109
-126
-162
-262
-341
-348
-472
-512
-456
-404
-307
-244
-144
-4
84
160
269
374
420
465
490
526
460
414
493
529
478
453
466
425
321
305
308
235
214
188
177
185
117
62
-4
-175
-304
-394
-509
-576
-611
-597
-571
-557
-533
-470
-439
-459
-455
-401
-301
-215
-105
68
125
233
305
350
391
338
334
369
367
259
172
139
115
87
82
83
34
41
11
-16
2
-40
-63
-60
-50
-28
56
93
103
73
75
96
73
136
202
289
381
422
486
596
637
583
516
433
342
293
260
269
285
299
307
197
3
-189
-316
-404
-408
-422
-392
-369
-395
-422
-424
-435
-437
-393
-313
-280
-292
-340
-359
-330
-287
-182
-83
46
79
57
48
15
8
23
72
157
197
202
183
91
-5
-76
-135
-169
-140
-80
-90
-91
-96
-114
-104
-147
-204
-239
-237
-205
-168
-107
-3
180
282
316
314
307
304
292
267
253
250
230
206
217
196
118
42
-4
-47
-67
-127
-150
-144
-166
-189
-191
-163
-195
-180
-195
-242
-319
-366
-410
-404
-377
-361
-337
-267
-251
-220
-163
-108
-59
-2
83
150
255
303
341
316
305
303
272
255
199
150
157
93
41
33
14
-30
-101
-143
-141
-169
-195
-224
-239
-201
-168
-74
9
81
142
202
260
242
177
173
203
214
271
358
415
396
371
358
330
282
252
264
282
287
270
172
76
1
-28
-34
-91
-152
-211
-285
-364
-415
-416
-365
-292
-217
-141
-129
-82
-43
-63
-29
-12
31
131
191
240
261
211
203
142
160
230
302
363
337
280
230
153
118
117
99
11
-100
-146
-227
-288
-340
-360
-361
-361
-371
-350
-341
-362
-370
-317
-228
-177
-109
-74
-41
-14
20
0
-30
-20
-9
11
0
40
78
145
204
204
231
157
52
-30
-75
-43
-19
39
63
42
-16
-120
-202
-277
-256
-253
-256
-259
-318
-347
-320
-316
-269
-201
-152
-90
-51
-19
-19
21
59
151
259
342
371
344
299
226
140
108
144
205
261
248
226
156
66
19
45
14
64
97
69
23
-52
-75
-66
2
2
-9
-115
-204
-251
-282
-302
-279
-186
-112
-119
-119
-105
-120
-159
-130
-73
-28
40
73
98
82
65
62
104
203
227
176
89
24
-4
24
77
140
194
219
139
48
-33
-52
-2
31
93
142
208
186
150
138
147
157
111
112
174
169
138
123
193
244
301
337
371
318
227
196
156
137
139
176
198
205
163
148
57
-11
-62
-147
-216
-216
-205
-157
-112
-130
-120
-141
-203
-258
-289
-315
-292
-239
-176
-131
-100
-75
-114
-157
-227
-296
-324
-310
-294
-257
-213
-177
-166
-176
-224
-290
-289
-291
-290
-322
-313
-258
-168
-27
60
159
143
35
-56
-134
-146
-152
-86
59
161
252
318
341
345
335
294
310
333
272
264
265
246
270
269
285
241
159
102
-8
-123
-169
-169
-142
-74
-15
56
67
-10
-26
-72
-73
-86
-106
-85
-71
-76
-76
-111
-166
-195
-245
-244
-245
-262
-226
-199
-123
-45
9
58
65
57
-10
-65
-116
-138
-132
-82
-46
-12
-11
-60
-87
-115
-111
-147
-157
-102
-12
83
138
186
235
278
286
287
303
308
240
221
220
238
275
277
317
276
262
211
175
175
153
143
159
150
127
158
175
173
165
118
59
8
-74
-110
-157
-176
-173
-167
-176
-203
-223
-212
-172
-141
-105
-71
-29
-30
-23
-27
-63
-52
-26
-63
-55
-99
-144
-175
-188
-141
-136
-120
-129
-156
-198
-239
-248
-236
-246
-226
-139
-49
14
12
81
66
68
127
148
143
112
85
70
78
107
200
246
317
344
318
303
257
246
276
335
391
431
422
353
234
120
-2
-79
-161
-170
-154
-138
-100
-158
-208
-224
-256
-278
-243
-228
-218
-176
-178
-146
-110
-85
-45
-19
-72
-87
-164
-258
-289
-338
-300
-228
-164
-128
-121
-120
-148
-224
-277
-270
-261
-207
-124
-83
-68
-79
-90
-76
-102
-118
-168
-193
-219
-184
-104
-40
24
83
160
226
251
241
261
237
269
311
369
435
419
414
347
296
219
151
143
112
128
111
138
156
100
83
80
52
24
25
5
5
-29
-72
-57
-38
-37
2
15
87
114
112
104
53
3
3
73
102
98
87
49
11
-74
-89
-104
-133
-146
-141
-122
-138
-179
-190
-207
-187
-196
-181
-152
-147
-154
-163
-126
-95
-74
-18
58
75
100
128
95
72
63
89
168
240
274
322
341
345
352
308
308
295
257
273
294
305
245
213
163
111
42
-23
-78
-179
-197
-213
-203
-159
-137
-122
-115
-174
-212
-260
-270
-245
-216
-167
-146
-112
-144
-122
-177
-221
-217
-216
-234
-211
-182
-156
-116
-132
-119
-76
-39
-78
-86
-84
-108
-138
-132
-74
-41
-30
-19
-17
-41
-78
-142
-173
-198
-210
-159
-137
-88
-45
-24
-10
39
47
58
70
67
103
133
156
168
157
171
132
84
55
33
7
-18
15
77
142
191
222
240
245
182
113
61
49
47
52
87
100
68
18
-27
-66
-83
-107
-82
-66
-48
-48
-29
14
18
59
47
92
90
61
18
16
14
9
93
86
100
126
106
39
-25
-81
-101
-73
-30
53
126
170
165
136
175
141
116
161
179
166
180
158
144
124
101
104
120
92
46
47
61
13
1
34
9
20
8
-1
-28
-74
-125
-183
-228
-214
-204
-175
-127
-129
-120
-69
-80
-121
-122
-137
-68
-24
-30
-17
-20
-24
-35
-41
-19
-20
-16
1
-29
-45
-58
-131
-173
-180
-159
-119
-89
-52
-62
-53
-82
-75
-60
-16
37
47
49
36
22
3
-35
-17
-14
-10
52
49
75
87
87
128
155
131
101
92
77
80
79
63
51
14
30
1
-47
-113
-180
-222
-257
-204
-145
-71
-63
-50
-17
-93
-123
-161
-187
-186
-156
-104
-95
-102
-115
-117
-118
-99
-139
-174
-176
-166
-189
-158
-81
-76
-63
-18
27
37
34
37
6
15
25
62
92
82
86
42
1
-53
-45
7
64
136
185
214
208
196
163
186
217
215
226
277
328
343
338
315
248
218
187
193
221
220
222
199
215
203
216
232
225
180
160
161
117
53
9
-45
-50
-96
-103
-62
-24
6
-38
-22
-47
-68
-54
-43
-16
-23
-19
-12
-5
-7
-77
-94
-118
-152
-148
-151
-144
-127
-122
-120
-142
-196
-141
-115
-69
-46
-51
-72
-100
-96
-81
-64
-30
-37
-27
-33
-49
-99
-146
-125
-100
-42
44
117
189
199
175
166
113
84
81
86
87
117
142
81
25
-9
-39
-32
-29
-12
-27
-49
-84
-100
-95
-86
-86
-68
-51
-72
-101
-156
-214
-274
-299
-321
-335
-329
-328
-351
-334
-353
-361
-359
-326
-285
-224
-152
-127
-96
-88
-110
-156
-198
-205
-189
-161
-119
-58
-22
41
26
45
78
74
99
123
137
146
173
162
181
181
199
206
196
213
164
140
128
142
138
154
211
230
261
279
282
277
255
237
203
195
173
176
196
207
198
180
166
139
108
89
122
121
157
203
216
209
177
121
78
21
-44
-52
-38
-78
-99
-80
-111
-154
-175
-196
-157
-146
-115
-90
-85
-50
-27
12
64
101
158
218
218
186
183
130
123
138
168
184
159
151
121
58
15
30
-6
9
21
33
32
32
-4
-5
-50
-59
-98
-122
-150
-213
-210
-199
-207
-187
-140
-129
-95
-106
-101
-77
-72
-43
-27
0
69
120
116
84
55
-7
-20
-73
-128
-161
-155
-125
-150
-137
-162
-203
-244
-301
-349
-365
-317
-320
-267
-214
-221
-163
-183
-223
-223
-200
-175
-115
-95
-84
-42
-32
-19
-1
-8
38
42
49
62
68
72
65
97
93
96
97
78
33
3
-21
-45
-34
-2
-33
-95
-81
-69
-58
-59
-62
-57
-28
29
53
20
24
-4
-22
-9
32
97
96
122
191
210
220
262
267
265
218
178
138
104
77
77
56
39
26
11
-32
-72
-66
-3
55
64
72
88
107
130
126
132
117
103
74
85
118
105
91
44
49
82
115
140
186
228
254
271
283
302
278
232
196
178
161
86
21
-54
-108
-110
-154
-168
-196
-175
-132
-138
-114
-104
-85
-34
-1
90
132
133
104
80
23
-29
-45
-83
-71
-43
-64
-84
-147
-224
-236
-243
-196
-136
-108
-70
-10
-29
8
30
29
21
-18
-1
26
9
-10
-16
-52
-82
-97
-74
-57
-7
23
53
79
82
73
74
100
75
83
44
18
-23
-54
-51
-98
-116
-177
-227
-242
-278
-283
-254
-258
-245
-170
-151
-131
-130
-115
-94
-57
-47
-25
-37
-62
-61
-76
-102
-114
-131
-134
-118
-103
-58
-85
-99
-108
-100
-100
-76
-68
-34
-22
-40
-36
-31
-7
-25
-42
-84
-112
-143
-145
-137
-125
-66
-35
38
100
135
164
180
220
264
278
309
336
367
394
393
391
361
345
328
287
271
260
199
168
180
182
207
209
213
211
144
81
51
26
-13
-25
-37
-34
-30
-41
-65
-123
-157
-170
-164
-122
-113
-118
-80
-89
-106
-101
-55
-49
-95
-142
-145
-162
-159
-92
-67
-31
38
65
51
56
52
32
43
44
95
87
80
83
32
-1
-98
-114
-110
-112
-92
-70
-28
3
68
120
137
162
172
180
176
150
150
159
133
116
110
78
44
11
43
-3
-37
-24
-8
24
20
46
87
105
124
134
74
48
-28
-69
-111
-149
-151
-179
-231
-265
-273
-320
-313
-297
-307
-297
-263
-227
-187
-181
-159
-138
-107
-103
-111
-142
-187
-233
-253
-238
-249
-252
-243
-198
-218
-226
-198
-193
-138
-61
23
92
155
171
165
104
66
28
26
86
86
76
88
93
74
83
71
96
110
157
202
217
271
280
300
314
325
302
279
279
273
243
192
149
101
82
114
116
80
76
73
65
27
43
77
69
60
76
84
39
-22
-95
-103
-137
-162
-168
-193
-200
-204
-198
-186
-204
-207
-144
-84
-84
-73
-68
-49
-17
-72
-73
-47
-55
-23
22
54
44
68
90
121
130
120
101
50
48
34
35
64
38
43
76
54
37
-11
27
38
47
99
114
169
218
230
220
194
209
210
219
212
198
185
159
118
37
5
-8
7
29
65
51
83
86
53
20
8
4
-19
-26
-47
-75
-99
-151
-187
-238
-255
-281
-312
-339
-380
-388
-366
-356
-338
-278
-249
-209
-160
-150
-131
-106
-94
-102
-71
-66
-78
-81
-97
-153
-221
-216
-262
-267
-225
-219
-184
-129
-66
-9
30
64
88
94
119
118
118
142
168
152
120
104
76
40
20
-13
-21
-34
-31
22
40
97
124
156
215
227
224
225
167
143
135
111
89
54
34
-1
-35
-38
-67
-90
-94
-122
-116
-53
15
39
106
134
132
136
139
132
129
136
141
152
88
48
-2
-54
-102
-159
-159
-125
-101
-83
-53
0
32
10
41
65
99
109
99
99
89
60
41
48
18
16
3
26
34
72
104
114
126
132
133
145
145
136
169
178
190
197
203
196
171
150
115
58
15
-3
29
18
22
38
47
13
-21
-2
-4
-7
-15
-2
-18
-36
-35
-31
-28
-51
-70
-75
-116
-127
-139
-148
-129
-125
-97
-73
-74
-88
-80
-116
-144
-152
-138
-89
-103
-104
-115
-142
-172
-190
-211
-226
-231
-223
-173
-174
-145
-132
-101
-134
-148
-103
-84
-36
3
38
6
10
-1
0
-5
-21
-42
-62
-25
-35
-45
-71
-92
-119
-130
-123
-107
-75
-49
-14
-24
-18
-57
-32
7
29
42
31
45
56
45
28
25
8
33
40
50
74
61
77
50
44
71
81
106
103
98
75
44
35
40
24
13
35
41
24
21
24
29
11
17
45
45
61
93
79
77
66
84
95
101
89
98
120
156
149
112
89
73
15
-17
-5
-52
-26
-31
-27
-33
-53
-29
21
44
77
81
94
104
87
128
109
134
117
102
83
77
64
23
23
-13
-14
-9
25
64
95
98
83
88
102
133
169
209
208
163
128
108
94
63
27
12
5
-3
-21
-27
-62
-73
-67
-70
-64
-42
17
9
8
3
12
48
40
61
69
50
-23
-121
-203
-256
-293
-275
-252
-212
-204
-185
-166
-160
-139
-175
-173
-148
-135
-117
-74
-79
-112
-118
-162
-162
-186
-192
-204
-214
-196
-204
-191
-193
-161
-151
-118
-73
-45
-24
-1
18
25
27
57
37
29
24
-9
-16
-48
-70
-71
-59
-47
-24
-17
1
4
21
47
65
134
172
174
186
203
206
182
173
175
161
137
133
131
76
78
59
31
20
10
33
42
25
29
40
33
19
18
29
29
39
42
48
15
-5
-28
-21
-12
-38
-33
-22
-18
-34
-17
-5
-32
-23
-15
-15
-10
21
33
56
45
49
42
28
34
47
39
4
-13
-33
-26
-14
-13
2
14
0
23
34
56
87
95
115
94
99
107
95
103
104
87
96
93
93
108
87
79
70
54
77
89
114
111
118
124
98
62
48
46
60
63
52
27
10
-4
-65
-63
-51
-75
-104
-130
-116
-146
-152
-145
-167
-168
-153
-106
-100
-85
-78
-108
-78
-87
-94
-84
-55
-59
-69
-87
-112
-106
-103
-93
-117
-117
-101
-81
-73
-58
-19
0
-11
-5
-42
-65
-83
-95
-100
-92
-76
-62
-47
-22
-28
-78
-74
-104
-78
-33
11
30
43
52
9
19
9
7
27
39
43
53
44
64
70
44
16
-11
-35
-39
-33
-19
-7
6
3
1
7
9
-5
-21
-38
-29
-12
-15
7
5
4
15
34
46
42
35
50
103
114
117
121
143
113
92
89
85
81
40
48
53
65
51
16
-16
-40
-72
-91
-76
-61
-36
12
56
88
97
79
52
33
21
-9
-34
-37
-47
-11
21
44
58
79
83
88
128
125
115
127
146
168
149
134
129
86
88
73
57
16
-14
-14
-21
-15
-8
-13
-7
4
0
-21
-22
5
26
52
55
85
82
61
46
-17
-20
-25
-42
-91
-88
-76
-61
-35
-35
-18
-16
-30
8
25
32
28
43
75
43
83
74
24
-16
-71
-103
-150
-161
-157
-126
-104
-124
-133
-179
-191
-182
-146
-145
-137
-120
-152
-150
-153
-194
-223
-255
-256
-247
-235
-202
-164
-166
-161
-142
-134
-91
-38
-38
-8
6
10
59
71
117
141
167
185
175
152
129
121
113
100
79
93
95
63
45
31
39
25
25
47
24
0
16
10
-2
11
7
-17
-42
-76
-85
-78
-107
-89
-69
-71
-38
-27
17
18
16
60
97
118
164
181
200
183
148
127
114
109
120
122
115
124
102
73
29
-38
-65
-74
-91
-59
-49
-52
-45
-30
-30
-32
-36
-44
-26
-7
2
10
4
12
16
-3
13
37
52
78
101
137
174
191
191
197
191
174
188
187
206
211
198
214
187
142
100
40
-19
-54
-44
-43
-21
-7
9
-23
-45
-49
-79
-71
-96
-77
-76
-75
-67
-54
-67
-71
-70
-87
-95
-83
-68
-75
-78
-86
-67
-66
-49
-59
-60
-56
-93
-91
-86
-87
-112
-106
-76
-91
-103
-115
-148
-162
-165
-166
-173
-185
-166
-157
-121
-93
-61
-55
-44
-36
-26
-27
-52
-68
-67
-59
-50
-26
-23
-54
-37
-43
-28
-26
-14
-18
10
30
41
56
58
74
68
76
62
65
47
38
52
67
50
71
66
57
53
30
34
-1
-13
-1
-20
-15
8
12
0
-16
-40
-31
-41
-20
-7
-18
-45
-59
-9
23
49
57
76
50
32
63
36
29
66
85
88
94
62
63
61
36
21
10
22
9
32
63
41
31
44
46
90
81
62
48
0
-13
32
60
89
91
86
90
85
71
75
107
97
102
120
141
155
136
113
84
50
50
85
136
169
189
162
133
114
58
43
20
-15
-41
-26
-54
-73
-66
-102
-91
-111
-134
-131
-152
-160
-160
-126
-103
-100
-79
-34
13
39
23
12
1
-26
-62
-112
-121
-142
-143
-124
-113
-101
-65
-51
-56
-61
-38
-19
-22
-13
-34
-30
-29
-34
-42
-68
-91
-104
-117
-125
-117
-76
-87
-98
-87
-83
-87
-103
-95
-109
-71
-38
-37
11
19
2
-2
-7
-15
-27
-38
-47
-57
-46
-41
-39
-21
11
65
112
100
73
69
71
69
67
66
64
70
69
52
25
21
-2
-43
-51
-43
-56
-25
18
22
3
-6
4
16
31
27
40
42
27
-1
8
12
2
-5
31
12
-23
9
9
-6
-24
-21
17
24
56
78
66
85
114
136
119
103
118
116
90
73
60
43
24
38
31
5
-6
-3
5
40
61
49
72
83
47
46
70
70
73
64
38
22
18
10
-10
-16
-20
-20
13
21
7
3
7
-2
-7
24
18
36
62
71
87
66
27
-12
-8
6
-12
-8
2
-27
-75
-104
-118
-117
-111
-66
-42
-32
4
21
30
15
9
15
-19
-37
-28
-40
-79
-97
-93
-88
-87
-67
-58
-65
-88
-91
-63
-70
-62
-10
0
-10
-7
6
4
4
9
17
28
3
-7
7
-10
-56
-71
-95
-116
-108
-60
-64
-93
-99
-61
-20
-4
-8
-7
2
-14
-21
-42
-52
-63
-37
-32
-36
-32
-10
-6
-30
-16
4
13
17
32
33
48
69
60
39
33
54
54
36
7
-10
-14
-18
-22
-14
-19
-27
-20
-3
-2
-2
-11
-36
-12
30
34
34
31
50
66
54
38
35
25
20
38
26
35
52
53
40
25
25
36
23
-1
7
7
36
60
74
71
67
65
74
70
39
35
25
47
60
52
39
57
69
73
64
60
60
45
46
46
57
55
50
60
83
112
82
92
115
98
70
66
49
7
-7
-28
-32
-41
-29
-19
-20
-17
-51
-29
-21
-21
-7
1
-1
-33
-44
-57
-71
-71
-55
-43
-58
-44
-41
-52
-85
-91
-76
-78
-94
-82
-52
-70
-55
-33
-49
-29
-29
-22
-5
-37
-72
-79
-82
-85
-79
-73
-80
-99
-86
-84
-93
-98
-94
-92
-71
-45
-57
-53
-41
-40
-32
-7
-7
-16
-31
-57
-67
-63
-54
-34
-31
-51
-26
4
34
52
71
71
70
95
76
38
30
46
34
-2
-1
-7
-8
-19
2
-7
-39
-53
-55
-50
-27
1
7
25
6
25
30
27
32
34
41
44
51
89
76
39
42
44
54
48
31
53
75
96
125
113
99
88
69
68
54
67
78
105
122
122
96
72
60
28
-1
-21
-24
-3
7
13
4
-2
-23
-27
-26
-17
-7
-5
7
12
4
-3
-6
-9
10
-2
-7
-7
16
33
28
38
16
15
18
-2
1
3
21
31
45
62
52
62
67
32
1
-16
-11
-11
-14
-28
-24
-39
-64
-41
-50
-41
-19
-19
-26
-30
-19
-34
-52
-51
-34
-63
-91
-72
-64
-64
-48
-39
-24
-13
-22
-6
-21
-61
-56
-61
-73
-57
-41
-33
-33
-23
-28
-40
-42
-37
-39
-38
-48
-53
-43
-43
-30
-30
-35
-44
-56
-49
-40
-34
-21
-29
-24
-15
-23
-33
-41
-37
-51
-38
-13
5
23
44
41
14
10
3
-5
-2
4
0
-23
-14
11
13
21
41
22
-8
2
30
23
31
43
47
42
47
45
31
30
12
11
20
8
0
-4
-11
-9
2
25
23
-17
-44
-22
-13
8
41
51
71
86
88
84
63
48
49
62
58
58
69
73
67
27
29
23
26
46
61
59
49
57
52
63
48
38
54
40
18
9
17
23
39
29
-9
10
24
12
19
11
-2
7
18
16
23
39
54
45
30
35
56
47
44
35
10
-23
-21
-5
-14
-17
-36
-28
-7
-19
-41
-50
-56
-40
-32
-46
-75
-105
-93
-70
-93
-122
-120
-116
-101
-50
-28
-22
-28
-49
-48
-40
-40
-37
-54
-63
-72
-70
-55
-26
3
10
14
25
37
21
16
12
5
0
-2
4
0
3
10
8
-8
-19
-55
-71
-69
-75
-89
-83
-88
-84
-48
-26
2
-12
-7
8
32
40
28
10
14
27
-2
-22
-40
-43
-37
-19
-5
4
23
12
15
24
3
-11
-21
-58
-62
-32
-24
-3
26
46
24
24
38
31
21
18
13
6
6
14
41
47
40
50
57
47
54
53
53
57
42
46
35
12
19
22
2
1
24
32
24
27
37
14
-6
14
34
35
41
45
52
81
73
69
62
68
78
57
40
36
43
39
39
48
52
45
52
42
22
20
27
25
17
19
12
1
-17
-22
-30
-39
-29
-35
-20
-10
-28
-43
-43
-53
-64
-57
-53
-58
-27
-3
10
35
25
2
-20
-41
-40
-39
-35
-21
-36
-42
-35
-25
-24
-46
-51
-38
-22
-15
1
2
-8
14
24
20
-3
-7
9
3
-2
-17
-23
-8
-15
-12
-9
-34
-52
-66
-75
-70
-43
-26
-16
-17
-15
-20
-22
-12
-23
-39
-36
-31
-33
-36
-43
-32
-25
-17
-3
4
-2
4
9
14
7
15
27
39
47
16
-16
-8
-29
-37
-37
-43
-23
-17
1
-2
-25
-28
-20
-36
-25
2
8
7
13
9
-3
-10
-22
-8
2
-10
-19
-14
-6
-13
-4
27
41
47
32
36
45
37
35
37
42
37
50
43
54
54
39
52
48
35
32
42
36
42
45
53
60
73
67
41
36
39
36
33
25
18
19
15
22
9
-10
-8
1
11
39
60
33
30
53
50
29
32
24
13
9
-5
-3
-9
-8
-19
-17
6
12
6
14
3
-1
6
-19
-29
-14
-4
-17
-18
-11
-12
0
-20
-25
-33
-73
-92
-77
-75
-75
-56
-59
-56
-20
-11
-24
-28
-26
-20
-1
-10
-16
-12
-12
-20
-29
-10
4
-12
-24
-31
-50
-47
-32
-39
-38
-36
-25
-12
-13
1
18
29
27
40
26
13
-15
-35
-54
-63
-49
-49
-57
-66
-47
-33
-21
2
6
-3
-1
3
-15
-16
8
8
-9
-13
6
6
-19
-35
-30
-30
-22
-4
-1
-6
-11
-7
15
30
10
15
37
47
39
37
23
3
0
9
7
-5
0
5
-7
-15
-4
2
10
18
40
55
53
57
52
55
60
63
60
49
27
6
1
8
14
-5
-14
-17
-9
1
0
16
28
47
62
70
64
61
57
39
56
58
52
64
63
51
49
47
36
24
29
24
7
-2
6
-5
2
7
9
27
37
50
49
37
17
5
-19
-39
-50
-56
-62
-72
-81
-68
-60
-58
-50
-39
-33
-32
-22
-11
-13
-24
-37
-31
-6
0
-14
-14
-9
-15
-16
-18
-27
-38
-24
-21
-19
-40
-61
-60
-42
-30
-8
15
20
31
22
26
25
22
3
-18
-16
-18
-24
-15
-25
-24
-22
-34
-34
-36
-23
-22
-26
-36
-30
-23
-17
-19
-15
-13
-14
-8
-14
-20
-22
-17
-20
-23
-17
-12
-18
-5
-3
-3
12
29
34
27
20
24
21
17
24
11
2
-11
-21
-22
-18
-20
-24
-13
-5
5
13
11
16
16
10
5
-2
0
9
5
7
-2
-18
-10
-6
-4
7
9
17
33
34
29
21
30
32
34
31
25
16
9
8
16
23
25
17
28
35
34
26
14
11
11
15
12
5
11
16
16
16
15
17
17
20
24
23
30
15
12
14
7
-4
0
25
24
19
18
23
35
33
30
31
19
6
4
8
15
17
15
13
12
9
10
13
5
10
21
22
8
5
3
0
-3
-7
-10
-12
-12
-9
-8
-7
-18
-34
-48
-52
-46
-36
-43
-54
-52
-40
-39
-40
-20
-6
2
13
12
-3
-9
-4
-9
-11
-17
-20
-24
-22
-13
-11
-3
-15
-27
-21
-21
-26
-27
-24
-20
-3
0
1
8
17
5
2
-12
-24
-33
-39
-43
-40
-39
-37
-33
-28
-14
-18
-17
-8
-9
-28
-32
-29
-20
-8
1
-8
-6
-12
-9
-18
-19
-24
-23
-13
-14
-3
-6
-18
-19
-16
-10
4
9
15
3
-5
-4
-4
4
12
14
-7
-3
5
17
24
29
32
39
52
52
39
20
12
16
3
6
27
36
32
26
19
13
12
14
16
17
19
24
33
32
42
37
23
21
26
38
40
32
25
21
30
28
19
23
25
18
21
41
44
42
48
42
27
25
20
15
6
-5
-10
-12
2
10
26
24
13
9
7
-7
-12
-1
0
-2
-14
-12
-3
-3
2
1
-2
1
7
5
-1
-11
-12
-9
-9
-5
-8
-24
-24
-24
-31
-23
-26
-23
-22
-16
-16
-26
-27
-28
-38
-39
-43
-40
-27
-28
-35
-35
-29
-12
-14
-17
-14
-21
-26
-35
-44
-50
-47
-47
-40
-32
-29
-13
-1
1
5
0
-4
-13
-12
-6
-9
-4
0
5
4
-11
-25
-18
-21
-8
6
9
10
20
17
15
14
9
2
-8
-20
-21
-8
-2
6
10
17
20
19
9
2
3
-1
-2
1
5
7
17
21
23
23
13
10
6
-1
-1
0
1
-3
-9
-6
-5
-3
4
13
9
21
27
20
13
9
11
10
8
5
0
-6
-2
0
-4
-3
-10
-10
-5
5
19
25
29
39
43
48
46
41
39
24
18
13
13
5
4
19
23
22
26
21
9
-7
-10
-7
-2
7
17
22
21
33
40
27
12
2
8
4
2
2
-15
-31
-24
-16
-6
1
7
24
29
35
36
23
13
11
13
11
0
-17
-32
-37
-23
-20
-31
-21
-20
-19
-23
-29
-28
-34
-19
-18
-15
-8
1
10
4
-3
0
15
11
-6
-12
-2
-5
-26
-38
-37
-42
-46
-39
-28
-21
-16
-21
-20
-21
-10
-10
-25
-33
-33
-32
-46
-42
-41
-39
-42
-42
-21
-17
-12
0
5
19
18
5
-7
-13
-8
-6
-16
-14
-6
-2
6
-3
-6
-5
-3
1
-7
-7
3
4
9
10
9
18
32
36
22
8
8
11
14
14
-2
-7
-3
-6
-10
1
2
0
9
25
24
32
32
28
24
13
21
26
40
37
28
28
26
21
14
7
-6
-2
7
14
18
34
40
31
34
34
29
33
38
36
32
29
27
17
11
15
12
6
6
10
2
-3
-8
-11
-6
-14
-2
10
21
25
23
14
21
21
12
11
6
10
2
-2
-9
-13
-17
-15
-16
-4
-5
-8
-4
-2
1
-2
-7
-6
-1
0
5
4
2
-10
-12
-21
-29
-27
-26
-27
-33
-39
-31
-30
-36
-36
-38
-33
-31
-25
-19
-16
-7
-8
-15
-14
-12
-25
-40
-41
-38
-39
-41
-36
-32
-27
-23
-24
-24
-20
-17
-16
-20
-23
-16
-8
0
-2
-4
-18
-24
-31
-35
-33
-31
-30
-38
-34
-28
-22
-14
-14
-7
0
7
8
12
28
30
37
35
21
25
29
22
25
19
17
26
29
28
28
21
16
18
24
32
29
41
47
47
38
26
23
33
29
34
30
32
33
23
13
11
6
3
4
6
9
8
6
14
11
3
11
11
18
22
16
13
18
25
28
24
16
8
4
9
3
1
14
23
22
29
26
19
17
11
19
20
9
3
8
8
10
5
0
-2
-8
-8
-13
-23
-24
-28
-16
-13
-11
-8
-6
-2
-4
-8
-13
-12
-10
-8
-4
-2
-8
-8
-11
-7
-7
-3
4
3
10
16
26
22
21
16
5
-3
-17
-35
-49
-53
-55
-50
-42
-43
-45
-45
-51
-49
-30
-22
-22
-16
-18
-24
-23
-26
-38
-52
-42
-24
-27
-26
-22
-18
-15
-15
-21
-17
-8
-4
3
-2
-5
8
21
28
27
17
9
5
0
-12
-17
-20
-19
-20
-25
-26
-26
-16
-4
1
12
12
21
33
30
30
26
23
5
-9
-15
-15
-14
-10
-3
-8
-1
0
0
-3
-9
-5
3
6
18
33
38
37
37
28
21
10
9
9
11
15
15
13
8
12
-2
-13
-12
-8
-11
-6
4
19
26
33
44
42
38
30
17
8
8
10
14
9
10
17
21
23
24
18
10
11
9
18
30
33
38
38
45
48
39
38
34
34
25
30
31
23
18
5
8
5
6
11
12
17
13
9
10
9
8
9
6
-5
-6
-13
-16
-24
-30
-27
-22
-16
-17
-13
-21
-22
-19
-18
-23
-22
-21
-20
-21
-28
-30
-32
-26
-28
-32
-35
-44
-45
-38
-36
-32
-28
-23
-13
-10
-5
-6
-5
-11
-16
-24
-20
-20
-17
-12
-15
-19
-25
-31
-36
-43
-39
-36
-33
-31
-32
-28
-29
-27
-21
-18
-16
-13
-16
-18
-21
-22
-17
-15
-17
-12
-10
-8
-7
-4
-4
0
11
23
23
21
21
19
23
22
26
22
18
21
24
31
30
24
19
27
23
11
8
3
-3
-2
10
20
13
13
13
6
-1
-7
-7
-2
0
6
18
13
15
16
1
-5
-3
-3
2
11
23
30
37
33
29
32
29
30
35
32
25
26
27
35
34
30
25
21
12
2
5
9
16
24
30
27
30
29
25
24
21
20
23
21
26
22
20
18
1
-14
-20
-12
-7
-9
-10
-1
8
10
16
20
23
19
14
7
-2
-9
-18
-25
-23
-15
-10
-8
-4
-6
-8
-6
-3
-2
6
3
-4
-16
-17
-16
-19
-17
-30
-39
-43
-51
-54
-55
-50
-48
-55
-50
-48
-42
-39
-37
-32
-31
-29
-20
-16
-25
-22
-26
-29
-27
-27
-25
-28
-30
-32
-26
-25
-23
-13
-10
-5
-5
-10
-12
-17
-22
-14
-11
-10
-9
-10
-14
-20
-20
-16
-12
-13
-5
-3
2
13
18
20
23
22
19
24
24
24
25
34
36
28
26
28
25
26
18
15
15
14
7
7
9
15
22
30
39
40
34
28
17
6
-2
3
8
9
9
8
7
4
7
5
10
22
27
29
34
30
26
20
18
15
12
19
21
22
15
13
13
13
14
5
2
-3
0
-2
-2
0
4
12
21
29
27
31
23
16
15
18
17
17
15
12
7
3
0
0
-5
-8
-1
-1
10
11
16
15
6
2
0
-6
-12
-14
-23
-28
-26
-23
-23
-22
-24
-28
-31
-31
-34
-33
-27
-28
-25
-17
-15
-9
-10
-11
-4
-2
-6
-10
-15
-23
-25
-24
-26
-33
-32
-34
-31
-30
-30
-26
-23
-17
-10
-5
-2
1
-7
-14
-17
-16
-23
-27
-34
-33
-27
-26
-19
-15
-11
-8
-2
-6
-4
-9
-14
-13
-15
-9
-10
-5
7
7
7
6
4
-1
-6
-5
-8
0
4
6
10
12
16
16
20
20
22
27
29
31
30
21
13
3
0
1
10
9
4
13
17
19
15
20
20
22
32
30
28
22
24
22
16
16
20
14
6
8
13
14
14
14
13
16
13
18
18
7
8
13
18
26
36
40
37
28
30
28
15
14
12
9
14
10
8
-1
-7
-9
-8
-7
-6
-8
-1
6
8
14
8
1
-4
-6
-3
-11
-18
-19
-17
-15
-15
-3
-7
-8
-13
-19
-19
-22
-26
-29
-21
-17
-12
-10
-10
-7
0
2
5
3
-3
-13
-17
-23
-24
-24
-20
-16
-3
12
10
13
10
13
9
-1
-4
-16
-17
-23
-22
-15
-20
-21
-15
-16
-23
-24
-25
-25
-21
-9
2
1
10
10
-1
-10
-19
-21
-20
-25
-18
-8
-11
-9
-7
-11
-23
-24
-19
-13
-4
4
10
4
13
18
17
13
0
-1
-8
-19
-24
-26
-24
-21
-24
-17
-18
-15
-16
-8
0
4
13
12
13
14
21
19
10
-1
-8
-9
-3
-3
-1
-1
3
11
15
24
26
25
22
19
13
21
29
32
38
39
41
46
35
30
32
25
24
22
23
16
11
10
15
9
6
6
5
7
9
20
24
24
29
28
23
16
11
4
-4
-14
-13
-16
-20
-12
-6
-4
-5
-4
-2
-1
1
9
11
14
12
17
13
9
2
-4
-6
-4
3
10
15
16
10
5
-11
-15
-22
-30
-29
-30
-28
-27
-23
-19
-10
-8
-3
1
-2
-2
-3
-5
-8
-8
-14
-16
-20
-17
-22
-26
-21
-19
-13
-11
-6
0
8
5
1
-3
-9
-13
-24
-18
-16
-15
-8
-8
-12
-11
-14
-13
-8
-7
-2
-16
-10
-7
-5
-10
-17
-11
-18
-18
-15
-11
-7
-4
-1
4
2
4
3
2
2
0
0
3
6
9
17
19
20
19
21
15
13
10
7
-1
-8
-11
-15
-16
-10
-9
-6
-2
2
8
5
9
11
6
0
-2
-4
-7
-8
-7
-8
-8
-4
4
9
3
2
1
0
3
7
10
17
22
16
14
11
12
10
7
12
15
15
20
16
12
3
-4
7
12
13
13
10
9
9
10
12
9
6
8
16
20
22
25
25
22
24
18
15
10
9
7
7
4
12
18
25
28
29
32
29
26
26
26
10
1
-2
-3
-3
-3
-4
-11
-22
-27
-29
-28
-22
-16
-13
-11
-8
-6
-11
-23
-32
-35
-37
-29
-18
-9
-10
-12
-13
-18
-14
-17
-22
-21
-9
-2
-1
1
-11
-7
-9
-8
-7
-13
-13
-12
-15
-16
-19
-26
-29
-31
-34
-38
-46
-42
-36
-31
-18
-3
4
8
13
14
9
-2
-16
-24
-24
-22
-20
-14
-13
-12
-8
1
9
12
14
13
16
17
19
12
11
4
0
-1
-1
0
-3
3
6
6
4
7
10
10
13
19
12
4
-2
-2
3
2
6
9
8
15
12
13
14
10
9
8
5
1
3
-2
-3
-4
4
7
15
30
36
38
40
38
33
28
24
22
19
12
7
9
10
10
15
11
11
14
17
20
17
16
12
4
-3
-5
-13
-7
-3
6
15
19
25
15
6
1
-2
-1
-8
-10
-8
-12
-14
-9
-5
-6
-4
6
9
15
17
13
19
17
14
13
7
1
-3
-9
-12
-16
-15
-16
-18
-14
-14
-8
-10
-18
-20
-23
-27
-23
-23
-22
-17
-12
-7
-13
-16
-15
-22
-25
-21
-13
-10
-14
-14
-21
-22
-25
-31
-30
-29
-19
-17
-15
-13
-7
-9
-14
-15
-19
-24
-20
-18
-20
-21
-21
-14
-9
-1
0
2
4
4
-3
-4
1
-3
0
5
6
10
12
14
18
13
11
9
12
12
14
14
11
11
12
12
10
13
7
10
14
10
11
8
9
9
4
2
-2
-3
3
3
9
13
16
17
22
17
9
7
-3
2
11
14
19
16
24
23
17
16
9
8
9
8
7
3
-1
-1
0
4
13
22
25
25
21
23
13
1
2
-5
-7
-7
-6
-4
-3
-4
-4
1
4
10
9
8
8
12
10
2
-4
-5
-3
0
-1
1
2
-4
-4
-4
-3
-1
-1
-1
3
6
9
11
9
4
3
-5
1
-1
-5
-2
-9
-7
-12
-16
-18
-17
-13
-8
-10
-19
-21
-26
-26
-22
-20
-15
-3
4
2
0
0
-3
-7
-7
-7
-12
-3
-7
-8
-3
-8
-8
-5
-2
-2
-1
0
-5
-12
-19
-22
-25
-28
-28
-27
-24
-22
-15
-13
-13
-17
-7
-1
0
3
2
-3
-12
-10
-4
-4
-3
3
10
14
20
20
17
12
5
3
7
7
3
4
3
3
1
3
10
