10
9
11
7
11
9
6
15
11
13
12
11
11
13
11
12
14
16
15
14
16
13
14
17
18
18
21
23
23
21
24
18
20
20
17
21
22
20
21
20
16
21
21
22
23
25
26
24
24
24
23
19
16
16
14
17
17
16
12
10
8
7
10
9
7
3
5
6
5
6
2
-4
-2
-5
-6
-3
-3
-8
-8
-10
-12
-8
-7
-9
-8
-7
-5
-11
-8
-10
-12
-12
-13
-10
-14
-12
-14
-16
-12
-12
-10
-13
-17
-19
-14
-16
-12
-10
-14
-14
-14
-14
-16
-10
-15
-11
-8
-12
-12
-14
-19
-18
-11
-13
-17
-15
-11
-12
-10
-8
-9
-12
-14
-11
-9
-7
-6
-10
-8
-14
-12
-9
-8
-4
-5
-7
-4
-1
-2
-2
-3
-5
-5
-3
-2
-5
-7
-5
-3
-2
-5
-4
-2
-6
-1
1
-4
-2
-3
-2
-2
2
1
1
1
-2
-2
-1
-1
-2
0
-6
-4
-1
-1
0
0
4
3
4
1
6
3
3
6
3
1
2
2
4
5
4
5
8
12
9
13
12
10
15
18
17
17
15
17
19
14
19
18
15
20
16
19
19
18
18
15
16
16
14
14
16
17
21
17
19
17
18
20
16
14
12
17
11
14
11
8
8
9
12
10
9
8
12
9
6
8
2
3
5
-1
3
5
0
1
4
1
-1
-4
-7
-6
-11
-11
-8
-8
-7
-9
-10
-11
-8
-9
-13
-10
-12
-17
-17
-12
-17
-17
-19
-16
-14
-17
-16
-15
-16
-17
-13
-17
-17
-17
-16
-18
-12
-14
-15
-17
-14
-13
-12
-9
-14
-14
-13
-14
-18
-14
-13
-11
-11
-3
-5
-7
-8
-12
-11
-18
-14
-9
-11
-10
-10
-12
-13
-11
-11
-14
-14
-12
-8
-7
-5
-9
-5
-5
-5
-4
-3
-4
-1
3
4
5
2
1
1
5
6
6
-2
0
6
5
8
9
9
3
3
7
8
11
11
11
9
8
11
14
13
12
11
12
13
16
13
10
12
11
13
11
12
15
6
9
12
13
8
11
12
10
21
14
15
13
9
11
14
14
13
12
11
11
9
10
12
11
9
11
9
5
12
13
9
11
11
11
16
15
12
18
14
12
11
11
9
10
10
10
15
8
7
4
3
9
1
0
1
-6
-4
1
-2
-2
-1
-4
-4
-8
-9
-9
-8
-8
-11
-11
-10
-15
-14
-17
-14
-10
-16
-17
-16
-23
-21
-21
-16
-21
-21
-20
-15
-14
-18
-13
-19
-14
-14
-17
-14
-18
-20
-19
-17
-17
-18
-16
-15
-14
-14
-13
-20
-16
-17
-19
-16
-15
-15
-13
-14
-16
-14
-9
-10
-11
-9
-12
-15
-10
-8
-7
-10
-8
-6
-5
-3
0
0
0
3
1
2
2
-1
5
6
3
3
3
5
10
9
9
5
9
10
10
17
16
13
10
16
16
12
11
20
17
14
20
19
20
18
21
24
20
15
18
18
16
16
16
14
16
17
21
18
17
24
20
19
15
15
15
15
15
10
14
13
10
11
12
11
9
9
9
7
7
3
9
9
8
5
3
6
8
5
3
6
6
-2
-1
2
-1
-6
1
2
-4
-2
-5
-3
-2
0
-6
-5
-7
-8
-13
-8
-7
-12
-12
-12
-11
-12
-11
-13
-12
-13
-9
-13
-12
-15
-16
-15
-19
-16
-15
-15
-12
-12
-15
-20
-16
-19
-18
-19
-14
-14
-12
-11
-7
-8
-11
-9
-14
-8
-3
-6
-4
-1
-7
-9
-7
-7
-5
-4
-3
-5
-6
-5
-5
-7
-11
-6
-10
-5
-8
-8
-3
-12
-8
-9
-10
-11
-8
-8
-6
-4
-10
-8
-11
-13
-10
-8
-8
-7
-8
-9
-8
-8
-5
-5
-4
-2
-1
2
1
3
1
2
2
0
3
6
9
8
9
11
13
12
15
17
18
17
11
15
20
16
15
15
18
18
15
15
17
17
18
15
10
14
16
14
17
17
20
17
17
18
16
17
19
16
16
16
15
18
22
17
19
20
18
21
19
21
18
19
16
18
13
11
16
13
17
14
12
12
10
6
7
8
6
2
0
1
2
3
0
-5
-7
-6
-9
-10
-10
-12
-10
-12
-11
-14
-13
-15
-17
-14
-16
-18
-17
-18
-18
-17
-17
-14
-16
-21
-20
-17
-15
-18
-19
-19
-21
-24
-20
-18
-21
-20
-22
-19
-19
-20
-17
-18
-19
-17
-20
-20
-14
-16
-12
-11
-13
-11
-14
-15
-11
-11
-11
-4
-4
-7
-6
-3
-5
-9
-7
-8
-5
-6
-5
-3
-7
-9
-8
-10
-14
-7
-7
-9
-5
-2
0
-4
-9
-5
-5
-6
-1
0
5
5
4
6
1
1
2
3
7
4
6
8
8
8
2
9
9
8
11
13
11
18
15
13
10
10
12
10
20
22
22
16
18
18
17
15
16
14
18
18
18
21
15
10
11
17
15
16
20
17
17
22
17
13
16
11
14
18
24
25
19
14
13
17
16
20
16
15
17
12
10
15
10
8
12
12
9
16
14
9
12
10
5
3
3
2
3
7
7
2
-1
-1
-5
-4
-3
-1
-2
-9
-7
-7
-9
-15
-13
-11
-13
-15
-16
-17
-18
-19
-22
-24
-25
-20
-25
-22
-24
-26
-25
-25
-25
-23
-20
-23
-22
-21
-23
-25
-22
-20
-23
-28
-23
-23
-22
-18
-14
-20
-19
-18
-17
-14
-13
-7
-8
-12
-11
-15
-12
-12
-8
-5
-6
-11
-9
-7
-9
-2
-6
-5
-7
-11
-9
-8
-1
-3
-4
-5
-5
-6
-7
2
0
-1
-3
-3
0
-1
-2
2
5
5
2
7
4
1
5
7
10
3
1
1
3
8
12
9
8
7
9
11
17
25
17
15
9
9
5
10
17
20
18
10
11
13
14
11
16
16
15
16
16
14
12
14
20
18
18
24
24
25
26
24
26
21
16
17
21
29
31
30
29
27
26
17
15
24
23
16
23
23
16
13
13
13
11
13
12
15
12
9
14
13
6
0
0
-1
0
-2
3
2
-5
-10
-16
-17
-13
-12
-13
-15
-20
-19
-23
-25
-16
-14
-19
-22
-26
-24
-24
-25
-23
-20
-27
-28
-29
-26
-22
-23
-20
-23
-25
-30
-30
-32
-19
-17
-22
-24
-26
-30
-28
-22
-18
-18
-21
-24
-24
-24
-21
-15
-15
-11
-15
-16
-17
-18
-7
-8
-9
-7
-8
-14
-6
-6
-3
-6
-6
-9
-5
-3
-1
3
3
6
5
8
3
2
4
4
7
7
7
7
5
8
12
12
14
13
15
14
15
13
15
18
19
16
19
18
16
12
12
14
18
19
12
14
17
16
19
21
17
15
10
11
11
15
17
15
13
6
8
9
12
15
13
9
7
10
9
9
7
14
17
10
8
7
6
3
7
10
5
2
-2
6
7
9
13
8
5
2
5
4
13
7
9
10
1
2
1
3
6
4
4
5
7
10
7
9
6
6
0
-1
-1
4
4
3
2
-4
-2
-8
-7
-8
-9
-10
-10
-9
-9
-14
-14
-15
-18
-11
-10
-14
-14
-19
-21
-21
-20
-14
-19
-23
-23
-21
-16
-18
-16
-17
-17
-18
-21
-20
-21
-16
-15
-14
-12
-15
-14
-14
-12
-8
-5
-4
-9
-10
-13
-8
-7
-4
-5
-8
-11
-12
-8
-4
0
-2
-3
-8
-5
-4
-3
-3
-6
0
-5
0
-1
0
0
2
3
-1
-3
-4
0
1
4
4
1
-2
-6
-3
0
9
11
10
8
7
3
4
9
10
6
2
9
4
9
16
10
13
9
5
4
8
9
13
16
18
14
11
6
7
14
19
25
21
14
10
13
11
14
14
11
13
13
15
14
18
18
16
15
15
12
13
17
14
13
17
12
6
6
3
8
13
14
11
11
4
1
2
6
9
9
13
6
2
2
7
6
4
6
3
-3
-3
-6
-3
3
0
-7
-8
-9
-6
-2
0
5
-2
-10
-14
-14
-8
-10
-8
-13
-13
-15
-22
-14
-14
-15
-10
-10
-13
-16
-14
-13
-13
-13
-12
-17
-21
-16
-13
-7
-7
-12
-16
-17
-18
-15
-13
-12
-14
-16
-9
-7
-13
-9
-11
-15
-10
-11
-11
-12
-17
-15
-15
-18
-17
-15
-14
-8
-5
-6
-7
-10
-16
-14
-14
-11
-9
-11
-8
-9
-8
-7
-4
1
-4
-2
3
7
5
1
-1
-2
2
2
5
9
14
14
11
11
10
7
8
8
9
4
7
11
12
14
16
15
13
13
12
19
23
15
12
6
6
10
10
16
19
20
15
13
13
13
16
11
13
11
9
12
14
16
14
14
15
12
15
18
19
23
20
13
5
2
9
17
22
23
21
14
11
12
13
9
11
7
7
9
6
12
11
7
5
6
11
8
7
7
4
0
-9
-5
-5
-5
-1
-4
-1
-1
-4
-4
-16
-20
-15
-19
-14
-8
-7
-9
-11
-16
-20
-14
-12
-9
-5
-13
-20
-24
-26
-21
-16
-17
-14
-16
-19
-14
-21
-16
-12
-21
-24
-22
-25
-21
-15
-15
-13
-25
-28
-24
-18
-14
-11
-14
-19
-31
-32
-20
-17
-11
-8
-6
-10
-17
-13
-12
-8
-8
-12
-10
-12
-17
-13
-8
0
-2
-9
-8
-6
-2
6
13
8
2
-1
-8
-2
6
9
13
18
11
6
8
9
9
12
15
16
13
14
19
25
24
20
22
20
19
22
25
28
28
18
17
20
18
20
23
22
23
19
17
16
10
11
16
20
20
19
16
11
9
13
10
14
18
11
6
7
9
10
11
9
3
0
3
2
9
10
4
3
1
-2
-9
1
2
4
6
-1
-6
-9
-6
2
6
3
2
0
-2
-6
1
0
8
4
0
7
2
2
3
2
0
-4
-13
-9
-3
-3
3
7
5
-6
-9
-14
-10
-6
-2
1
-2
-8
-14
-10
-9
-10
-8
-10
-12
-17
-18
-17
-17
-19
-24
-24
-23
-17
-15
-9
-9
-17
-21
-24
-24
-23
-17
-20
-16
-16
-17
-22
-23
-21
-21
-12
-9
-11
-15
-18
-19
-18
-21
-16
-20
-18
-11
-7
-4
-8
-7
-6
-12
-12
-10
-11
-6
-3
-1
1
-2
2
2
-1
5
14
14
9
7
-4
-5
-2
7
13
12
12
12
8
12
18
21
22
15
15
10
6
8
15
17
20
20
16
18
18
21
22
17
14
8
10
13
18
21
18
11
7
8
9
13
14
18
10
10
0
-4
-1
0
6
11
12
6
9
7
9
13
8
4
-3
2
7
9
14
11
14
7
7
14
16
18
14
14
14
8
14
12
14
20
14
17
19
20
15
18
18
9
7
1
8
9
12
19
16
11
7
9
12
8
11
13
0
-2
-7
-14
-15
-13
-8
-11
-5
-6
-9
-11
-20
-21
-28
-34
-33
-28
-29
-23
-17
-27
-31
-33
-36
-34
-31
-37
-41
-41
-41
-38
-35
-35
-34
-38
-36
-31
-27
-23
-24
-35
-37
-33
-32
-29
-31
-27
-27
-33
-35
-24
-21
-21
-17
-18
-21
-22
-20
-15
-15
-19
-18
-15
-8
-2
-4
1
3
-4
1
4
8
4
5
14
14
16
17
20
24
28
31
35
33
35
38
30
33
35
36
37
34
34
35
41
45
51
47
44
48
45
36
37
40
35
35
38
38
35
33
26
23
24
24
28
30
33
36
33
31
27
22
18
18
8
2
6
8
9
3
-8
-7
-7
-11
0
5
2
3
-1
-2
-14
-11
-5
-5
-12
-17
-10
-6
-2
-7
-15
-22
-35
-39
-33
-19
-8
-2
4
2
-8
-11
-7
-13
-18
-14
-11
-8
-22
-26
-28
-30
-25
-22
-18
-9
-7
-18
-20
-27
-38
-39
-34
-21
-18
-12
-5
-5
-14
-30
-32
-28
-28
-26
-27
-26
-31
-36
-32
-29
-23
-13
-5
0
4
5
7
-4
-29
-31
-24
-19
-7
1
-3
-6
-15
-26
-22
-18
-14
-6
-2
-1
-1
-8
-12
-15
-21
-20
-13
6
19
25
20
0
-16
-28
-20
-3
15
26
36
30
20
18
18
15
15
18
11
11
18
22
22
17
13
9
11
18
30
44
46
38
30
7
-3
-2
5
16
27
49
56
49
47
50
52
51
55
55
57
51
54
66
60
60
62
57
61
59
59
51
29
9
-8
-37
-42
-45
-52
-54
-59
-67
-81
-97
-112
-113
-116
-122
-127
-129
-130
-134
-129
-119
-102
-81
-63
-40
-23
-5
12
28
48
71
95
117
143
185
228
272
294
295
293
290
282
251
205
168
131
87
37
4
-7
-1
-1
-15
-25
-41
-51
-79
-118
-155
-181
-216
-250
-287
-313
-325
-335
-329
-319
-292
-248
-196
-148
-92
-42
4
19
15
31
53
72
75
45
13
-10
-37
-70
-84
-66
-50
-33
-6
16
40
59
69
60
60
65
45
24
0
-16
-27
-30
-36
-36
-3
59
130
175
207
221
222
200
166
124
60
-5
-68
-108
-151
-186
-187
-170
-148
-120
-71
-22
24
44
31
13
-19
-58
-96
-132
-148
-150
-146
-130
-101
-51
35
144
277
409
517
605
657
666
630
542
432
299
173
56
-43
-109
-159
-176
-179
-177
-151
-94
-40
-6
5
8
-36
-120
-247
-387
-509
-590
-637
-664
-648
-600
-506
-406
-263
-114
38
170
289
370
428
442
403
319
198
104
7
-91
-150
-155
-139
-104
-42
23
95
161
225
296
329
318
268
203
97
-21
-135
-195
-191
-148
-112
-58
27
100
168
219
248
229
204
142
65
-1
-57
-113
-186
-259
-308
-302
-240
-170
-120
-68
-31
-13
-28
-75
-96
-87
-54
-26
22
116
203
276
329
398
486
539
536
473
414
387
332
218
92
10
-46
-117
-213
-269
-284
-271
-281
-340
-384
-426
-417
-448
-508
-526
-560
-600
-656
-679
-664
-591
-531
-476
-387
-266
-115
14
116
210
320
388
419
432
447
425
362
273
190
140
80
53
24
4
65
127
175
214
259
320
321
291
235
203
205
187
124
51
-30
-20
23
-8
-49
-101
-134
-152
-157
-165
-142
-117
-109
-137
-178
-156
-114
-76
-80
-106
-91
-98
-119
-149
-183
-158
-102
-19
71
242
499
750
941
1086
1229
1311
1277
1171
1014
843
639
375
93
-140
-294
-376
-415
-434
-437
-429
-386
-338
-377
-419
-471
-572
-731
-935
-1102
-1208
-1340
-1427
-1442
-1397
-1230
-1009
-710
-391
-34
313
550
725
861
990
1029
966
779
589
403
182
-5
-171
-254
-288
-274
-167
-40
148
361
532
698
807
852
817
713
569
377
97
-212
-480
-728
-918
-942
-846
-698
-477
-253
-37
156
298
396
413
275
85
-98
-336
-645
-931
-1121
-1278
-1311
-1208
-1024
-690
-272
182
713
1285
1761
2105
2253
2309
2292
2070
1743
1269
825
462
111
-183
-356
-397
-297
-170
-26
158
217
268
256
64
-202
-534
-1043
-1556
-2099
-2506
-2763
-2932
-2927
-2846
-2542
-2039
-1486
-824
-161
412
944
1262
1480
1613
1574
1387
1062
635
220
-114
-440
-622
-571
-382
-158
92
390
795
1240
1569
1744
1664
1516
1421
1098
537
-71
-584
-874
-1177
-1418
-1354
-1046
-559
-40
346
688
1092
1450
1511
1293
1149
900
414
-144
-777
-1327
-1639
-1847
-1898
-1786
-1421
-677
71
818
1683
2452
3118
3473
3640
3666
3410
2953
2217
1324
638
119
-340
-664
-741
-540
-218
99
436
700
858
877
616
213
-247
-958
-1921
-3041
-3980
-4704
-5282
-5590
-5606
-5379
-4642
-3556
-2468
-1286
-43
1011
1745
2175
2462
2472
2154
1716
1031
253
-319
-822
-1226
-1304
-863
5
741
1430
2139
2812
3320
3377
2816
1906
1013
71
-1116
-2437
-3191
-3548
-3854
-4011
-3658
-2776
-1628
-364
583
1365
2120
2794
2838
2286
1770
1335
675
-163
-896
-1394
-1623
-1617
-1271
-592
491
1864
3179
4284
5336
6247
6611
6241
5331
4251
2953
1486
-4
-1370
-2334
-2991
-3188
-2869
-2281
-1490
-510
415
1005
1327
1375
1076
270
-856
-2183
-3623
-5042
-6144
-6936
-7282
-7138
-6602
-5675
-4458
-2913
-1138
424
1763
2951
3630
3902
3751
3311
2556
1652
714
-270
-1180
-1680
-1465
-889
-126
739
1846
2912
3782
4321
4385
4141
3653
2692
1318
-101
-1364
-2280
-3074
-3756
-3955
-3662
-2849
-1790
-745
418
1592
2463
2918
2847
2486
1938
1199
393
-566
-1467
-2146
-2517
-2422
-1764
-723
459
1815
3475
5085
6156
6719
7013
6819
5931
4549
2915
1453
310
-872
-2067
-2806
-2837
-2309
-1707
-1135
-182
899
1803
2188
1860
1353
573
-691
-2333
-4147
-5647
-6886
-7949
-8513
-8594
-7995
-6935
-5784
-4344
-2476
-452
1270
2400
3068
3460
3536
3085
2128
1067
164
-720
-1528
-1939
-1854
-1148
-288
479
1348
2585
3812
4629
4877
4684
4240
3234
1846
164
-1401
-2375
-3087
-3895
-4380
-4205
-3341
-2238
-1330
-241
877
1748
2449
2745
2650
2388
1932
1316
520
-152
-367
-369
-175
664
2048
3349
4253
4940
5647
6386
6628
6096
5048
3719
2501
1155
-386
-1594
-2359
-2768
-3153
-3439
-2851
-1799
-864
-404
-355
-307
-295
-613
-1450
-2758
-4024
-4971
-5954
-6918
-7513
-7523
-7125
-6502
-5524
-3956
-2245
-773
500
1595
2422
3027
3089
2438
1603
966
650
106
-701
-1265
-1306
-654
214
1009
1955
2915
3772
4652
5027
5047
4830
4331
3455
1961
701
-212
-1118
-1860
-2572
-2885
-2482
-1941
-1367
-711
-180
561
1010
1142
1358
1386
1487
1405
1048
1185
1536
2019
2853
3537
4258
4871
5135
5581
5605
5084
4610
3531
2530
1569
522
-73
-576
-979
-1208
-1606
-1677
-1312
-1113
-1048
-1277
-1599
-1784
-2309
-3078
-4063
-5247
-6001
-6535
-6994
-7064
-7022
-6601
-5753
-4923
-3610
-2155
-999
117
940
1541
2017
1958
1504
904
25
-821
-1484
-2026
-2226
-2199
-1949
-1418
-762
137
1045
1796
2583
3225
3684
4116
3841
3338
2921
2207
1596
792
-128
-604
-840
-866
-781
-808
-411
-109
185
643
955
1327
1862
2195
2439
2674
2828
3135
3621
4352
4820
4839
4771
4714
4756
4413
3576
2698
1635
806
133
-401
-652
-755
-931
-1148
-1187
-897
-444
-309
-580
-1208
-1563
-1806
-2449
-3488
-4819
-5841
-6489
-6951
-7184
-7032
-6541
-5907
-5202
-4063
-2702
-1583
-642
169
888
1229
1334
1217
697
-7
-289
-432
-958
-1600
-1700
-1342
-1205
-935
-290
155
479
1120
1805
2465
3140
3827
4121
3809
3610
3727
3558
3048
2389
1821
1529
1209
1004
788
397
338
453
486
688
1034
1416
1784
2213
2886
3866
4876
5738
6160
6128
6087
5963
5358
3925
2557
1404
131
-1288
-2546
-3018
-2985
-2746
-2374
-2142
-1838
-1086
-17
479
55
-422
-878
-1750
-2962
-4166
-5407
-6628
-7483
-7665
-7568
-7263
-6482
-5412
-4258
-2808
-1125
361
1195
1698
2041
1921
1638
1178
136
-1231
-2316
-2923
-3294
-3825
-4016
-4032
-3740
-2857
-1746
-957
-133
925
1979
2556
2826
3086
3091
2982
2580
2165
1921
1691
1592
1572
1509
1991
2627
3219
3551
3903
4304
4347
4348
4320
4058
3647
3292
3395
4177
4944
5414
5675
5588
5629
5622
5022
3772
2448
1322
166
-1440
-2962
-3706
-4042
-4304
-4657
-4816
-4431
-3613
-2900
-2659
-2838
-2932
-3032
-3601
-4402
-5122
-5678
-6276
-6879
-7121
-6774
-5964
-5074
-4258
-3296
-1702
122
1384
2052
2621
3126
3576
3402
2806
2023
1130
457
-527
-1808
-2598
-3027
-3393
-3754
-3832
-3011
-2008
-1135
-397
83
827
1692
2258
2425
2087
1874
2061
1968
1689
1581
1314
1357
1634
2074
2610
2934
3261
3652
4168
4948
5486
5586
5839
6554
7663
8381
8545
8257
7717
7536
6989
5480
3834
2297
922
-521
-2095
-3026
-3358
-3678
-4028
-4342
-4316
-3780
-3234
-3173
-3694
-4347
-4692
-5116
-6039
-7180
-8114
-8719
-9168
-9308
-8963
-8391
-7590
-6400
-4953
-3095
-1336
36
1221
2543
3718
4338
4395
3887
3227
2503
1577
550
-753
-1959
-2338
-2747
-3035
-2573
-1643
-619
-215
460
1655
2395
2940
2902
2432
1922
1369
965
339
-922
-1460
-1436
-1307
-707
31
852
1496
2135
3207
4466
5378
6057
6350
6683
7460
8583
8978
8394
7591
7335
7327
6576
5353
4147
3014
2110
1407
476
-383
-824
-1058
-1537
-2339
-2549
-2383
-2657
-3509
-4592
-5458
-6183
-6942
-7779
-8863
-9809
-9911
-9661
-9521
-9211
-8399
-7335
-6203
-4914
-3384
-2169
-1044
179
1054
1484
1730
2074
2142
1624
998
630
225
-305
-858
-1226
-1406
-938
93
795
1071
1734
2733
3531
3926
3938
3742
3373
2946
2522
2089
1517
1069
859
891
1089
1609
2131
2367
2874
3414
4137
5030
5495
5541
5816
6637
7796
8369
8139
7875
7822
8005
7491
6244
4993
3868
3049
2063
650
-250
-506
-727
-1119
-1993
-2612
-2498
-2419
-2847
-3884
-4894
-5496
-6157
-7218
-8425
-9563
-10282
-10608
-10597
-10367
-9766
-8728
-7393
-6070
-4636
-3077
-1743
-864
-204
334
602
777
544
-18
-780
-1453
-1745
-2078
-2594
-2667
-2640
-1851
-572
628
1764
2600
3518
4336
4740
4894
4592
3846
3113
2208
1726
1427
1028
844
752
1150
2216
3161
3942
4499
4853
5507
6256
6703
6672
6465
6755
7629
8036
7650
7020
6737
6935
6827
6013
5262
4640
4035
3362
2254
1474
1070
488
-371
-1683
-2686
-2557
-2586
-3536
-4893
-5838
-6127
-6517
-7483
-8421
-9277
-9856
-9864
-9965
-10034
-9591
-8988
-8233
-7363
-6200
-4613
-3568
-2814
-1869
-1185
-353
212
109
-312
-907
-1190
-1330
-2136
-2838
-3140
-3307
-2756
-1992
-983
346
1663
3147
4345
5038
5734
5999
5792
5194
4290
3702
3045
2350
1848
1433
1561
2265
2803
3230
3748
4416
5437
6442
7001
7269
7541
8180
9046
9216
8568
7760
7424
7103
6301
5161
4290
3543
2831
2375
1913
1606
1524
1387
843
68
-499
-593
-981
-2190
-3605
-4808
-5645
-6528
-7687
-8934
-9887
-10275
-10305
-10458
-10342
-9635
-8929
-8054
-7077
-5903
-4682
-3827
-3203
-2837
-2512
-1880
-1613
-1842
-2532
-3248
-3264
-3528
-4104
-4482
-4547
-4189
-3396
-2319
-1183
-10
1405
2822
3896
4546
5012
5316
5072
4490
3921
3400
2888
2538
2241
2342
2745
3531
4375
4900
5386
6069
6817
7239
7376
7386
7545
8151
8730
8609
7954
7262
7147
6899
6077
5044
4390
3828
3242
2707
2183
2082
2029
1699
773
-174
-625
-868
-1566
-2861
-4363
-5499
-6144
-7010
-8043
-9157
-9702
-9930
-10084
-10049
-9674
-9062
-8300
-7717
-7045
-5884
-4898
-4064
-3504
-3204
-3003
-2625
-2646
-2953
-3533
-4076
-4204
-4433
-4839
-5053
-4818
-4070
-2962
-1830
-541
738
2130
3439
4383
4957
5269
5339
5167
4583
3842
3320
3118
3032
2906
3089
3543
4335
5193
5792
6328
7059
7680
8022
8155
8177
8427
8875
8995
8364
7422
6808
6690
6123
4923
4076
3647
3392
3170
2677
2542
2907
3033
2560
1481
737
522
-28
-1313
-3004
-4467
-5416
-6421
-7732
-8889
-9686
-9852
-9872
-9736
-9356
-8826
-8080
-7270
-6850
-6134
-5116
-4367
-4096
-4461
-4304
-3948
-3980
-4372
-5133
-5827
-6016
-6045
-5865
-5980
-5977
-5243
-4243
-3205
-1904
-293
1165
2294
3038
3614
4008
4341
4365
3831
3202
3094
3365
3383
3462
3747
4496
5404
6145
6716
7053
7414
7896
8252
8160
7936
7810
8219
8620
8512
8147
7541
7269
7136
6393
5356
4474
3826
3501
2808
2034
2071
2166
1776
1074
197
-244
-443
-913
-1994
-3553
-4737
-5263
-6099
-7384
-8611
-9348
-9587
-9855
-9951
-9758
-9128
-8489
-7820
-7243
-6288
-5106
-4057
-3564
-3524
-3244
-2894
-2865
-3563
-4405
-5275
-5785
-6222
-6638
-6922
-6693
-5940
-4727
-3509
-2289
-593
922
2281
3250
3752
4094
4275
3847
3310
2776
2631
2748
2733
3089
3843
4816
5983
7102
7776
8234
8794
9309
9396
9063
8582
8558
8786
8771
8442
7694
7005
6826
6555
5925
5027
4240
3969
3648
2993
2690
2770
2550
1835
835
-15
-599
-895
-1478
-2946
-4472
-5401
-5860
-6551
-7620
-8594
-8901
-8922
-8838
-8876
-8869
-8415
-7926
-7634
-7102
-6070
-5205
-4660
-4583
-4353
-3929
-3717
-3956
-4646
-5595
-6080
-6274
-6637
-6896
-7039
-6577
-5671
-4719
-3494
-1866
-470
696
1656
2384
2968
3164
3180
2729
2243
2419
2786
2912
3177
3825
4871
6189
7223
8073
8569
8939
9515
9675
9432
8960
8325
8085
8210
8259
8176
7443
6809
6927
6771
6240
5525
4704
4286
3927
3030
2536
2140
1534
614
-815
-1863
-2327
-2763
-3735
-5053
-6216
-6774
-7075
-7549
-8273
-9064
-9172
-8886
-8554
-8454
-8199
-7849
-7469
-7276
-6808
-5819
-5085
-4597
-4461
-4238
-3834
-3420
-3699
-4252
-4977
-5459
-5477
-5950
-6357
-6417
-6140
-5374
-4310
-3465
-2459
-1334
5
1026
1511
2048
2400
2318
2097
2061
2218
2552
2854
3493
4358
5441
6724
7635
8348
8829
9260
9741
9959
9862
9433
8987
9234
9746
9767
9363
8691
8516
8614
8145
7443
6334
5174
4532
3771
2834
2240
1766
1020
-86
-1232
-1809
-2064
-2677
-3816
-5100
-6015
-6314
-6751
-7589
-8702
-9491
-9556
-9466
-9602
-9702
-9425
-8793
-8009
-7479
-6421
-5199
-4135
-3357
-3068
-2745
-2153
-2209
-2889
-3680
-4681
-5137
-5933
-6895
-7080
-6936
-6526
-5582
-4569
-3358
-1919
-652
621
1296
1789
2211
2090
1600
1113
887
1134
1479
1844
2540
3366
4689
6166
7223
8041
8800
9600
10093
10046
9865
9595
9392
9719
9947
9715
9177
8590
8532
8657
8145
7138
6192
5294
4701
3941
2984
2492
2008
986
-430
-1659
-2384
-2778
-3602
-4758
-5989
-6829
-7016
-7298
-7992
-8949
-9323
-9204
-9204
-9397
-9456
-9175
-8748
-8498
-8095
-7183
-6013
-5076
-4410
-3865
-3372
-2594
-2362
-2850
-3635
-4564
-5049
-5546
-6517
-6855
-7041
-6708
-5684
-4942
-3938
-2658
-1180
300
1241
1752
2106
2222
2126
1831
1642
1962
2275
2653
3232
4309
5417
6604
7296
7922
8558
9030
9472
9570
9342
9080
9526
10204
10743
10457
9846
9632
9938
9896
9028
7528
6298
5607
4690
3560
2660
2198
1628
519
-992
-1924
-2186
-2504
-3515
-4944
-6001
-6392
-6545
-7219
-8183
-9199
-9379
-9217
-9324
-9491
-9580
-9133
-8517
-8120
-7422
-6164
-5155
-4187
-3674
-3203
-2301
-1837
-2193
-3132
-4241
-4765
-5238
-6242
-6891
-7406
-7345
-6445
-5547
-4697
-3461
-2228
-856
56
698
1346
1262
1026
782
602
819
1178
1659
2280
3048
4518
6043
7089
7789
8326
8799
9392
9555
9398
8966
8658
9293
10132
10389
9977
9545
9781
10308
9842
8804
7744
6821
6024
4819
3690
3204
2620
1372
-188
-1744
-2324
-2440
-3140
-4555
-6007
-6654
-6611
-6792
-7592
-8543
-9311
-9238
-9218
-9408
-9534
-9381
-9033
-8712
-8460
-7424
-5991
-4908
-4073
-3850
-2909
-1981
-1865
-2538
-3683
-4628
-4892
-5664
-6561
-6987
-7364
-6751
-5798
-4957
-4019
-2862
-1643
-311
513
1060
1398
1271
976
465
497
871
1393
1882
2477
3476
5092
6473
7286
7907
8354
9126
9648
9556
9077
8817
9128
9965
10293
10142
9736
9685
10225
10221
9332
8416
7455
6498
5412
4082
3552
3381
2593
1051
-542
-1449
-1475
-1876
-3162
-4721
-5914
-6294
-6342
-6971
-8009
-8955
-9328
-9214
-9286
-9459
-9387
-9027
-8625
-8229
-7315
-5815
-4485
-3831
-3831
-3294
-2127
-1571
-2102
-3571
-4617
-4995
-5569
-6446
-7176
-7486
-7121
-6291
-5316
-4296
-3243
-1860
-741
177
686
851
942
753
124
-169
178
798
1213
1616
2618
4248
5880
7078
7950
8514
9152
9602
9560
9217
8813
8801
9571
9907
9740
9433
9300
9860
10179
9390
8577
7989
7420
6481
4942
4126
3942
3379
1854
62
-1099
-1349
-1711
-2784
-4212
-5390
-5854
-6085
-6700
-7659
-8393
-8704
-8845
-9157
-9564
-9530
-9223
-8885
-8841
-8358
-6935
-5406
-4371
-4027
-3685
-2466
-1635
-1938
-2709
-4072
-4813
-5414
-6497
-7015
-7294
-7420
-6906
-6156
-5048
-3685
-2348
-1073
-275
358
993
1270
920
229
-371
-335
134
567
834
1677
3007
4590
5981
7079
7792
8482
9166
9456
9436
9238
9428
9926
10266
10037
9670
9569
9821
9679
8885
7900
7383
7063
6188
5014
4439
4508
4407
3385
1694
639
326
-166
-1379
-3037
-4479
-5384
-5952
-6992
-8146
-8952
-9186
-9113
-9210
-9380
-9251
-8687
-8261
-7926
-7174
-5759
-4284
-3550
-3723
-3629
-2792
-2223
-2815
-4243
-5500
-6097
-6660
-7378
-7679
-7441
-6755
-6045
-5163
-3987
-2333
-828
220
515
525
726
760
284
-594
-1283
-1392
-719
-60
529
1634
3339
5054
6560
7607
8633
9489
9954
9870
9337
8985
9242
9679
9443
8560
8031
8649
9300
8901
7850
7150
7281
7407
6438
5142
4743
5140
4943
3474
1730
848
652
-72
-1773
-3689
-4827
-5453
-5980
-7084
-8444
-8734
-8536
-8354
-8456
-8605
-8146
-7283
-7218
-7304
-6594
-5180
-3952
-3792
-4172
-4074
-3242
-3130
-3777
-4957
-5921
-6434
-7262
-8036
-8156
-7797
-7105
-6344
-5731
-4522
-2904
-1085
-174
-235
-28
481
460
-301
-1394
-1781
-1226
-751
-284
388
1547
3426
4978
6278
7646
8715
9604
10035
9834
9387
9302
9817
10058
9249
8044
7697
8402
8735
7734
6550
6176
6397
6208
5066
4167
4495
4784
4102
2867
1692
1265
1038
61
-1502
-3010
-3996
-4608
-5620
-7114
-8072
-8162
-8025
-8274
-8572
-8155
-7168
-6402
-6242
-5902
-4635
-3011
-2337
-2540
-2720
-2588
-2371
-2851
-4239
-5503
-6497
-7349
-8115
-8735
-8452
-7482
-6489
-5783
-4985
-3441
-1380
40
521
315
277
578
174
-1017
-2108
-2432
-2066
-1657
-1204
-278
1420
3282
4969
6499
7968
9408
10308
10471
10163
9866
10225
10577
9815
8455
7204
7213
7796
7247
5996
5234
5127
5508
5270
4643
4768
5104
4842
3884
2787
2122
1910
874
-854
-2509
-3727
-4555
-5641
-7259
-8275
-8473
-8360
-8224
-8340
-7884
-6900
-5728
-5264
-4900
-4075
-3062
-2180
-2056
-2365
-2495
-2619
-3262
-4332
-5668
-6522
-7287
-8266
-8845
-8916
-8121
-6961
-6090
-5216
-4150
-2494
-744
-41
273
243
-37
-294
-1122
-2218
-2838
-3043
-2729
-2089
-1435
49
2025
3575
5086
6656
8364
9789
10371
10131
9913
10223
10651
10343
9310
7927
7083
7151
6848
5948
4784
4248
4581
4496
4034
4269
4925
5189
4258
2992
2748
2732
1985
310
-1801
-3237
-3931
-4939
-6499
-8063
-8745
-8378
-7711
-7597
-7336
-6492
-5224
-4141
-3551
-2564
-1590
-1006
-1001
-1467
-1692
-1754
-2677
-4044
-5678
-6644
-7006
-7756
-8545
-8645
-8005
-6849
-5474
-4438
-3351
-1879
-485
247
550
691
542
-180
-1173
-2102
-2695
-2941
-2946
-2742
-2030
-596
1430
3231
4570
5824
7340
8666
9563
10211
10299
10402
10538
10311
9716
8869
7836
7295
6457
5438
4484
3808
3564
3248
3270
3769
4302
4270
3935
3453
3362
3277
2401
895
-812
-2326
-3509
-4798
-6331
-7784
-8871
-9137
-8773
-8243
-7595
-6724
-5440
-4256
-3207
-1794
-605
-305
-193
-366
-668
-871
-2160
-3807
-4996
-6429
-7303
-8018
-9102
-9160
-8694
-7912
-6280
-4913
-3636
-1895
-598
453
1135
1200
1215
472
-863
-1878
-2716
-3294
-3884
-4034
-3583
-2392
-790
1099
2700
4210
5947
7541
8800
9887
10576
10826
11201
10835
10313
9846
8769
7517
6133
4751
3997
3258
2510
2340
2364
2898
3710
4024
4009
4050
4188
4086
3411
1916
407
-1182
-2914
-4851
-6735
-8249
-9252
-9931
-10024
-9328
-8219
-6883
-5460
-3916
-2339
-675
812
1756
1891
1694
1089
262
-1219
-3112
-4755
-6462
-8152
-9143
-9961
-9889
-9019
-8005
-6364
-4444
-2496
-610
830
1828
2553
2558
2075
1004
-545
-2031
-3171
-4044
-4745
-4925
-4384
-3177
-1748
277
2170
3960
5981
7897
9646
10903
11379
11379
11799
11587
10720
9224
7428
6032
4998
3682
2488
1787
1729
2166
2337
2796
3736
4810
5279
5245
4775
4343
3906
2675
677
-1742
-3977
-5832
-7446
-9271
-10464
-10916
-10669
-9594
-8261
-6571
-4536
-2284
-507
1103
2891
4089
4127
3093
1521
263
-1378
-3912
-6592
-8850
-10030
-10397
-10659
-10117
-8591
-6563
-4082
-1976
-361
1231
2749
3721
3398
2083
885
-155
-1577
-3565
-5317
-5930
-5827
-5353
-4599
-3263
-1357
956
3100
5130
7130
8934
10345
11092
11325
11367
11211
10492
8976
6961
5700
4677
3355
2071
1232
1237
1953
2410
3064
4138
5072
5829
5872
5525
5129
4412
3098
1256
-1103
-3201
-5083
-6945
-8758
-10396
-10984
-10681
-10225
-9277
-7686
-5630
-3079
-1023
973
2775
3677
3852
3504
2458
792
-1383
-3761
-6065
-8195
-9765
-10447
-10335
-9721
-8499
-6651
-4289
-1836
214
2119
3514
3611
3390
2920
1878
562
-1219
-2902
-3855
-4684
-4906
-4357
-3770
-2835
-1216
679
2845
4864
6386
7744
8903
9679
10275
10730
10409
9394
8090
7204
6469
5119
3391
2448
2047
1970
1998
2148
2792
3802
4545
4983
5173
5112
5034
4519
3471
2059
425
-1272
-2908
-5028
-7146
-8479
-9269
-9800
-10062
-9725
-8440
-6595
-4759
-2649
-723
913
2298
3030
3120
2546
1060
-775
-2733
-5022
-6831
-8483
-9760
-10249
-9990
-8746
-7033
-5380
-3512
-1186
1130
2734
3426
3748
3860
3358
2382
1039
-382
-1507
-2305
-2941
-3123
-2862
-2199
-1226
20
1438
3061
4826
6584
7594
7999
8713
9753
10037
9061
7578
6289
5607
4621
3041
1636
854
815
880
570
952
2159
3373
4202
4252
4005
4303
4585
3991
2517
899
-249
-1471
-3144
-5136
-6886
-7891
-8323
-8814
-9032
-8362
-7009
-5441
-3841
-1923
79
1735
2395
2362
2005
1418
158
-1991
-4582
-6660
-8093
-9151
-10095
-10647
-9761
-8103
-6141
-4143
-2331
5
2374
3481
3808
3875
3711
3339
2255
724
-374
-918
-1244
-1470
-1624
-1249
-132
898
2000
3300
4811
6267
7298
7707
7979
8733
9328
8935
7561
6136
5263
4765
3498
1775
600
292
646
527
61
748
2419
3417
3442
3029
3328
4030
3864
2533
981
-77
-825
-1865
-3701
-5460
-6501
-6838
-7121
-7648
-7608
-6763
-5446
-4192
-3033
-1279
903
2101
2100
1887
1664
1398
39
-2565
-4809
-6312
-7609
-8532
-9614
-9927
-8988
-7647
-5877
-4193
-2356
-76
1848
2702
3216
3655
3803
3354
1891
572
52
-259
-533
-939
-1260
-514
581
1521
2540
3625
5165
6776
7334
7809
8591
9102
9405
8642
7246
6591
5857
4516
2918
1251
464
273
-139
-776
-970
-182
1154
2002
2041
1942
2465
3132
2894
1816
707
-318
-1410
-2784
-4446
-5792
-6635
-7450
-8099
-8263
-7711
-6460
-5320
-4451
-3198
-1221
652
1768
1991
1917
1705
1127
-139
-2249
-4266
-5971
-7612
-8790
-9563
-9614
-8742
-7789
-6452
-4322
-2094
48
1668
2626
3504
4141
4245
3604
2338
1175
517
-138
-752
-1229
-1358
-659
187
1130
2425
3851
5270
6464
7318
8356
9295
9741
9684
9012
8111
7312
6331
4816
2971
1350
538
-12
-706
-1376
-1142
53
1152
1764
2071
2700
3562
4086
3880
2937
1885
711
-642
-2391
-4369
-6037
-6997
-7889
-8622
-8634
-7847
-6617
-5498
-4435
-2604
-172
1542
2135
2050
2045
1884
845
-1147
-3338
-5447
-7139
-8532
-9646
-10081
-9617
-8356
-6849
-5212
-3236
-774
1592
3126
3718
4054
4401
4159
3140
1720
657
113
-522
-1116
-1213
-894
-15
981
2055
3559
5076
6402
7577
8422
9361
10426
10534
9601
8271
7078
6217
4576
2180
536
-429
-1051
-1763
-2514
-2249
-1061
46
709
1061
1617
2655
3346
3048
2031
832
-231
-1295
-3055
-5174
-6535
-7327
-8008
-8533
-8484
-7425
-5869
-4517
-3159
-1293
671
2259
3011
2969
2616
1855
567
-1437
-3849
-5894
-7666
-9133
-10212
-10617
-9902
-8676
-7038
-4988
-2752
-479
1450
2738
3696
4128
4007
3478
2414
1255
440
-227
-785
-1081
-1261
-546
472
1424
2867
4554
6004
7121
8007
9248
10816
11180
10541
9474
8329
7627
6303
3891
1745
193
-732
-1336
-2459
-2870
-1880
-714
110
308
685
1856
2761
2827
2197
1132
386
-566
-2335
-4267
-6066
-6995
-7479
-8231
-8545
-7696
-6269
-4371
-2962
-1597
823
2691
3639
3903
3592
3001
1966
-101
-2442
-4892
-6845
-8117
-9294
-10164
-10064
-8732
-7147
-5607
-3843
-1782
471
1963
2609
3297
3431
2994
2261
1133
296
-362
-721
-870
-898
-663
240
1429
2337
3501
4914
6514
7459
7962
8787
10145
10706
10025
8752
7668
7017
5825
3812
1796
593
-145
-771
-1689
-2064
-1150
-26
601
551
565
1400
2396
2336
1380
270
-631
-1459
-2762
-4326
-5717
-6633
-7285
-7678
-7692
-7079
-5701
-4225
-3103
-1684
226
2151
3154
2856
2213
1637
594
-1272
-3855
-6181
-7645
-8903
-9774
-10113
-9878
-8651
-6920
-5010
-3023
-1262
592
2142
2904
3094
2988
2507
1872
713
-205
-358
-429
-494
-394
113
1233
2471
3537
4839
5900
6715
7794
8776
9518
10184
9887
9229
8490
7342
6460
5052
2785
1163
190
-332
-811
-1629
-1641
-542
316
769
969
1198
1609
1878
1644
938
-267
-1577
-2589
-3816
-5277
-6399
-6902
-7318
-7640
-7484
-6027
-4195
-2976
-1651
-37
1603
3171
3532
3207
2590
1167
-375
-2134
-4692
-6878
-8500
-9711
-10199
-10495
-9652
-7835
-6213
-4319
-2327
-48
2139
3207
3725
3790
3271
2842
1944
647
-330
-1055
-986
-456
-191
470
1679
2990
4731
6085
6878
7722
8619
9831
10756
10364
9414
8492
7591
6809
5118
2787
1242
123
-929
-1587
-2140
-1792
-771
-269
-151
90
792
1805
2221
1687
888
194
-373
-1395
-3163
-4821
-6033
-6663
-7082
-7667
-7676
-6512
-4833
-3287
-1866
-201
1684
3298
3797
3626
3318
2397
818
-1436
-3909
-5774
-7310
-8690
-9619
-10150
-9753
-8401
-6688
-5302
-4073
-2282
-325
1067
1850
2176
2169
2074
1617
974
437
-187
-455
-329
-106
628
1242
2078
3394
4253
5131
6076
7123
8487
9847
10334
10063
9374
8869
8464
7094
4819
2920
1671
639
-541
-1855
-1988
-1018
-435
-602
-879
-443
459
1137
1024
402
-232
-663
-1152
-2275
-3893
-5294
-6021
-6558
-7345
-7753
-7023
-5574
-4078
-3252
-1580
641
2522
3602
3477
3377
3129
2016
288
-1959
-4045
-5721
-7306
-8321
-9152
-9421
-8530
-7031
-5450
-4432
-3208
-1385
218
940
1347
1410
1315
1260
795
540
586
406
638
1146
1412
2045
2344
3394
4640
4998
5634
6983
8587
9953
10207
9948
9946
9666
8976
7532
5352
3468
2385
1117
-470
-1696
-1768
-828
-473
-1162
-1445
-545
474
471
-294
-880
-1171
-1484
-2200
-3527
-4967
-5875
-6202
-6695
-7200
-7219
-6011
-4259
-2971
-2230
-515
1721
2934
3240
2889
2792
2664
1056
-994
-2654
-4280
-5371
-6542
-7757
-8124
-7872
-6923
-5564
-4765
-3840
-2640
-1205
-75
-30
116
547
490
356
261
398
896
1039
1115
1940
2583
3104
3603
4029
4563
5019
5799
7410
8917
9200
9075
9162
9518
9313
7713
5387
3682
2301
1109
-331
-2039
-2439
-1719
-1180
-1415
-1943
-1675
-338
563
30
-847
-1337
-1618
-2202
-3381
-4935
-5922
-6238
-6539
-6805
-6526
-5687
-4043
-2474
-1540
207
2092
3431
3811
3000
2648
2596
1145
-917
-3101
-4629
-5294
-6377
-7318
-7817
-7574
-6537
-5235
-3985
-3056
-2351
-1374
-611
-205
238
145
170
-4
87
986
1692
1755
2148
2579
3549
4814
5076
5145
5531
6013
7113
8799
9705
9652
8826
8421
9061
8814
6647
3925
1888
885
-78
-1734
-2810
-2940
-2622
-2389
-2485
-2305
-1603
-686
-149
-641
-1667
-2151
-2244
-2927
-4502
-5994
-6448
-6391
-6384
-6545
-6194
-4467
-2221
-776
505
1764
3558
5315
5232
4138
3425
2610
1516
-768
-3516
-4900
-5987
-6882
-7599
-8232
-7827
-6712
-5186
-3711
-3071
-2299
-1199
-375
74
-182
-180
325
491
471
1110
2052
2546
2683
2915
4166
5282
5722
5954
6057
6613
8441
10172
10588
9688
8573
8970
9349
7354
4227
1703
97
-1078
-3088
-4915
-5177
-4979
-4674
-4392
-4444
-3694
-2020
-902
-1079
-1872
-2168
-1906
-2390
-4199
-6063
-6553
-6607
-6729
-6814
-6651
-5429
-2988
-749
955
2483
3852
6042
7028
6328
5720
4627
3014
1016
-1810
-3636
-5053
-6967
-7855
-8345
-8501
-7860
-6851
-5288
-4180
-3391
-2192
-1069
-626
-565
-504
-87
-105
-190
388
1566
2154
2886
3458
4284
5505
6194
7071
7751
7799
8575
10559
11357
11065
9940
9620
10060
8887
5994
3388
1479
-226
-2051
-4276
-5478
-5733
-5647
-5604
-6088
-6063
-4784
-3048
-2578
-3301
-3687
-3059
-2938
-4004
-5758
-6779
-6812
-6942
-6886
-6818
-5847
-3629
-920
987
2840
4675
6845
8497
8078
7245
6810
5477
3188
132
-2608
-3961
-5404
-6932
-7844
-8471
-7921
-6767
-5418
-4340
-3763
-2832
-1815
-1487
-1618
-1815
-1753
-1644
-1998
-1788
-466
880
1570
2498
3512
5396
6844
7643
8571
9091
9630
11420
12628
12278
11032
9926
10222
9673
6901
4042
2098
483
-1207
-3237
-4349
-4450
-4806
-5009
-5381
-5877
-5300
-4267
-3903
-4655
-5744
-5772
-5269
-6115
-7803
-8974
-8833
-8499
-8376
-8041
-6808
-4960
-2368
294
2361
4466
6506
8356
8996
8126
7334
6634
4444
1401
-1678
-3418
-4392
-5943
-7197
-7604
-7237
-6028
-4694
-3545
-3086
-2847
-2100
-1573
-2019
-2874
-3430
-3367
-3589
-3835
-3092
-1480
-237
1008
2347
4180
6182
7490
8781
9764
10192
11278
12954
13268
12266
10733
10067
10059
8472
5349
3034
1731
416
-1300
-3005
-3601
-3438
-3308
-3662
-4565
-4753
-4201
-3699
-4234
-5818
-6791
-6769
-7401
-8713
-10131
-10512
-10098
-9609
-9102
-8255
-6147
-3479
-526
1813
3685
6074
8368
9466
9065
8022
7678
6229
3307
503
-1890
-3316
-4451
-5883
-6298
-6277
-5818
-4434
-3111
-2261
-1704
-1078
-636
-1047
-2081
-2797
-3434
-4247
-5058
-4959
-3999
-2808
-1933
-360
1492
3514
5382
7126
8777
10093
11282
12917
14310
13982
12834
11812
11283
10211
7751
4824
2776
1157
-256
-1751
-3067
-3202
-2921
-2538
-2720
-3238
-2838
-2200
-2484
-3772
-5290
-6278
-6828
-8447
-10416
-11747
-12184
-12013
-11425
-10900
-9586
-7037
-4130
-1048
1458
3839
6466
8519
9088
8875
8327
7363
5233
2111
-635
-2601
-3814
-4875
-6142
-6575
-5996
-4609
-2944
-1791
-1010
-14
437
280
-534
-1663
-2775
-4089
-5438
-6178
-6114
-5311
-4252
-3522
-2154
-69
2526
4846
6482
7899
9674
11571
13491
14587
14049
13164
12485
11915
10656
7653
4709
2955
1433
-209
-1729
-2449
-2142
-2051
-2191
-2207
-1949
-1396
-1248
-1853
-3137
-4622
-5522
-6439
-8624
-10805
-12244
-12773
-12655
-12504
-11922
-10038
-7675
-4911
-1611
1208
3764
6185
7676
8373
8411
7758
6749
4585
1577
-733
-2504
-3676
-4742
-5860
-5629
-4815
-3739
-1961
-613
263
1021
1090
1036
446
-904
-2277
-3665
-5036
-5731
-5612
-5144
-4371
-3733
-2524
-293
1950
4123
5995
7543
9325
11256
13396
14565
13921
12975
12625
12372
10864
7902
5159
3462
2101
351
-1063
-1512
-1489
-1383
-1491
-1806
-1469
-858
-752
-1398
-2941
-4204
-4799
-6031
-8291
-10514
-11906
-12354
-12275
-12549
-11950
-10082
-7648
-4710
-1670
1000
3488
5754
7159
7886
7625
6822
5441
3057
398
-1535
-2939
-3860
-5077
-5790
-5138
-4199
-2842
-1327
-100
874
1192
1160
941
67
-1424
-2934
-4380
-5525
-5998
-5731
-5154
-4673
-4135
-2541
-248
1814
3790
5404
7167
9185
11279
13267
13867
13116
12680
12678
12130
10048
7163
5151
3912
2217
494
-464
-522
-393
-661
-990
-1103
-721
-356
-558
-1754
-3382
-4301
-4937
-6618
-9043
-11021
-11883
-12018
-12287
-12334
-11166
-9300
-6845
-3799
-974
1506
3752
5483
6654
6999
6511
5731
3879
1029
-1252
-2743
-3698
-4599
-5634
-5522
-4566
-3583
-1910
-233
919
1481
1626
1685
1116
-147
-1801
-3396
-4767
-6006
-6262
-5737
-5339
-4877
-3900
-1869
605
2638
4449
6105
7836
9891
12239
13799
13488
12359
12213
12517
11470
8720
5984
4508
3356
1798
380
-20
308
371
244
127
261
853
1093
334
-1437
-2992
-3708
-4878
-7420
-10111
-11601
-12032
-12239
-12404
-11745
-10144
-8080
-5129
-1747
915
3160
5123
6735
7610
7099
6239
4985
2296
-599
-2650
-3876
-4657
-5819
-6164
-5158
-4123
-2847
-1088
868
1963
2030
2123
1982
1055
-628
-2631
-4163
-5625
-6849
-6851
-6494
-6169
-5404
-3903
-1540
829
2865
5106
6958
8531
10571
12698
13632
12753
11484
11389
11397
9664
6783
4638
3594
2502
1161
266
262
658
790
736
581
535
779
926
-352
-2375
-3758
-4595
-6056
-8582
-11048
-12129
-12340
-12511
-12205
-11068
-9253
-6501
-3450
-596
2059
4253
6381
7401
7146
6605
5750
3789
1130
-1798
-3588
-4368
-5532
-6164
-5854
-4966
-3519
-1688
69
1358
1919
2449
2600
1561
228
-1326
-2863
-4487
-6281
-7016
-6590
-6438
-6065
-5051
-3403
-1052
1130
3340
5456
7098
8944
11529
13284
13221
12216
11742
11994
11129
8620
6231
4670
3236
1899
663
245
497
690
868
717
498
956
1456
901
-834
-2694
-3464
-4422
-6683
-9217
-11044
-11686
-12009
-12199
-11546
-10257
-8436
-5586
-2269
592
3130
5324
7241
8183
7955
7445
6282
3660
638
-1937
-3521
-4522
-5930
-6381
-5702
-4786
-3335
-1372
660
2140
2525
2801
2902
1941
406
-1454
-3202
-4996
-6478
-6894
-6630
-6521
-6080
-4838
-2954
-684
1444
3676
5681
7337
9461
12145
13473
12917
11792
11503
11741
10276
7317
4874
3524
2256
836
-337
-463
-45
290
508
274
506
1077
1320
285
-1671
-3239
-3964
-5507
-8156
-10693
-12134
-12490
-12724
-12537
-11603
-9816
-7268
-3991
-819
2001
4435
6543
7945
8033
7649
7117
5302
2367
-486
-2692
-3765
-4877
-6010
-5855
-5093
-4034
-2309
-382
1271
2272
2647
2992
2374
1026
-438
-2157
-3904
-5814
-6978
-6982
-6870
-6759
-5838
-4322
-2343
-41
2183
4316
6062
7603
10081
12500
12996
12208
11558
11651
11390
9339
6728
4945
3511
2095
786
-87
-78
258
527
381
-104
278
1064
956
-636
-2432
-3376
-4235
-6075
-8580
-10625
-11773
-12288
-12267
-11772
-10821
-9245
-6671
-3265
-119
2618
5194
7259
8308
8465
8229
7500
5206
2154
-250
-2041
-3409
-4661
-5364
-5060
-4412
-3394
-1650
313
1792
2521
2938
3030
2327
1199
-333
-2240
-4311
-5913
-6500
-6477
-6487
-6269
-5259
-3768
-1726
479
2618
4440
5966
7751
10431
12406
12613
11917
11402
11617
11346
9392
6808
5022
3452
2058
838
-91
-89
183
104
-142
-214
195
709
193
-1357
-2969
-3949
-4861
-6723
-9153
-11120
-12061
-12396
-12292
-11963
-10908
-9153
-6904
-3613
-151
2632
4849
6313
7312
8137
7987
6757
4382
1480
-787
-2289
-3510
-4762
-5563
-5272
-4096
-2851
-1374
389
2012
2926
3013
2611
2085
900
-1102
-3108
-5074
-6420
-6996
-6997
-6815
-6384
-5368
-3458
-1120
1125
3141
4696
6217
7929
10157
11969
12235
11442
10949
11219
11067
9449
7051
5156
3790
2643
1400
537
401
572
651
292
60
364
652
174
-1247
-2794
-3843
-5094
-6981
-9202
-11032
-12062
-12553
-12361
-11642
-10560
-9005
-6779
-3593
-396
2379
4655
6007
6947
7684
7545
6678
4416
1708
-130
-1664
-2929
-4027
-4570
-3965
-3038
-2072
-558
864
2316
3212
3372
3048
2174
1040
-303
-2327
-4467
-5819
-6539
-6695
-6516
-6270
-5119
-3600
-1672
850
2941
4426
5734
7227
9358
11287
11614
11162
10693
10682
10807
9702
7494
5590
4247
3294
2361
1086
664
1035
1156
761
420
425
693
489
-796
-2170
-3443
-4870
-6609
-8585
-10627
-11767
-12126
-12033
-11545
-10781
-9320
-7171
-4535
-1884
853
3207
4889
5897
6509
6621
5890
4213
2097
43
-1521
-2710
-3952
-4481
-4398
-3789
-2569
-1195
200
1595
2709
3141
2993
2363
1454
102
-1710
-3918
-5612
-6468
-6756
-6735
-6609
-5760
-4235
-2041
396
2428
3958
5313
6671
8715
10491
11249
11069
10505
10315
10533
9957
7998
5836
4107
3160
2437
1385
471
433
780
847
680
622
905
839
89
-1143
-2445
-4024
-5817
-7751
-9660
-11150
-11893
-11889
-11637
-11277
-10281
-8096
-5479
-2893
-555
1874
4222
5682
6257
6391
5776
4618
2984
1035
-717
-2353
-3641
-4384
-4508
-4118
-3183
-1908
-572
752
1993
2757
3163
2990
1999
833
-699
-2392
-3940
-5312
-6176
-6430
-6353
-5516
-4259
-2517
-257
1640
3468
5200
6725
8304
9845
11038
11635
11280
10909
10925
10616
9296
7012
5105
3892
2920
1648
387
-102
357
912
1005
858
821
1040
1123
353
-1114
-2706
-4486
-6265
-8014
-9775
-11095
-11494
-11563
-11283
-10437
-8856
-6674
-4409
-2109
182
2794
4764
5520
5794
5755
5203
4216
2382
520
-937
-2779
-4026
-4624
-4861
-4427
-3788
-2879
-1439
-341
619
1594
1837
1494
749
-250
-1455
-2966
-4549
-5578
-6278
-6512
-6096
-5196
-3649
-1890
-22
1933
3794
5455
6941
8236
9796
11211
11659
11596
11321
10993
10569
8995
6618
4739
3346
2222
861
-474
-635
-55
429
532
369
602
1214
1260
339
-1237
-2991
-4368
-5770
-7472
-9192
-10401
-10776
-10652
-10292
-9365
-7866
-6121
-4029
-1913
394
2993
4677
5287
5522
5427
5239
4490
2507
633
-1071
-2823
-3910
-4695
-5218
-5170
-4818
-3761
-2576
-1843
-770
290
876
616
-133
-635
-1358
-2801
-4196
-5242
-5633
-5479
-5158
-4151
-2739
-1413
499
2474
4172
5828
7136
8534
10172
11399
12066
12230
11772
11183
10424
8905
6789
4784
3049
1617
237
-929
-1016
-338
18
-45
102
502
963
955
43
-1309
-2723
-3966
-4976
-6387
-8188
-9266
-9613
-9380
-8964
-8309
-7081
-5500
-3744
-1635
723
2833
4380
5139
5587
5873
5664
4873
3261
977
-940
-2582
-4032
-5256
-6235
-6381
-5803
-5221
-4251
-3162
-2111
-1030
-477
-283
-493
-1042
-1605
-2619
-3914
-4641
-4687
-4490
-4117
-3504
-2207
-511
1083
2734
4427
5932
7306
8683
10467
12029
12464
12407
12096
11528
10565
8922
6655
4465
2328
622
-501
-1498
-1749
-1321
-953
-713
-504
-129
487
385
-410
-1391
-2438
-3327
-4489
-6049
-7418
-8304
-8604
-8231
-8059
-7727
-6631
-5210
-3355
-1315
476
2341
3983
4863
5722
6197
5878
5084
3320
1312
-355
-2447
-4344
-5892
-7275
-7617
-7556
-7244
-6057
-4986
-4150
-3112
-2287
-1443
-1083
-1482
-2113
-2860
-3411
-3610
-3767
-3850
-3611
-3020
-1591
-175
1138
2793
4290
5746
7360
8785
10730
12327
12670
12745
12385
11769
10990
9182
6646
4349
2258
815
-309
-1776
-2491
-2025
-1488
-1131
-965
-865
-323
-127
-520
-1018
-1705
-2698
-3718
-4771
-5891
-6688
-6926
-6848
-6939
-6783
-5984
-4594
-3163
-1693
174
2407
4358
5582
6546
7311
7200
6272
4870
2798
501
-2085
-4458
-6278
-8072
-8976
-8840
-8323
-7617
-6778
-5550
-3893
-2522
-1765
-1303
-1361
-1686
-2061
-2389
-2858
-3350
-3585
-3258
-2429
-1421
-208
1167
2733
4216
5875
7619
9327
10864
12255
13105
13168
12613
11878
10859
8923
6179
3709
1962
330
-1384
-2861
-3298
-2813
-2196
-1855
-1760
-1474
-939
-271
-122
-865
-1856
-2669
-3357
-4289
-5469
-6328
-6751
-7083
-7230
-6980
-6087
-4986
-3663
-1768
440
2481
4570
6322
7275
7778
7469
6771
5449
2840
81
-2416
-5031
-7236
-9101
-9958
-9742
-9629
-9017
-7612
-6085
-4419
-3027
-2190
-1688
-1654
-1650
-1724
-2475
-3248
-3561
-3506
-3010
-2432
-1437
-81
1348
3077
4843
6713
8407
9721
11128
12667
13337
13150
12533
11481
10294
8512
5962
3713
1810
-145
-1631
-2762
-3249
-2836
-2244
-2048
-1951
-1560
-835
-54
-69
-914
-1746
-2307
-2966
-3867
-5028
-6066
-6609
-6743
-6681
-6491
-5783
-4647
-3228
-1407
870
3199
5495
7162
7694
8187
8427
7529
5721
2993
44
-2505
-5368
-7755
-9290
-10274
-10370
-10033
-9320
-7931
-6376
-4683
-3160
-2406
-1783
-1415
-1413
-1917
-2668
-3169
-3347
-3313
-3001
-2124
-1068
263
1750
3581
5562
7240
8705
10130
11495
12661
13368
13114
12350
11088
9756
8250
5951
3392
1476
-133
-1697
-2814
-3252
-2786
-2364
-2384
-2065
-1441
-896
-460
-430
-875
-1669
-2424
-2898
-3724
-5066
-6035
-6527
-6754
-6889
-6825
-5787
-4421
-3259
-1431
1374
3971
5912
7089
7773
8577
8310
6966
5116
2383
-573
-3144
-5723
-7804
-9578
-10579
-10429
-10063
-9392
-7973
-6393
-4898
-3650
-2921
-2113
-1712
-2008
-2294
-2801
-3388
-3419
-3221
-2723
-1722
-735
811
2415
4118
5998
7529
8892
10037
11133
12501
13162
12543
11665
10542
9580
8320
5982
3336
1418
-181
-1561
-2622
-3326
-3153
-2605
-2349
-2259
-1883
-1407
-833
-625
-1052
-1839
-2442
-2961
-3677
-4678
-5803
-6339
-6473
-6466
-6284
-5412
-4251
-2843
-915
1483
3940
6005
7319
7980
8453
8206
7173
5186
2434
-455
-3084
-5537
-7648
-9563
-10641
-10540
-9945
-9072
-8119
-6824
-5187
-3727
-2784
-2165
-2001
-2123
-2224
-2503
-2827
-2894
-2648
-2047
-942
295
1746
3193
4827
6450
7814
9065
10147
11297
12448
12969
12486
11741
10966
10067
8495
6036
3470
1721
130
-1551
-2896
-3553
-3322
-2863
-2717
-2644
-2374
-1812
-1013
-737
-1195
-1993
-2645
-3147
-3860
-5044
-5965
-6434
-6713
-6574
-6230
-5381
-3973
-2470
-512
1802
3921
5843
6992
7552
7900
7414
6240
4338
1764
-728
-3103
-5581
-7641
-9259
-10157
-10211
-9920
-9314
-8178
-6815
-5563
-4148
-3293
-2667
-2220
-2272
-2211
-2250
-2590
-2479
-2063
-1488
-292
896
2213
3638
4994
6440
7906
8970
9894
10882
11917
12559
12366
11672
10829
9938
8605
6529
4168
2093
257
-1368
-2775
-3650
-3841
-3506
-3327
-3455
-3251
-2566
-1568
-1030
-1381
-1999
-2426
-2847
-3503
-4491
-5494
-6142
-6301
-6160
-5959
-5244
-4019
-2632
-911
1044
3305
5442
6692
7168
7473
7389
6587
4926
2530
-74
-2736
-5359
-7434
-9049
-10335
-10670
-10273
-9481
-8492
-7399
-5761
-4143
-3217
-2505
-1864
-1492
-1412
-1701
-1894
-1835
-1601
-971
85
1141
2141
3382
4879
6531
7755
8724
9569
10579
11641
12558
12622
11950
10943
9921
8850
6874
4266
1964
147
-1540
-3004
-4012
-4144
-3865
-3656
-3446
-3081
-2306
-1353
-789
-863
-1423
-2045
-2434
-3049
-4153
-5239
-5917
-6191
-6153
-5876
-5203
-3975
-2694
-834
1423
3346
5094
6207
6726
7089
6780
5752
4123
1695
-716
-3047
-5366
-7405
-9064
-10004
-10157
-10025
-9386
-8372
-7116
-5735
-4467
-3426
-2670
-1964
-1563
-1459
-1356
-1369
-1218
-709
-198
713
1760
2630
3757
5172
6474
7659
8594
9194
10182
11446
12256
12353
11592
10446
9825
8945
6964
4474
2127
233
-1328
-2826
-4057
-4545
-4381
-3965
-3803
-3536
-3008
-2102
-1247
-1277
-1782
-2190
-2557
-2991
-3739
-4776
-5359
-5523
-5448
-5210
-4794
-3996
-2951
-1441
209
1958
3933
5257
5561
5766
5789
5374
4100
1806
-632
-2850
-5151
-7307
-9003
-10098
-10355
-10174
-9487
-8618
-7773
-6382
-4564
-3180
-2474
-1854
-1202
-609
-532
-714
-475
3
406
1217
2172
3104
4126
5242
6572
7824
8628
9415
10534
11511
12052
12204
12046
11155
10080
8902
7298
5030
2534
466
-1102
-2701
-4241
-4652
-4308
-3941
-3755
-3459
-2761
-1897
-1246
-882
-1036
-1689
-2312
-2576
-3045
-4103
-4881
-5167
-5214
-5093
-4814
-3901
-2768
-1382
289
1918
3393
4182
4929
5527
5178
4342
3215
1480
-467
-2813
-4978
-6651
-8372
-9326
-9656
-9776
-9476
-8817
-7681
-6332
-5070
-3863
-2704
-1806
-1203
-682
37
291
236
518
1089
1854
2709
3370
4171
5165
5983
7140
8264
8743
9301
10338
11233
11795
11508
10656
9966
9070
7388
5277
3044
917
-880
-2601
-4049
-4840
-4689
-4284
-4219
-4147
-3627
-2532
-1311
-974
-1266
-1501
-1796
-1976
-2368
-3276
-4154
-4732
-4935
-4974
-4917
-4515
-3749
-2725
-1538
-24
2055
3432
3888
4211
4417
4547
3826
1935
-69
-2318
-4533
-6325
-8117
-9436
-10153
-10431
-10073
-9451
-8650
-7068
-5221
-3720
-2512
-1316
-160
622
985
1045
1035
1267
1511
1927
2651
3141
3685
4703
5781
6944
7940
8582
9304
10183
11028
11771
11848
10992
9938
9140
7892
5867
3414
1108
-610
-2280
-3900
-4587
-4519
-4233
-3856
-3571
-3110
-2143
-1183
-559
-439
-1030
-1490
-1515
-1760
-2672
-3901
-4694
-4830
-4960
-5082
-4650
-4181
-3324
-1902
-310
1392
2689
3249
3992
4399
3997
3400
2029
183
-1736
-4001
-5788
-7259
-8744
-9504
-9810
-9851
-9046
-7967
-6593
-5071
-3766
-2251
-869
150
827
1214
1411
1447
1432
1671
2073
2419
2897
3462
4405
5507
6436
7425
8145
8686
9651
10658
11243
11210
10380
9532
8873
7619
5687
3613
1398
-415
-1748
-3213
-4225
-4419
-4184
-3767
-3478
-3243
-2327
-1213
-588
-554
-810
-1056
-1332
-1803
-2594
-3694
-4567
-4915
-5171
-5339
-5455
-5158
-4109
-3034
-1736
232
1924
2638
3033
3480
4028
3670
2113
309
-1553
-3445
-5330
-7167
-8594
-9540
-10040
-9473
-8898
-8348
-6996
-5053
-3143
-1799
-899
191
1152
1353
1273
1311
1512
1518
1593
2136
2875
3445
4229
5288
6358
7266
7952
8740
9551
10040
10734
11147
10453
9436
8554
7610
6045
3780
1606
179
-1180
-2802
-3760
-3847
-3614
-3300
-3051
-2703
-1998
-1212
-524
-196
-616
-1226
-1399
-1704
-2579
-3743
-4638
-4982
-5365
-5673
-5502
-5067
-4301
-3156
-1554
261
1257
1978
2887
3601
3741
3215
2149
766
-930
-2814
-4550
-6258
-7622
-8437
-8726
-8796
-8553
-7624
-6008
-4352
-3229
-2098
-796
243
799
1123
1204
1316
1362
1402
1826
2341
2905
3548
4339
5260
6237
7035
7719
8190
8590
9298
10094
10186
9602
8740
8080
7582
6176
4128
2240
744
-562
-1747
-2957
-3465
-3266
-2974
-2778
-2687
-2297
-1573
-739
-630
-924
-1188
-1484
-1787
-2473
-3504
-4366
-4869
-5269
-5516
-5719
-5582
-4868
-3837
-2474
-955
319
1190
1936
2696
3247
2965
1902
653
-810
-2473
-4128
-5794
-7078
-7961
-8446
-8386
-8069
-7436
-6103
-4625
-3509
-2482
-1412
-277
485
578
743
1117
1338
1501
1822
2506
3196
3836
4515
5438
6315
6965
7561
7890
8256
9003
9807
10025
9340
8477
8220
7887
6441
4256
2383
1202
90
-1489
-2711
-2909
-2773
-2674
-2649
-2676
-2274
-1522
-884
-737
-1283
-1907
-1890
-1969
-2829
-3998
-4822
-5157
-5415
-5741
-5690
-5342
-4728
-3712
-2023
-326
728
1507
2255
3073
3438
2957
2067
856
-788
-2354
-3931
-5351
-6459
-7413
-7796
-7805
-7702
-6954
-5574
-4290
-3524
-2802
-1712
-629
-57
105
261
531
804
1216
1849
2625
3167
3777
4689
5667
6557
7122
7483
7830
8339
9298
10135
9979
9204
8623
8548
8129
6546
4347
2651
1470
26
-1481
-2358
-2640
-2740
-2751
-2873
-2861
-2204
-1511
-1033
-1054
-1687
-1971
-1921
-2450
-3477
-4454
-5124
-5359
-5717
-6094
-5960
-5371
-4308
-2952
-1561
-207
1031
2036
2864
3285
3333
3105
2108
738
-510
-2040
-3396
-4479
-5848
-6799
-7323
-7377
-6719
-6139
-5570
-4779
-3940
-2937
-1934
-1316
-858
-523
-213
440
1018
1358
2000
2565
3308
4326
5041
5923
6529
6613
6997
7448
8031
8856
9146
8874
8557
8537
8472
7679
5880
3975
2761
1697
163
-1568
-2609
-2894
-3006
-3344
-3649
-3617
-3248
-2667
-2315
-2413
-2766
-2962
-2980
-3297
-4180
-4951
-5177
-5520
-6069
-6209
-5857
-4816
-3698
-2869
-1600
-26
1219
2348
3044
3175
3288
2980
2341
1434
-101
-1454
-2456
-3600
-4731
-5887
-6506
-6346
-6042
-5722
-5324
-4733
-3941
-3078
-2300
-1697
-1145
-513
115
700
1263
1971
2765
3411
4033
4778
5688
6405
6792
6955
7133
7744
8655
9370
9580
9222
8886
9108
8990
7829
6210
4550
3150
1844
16
-1607
-2379
-2766
-3183
-3501
-3840
-3862
-3223
-2748
-2631
-2679
-2947
-3127
-3097
-3729
-4596
-5044
-5417
-5860
-6255
-6287
-5832
-4742
-3446
-2341
-1057
545
1780
2991
3714
3524
3567
3232
2253
1248
-302
-1741
-2744
-3848
-4915
-5969
-6507
-6256
-5719
-5378
-5385
-4891
-3934
-3253
-2623
-2244
-1832
-1160
-563
132
972
1525
2204
3170
3905
4863
5687
6422
6991
6967
7130
8099
9074
9447
9346
8912
8972
9239
8581
7048
5354
3700
2460
1125
-708
-2148
-2822
-2996
-3207
-3775
-4254
-4034
-3460
-3212
-3296
-3487
-3847
-4038
-4196
-4940
-5739
-6054
-6182
-6476
-6745
-6455
-5319
-3786
-2729
-1601
-18
1584
2817
3553
3753
3716
3408
2889
2063
671
-659
-1815
-2565
-3401
-4704
-5444
-5480
-5215
-5060
-5120
-4820
-4290
-3821
-3393
-3057
-2669
-2149
-1540
-733
12
625
1548
2698
3690
4645
5528
6365
7264
7535
7607
8162
8975
9654
9922
9669
9437
9480
9434
8579
6928
5291
3945
2745
1088
-809
-1899
-2144
-2563
-3294
-3879
-4130
-3971
-3669
-3588
-3737
-4094
-4419
-4385
-4614
-5393
-6114
-6176
-6185
-6607
-6698
-5874
-4515
-3333
-2404
-1015
847
2115
2980
3718
3811
3582
3293
2844
2035
635
-729
-1377
-2163
-3447
-4451
-4961
-4896
-4788
-5105
-5154
-4964
-4732
-4122
-3654
-3437
-3061
-2408
-1415
-454
6
742
1816
2780
3866
4818
5679
6416
6812
7122
7608
8064
8794
9428
9475
9350
9352
9367
9130
8009
6266
4986
3806
2256
480
-1185
-2286
-2694
-3177
-3846
-4465
-4885
-4747
-4246
-4035
-4229
-4516
-4690
-4646
-4888
-5519
-5915
-6201
-6534
-6651
-6486
-5620
-4184
-3213
-2256
-713
820
2409
3433
3511
3660
3678
3286
2914
1857
430
-613
-1529
-2331
-3367
-4607
-4978
-4767
-4827
-5217
-5431
-5241
-4774
-4338
-4038
-3675
-3149
-2363
-1378
-400
386
1090
2018
3287
4307
5196
5999
6581
7156
7507
7763
8625
9438
9780
9905
9854
9844
9837
9221
7859
6391
4924
3576
2236
390
-1430
-2232
-2557
-3210
-3966
-4626
-4804
-4500
-4419
-4439
-4464
-4724
-4948
-5061
-5338
-5805
-6239
-6324
-6264
-6394
-6102
-4847
-3710
-2915
-1810
-228
1576
2679
2954
3404
3865
3679
3292
2759
1853
651
-570
-1361
-2163
-3421
-4359
-4523
-4614
-5075
-5507
-5351
-5072
-4984
-4650
-4021
-3388
-2851
-2080
-913
171
722
1429
2610
3800
4609
5345
6187
6846
7204
7436
8102
8709
9193
9754
10177
10165
9914
9703
9272
8014
6230
4860
3551
1828
-245
-1762
-2474
-3152
-4001
-4737
-5139
-5240
-5043
-4735
-4529
-4763
-5115
-4962
-4999
-5490
-6004
-6286
-6314
-6401
-6464
-5971
-5004
-4224
-3111
-1513
23
1315
2278
3118
3867
3876
3505
3237
2526
1444
237
-857
-1755
-2722
-3669
-4439
-5026
-5312
-5361
-5350
-5385
-5390
-4906
-4291
-3803
-3322
-2760
-1909
-936
-162
494
1453
2425
3451
4430
5344
6153
6819
7446
7889
8435
9348
10225
10498
10583
10286
10101
10062
9008
7306
5784
4178
2633
1060
-733
-1984
-2557
-3165
-3816
-4356
-4785
-4720
-4544
-4539
-4795
-5079
-5076
-5259
-5644
-6052
-6557
-6647
-6482
-6599
-6359
-5545
-4392
-3201
-2053
-785
727
2199
3053
3419
3562
3627
3376
2744
1855
779
-125
-790
-1694
-2787
-3686
-4154
-4075
-4120
-4642
-5073
-5019
-4782
-4476
-4262
-4074
-3592
-2882
-2060
-902
104
868
1842
2919
4162
5244
6089
6897
7501
7827
8267
8897
9529
9854
9847
9984
9946
9570
9058
8262
6963
5421
3960
2738
1271
-595
-1826
-2298
-2893
-3753
-4435
-4819
-4866
-4976
-5066
-4937
-5010
-5351
-5475
-5530
-5874
-6186
-6055
-5940
-6058
-5733
-4730
-3577
-3003
-2351
-988
669
1657
2046
2498
2925
3003
2702
2237
1701
808
-173
-826
-1885
-3053
-3721
-3949
-4245
-5001
-5505
-5511
-5482
-5446
-5196
-4741
-4184
-3717
-2885
-1607
-502
231
1087
2267
3428
4390
5183
6040
6649
6917
7343
7998
8319
8579
9044
9525
9786
9571
9230
8996
8305
6894
5530
4243
2759
1048
-577
-1763
-2422
-3070
-3867
-4456
-4887
-5168
-5009
-4714
-4767
-4906
-4965
-4893
-4877
-5161
-5405
-5345
-5373
-5385
-5104
-4553
-3831
-3196
-2384
-1119
119
948
1753
2248
2582
2871
2843
2537
1917
856
-155
-870
-1768
-2814
-3636
-4220
-4745
-4998
-5295
-5426
-5405
-5322
-4902
-4268
-3618
-2993
-2124
-1005
78
868
1888
2901
3775
4657
5334
6054
6790
7251
7555
7977
8247
8530
9005
9430
9484
9201
8791
8500
8058
6940
5462
3975
2622
1245
-313
-1622
-2373
-3113
-3774
-4207
-4732
-4880
-4714
-4610
-4344
-4300
-4587
-4469
-4439
-4767
-4936
-5065
-5169
-5050
-4909
-4540
-3733
-3156
-2514
-1326
-208
650
1334
1750
2158
2368
2226
1835
1172
417
-364
-1197
-2093
-3123
-3837
-4106
-4557
-5097
-5365
-5478
-5430
-5276
-5083
-4475
-3698
-3158
-2234
-1028
-38
853
1781
2836
3989
4741
5297
5964
6496
6861
7178
7442
7612
7550
7776
8432
8627
8397
7978
7479
7266
6546
5274
4121
2823
1336
47
-1088
-2022
-2776
-3471
-3917
-4484
-4855
-4790
-4457
-4190
-4370
-4433
-4240
-4072
-4077
-4207
-4513
-4601
-4454
-4366
-4191
-3903
-3514
-2780
-1890
-1129
-183
525
948
1527
1901
2007
1798
1226
734
43
-896
-1695
-2614
-3335
-3940
-4656
-4939
-5084
-5392
-5359
-5148
-4843
-4021
-3050
-2344
-1542
-583
497
1636
2612
3372
4234
5129
5634
6052
6574
6989
7149
7308
7446
7384
7519
7830
8057
8022
7680
7275
7109
6761
5727
4488
3356
2109
903
-250
-1515
-2470
-3027
-3456
-3862
-4385
-4680
-4445
-4009
-3796
-3881
-3789
-3667
-3614
-3700
-3992
-4236
-4243
-4295
-4429
-4181
-3831
-3240
-2502
-1974
-1313
-517
233
850
1126
1121
1093
802
399
-52
-1002
-1974
-2768
-3498
-4046
-4562
-5016
-5273
-5398
-5461
-5263
-4798
-4091
-3264
-2404
-1381
-265
830
1827
2636
3415
4292
5171
5852
6056
6179
6502
6805
7142
7143
6809
6747
6811
6855
7024
7025
6848
6458
5993
5789
5225
4111
2856
1659
654
-415
-1649
-2518
-3080
-3656
-4050
-4310
-4297
-4169
-3894
-3624
-3559
-3470
-3337
-3151
-3205
-3658
-3908
-3815
-3812
-3938
-4074
-3766
-3219
-2828
-2435
-1817
-1153
-600
-84
285
375
275
143
-109
-671
-1570
-2420
-3087
-3685
-4412
-5035
-5367
-5604
-5654
-5426
-5099
-4474
-3645
-2687
-1528
-558
423
1731
2880
3711
4622
5358
6018
6396
6418
6484
6666
6766
6808
6648
6317
6159
6040
6053
6172
6189
6166
6051
5653
5392
5037
4330
3410
2261
1080
-40
-1108
-2097
-2832
-3270
-3594
-3895
-4022
-3953
-3703
-3247
-2836
-2761
-2615
-2433
-2484
-2663
-3051
-3319
-3431
-3541
-3642
-3537
-3171
-2835
-2681
-2348
-1657
-1067
-740
-559
-474
-267
-134
-385
-870
-1704
-2624
-3215
-3655
-4334
-4892
-5261
-5484
-5397
-5002
-4586
-4009
-3213
-2161
-803
442
1475
2488
3568
4359
5141
5853
6285
6579
6619
6477
6462
6540
6352
6016
5653
5221
5035
5030
4975
4948
5053
5139
4988
4686
4452
4089
3568
2624
1496
603
-453
-1641
-2515
-3116
-3461
-3673
-4002
-4188
-4063
-3608
-3127
-2701
-2595
-2650
-2450
-2280
-2363
-2677
-2955
-3118
-3264
-3521
-3600
-3501
-3465
-3464
-3124
-2494
-2033
-1822
-1594
-1284
-1101
-1225
-1582
-1911
-2474
-3255
-3836
-4297
-4797
-5206
-5427
-5273
-4897
-4402
-3702
-2618
-1651
-681
649
1855
2822
3756
4619
5506
6119
6316
6603
6826
6620
6266
6075
6002
5784
5246
4778
4576
4351
4144
4059
4242
4462
4507
4508
4321
4158
4017
3492
2725
1840
965
114
-980
-2001
-2495
-2707
-2955
-3424
-3801
-3571
-2958
-2421
-2151
-2025
-1723
-1299
-1310
-1776
-2189
-2319
-2483
-2922
-3430
-3788
-3936
-4035
-4130
-3979
-3476
-3065
-2712
-2383
-2157
-1917
-1902
-2090
-2412
-2958
-3541
-3962
-4389
-4837
-4951
-4740
-4516
-4021
-3326
-2445
-1434
-415
677
1944
3092
3860
4690
5617
6300
6671
6766
6791
6925
6672
6193
5821
5336
4830
4425
4040
3832
3716
3432
3172
3251
3596
4108
4243
3944
3737
3759
3622
2973
2009
995
131
-830
-1837
-2566
-2992
-3259
-3517
-3536
-3284
-2796
-2243
-1808
-1416
-1146
-1055
-903
-956
-1542
-2165
-2539
-3129
-3896
-4565
-4950
-5167
-5378
-5313
-4899
-4309
-4036
-3757
-3178
-2829
-2942
-3267
-3488
-3686
-4037
-4505
-4777
-4895
-4833
-4524
-4085
-3315
-2463
-1546
-452
644
1639
2807
4001
4679
5339
6098
6683
6991
6912
6748
6702
6266
5553
4939
4450
4156
3790
3515
3297
3108
3021
2950
3052
3376
3796
4250
4287
3901
3760
3785
3479
2532
1423
500
-433
-1519
-2427
-2927
-3020
-2928
-2785
-2364
-1883
-1237
-527
30
104
103
82
-190
-776
-1790
-2768
-3550
-4363
-5100
-5423
-5688
-5811
-5765
-5394
-4833
-4348
-3893
-3462
-3127
-3131
-3308
-3397
-3581
-3941
-4318
-4526
-4376
-4177
-3857
-3352
-2716
-1886
-756
415
1287
2146
3162
4278
5174
5538
5809
6332
6545
6295
5948
5748
5306
4628
3924
3480
3275
3060
2805
2676
2686
2683
2941
3213
3294
3280
3500
3813
3666
3286
3054
2749
2324
1743
970
385
-168
-862
-1243
-1539
-1649
-1369
-1068
-868
-653
-360
73
387
280
-36
-471
-1015
-1660
-2451
-3291
-4135
-4960
-5601
-6003
-6352
-6564
-6522
-6445
-6432
-6312
-5981
-5519
-5232
-5149
-4974
-4660
-4374
-4130
-3880
-3603
-3220
-2727
-2099
-1363
-729
-8
830
1582
2332
2955
3648
4392
4926
5271
5629
5786
5757
5651
5440
5136
4726
4249
3792
3311
2791
2573
2473
2414
2439
2581
2773
2969
3010
3118
3238
3231
3107
2906
2729
2421
2054
1736
1445
1090
802
556
444
344
195
99
218
419
507
488
285
77
-147
-437
-862
-1439
-2045
-2670
-3366
-4093
-4674
-5190
-5776
-6362
-6800
-7012
-7135
-7186
-7152
-6998
-6627
-6079
-5446
-4845
-4327
-3826
-3238
-2613
-2093
-1625
-1228
-729
-76
501
1070
1585
1936
2349
2861
3291
3649
4018
4190
4317
4584
4675
4580
4358
4075
3799
3606
3383
3115
2746
2483
2418
2474
2518
2394
2357
2441
2581
2711
2676
2582
2465
2328
2242
2058
1893
1779
1674
1697
1804
1911
1980
1960
1963
1915
1801
1665
1381
961
434
-51
-480
-978
-1610
-2272
-2815
-3249
-3659
-4170
-4788
-5383
-5795
-6165
-6595
-7038
-7285
-7203
-7141
-7094
-6743
-6179
-5598
-5105
-4600
-4041
-3429
-2639
-1982
-1513
-959
-335
294
812
1223
1610
2031
2330
2396
2482
2630
2792
2776
2700
2674
2651
2688
2699
2687
2741
2764
2749
2915
2970
2944
2940
2930
2916
2846
2757
2685
2643
2554
2442
2388
2413
2310
2332
2471
2469
2417
2521
2773
2985
3183
3104
2912
2852
2697
2456
1999
1362
852
320
-289
-744
-1075
-1484
-2134
-2868
-3333
-3716
-4163
-4559
-4986
-5509
-5894
-6115
-6196
-6244
-6232
-6135
-5823
-5322
-4956
-4590
-4120
-3529
-2992
-2443
-1988
-1702
-1238
-705
-335
-106
106
366
598
761
833
1035
1315
1308
1273
1319
1363
1375
1426
1458
1419
1539
1769
1986
2137
2205
2363
2690
2943
2968
2999
2974
2989
2900
2828
2880
2863
2758
2620
2660
2838
3030
3084
3205
3379
3505
3559
3586
3496
3206
2875
2653
2400
2115
1735
1244
774
340
-36
-540
-1181
-1958
-2649
-3059
-3428
-3908
-4396
-4664
-4709
-4673
-4668
-4543
-4295
-4130
-3921
-3750
-3491
-3254
-3133
-2985
-2866
-2707
-2409
-2237
-2174
-2066
-1939
-1716
-1579
-1553
-1296
-1043
-932
-731
-587
-480
-389
-374
-259
-179
-209
-245
-285
-332
-321
-245
-83
169
490
848
1115
1381
1772
2222
2524
2760
2982
3113
3244
3324
3217
3165
3109
3120
3239
3332
3419
3492
3651
3860
3956
3927
3958
3970
3955
3749
3325
2802
2278
1764
1235
569
-280
-968
-1536
-2065
-2408
-2658
-2923
-3030
-3086
-3018
-2845
-2591
-2446
-2438
-2353
-2184
-2058
-2041
-2090
-2200
-2189
-2101
-2031
-2069
-2107
-2123
-2107
-2136
-2183
-2113
-2028
-2167
-2253
-2167
-2119
-2020
-1864
-1839
-1825
-1755
-1691
-1549
-1486
-1522
-1409
-1233
-1079
-863
-675
-518
-188
236
561
840
1108
1437
1852
2194
2432
2697
2932
3113
3306
3567
3843
3963
3938
4110
4202
4235
4210
4123
3992
3909
3824
3618
3382
3058
2661
2161
1791
1420
1022
533
81
-208
-456
-758
-981
-1070
-1221
-1310
-1276
-1231
-1252
-1223
-1169
-1057
-998
-989
-871
-799
-764
-887
-1059
-1254
-1475
-1729
-2061
-2379
-2670
-2871
-3058
-3230
-3323
-3279
-3196
-3135
-3078
-2922
-2744
-2537
-2475
-2462
-2395
-2425
-2428
-2373
-2373
-2398
-2324
-2163
-1873
-1557
-1266
-894
-469
-59
323
706
1162
1582
1839
2180
2532
2813
2993
3065
3204
3257
3293
3405
3415
3413
3430
3402
3379
3318
3138
2927
2651
2377
2140
1890
1682
1489
1318
1136
1027
916
894
833
768
745
656
630
628
688
722
689
551
432
459
494
375
149
-40
-275
-564
-958
-1356
-1777
-2116
-2493
-2860
-2999
-3150
-3251
-3222
-3237
-3236
-3137
-3152
-3083
-3028
-3001
-2942
-2997
-2992
-2962
-2952
-2783
-2656
-2625
-2498
-2294
-1957
-1598
-1229
-943
-589
-173
231
777
1334
1775
2009
2266
2599
2765
2973
3040
2990
2994
2953
2874
2729
2584
2517
2472
2303
2174
2075
2009
1914
1778
1746
1821
1797
1601
1526
1442
1341
1309
1264
1141
1102
1094
1149
1149
1091
1115
1189
1225
1179
1097
949
805
574
293
-31
-404
-857
-1342
-1687
-1945
-2207
-2447
-2698
-2832
-2931
-2939
-2888
-2862
-2828
-2795
-2693
-2632
-2708
-2862
-2976
-3018
-3091
-3164
-3216
-3134
-3030
-2987
-2817
-2464
-2059
-1665
-1263
-822
-266
368
869
1241
1562
1930
2243
2417
2415
2415
2470
2334
2178
2055
1972
1875
1764
1657
1629
1706
1772
1838
1844
1927
2105
2208
2095
1977
1939
1833
1770
1657
1482
1261
1102
1105
1196
1199
1164
1216
1260
1235
1267
1267
1152
868
520
270
19
-307
-766
-1108
-1280
-1500
-1681
-1804
-1982
-2181
-2252
-2189
-2210
-2325
-2415
-2460
-2409
-2479
-2705
-2794
-2886
-3049
-3198
-3281
-3276
-3254
-3168
-3062
-2916
-2661
-2213
-1726
-1303
-832
-410
33
554
961
1257
1564
1817
1944
2094
2118
2040
1970
1832
1785
1797
1706
1668
1758
1826
1965
2120
2253
2479
2692
2715
2667
2628
2536
2369
2181
2015
1779
1610
1448
1290
1314
1380
1386
1473
1506
1478
1533
1417
1153
1004
864
584
297
-67
-375
-645
-893
-1125
-1366
-1509
-1575
-1655
-1802
-2011
-2131
-2175
-2301
-2414
-2434
-2522
-2702
-2807
-2964
-3141
-3198
-3280
-3387
-3432
-3484
-3448
-3248
-2966
-2769
-2575
-2184
-1775
-1331
-805
-336
44
356
651
1027
1286
1285
1322
1364
1334
1338
1286
1270
1288
1290
1392
1506
1717
1887
2031
2292
2542
2691
2765
2741
2668
2653
2514
2330
2188
2000
1858
1818
1750
1696
1744
1726
1688
1623
1566
1520
1407
1243
970
639
447
310
-17
-272
-474
-646
-766
-866
-946
-1093
-1310
-1420
-1551
-1731
-1860
-2042
-2187
-2349
-2590
-2767
-2912
-3064
-3245
-3417
-3468
-3412
-3288
-3207
-3056
-2860
-2679
-2396
-2074
-1726
-1414
-1234
-928
-644
-389
-165
18
143
301
456
453
510
623
657
616
719
848
968
1160
1399
1587
1797
2089
2323
2451
2432
2519
2675
2733
2752
2667
2607
2568
2495
2426
2463
2469
2399
2344
2290
2330
2197
2033
1911
1754
1588
1375
1147
910
710
523
421
279
98
-110
-338
-532
-698
-918
-1093
-1257
-1454
-1674
-1934
-2071
-2293
-2467
-2644
-2866
-2943
-3011
-3054
-3064
-3042
-2950
-2792
-2690
-2547
-2310
-2044
-1870
-1659
-1395
-1228
-1103
-937
-761
-558
-484
-561
-525
-423
-445
-447
-311
-216
-124
43
183
403
636
813
1046
1211
1307
1454
1630
1740
1782
1877
1903
1861
1991
2093
2123
2118
2170
2191
2210
2205
2151
2170
2124
2068
2001
1880
1740
1594
1414
1178
1021
862
691
537
386
211
5
-234
-512
-748
-906
-1103
-1270
-1466
-1676
-1810
-1957
-2122
-2235
-2316
-2404
-2345
-2371
-2421
-2356
-2290
-2129
-2035
-1887
-1691
-1602
-1462
-1213
-975
-896
-838
-684
-537
-438
-389
-364
-405
-541
-624
-616
-652
-668
-594
-558
-442
-214
-2
159
355
607
849
1043
1096
1104
1133
1170
1340
1483
1621
1731
1784
1883
2074
2181
2215
2268
2304
2261
2234
2182
2071
1939
1871
1828
1761
1692
1583
1421
1303
1202
1088
1020
778
472
141
-222
-427
-626
-846
-1152
-1358
-1470
-1605
-1657
-1703
-1714
-1699
-1702
-1674
-1658
-1652
-1555
-1421
-1313
-1207
-1143
-1101
-1032
-904
-752
-653
-622
-601
-582
-623
-697
-795
-862
-896
-968
-950
-864
-838
-816
-786
-744
-733
-646
-491
-426
-419
-339
-177
-89
-40
94
297
461
536
724
928
1030
1176
1281
1424
1620
1732
1740
1740
1721
1809
1954
1863
1745
1742
1717
1712
1658
1530
1378
1169
1019
852
642
421
210
-75
-322
-512
-707
-847
-1009
-1145
-1253
-1341
-1455
-1484
-1488
-1499
-1459
-1407
-1286
-1125
-998
-881
-709
-614
-470
-397
-348
-279
-210
-191
-248
-298
-424
-496
-574
-641
-683
-701
-724
-769
-820
-771
-718
-764
-757
-709
-677
-629
-565
-525
-428
-405
-241
-80
25
167
276
468
623
759
863
1037
1240
1375
1421
1482
1585
1630
1631
1599
1582
1577
1609
1618
1566
1431
1300
1237
1211
1114
951
750
546
374
201
-50
-267
-419
-602
-767
-921
-1013
-1047
-1048
-989
-934
-863
-773
-677
-640
-539
-358
-231
-188
-113
27
50
58
103
119
59
30
-23
-137
-176
-253
-361
-482
-557
-561
-583
-620
-615
-613
-655
-661
-640
-657
-651
-649
-636
-585
-529
-498
-391
-280
-175
-49
27
92
173
311
371
424
451
430
504
580
619
694
776
822
851
887
898
895
865
800
739
595
461
347
251
96
-39
-122
-253
-339
-395
-496
-603
-648
-672
-691
-655
-620
-571
-458
-310
-196
-117
20
141
201
239
264
251
206
259
286
263
182
121
115
65
14
-47
-61
-106
-204
-242
-237
-306
-393
-480
-569
-619
-601
-643
-729
-773
-748
-633
-479
-403
-305
-157
-43
91
144
216
336
426
459
459
475
506
590
559
551
545
494
543
576
577
606
588
509
470
462
428
346
291
197
111
-25
-154
-274
-364
-417
-437
-440
-507
-526
-513
-487
-398
-301
-219
-93
32
184
295
314
330
421
435
390
404
324
325
316
262
153
48
1
-25
-27
-62
-133
-173
-119
-133
-200
-282
-330
-330
-380
-420
-381
-327
-410
-484
-407
-343
-259
-239
-142
-44
54
160
316
400
360
403
398
405
433
384
344
378
323
267
251
292
295
231
192
207
210
85
29
-65
-161
-168
-226
-353
-452
-437
-465
-470
-538
-540
-469
-445
-456
-421
-344
-309
-182
-64
96
187
211
348
412
447
482
501
469
408
343
280
185
80
34
-53
-86
-131
-150
-136
-130
-142
-214
-234
-236
-256
-230
-249
-321
-424
-409
-364
-380
-363
-336
-295
-200
-106
-98
-14
47
80
131
183
198
208
209
242
260
218
192
259
249
208
146
120
92
-4
-36
-60
-130
-185
-244
-290
-349
-434
-470
-494
-478
-417
-369
-365
-303
-219
-117
-26
50
120
219
317
377
441
524
596
628
653
708
745
680
675
641
563
486
417
392
362
340
203
161
200
161
178
115
25
-3
-86
-151
-251
-305
-321
-331
-311
-352
-389
-324
-296
-202
-107
-72
-34
-10
45
98
71
69
111
100
48
29
41
34
24
-32
-67
-75
-81
-67
-97
-145
-182
-167
-219
-263
-279
-328
-327
-370
-413
-480
-540
-618
-656
-619
-551
-504
-417
-295
-168
0
118
235
327
440
569
650
634
614
625
657
623
553
536
465
355
317
314
291
232
171
214
242
251
252
237
228
169
87
63
24
-58
-85
-141
-220
-270
-298
-298
-311
-322
-312
-270
-220
-166
-114
-163
-214
-180
-118
-95
-181
-214
-231
-262
-323
-357
-382
-438
-426
-434
-416
-372
-356
-390
-393
-430
-461
-491
-529
-567
-592
-556
-545
-552
-562
-558
-465
-408
-359
-226
-83
73
143
229
363
482
552
646
715
769
808
781
787
737
653
616
564
532
540
527
539
555
588
632
674
712
710
713
721
703
611
508
446
403
332
285
212
186
133
81
65
58
50
21
2
36
53
63
100
11
-79
-142
-193
-199
-282
-427
-500
-578
-652
-702
-681
-642
-634
-615
-646
-599
-566
-561
-579
-634
-633
-597
-631
-692
-738
-704
-737
-723
-704
-678
-518
-407
-341
-265
-76
52
127
180
267
394
426
443
534
498
476
450
400
399
341
316
319
352
378
392
431
479
524
603
640
670
698
666
632
578
549
507
489
427
306
289
290
246
257
255
205
187
194
204
194
154
141
108
78
10
-65
-156
-251
-293
-381
-520
-563
-586
-640
-663
-671
-667
-681
-701
-722
-718
-718
-688
-678
-723
-776
-804
-769
-790
-796
-812
-752
-646
-566
-537
-525
-436
-344
-199
-139
-44
17
104
207
239
262
219
258
225
190
245
287
357
354
353
382
352
445
547
597
651
711
771
799
777
797
841
765
735
716
679
662
610
575
535
535
510
493
451
406
432
426
437
356
290
258
179
114
16
-61
-98
-148
-256
-320
-393
-502
-554
-568
-605
-652
-672
-681
-652
-673
-678
-638
-625
-639
-629
-588
-561
-571
-532
-466
-489
-473
-472
-454
-348
-322
-285
-199
-98
-34
-9
89
97
128
83
94
106
82
112
171
179
193
248
262
282
289
335
355
379
406
459
510
542
573
584
609
600
555
556
551
513
469
464
419
430
425
421
431
355
309
241
225
195
146
85
-8
-67
-137
-224
-323
-370
-404
-478
-494
-521
-615
-682
-670
-677
-709
-697
-644
-619
-647
-647
-607
-594
-591
-549
-497
-432
-382
-374
-363
-291
-234
-160
-147
-111
-49
-33
-31
-22
-42
-35
-43
-58
-33
-38
-18
-57
-40
-35
-5
24
26
28
49
110
177
211
215
297
407
400
492
530
536
567
594
613
628
617
594
620
584
551
596
585
598
574
550
567
562
508
448
450
386
292
200
145
80
3
-90
-191
-276
-335
-395
-440
-493
-566
-561
-554
-575
-558
-524
-510
-477
-467
-438
-353
-334
-308
-213
-155
-176
-225
-239
-214
-177
-163
-152
-139
-147
-101
-96
-108
-54
-41
-83
-141
-137
-118
-144
-200
-203
-174
-194
-184
-138
-109
-118
-81
6
76
71
185
289
313
362
360
405
435
404
434
461
462
485
496
523
589
564
568
567
511
470
432
364
341
274
176
123
71
27
-58
-184
-215
-261
-336
-357
-426
-474
-510
-555
-539
-523
-519
-484
-471
-424
-338
-271
-199
-169
-182
-174
-126
-101
-97
-122
-127
-69
-80
-78
-43
-33
29
41
11
-7
-10
-48
-114
-144
-198
-226
-288
-300
-326
-344
-338
-273
-245
-246
-152
-152
-124
-24
48
102
185
221
245
319
360
386
405
383
395
493
525
541
563
546
534
524
522
489
455
431
409
343
263
139
88
67
-1
-67
-116
-183
-287
-312
-377
-397
-387
-389
-409
-405
-344
-323
-299
-233
-220
-182
-84
-41
26
97
66
95
71
52
44
31
75
21
54
47
45
51
82
89
27
-36
-36
-8
-62
-103
-107
-103
-157
-163
-184
-166
-170
-101
-66
-63
4
-14
38
59
58
112
173
223
297
326
370
420
407
390
394
355
352
352
324
314
278
255
207
195
166
125
54
41
24
1
-71
-149
-188
-247
-253
-299
-354
-371
-382
-379
-359
-363
-324
-310
-258
-171
-89
-101
-109
-30
-29
-44
-53
-53
-49
-14
-56
-99
-85
-90
-104
-105
-125
-101
-95
-81
-122
-138
-181
-264
-229
-238
-273
-275
-305
-301
-303
-314
-265
-253
-202
-179
-147
-129
-142
-87
-50
10
60
126
182
241
244
261
259
256
303
262
226
247
240
200
215
212
194
182
172
178
178
146
127
107
87
133
111
30
-12
-15
-26
-49
-75
-102
-107
-91
-69
4
27
49
120
92
127
152
140
135
174
166
115
123
130
132
151
134
140
141
104
103
34
31
47
24
-16
-18
0
-41
-64
-84
-72
-109
-83
-74
-100
-83
-37
-58
-103
-51
-36
-52
-63
-41
-16
36
50
73
83
91
90
117
82
82
72
38
53
71
63
23
35
69
50
24
20
65
82
49
68
34
-12
6
-17
-53
-38
-26
-24
12
14
27
40
-9
12
5
45
80
55
37
-16
-26
-16
-21
-23
-7
-12
-44
-28
-48
-110
-126
-151
-142
-128
-110
-99
-92
-136
-154
-151
-158
-106
-114
-130
-126
-144
-142
-124
-175
-178
-181
-165
-156
-159
-150
-177
-183
-145
-105
-142
-112
-115
-110
-81
-149
-140
-104
-149
-142
-185
-175
-138
-116
-113
-130
-116
-87
-87
-85
-52
-9
-10
35
38
-10
45
84
116
142
132
136
165
167
191
189
178
212
172
161
163
144
176
141
162
163
205
231
226
227
233
267
251
256
226
207
178
160
179
156
129
161
167
161
142
124
122
90
74
69
61
54
56
35
9
-25
-49
-113
-106
-112
-149
-139
-180
-213
-221
-207
-211
-190
-174
-167
-128
-120
-135
-98
-98
-146
-139
-144
-127
-105
-85
-78
-104
-63
-7
-11
24
60
83
101
146
189
176
157
153
145
161
204
165
162
164
150
151
129
128
139
146
185
197
173
164
201
208
169
159
174
190
133
126
73
62
54
26
33
3
-23
-15
-17
-48
-71
-90
-80
-87
-142
-204
-211
-240
-264
-325
-392
-396
-420
-442
-424
-438
-447
-428
-414
-380
-368
-341
-257
-258
-255
-260
-301
-256
-259
-269
-235
-220
-196
-153
-195
-110
-31
3
12
24
57
29
61
88
71
63
72
56
91
66
65
70
47
129
159
217
244
202
219
251
282
311
334
327
342
350
355
374
372
385
373
342
378
409
346
376
337
301
291
250
227
195
141
131
138
78
39
-24
-44
-58
-116
-161
-199
-208
-215
-242
-264
-308
-284
-299
-338
-323
-301
-256
-219
-184
-178
-144
-153
-125
-94
-93
-48
-35
-33
-2
9
-1
21
39
20
33
32
-55
-30
-5
-48
-90
-102
-74
-69
-82
-71
-46
-70
-58
24
32
49
50
55
102
149
163
198
237
214
268
290
320
339
346
340
329
329
302
289
310
263
231
219
208
163
116
93
48
-2
-81
-121
-153
-217
-274
-322
-360
-387
-392
-436
-487
-468
-487
-494
-529
-488
-458
-493
-462
-400
-352
-365
-336
-270
-249
-209
-175
-142
-114
-66
-26
-6
23
-2
11
26
37
55
31
54
10
31
-2
-14
34
-5
12
4
-2
22
25
18
74
78
101
134
173
197
206
215
284
356
362
372
438
460
455
494
464
451
497
470
477
467
460
418
366
289
236
213
167
151
77
44
-25
-55
-120
-137
-155
-222
-241
-306
-306
-299
-346
-325
-334
-353
-342
-341
-340
-305
-245
-219
-149
-90
-43
-34
-44
10
44
64
90
104
110
81
64
70
81
59
35
-2
-39
-31
-26
-45
-88
-93
-107
-127
-116
-83
-80
-64
-44
-36
-44
-15
-10
-20
32
57
126
177
220
265
294
310
310
335
358
358
317
331
305
255
271
239
208
203
144
125
96
43
5
-59
-129
-174
-263
-310
-339
-380
-423
-457
-461
-471
-463
-471
-464
-446
-440
-451
-388
-357
-340
-330
-326
-283
-228
-189
-165
-141
-119
-97
-53
-24
-33
-75
-74
-24
-46
-55
-1
-24
-55
-30
-47
-58
-61
-32
-27
-40
-4
13
-8
-4
22
35
74
96
116
146
162
209
261
337
385
393
431
451
450
465
470
448
473
476
453
453
413
387
353
309
284
242
195
155
114
45
29
-26
-85
-91
-168
-196
-224
-269
-282
-330
-349
-365
-350
-316
-316
-279
-260
-238
-221
-185
-158
-128
-88
-57
-16
19
37
23
47
38
37
46
42
35
16
23
35
39
37
-5
6
29
16
-6
-9
-27
-24
-16
-52
-50
-38
-20
15
11
29
83
102
127
183
209
219
268
312
297
301
341
349
304
284
283
258
239
268
239
212
198
185
151
143
108
43
13
-55
-99
-132
-165
-219
-291
-325
-314
-349
-367
-369
-384
-379
-392
-368
-344
-344
-328
-297
-237
-240
-218
-184
-184
-172
-172
-187
-174
-167
-164
-145
-148
-145
-128
-138
-127
-76
-86
-48
-52
-73
-76
-80
-73
-80
-77
-79
-61
-34
-31
-20
6
13
57
66
105
118
105
134
179
217
260
276
291
277
303
297
263
313
309
264
263
263
277
272
212
174
166
134
140
97
67
49
24
13
-15
-34
-92
-105
-118
-119
-123
-146
-127
-150
-147
-133
-156
-134
-140
-152
-137
-135
-157
-160
-121
-99
-84
-90
-73
-60
-105
-129
-148
-161
-146
-122
-120
-142
-131
-86
-48
-80
-83
-49
-56
-39
-28
-40
-15
-14
-35
13
20
32
77
95
171
188
190
230
283
305
293
298
319
326
330
314
313
316
284
308
318
301
309
272
244
210
188
180
178
180
119
95
64
48
29
18
15
-6
-28
-41
-44
-37
-34
-85
-122
-124
-124
-113
-122
-97
-95
-115
-107
-127
-121
-109
-149
-168
-194
-221
-228
-235
-191
-202
-183
-200
-186
-165
-184
-184
-169
-194
-227
-239
-239
-218
-209
-174
-162
-161
-176
-146
-112
-110
-70
-69
-49
-16
-6
34
50
51
88
90
98
93
107
138
126
129
105
95
79
64
60
68
37
20
61
31
34
34
18
-13
-21
-15
-48
-54
-24
-29
-21
-36
-37
-22
-44
-16
-33
4
5
26
27
41
10
4
26
13
6
-3
22
-10
3
-15
-35
-69
-71
-75
-87
-81
-60
-70
-97
-77
-90
-84
-125
-125
-118
-118
-88
-79
-63
-62
-41
-41
-29
-10
31
90
93
121
178
162
189
215
224
243
255
239
261
254
257
274
217
236
266
253
229
223
221
192
237
222
232
198
179
144
123
121
69
94
63
22
1
10
5
14
27
32
9
16
25
9
-1
-27
-41
-63
-76
-88
-135
-113
-130
-169
-177
-189
-149
-175
-177
-149
-182
-174
-183
-229
-202
-224
-258
-260
-271
-291
-288
-290
-268
-263
-253
-215
-203
-174
-162
-119
-91
-72
-71
-44
40
44
44
66
90
73
73
88
80
73
57
76
74
73
82
91
93
61
53
65
77
77
84
72
54
53
34
20
50
23
18
37
55
105
85
85
95
82
98
92
127
120
91
113
80
67
62
39
-3
17
23
17
7
-15
-24
-56
-55
-96
-96
-106
-115
-103
-116
-149
-120
-144
-172
-184
-191
-200
-187
-177
-143
-113
-136
-104
-96
-43
-44
3
41
53
93
49
95
81
61
73
93
85
92
107
95
146
115
113
109
117
105
98
140
119
132
137
127
130
139
132
124
122
103
110
124
154
124
139
149
155
135
128
139
148
158
137
149
150
108
97
94
80
79
72
30
14
-25
-44
-30
-58
-32
-71
-107
-104
-122
-139
-177
-200
-201
-229
-266
-259
-247
-255
-255
-265
-261
-223
-232
-243
-216
-225
-188
-160
-139
-124
-126
-110
-114
-112
-83
-75
-83
-77
-69
-67
-98
-142
-115
-100
-96
-83
-51
8
18
5
-14
1
21
18
36
35
41
61
80
114
105
122
119
129
127
137
154
160
149
180
178
175
175
155
170
168
161
142
139
127
149
129
123
94
42
48
52
51
10
-2
10
-12
-37
-24
-35
-41
-26
-46
-64
-48
-83
-83
-60
-59
-28
-42
-35
-48
-35
-36
-50
-25
-16
-27
-55
-58
-48
-46
-28
-45
-48
-92
-114
-64
-71
-59
-56
-74
-64
-18
-48
-43
-7
-6
2
20
57
106
96
96
90
85
127
114
123
109
133
158
157
153
132
116
140
134
118
106
104
109
108
93
80
117
91
55
43
13
2
7
-14
-16
-36
-15
-24
-44
-27
-34
-56
-60
-32
-66
-29
-19
-52
-60
-72
-84
-97
-74
-111
-135
-121
-118
-89
-84
-86
-84
-89
-114
-130
-143
-166
-162
-172
-175
-152
-146
-136
-166
-159
-99
-88
-84
-56
-57
-62
-78
-63
-54
-37
3
16
56
61
59
86
83
66
82
83
103
109
94
75
89
98
81
89
112
103
91
102
92
71
73
79
53
27
15
29
34
20
51
40
26
13
23
20
7
1
-27
-9
-8
22
3
-13
-5
14
-3
-24
-7
2
-1
-2
-9
-42
-66
-76
-111
-129
-120
-143
-158
-156
-193
-216
-197
-192
-164
-184
-178
-142
-148
-138
-111
-114
-87
-55
-2
20
43
45
67
79
71
107
105
117
115
121
155
169
165
185
186
173
141
144
153
137
158
150
102
117
99
90
92
73
55
39
40
83
73
72
77
72
104
90
105
138
137
147
162
201
172
152
148
135
134
139
114
90
82
53
47
17
12
9
-13
-21
-43
-78
-101
-147
-179
-224
-232
-206
-220
-239
-235
-216
-194
-182
-180
-164
-163
-158
-136
-88
-83
-93
-53
-27
-30
16
32
18
69
70
79
85
93
78
80
64
50
62
24
34
30
9
7
-12
-14
-27
-21
-12
-34
-57
-53
-67
-74
-61
-67
-57
-41
-46
-19
9
3
-12
12
39
6
15
-8
9
30
9
41
46
14
-32
-36
-67
-75
-89
-98
-113
-128
-137
-164
-168
-196
-198
-202
-188
-189
-206
-206
-199
-195
-209
-188
-156
-151
-132
-128
-95
-82
-64
-47
-7
14
16
43
64
69
55
83
87
78
83
91
117
91
92
68
76
64
63
83
74
86
107
80
83
81
53
79
81
103
122
135
134
144
179
185
188
200
242
249
268
288
294
309
268
289
297
277
289
280
274
257
228
240
239
190
177
154
92
47
15
-3
-17
-44
-87
-95
-118
-152
-156
-167
-169
-166
-182
-172
-189
-223
-213
-208
-220
-193
-185
-153
-128
-142
-118
-99
-109
-95
-89
-83
-63
-74
-75
-92
-85
-92
-85
-51
-39
-23
-45
-42
-34
-44
-36
-34
-52
-36
-32
-31
-49
-45
-29
-30
-9
8
6
29
28
1
45
59
80
85
84
91
92
90
69
61
82
63
35
11
9
-10
-11
-14
-56
-48
-54
-59
-57
-78
-141
-118
-123
-177
-165
-168
-163
-151
-159
-161
-146
-144
-148
-130
-137
-156
-132
-125
-91
-91
-81
-61
-52
-59
-33
-32
-35
-5
-16
-22
7
-16
-4
10
19
41
17
51
77
73
82
77
71
87
71
69
73
82
111
97
142
150
133
152
185
211
199
219
204
244
243
245
230
239
222
215
244
238
213
192
186
171
139
124
111
124
107
61
58
41
30
7
31
-18
-22
-65
-84
-70
-114
-133
-132
-123
-136
-134
-133
-105
-102
-116
-107
-85
-103
-94
-119
-117
-123
-114
-107
-121
-133
-124
-136
-133
-119
-147
-137
-115
-142
-141
-123
-129
-127
-117
-103
-82
-42
-54
-43
-57
-45
-38
-41
-20
-16
-16
-27
-7
17
41
78
111
136
90
86
96
108
131
116
95
83
82
78
81
97
71
56
49
27
19
30
20
11
33
6
12
6
8
13
5
-8
-36
-61
-50
-55
-32
-36
-32
10
-8
4
-2
-17
-18
-22
-24
-18
-13
-20
-32
-33
-21
-34
-54
-52
-68
-83
-85
-86
-98
-89
-88
-75
-75
-98
-89
-36
-34
-40
11
-17
-28
-33
-36
-17
-10
9
49
89
76
72
74
64
90
111
93
130
138
127
135
130
106
109
113
126
129
118
105
124
87
61
80
60
57
78
54
57
50
43
50
38
27
10
7
17
34
31
41
15
28
6
-3
1
19
17
6
-17
-36
-29
-46
-39
-38
-73
-70
-72
-78
-36
-17
-49
-76
-69
-73
-79
-98
-71
-81
-87
-61
-56
-75
-78
-73
-83
-65
-50
-17
6
-8
-14
1
8
34
19
39
46
23
31
47
40
17
18
6
17
24
-2
-5
7
-1
-20
-34
-18
5
-25
-50
-45
-42
-64
-57
-70
-67
-41
-89
-77
-58
-78
-49
-70
-54
-33
-29
-10
-17
-5
-25
-51
-47
-47
-54
-86
-55
-76
-78
-70
-80
-92
-97
-75
-96
-103
-113
-85
-67
-97
-86
-83
-50
-65
-87
-73
-68
-49
-43
-33
-22
-5
14
37
46
66
64
111
144
155
154
148
166
142
168
139
115
145
162
152
182
165
157
162
152
135
119
108
101
103
103
95
102
83
78
81
58
55
68
56
51
61
46
15
48
37
42
84
68
71
70
71
43
43
80
107
91
101
85
67
23
39
40
14
32
3
-2
-17
-3
-16
-59
-51
-50
-70
-70
-69
-79
-93
-97
-91
-103
-102
-88
-77
-103
-89
-76
-78
-85
-110
-89
-95
-80
-56
-42
-15
-44
-60
-40
-16
-23
-37
-54
-53
-77
-77
-50
-53
-58
-51
-47
-45
-48
-45
18
1
-19
-2
-31
-41
-45
-44
-53
-42
-43
-35
-5
-26
-33
-5
-3
18
39
30
39
17
18
24
13
4
-14
-3
-46
-15
-33
-47
-69
-60
-61
-77
-61
-75
-50
-57
-56
-58
-62
-105
-122
-141
-113
-127
-157
-103
-100
-103
-99
-89
-91
-74
-56
-43
-53
-39
12
4
5
14
13
5
11
-3
4
24
11
16
20
37
36
43
38
59
61
62
116
79
67
53
62
92
113
112
114
119
101
113
123
170
165
174
165
165
208
214
200
221
193
182
198
193
192
177
177
191
173
145
144
131
103
85
76
80
69
46
13
19
22
-6
-18
3
-13
-22
-60
-69
-75
-75
-72
-104
-83
-80
-95
-95
-60
-31
-46
-56
-72
-71
-81
-56
-30
-49
-46
-47
-62
-66
-60
-85
-91
-85
-80
-68
-68
-65
-50
-36
-18
-29
-36
-46
-53
-62
-78
-89
-76
-46
-25
-53
-26
-12
-22
1
-23
-18
-4
-29
5
9
23
23
6
-7
-13
-4
-43
-11
-17
-58
-34
-70
-67
-51
-53
-65
-60
-67
-88
-43
-64
-58
-75
-105
-92
-119
-119
-113
-106
-97
-87
-105
-92
-89
-67
-41
-44
-41
-50
-47
-53
-40
-19
-20
-57
-32
-26
-9
-2
-17
-26
-18
6
-8
14
-7
20
1
-10
5
27
27
18
41
62
67
44
70
51
85
85
73
95
112
113
99
115
129
109
149
140
121
130
119
118
125
132
106
111
109
106
109
93
98
85
84
94
61
72
80
63
41
42
41
43
33
6
25
15
31
41
56
45
19
26
18
14
-16
-8
-10
-15
-3
-20
-14
-25
-34
-9
-31
-32
-35
-35
-23
-24
-56
-54
-47
-46
-45
-50
-38
-21
-57
-58
-44
-58
-55
-70
-62
-71
-39
-37
-13
-9
-9
-3
12
-5
6
23
1
-18
-1
5
-28
-11
-5
-12
-11
8
19
-3
14
-8
-12
-2
-1
1
-17
-9
-23
-20
-35
-41
-43
-39
-24
-36
-43
-41
-44
-54
-27
-37
-45
-21
-27
-20
-43
-32
-26
-21
-53
-42
-34
-65
-58
-87
-83
-86
-72
-48
-46
-35
-44
-67
-84
-87
-74
-66
-92
-79
-65
-81
-50
-46
-57
-47
-37
-20
-19
-16
0
17
13
16
22
36
61
67
48
43
45
56
71
64
56
88
74
103
106
116
100
106
109
80
101
79
94
108
94
91
90
68
58
70
49
76
70
63
74
87
76
65
56
54
70
62
56
20
12
15
17
10
0
-9
-6
-4
-5
9
-8
0
-8
0
-4
-32
-38
-16
-10
-35
-15
-25
-14
-4
-4
-2
-6
-8
-2
-10
-7
-14
-21
-23
-26
-16
-9
-16
-22
-5
1
-26
-36
-36
-63
-51
-53
-35
-25
-56
-45
-59
-90
-76
-56
-66
-55
-43
-35
-26
-21
-13
-15
-21
-11
-12
5
1
-2
-8
11
11
4
5
-14
-7
-11
-18
1
5
-18
-9
-16
-29
-22
-8
-9
-32
-38
-45
-49
-56
-50
-60
-48
-43
-42
-24
-26
-43
-42
-53
-50
-50
-39
-31
-14
5
8
14
7
10
11
7
4
29
39
39
35
31
40
17
-3
3
-2
13
25
17
20
14
22
35
16
21
16
22
20
38
38
54
63
33
50
63
54
35
44
61
54
55
70
66
75
62
70
70
64
71
60
46
37
31
41
37
16
23
6
3
-2
9
0
-12
-17
-29
-26
-17
-15
-29
-25
-30
-34
-33
-25
-6
-10
-25
-33
-21
-27
-39
-16
-22
-12
-12
-16
-9
3
-11
-23
-8
-12
-11
-8
-16
-24
-8
0
-2
5
11
-5
8
6
-13
-15
10
11
4
14
10
20
9
11
20
40
44
34
44
39
37
45
51
41
35
27
11
22
15
17
18
2
3
2
-1
-7
-7
-18
-34
-26
-35
-42
-30
-33
-34
-35
-43
-40
-39
-48
-50
-54
-45
-78
-59
-69
-61
-57
-55
-47
-61
-40
-52
-58
-61
-53
-58
-50
-62
-54
-61
-59
-53
-59
-58
-53
-30
-69
-81
-73
-85
-77
-68
-70
-78
-55
-48
-34
-26
-38
4
2
2
-1
6
24
34
38
46
54
63
74
66
77
87
93
89
91
94
93
90
76
70
73
83
77
73
89
75
62
66
51
53
49
57
52
41
38
49
52
28
40
40
36
44
31
48
36
21
28
31
28
25
28
37
23
15
6
15
14
3
25
18
17
-8
-3
-10
-17
-20
-27
-23
-14
-14
-13
2
-26
-43
-36
-28
-29
-30
-16
-8
-7
-12
-10
3
-5
2
9
19
17
-1
-7
-13
1
1
24
27
25
29
12
16
15
10
-1
-8
-16
-23
-9
-4
-2
-16
-15
-12
-7
-15
-8
-16
-39
-43
-55
-42
-37
-44
-38
-34
-39
-26
-35
-40
-33
-35
-30
-25
-16
-18
-29
-33
-33
-21
-33
-33
-30
-23
-27
-34
-28
-41
-51
-47
-53
-60
-43
-56
-44
-53
-60
-44
-34
-38
-45
-50
-46
-41
-34
-30
-26
-8
-13
-15
-3
4
7
12
18
26
12
24
19
36
34
25
48
47
41
41
36
29
19
14
14
14
15
8
-3
-1
17
11
5
10
-2
5
20
21
12
17
12
10
20
16
22
34
32
25
38
31
39
47
42
38
37
32
29
31
41
46
33
19
28
25
12
18
6
11
9
14
9
17
24
14
14
9
13
21
13
23
22
17
20
12
28
28
35
33
32
45
54
49
41
41
31
34
40
38
33
35
41
34
31
23
16
1
-5
-3
-9
-12
-21
-4
-10
-10
-6
-5
-6
-13
-24
-34
-24
-17
-21
-21
-18
-19
-20
-22
-19
-21
-45
-36
-31
-42
-51
-50
-40
-38
-34
-36
-35
-45
-47
-56
-65
-57
-72
-75
-70
-76
-61
-54
-72
-66
-55
-65
-59
-46
-45
-30
-32
-20
-25
-23
-22
-26
-20
-19
-14
-5
-1
0
12
7
6
5
2
14
4
3
19
6
5
12
8
19
21
12
19
16
7
22
9
4
20
5
20
27
28
35
31
20
27
25
30
38
28
33
26
41
49
44
43
40
34
27
34
23
21
14
11
3
6
7
13
13
7
13
6
4
-14
-10
-11
-10
-9
-13
-6
-7
-5
-9
0
3
1
-11
-6
7
9
17
8
17
15
19
7
10
31
27
26
22
20
8
5
-2
-2
-1
14
12
6
6
-4
1
-6
-7
-8
-6
0
3
-3
-8
-10
-8
-6
-7
1
-5
5
5
5
13
15
18
12
12
6
2
4
3
6
4
-6
-9
-1
-5
-7
-5
-6
-17
-7
-12
-21
-16
-18
-25
-24
-16
-24
-12
-26
-22
-25
-32
-28
-40
-31
-15
-25
-14
-8
-9
-13
-26
-15
-21
-13
-10
-9
-13
-8
-5
1
-8
1
-3
-5
0
-7
5
0
5
5
12
2
-2
-1
-6
-8
-12
2
9
-4
-1
3
5
14
13
12
12
12
18
33
27
18
15
8
11
7
9
19
14
16
21
21
12
9
7
-5
-11
-20
-7
-9
-5
5
-5
-5
-1
-1
-7
-10
-8
-2
0
-3
-9
7
6
7
15
19
20
16
19
14
15
11
13
13
11
20
9
5
5
10
9
0
4
-3
1
-1
1
-5
-5
-8
-20
-9
-14
-15
-16
-8
-4
-5
-7
-4
-3
-10
6
0
0
2
-3
0
15
15
11
12
12
9
13
5
0
-1
-3
11
16
8
24
26
13
7
10
8
1
-1
-7
-17
-16
-6
-5
1
0
-4
-4
-5
-8
-6
-12
-16
-12
-12
-13
-10
0
-1
0
5
-1
-7
-10
-11
-17
-10
-9
-6
-4
-6
-3
-8
-6
-8
-7
-16
-19
-25
-30
-29
-31
-24
-26
-25
-24
-29
-31
-31
-38
-51
-40
-24
-18
-18
-11
-13
-15
-11
-16
-12
-12
-6
-3
3
6
7
8
14
17
12
17
18
21
13
12
15
19
16
13
19
10
13
13
14
12
14
17
10
16
13
17
21
27
19
22
30
29
21
18
24
19
17
18
29
28
26
25
21
26
32
25
32
31
23
24
18
14
16
7
9
3
-3
5
6
-3
-1
-9
-13
-8
-7
3
-1
-5
-4
0
0
1
5
0
-2
-3
2
-6
0
2
6
9
9
-4
3
6
3
4
-4
11
5
-5
-13
-5
-13
-10
-3
-2
-3
-5
0
-4
0
-8
-9
-7
-3
-2
0
-6
-1
0
-5
-4
0
-8
-11
1
5
-1
-1
-8
-6
-6
-12
-9
-15
-15
-14
-15
-19
-21
-22
-22
-22
-18
-24
-28
-32
-32
-28
-40
-28
-35
-41
-44
-41
-37
-30
-27
-33
-24
-28
-25
-22
-24
-27
-22
-18
-5
-1
-4
-2
-10
-17
-14
-10
-9
-9
-12
-6
-10
-7
-1
-1
4
-1
8
-1
0
-2
-1
-9
-10
-3
0
0
5
11
3
6
7
5
5
11
19
13
26
37
35
34
34
35
30
38
38
35
33
35
37
33
33
31
31
34
29
32
32
40
39
33
40
43
45
43
28
23
26
18
25
25
24
25
21
24
22
23
16
12
5
12
15
10
17
24
16
15
17
5
3
-7
-10
-4
-2
-4
5
-2
-9
2
-3
-1
-6
-7
-9
-10
-13
-4
-12
-20
-18
-17
-9
-11
-12
-17
-15
-22
-25
-23
-22
-25
-18
-7
-12
-7
-10
-9
-16
-23
-24
-25
-29
-26
-25
-25
-13
-22
-19
-26
-24
-25
-29
-23
-27
-23
-24
-24
-27
-21
-28
-25
-35
-24
-16
-27
-22
-20
-24
-18
-11
-14
-11
-23
-20
-16
-19
-21
-20
-14
-18
-11
-5
-5
0
-7
-3
3
-1
1
0
4
8
-3
4
7
5
11
6
9
7
5
13
3
6
10
8
15
12
21
8
6
10
7
17
12
3
8
11
9
7
13
20
14
8
15
17
16
18
12
13
14
11
15
13
13
16
13
11
13
21
21
22
15
23
25
21
23
15
25
20
12
15
11
4
8
10
6
10
10
7
9
16
20
14
18
8
8
0
1
2
4
6
5
9
2
7
5
1
6
7
6
10
8
6
4
2
10
11
11
7
3
-1
-5
1
6
1
-6
-4
-6
-1
1
-5
-3
-7
-8
-13
-13
-14
-14
-20
-20
-29
-32
-20
-17
-12
-19
-21
-26
-27
-21
-22
-16
-15
-26
-23
-21
-21
-29
-28
-27
-26
-25
-22
-23
-17
-17
-15
-14
-15
-10
-12
-11
-9
-8
-4
-5
-4
-3
-1
-3
0
-9
-5
0
-2
5
3
4
5
4
-2
3
5
3
8
8
9
6
7
-1
3
1
3
-2
1
1
5
9
9
16
10
14
12
17
13
25
23
24
22
17
16
15
21
15
17
17
18
19
17
15
16
15
19
15
9
8
13
9
8
10
-3
2
-4
-3
-2
-2
-3
-5
-5
-6
-13
-14
-16
-10
-6
-11
-13
-15
-12
-13
-9
-14
-6
-8
-8
-6
-5
-6
-11
-11
-8
-2
-2
5
-2
3
3
0
4
5
6
4
2
1
6
11
2
8
7
0
10
6
7
9
1
1
4
8
10
4
7
5
8
7
10
11
11
9
8
5
3
0
-6
-2
-6
-4
3
1
0
3
-4
-8
-6
-6
-7
-7
-19
-16
-10
-8
-1
-1
3
-5
-5
-13
-13
-15
-21
-12
-11
-5
-6
-8
-5
-5
-4
-3
-8
-6
-7
-10
-4
-4
-5
-4
-4
-3
-1
3
1
2
0
1
2
1
2
2
-2
-3
-1
2
2
4
0
0
-3
0
2
2
-7
-4
1
0
7
4
4
4
5
0
6
9
3
4
1
-3
-2
1
-2
0
-2
-5
-3
-5
4
5
-5
-9
-6
-6
-8
-5
-4
-6
-7
0
-9
1
5
-1
-4
-9
-1
-4
-5
6
14
9
5
10
8
8
5
7
13
6
10
7
4
3
6
5
4
7
8
11
8
9
6
6
1
2
8
10
11
3
4
7
8
10
9
14
16
18
15
20
13
17
14
12
13
15
13
11
16
12
16
12
12
8
7
4
6
6
6
8
-3
3
3
1
-2
-3
-3
-12
-17
-21
-19
-25
-27
-22
-22
-20
-28
-18
-18
-21
-17
-23
-21
-25
-22
-23
-20
-22
-23
-26
-26
-25
-28
-18
-19
-16
-15
-18
-17
-15
-12
-13
-13
-11
-5
-3
1
0
-7
-3
-4
-5
0
-1
2
1
4
1
1
2
7
8
9
11
12
15
6
11
11
7
9
12
10
17
13
11
15
2
9
6
0
3
5
9
9
4
8
10
6
9
9
6
6
11
6
1
6
5
7
3
3
3
3
4
5
4
1
5
3
4
3
11
7
4
9
3
4
1
-5
2
4
3
1
-5
-2
3
0
0
-4
-2
-2
0
1
4
4
1
-2
-2
-1
1
4
7
9
7
3
8
12
11
13
11
16
11
12
16
13
13
15
19
20
16
22
19
17
18
17
14
11
10
12
11
12
9
8
6
5
4
-2
5
-1
-11
-11
-12
-10
-13
-10
-14
-10
-17
-21
-16
-16
-20
-24
-31
-32
-37
-38
-28
-26
-24
-32
-32
-32
-34
-35
-32
-30
-32
-28
-30
-25
-20
-26
-19
-19
-25
-25
-23
-21
-14
-17
-13
-4
-9
-6
-3
0
5
1
2
3
3
1
4
5
4
13
11
11
15
8
10
4
1
4
8
10
15
18
12
17
19
16
10
15
14
13
14
9
10
-1
5
7
13
15
16
18
19
17
13
13
13
8
6
8
13
13
18
19
19
13
10
7
8
11
4
13
11
11
12
8
10
12
1
8
6
3
8
2
5
5
1
-3
-2
-1
1
3
9
7
0
3
2
-2
-4
2
2
-4
0
-5
-1
0
1
0
-2
-1
2
2
5
3
7
0
-2
1
-4
4
0
0
0
6
-1
-3
-8
-3
-4
-4
-6
-14
-8
-2
-6
-3
-1
-6
-6
-11
-12
-5
-12
-13
-13
-14
-9
-12
-12
-12
-13
-19
-15
-16
-19
-18
-16
-15
-14
-14
-16
-12
-11
-9
-6
-6
-5
-6
-3
-5
-2
-2
-3
-3
-5
-3
0
2
9
3
5
1
1
3
7
10
12
8
4
7
-1
2
6
6
6
7
13
12
9
10
2
0
0
-4
-3
-2
2
0
0
3
3
5
-3
-4
0
-5
1
-3
-3
-2
3
4
4
5
-3
-1
1
3
1
4
-2
-5
-1
-3
0
5
6
4
6
2
-3
-3
-1
0
-6
-4
0
2
2
2
4
4
4
0
3
-1
-2
-1
-3
1
2
-2
2
3
2
6
5
1
4
5
6
8
3
5
3
2
1
2
5
8
4
6
6
7
7
6
11
7
8
10
8
10
10
5
7
6
3
3
4
5
5
4
1
-2
1
-3
2
1
1
9
1
0
4
-1
-2
-2
-6
-8
-7
-9
-6
-2
-2
-5
-3
-5
-6
-7
-5
-8
-12
-9
-13
-10
-9
-5
-4
-4
-3
-3
-4
-5
-3
-7
-8
-4
-3
-3
-4
0
-5
-2
-4
0
-3
-3
0
-3
-7
-6
0
-7
-7
-7
-7
-3
-2
1
7
4
2
-1
-1
1
0
-4
-3
-10
-13
-11
-5
-2
-7
-1
-1
4
2
1
0
-3
0
3
0
6
11
9
7
7
8
4
8
2
3
3
-1
8
8
6
4
4
7
6
5
8
2
-3
2
4
3
2
-1
-2
-5
-4
0
1
1
1
0
4
2
4
8
9
4
4
1
6
6
-2
2
2
5
9
8
9
6
1
1
3
1
4
8
4
6
7
1
3
4
1
4
4
3
-4
-1
-2
-6
-8
-7
-5
-6
-6
-2
3
-2
-8
-13
-9
-11
-12
-7
-4
-8
-7
-3
-6
-3
-4
-8
-7
-12
-10
-7
-4
-1
-4
-8
-6
-1
-4
-5
0
2
0
-2
-4
-7
-5
-5
0
0
0
0
-2
-4
-2
-1
-1
0
-1
-2
0
2
1
6
3
4
7
8
5
3
7
4
7
6
3
5
2
5
11
11
12
10
6
4
2
4
0
-1
-1
0
4
2
0
-6
-4
0
-2
-6
-1
-6
-8
0
-3
-2
-5
1
1
-1
2
1
-2
-5
-8
-8
-5
-4
0
1
3
6
8
7
2
-1
-1
1
-3
3
1
0
0
-5
-3
2
2
5
5
7
13
7
9
6
1
7
4
4
2
7
7
4
3
5
3
7
7
5
9
7
6
5
3
5
3
8
13
6
8
5
5
7
-1
-3
-3
-1
0
5
1
5
8
5
7
10
5
4
6
3
3
0
-4
-5
-2
-3
-1
-1
-2
-8
-8
-7
-6
-4
-7
-5
-11
-9
-7
-7
-5
-5
-8
-14
-13
-5
-6
-7
-8
-9
-9
-8
-7
-10
-13
-13
-9
-9
-7
-10
-5
-5
-7
-6
-9
-9
-10
-5
-7
-6
-6
-6
-4
-7
-7
-9
-9
-12
-11
-12
-14
-6
-6
-6
-3
-2
-6
-5
-4
-8
-6
-7
-4
-1
-2
-2
-3
-7
-1
-6
-7
-7
-8
-2
-2
-3
-3
-3
-3
0
0
2
2
4
3
4
6
5
6
5
4
6
7
7
8
13
11
11
16
12
13
15
13
14
12
14
22
14
14
14
13
16
18
19
17
16
15
20
18
15
15
15
8
7
15
14
18
16
15
13
11
7
9
9
5
5
3
8
7
7
11
11
7
7
7
5
3
6
2
1
4
0
2
-3
-3
-3
-1
1
-2
-1
-3
-2
-8
-10
-7
-6
-8
-4
-3
-6
-11
-13
-11
-12
-20
-16
-16
-16
-12
-15
-13
-12
-14
-12
-9
-10
-8
-13
-17
-20
-16
-18
-15
-13
-14
-15
-11
-15
-11
-8
-12
-10
-9
-7
-6
-5
0
-3
1
-2
-6
-4
-8
-6
-6
-8
-2
1
-2
0
0
0
1
-4
-7
-3
-2
1
-3
-4
-2
-3
-2
-5
-2
1
-3
0
1
-1
1
0
-4
5
3
1
6
2
4
3
1
0
0
-3
2
5
8
5
2
2
2
-2
4
-1
-2
5
3
7
4
7
6
5
6
0
1
5
4
5
2
-1
0
-5
3
9
5
5
7
6
5
4
-1
1
3
4
3
1
1
0
3
1
3
3
3
2
-1
3
5
3
9
6
4
8
10
10
9
14
13
11
9
10
8
8
11
9
16
16
12
13
14
9
9
7
6
5
10
11
9
10
5
6
4
3
3
0
2
5
-3
-2
2
-7
-3
-1
-2
-3
-3
-5
-2
-7
-9
-2
-6
-5
-6
-10
-5
-6
-7
-7
-6
-8
-8
-7
-3
-3
-5
-1
-3
-4
-5
-4
-6
-8
-10
-9
-7
-8
-9
-11
-14
-13
-12
-12
-10
-14
-9
-10
-8
-12
-13
-13
-9
-10
-14
-12
-13
-11
-17
-21
-16
-14
-14
-10
-7
-2
-6
-4
-5
-6
-5
-4
-4
-2
2
-2
4
1
3
4
3
4
5
4
4
4
0
6
6
7
10
10
8
7
4
4
7
4
1
4
2
2
6
6
9
6
11
5
1
7
8
6
7
2
3
5
2
4
4
3
7
10
8
10
11
9
13
5
6
10
7
10
9
9
13
12
8
13
10
4
5
7
7
6
5
5
6
4
5
2
2
6
4
3
-2
-1
-2
-4
-5
-1
-7
-7
-4
-9
-4
-6
-3
-3
-2
-4
0
-2
-8
-4
-6
-4
-4
-9
-5
-2
-1
0
-3
-3
-1
-5
-3
-1
-2
-1
1
5
1
6
4
3
2
-2
2
0
1
0
-1
-3
-2
-2
1
2
4
7
4
5
5
-1
0
2
-2
-4
-4
-5
-4
-6
-8
-7
-7
-9
-7
-4
-9
-10
-10
-8
-8
-6
-7
-9
-14
-15
-16
-16
-15
-15
-14
-15
-13
-13
-9
-7
-8
-15
-11
-9
-9
-8
-6
-5
-6
-7
-3
-4
-4
-1
-3
-3
0
3
3
1
5
10
8
14
9
12
14
11
12
10
9
11
15
11
17
17
13
17
13
9
11
11
12
10
13
11
10
9
12
12
9
10
12
7
9
15
12
9
7
5
6
6
6
8
4
5
3
4
7
5
9
11
9
8
5
6
1
-3
0
-5
-2
-3
-2
0
0
0
-2
-3
-7
-5
-7
-8
-4
-7
-6
-6
-5
-9
-4
-5
-11
-7
-11
-9
-11
-11
-10
-8
-8
-6
-6
-7
-6
-9
-5
-7
-7
-8
-5
-8
-8
-5
-4
-8
-8
-7
-6
-2
-7
-4
-6
-8
-6
-7
1
-3
-5
-1
-1
-1
-3
-2
-2
-4
-5
-4
-2
-2
-3
-2
1
-2
-7
-1
-7
-6
-6
-11
-2
-4
-5
0
-4
-6
-4
-5
-6
-4
-5
-4
-3
-5
2
1
-1
1
2
1
5
4
0
3
-1
0
4
0
2
5
4
2
7
8
9
4
6
5
5
9
7
8
3
5
9
9
7
10
9
9
13
10
10
10
11
15
15
15
15
14
12
12
10
10
9
9
10
9
9
9
11
5
9
10
6
8
8
9
8
5
2
4
3
3
0
2
2
0
0
0
2
2
-1
-4
0
-6
-4
-7
-4
-5
-7
-5
-6
-8
-11
-4
-7
-9
-11
-5
-10
-8
-9
-10
-7
-10
-8
-6
-10
-9
-8
-6
-8
-9
-5
-8
-4
-7
-9
-5
-3
-8
-6
-7
-8
-6
-8
-9
-9
-9
-9
-6
-7
-8
-3
-2
-1
-2
2
1
-2
-2
-2
1
1
-6
-2
4
2
2
0
4
4
4
7
6
7
5
3
3
2
1
4
2
1
-2
-3
-6
-9
-5
-9
-9
-6
-4
-6
-8
-5
-9
-9
-9
-7
-3
-10
-10
-6
-7
-10
-13
-8
-11
-10
-3
-5
-1
0
-2
1
-2
0
3
0
4
6
6
9
9
9
9
11
11
13
12
11
14
14
15
12
11
8
11
8
11
8
8
11
7
8
5
4
3
4
3
9
4
6
2
3
4
3
3
2
4
1
6
4
4
6
6
4
6
7
10
9
10
11
6
4
10
9
9
11
9
9
9
5
7
10
7
5
4
6
7
2
6
3
-2
2
1
2
4
1
2
0
-3
-1
-3
-2
-3
-9
-8
-12
-15
-15
-11
-10
-10
-10
-10
-9
-9
-8
-10
-10
-10
-13
-12
-13
-14
-10
-10
-8
-8
-9
-9
-9
-6
-5
-5
-5
-6
-5
-9
-5
-4
-5
-3
-3
-6
-4
-4
-7
-7
-10
-6
-13
-9
-7
-5
-5
-2
-6
-11
-11
-9
-10
-11
-8
-11
-7
-7
-8
-7
-1
-5
-5
-5
-4
-4
-5
-2
0
0
-2
1
2
3
5
4
4
3
1
3
4
9
11
11
15
12
8
8
13
10
10
12
7
7
8
8
7
13
14
10
13
9
10
11
9
5
7
5
3
5
6
8
6
6
4
5
6
5
7
5
8
9
6
8
5
1
3
5
5
7
4
2
6
0
1
1
-1
0
-2
2
2
2
5
3
-5
-3
-3
-4
-5
-5
-6
-7
-4
-5
-6
-10
-7
-7
-6
-1
-4
-4
-3
-1
0
-3
-2
-4
-2
-2
0
-2
-4
-2
0
4
5
4
6
4
-2
-1
0
1
1
1
4
3
3
4
5
2
-1
1
0
1
-1
1
4
3
2
2
1
-4
-1
-3
-6
-6
-9
-7
-8
-8
-4
-3
-4
-2
-3
-5
-2
-8
-11
-8
-7
-7
-1
-6
-7
-2
-3
-4
-4
-7
-8
-3
-7
-7
-2
-5
-2
-4
-7
-2
-2
-1
-4
-6
-5
-2
-2
