-2
3
1
0
3
1
3
1
4
4
1
2
0
4
3
5
4
1
5
3
3
7
6
11
8
8
6
6
5
5
2
4
3
3
4
4
4
8
7
6
6
5
5
2
3
5
5
7
9
8
8
4
4
7
3
4
7
6
2
5
5
3
3
3
4
4
6
4
2
4
0
-3
0
-3
-4
-1
-4
-3
-4
-3
-5
-8
-6
-5
-6
-4
-3
-5
-6
-4
-3
-4
-1
-4
-2
-6
-4
-5
-7
-2
-6
-6
-6
-5
-6
-2
-3
-1
-3
-5
-5
-5
-3
-6
-4
-2
-1
-2
0
2
-1
0
3
-2
-3
-1
1
1
0
-1
-2
-2
-3
0
2
-1
1
2
2
0
-1
3
1
1
1
3
-2
1
-2
-3
-4
-6
-4
-1
-2
-2
0
-3
-1
0
-3
0
-1
-1
-3
0
-5
-6
-5
-8
-6
-2
-4
-5
1
-4
-5
-3
-2
-2
-3
-2
-1
1
-4
-3
-2
0
-3
-3
-2
3
1
0
2
1
2
4
5
3
5
3
3
0
1
2
3
4
3
1
5
3
3
7
6
4
9
11
6
6
7
4
5
4
5
7
6
5
7
5
6
4
5
6
4
7
8
5
7
8
8
4
5
4
1
7
0
4
3
0
2
1
1
-2
-2
-4
-4
-4
-3
-2
-6
-2
-2
-3
-4
-5
-4
-1
0
0
-3
-2
-2
-3
-6
-2
0
-1
-2
-4
-4
-3
-2
-7
-1
-5
-3
-1
1
1
-2
-1
-3
-2
-3
-1
-2
-3
-1
-2
-4
-5
-5
-4
-6
-5
-5
-1
-6
-7
-2
-6
-1
-3
-4
-5
-4
-6
-2
-4
-5
-2
-4
-4
0
-3
-5
-5
-5
0
-3
4
-1
-3
-2
0
0
-2
1
2
5
1
2
0
-3
0
0
-3
-1
-3
-2
-4
-3
-3
-1
-3
-2
2
0
-1
0
1
-1
2
3
3
3
5
5
4
7
5
6
9
6
8
9
5
8
7
9
9
10
9
11
12
7
10
9
7
12
11
12
12
10
10
6
9
8
6
8
8
5
5
10
9
5
6
6
4
2
3
4
3
4
0
5
0
-3
-3
-3
-5
-3
-1
-5
-3
-1
-2
-4
-5
-1
-4
-5
-5
-6
-5
-13
-9
-9
-13
-12
-9
-11
-10
-11
-12
-10
-9
-11
-14
-10
-12
-11
-9
-9
-9
-11
-7
-9
-11
-12
-13
-12
-10
-14
-12
-11
-9
-9
-13
-11
-11
-12
-8
-8
-7
-8
-7
-6
-6
-5
-5
-2
-4
-2
-3
-1
-2
-1
0
0
-1
3
3
6
8
7
4
2
7
9
5
5
13
9
6
13
14
9
13
10
13
15
10
11
11
11
14
12
11
14
11
6
10
11
9
10
6
9
10
7
8
8
9
8
6
7
4
5
7
4
2
5
4
-1
4
2
1
4
3
2
4
7
3
2
0
1
2
2
3
5
5
2
3
2
2
3
2
-1
0
-2
-2
0
-1
0
-3
-2
-2
0
0
0
0
-4
-1
1
0
0
-2
1
-2
-3
-2
-1
-2
-1
-2
-2
-1
-5
-2
-3
-3
1
-2
-2
-3
-3
-6
-7
-4
-6
-6
-6
-7
-6
-10
-7
-8
-9
-8
-10
-5
-9
-7
-11
-9
-9
-12
-12
-8
-10
-9
-9
-10
-10
-11
-10
-6
-9
-8
-8
-8
-5
-5
-6
-5
-3
-7
-4
-1
-6
-6
-5
-6
-5
-5
-2
-1
-6
2
-2
1
0
0
2
1
4
1
1
2
3
0
1
-1
3
0
1
3
0
3
5
0
3
7
4
5
7
8
5
6
4
2
3
3
3
2
6
4
9
6
6
7
8
8
7
12
11
7
4
8
7
5
5
8
7
7
6
7
5
6
7
5
8
8
7
8
6
6
7
4
7
6
2
3
1
2
3
1
1
0
2
1
-2
2
1
-1
2
3
1
4
6
8
7
4
3
4
7
4
7
6
5
5
5
3
3
5
3
6
3
4
4
2
1
0
1
1
-1
1
4
1
-4
-6
-3
-4
-5
-2
-6
-10
-7
-12
-8
-5
-9
-9
-11
-9
-9
-10
-8
-12
-11
-9
-10
-11
-11
-12
-11
-10
-8
-8
-9
-12
-11
-11
-11
-11
-7
-9
-10
-10
-10
-7
-7
-4
-10
-9
-8
-6
-5
-10
-5
-4
-8
-6
-4
-1
-6
-4
-3
-2
-1
-1
-5
-7
-2
1
0
0
1
-2
-1
1
2
0
-2
3
0
-2
1
2
1
3
1
2
0
2
4
0
4
4
6
4
6
8
6
8
8
11
9
8
7
6
7
9
10
12
7
7
10
9
8
10
11
9
11
12
9
10
7
7
9
7
6
5
7
4
5
2
2
5
6
4
4
3
0
5
0
5
5
5
7
3
3
0
1
0
1
3
3
-1
-1
4
-1
3
3
4
7
3
6
7
3
7
7
6
6
4
5
3
-2
1
1
-2
1
0
-1
1
0
1
-3
0
1
-4
-2
-3
0
-3
-3
-5
-3
-7
-6
-6
-6
-7
-7
-7
-7
-5
-7
-5
-6
-8
-7
-8
-8
-6
-10
-5
-4
-7
-5
-6
-7
-5
-8
-14
-8
-12
-12
-11
-13
-12
-12
-13
-9
-14
-14
-13
-13
-11
-15
-11
-10
-13
-13
-11
-11
-13
-15
-11
-11
-11
-8
-10
-8
-11
-12
-8
-6
-6
-2
0
-3
-1
3
3
2
0
0
3
3
7
8
8
12
12
14
13
12
18
14
12
14
16
15
15
10
12
12
14
16
16
15
15
16
18
15
17
16
15
12
15
19
14
15
15
13
15
12
12
11
15
11
6
14
9
7
8
12
10
8
9
8
9
4
2
2
4
2
3
0
1
-1
-3
1
-2
-2
-5
-4
-6
-1
-4
-2
-4
-5
-4
-4
-4
-7
-7
-14
-9
-10
-10
-8
-11
-12
-10
-11
-10
-11
-11
-12
-10
-8
-11
-17
-15
-11
-15
-11
-13
-11
-9
-11
-8
-6
-10
-9
-9
-9
-8
-7
-6
-4
-4
-8
-4
-7
-9
-8
-10
-3
-4
-6
-6
-3
-5
-1
-2
-5
-1
-4
-3
-4
-2
-2
-4
-2
-1
-4
-2
-3
-2
-3
-5
-2
-1
-2
0
1
-2
0
0
2
1
5
3
3
3
1
2
3
4
0
2
3
4
4
7
5
4
3
4
5
0
2
5
8
4
8
9
5
8
6
4
5
6
7
3
10
9
5
10
8
12
9
7
10
9
11
9
8
9
6
7
9
11
10
9
11
14
10
9
8
6
9
7
8
9
6
7
6
6
7
3
4
7
7
3
4
6
3
3
2
3
0
-1
1
-2
1
-1
-2
1
-4
-2
-1
-1
-4
-4
-4
-6
-3
-5
-5
-8
-8
-9
-9
-12
-13
-10
-10
-13
-13
-12
-14
-14
-11
-13
-9
-11
-11
-10
-12
-10
-8
-7
-9
-9
-12
-12
-12
-9
-12
-9
-9
-10
-7
-7
-10
-7
-8
-7
-7
-2
-2
-5
-2
-4
-4
0
5
1
-1
0
0
0
0
-1
2
2
2
1
5
5
5
2
1
3
5
5
4
8
9
7
6
4
8
6
5
8
5
8
8
6
2
3
0
-1
1
0
0
2
0
-1
-2
-4
-2
-4
-4
0
-3
-5
-3
-1
-5
-5
-4
-4
-5
-2
-3
-1
2
-1
-2
-3
-3
-4
-2
-1
2
3
1
4
2
5
5
2
6
5
7
9
7
7
9
6
6
7
6
10
12
8
6
6
8
6
5
5
5
5
4
6
5
5
2
4
2
4
6
6
7
4
6
6
5
7
6
6
6
3
5
3
4
3
2
4
3
6
4
4
5
1
1
2
1
0
-1
0
-5
-3
-2
-2
-2
-3
-4
-2
-5
-7
-5
-9
-7
-8
-10
-6
-7
-7
-5
-6
-7
-6
-6
-3
-7
-5
-4
-4
-4
-6
-4
-8
-5
-2
-3
-5
-7
-5
-7
-2
-8
-5
-5
-7
-4
-5
-7
-4
-7
-7
-2
-4
-7
-6
-5
-6
-3
-4
-7
-3
-5
-4
-3
0
1
1
-1
-2
-4
-7
-3
-5
-4
-1
-4
-1
1
-3
-2
-3
-3
-6
-4
-5
-5
-5
-6
-4
-6
-10
-7
-7
-6
-7
-8
-3
-3
-6
-5
-5
-9
-5
-3
-1
2
-1
2
3
-1
3
1
1
2
2
5
8
4
6
9
7
8
10
9
9
9
12
15
16
16
16
14
16
18
17
17
14
20
18
17
19
20
17
20
18
16
18
15
16
16
12
17
13
14
11
9
11
7
11
11
13
10
8
7
6
5
2
1
0
-2
0
1
0
-2
-4
-3
-3
-9
-5
-5
-6
-3
-6
-4
-5
-8
-8
-9
-11
-8
-10
-9
-10
-13
-12
-12
-15
-11
-11
-14
-14
-17
-12
-14
-17
-16
-15
-17
-14
-14
-16
-11
-14
-12
-16
-13
-8
-8
-8
-10
-7
-7
-8
-10
-7
-11
-10
-8
-6
-6
-5
-3
-5
-4
-8
-3
-6
-2
-2
-3
-2
3
0
0
-1
-3
1
0
-1
-1
-1
-1
-3
-4
-2
-3
-1
0
0
2
-4
-1
-1
-5
1
-3
0
-1
4
2
2
2
0
0
2
3
1
1
2
4
0
2
1
3
6
6
6
6
8
6
5
8
6
10
9
9
9
10
11
11
10
12
11
8
11
12
13
11
10
15
12
10
13
10
10
11
11
11
11
4
8
10
8
9
8
5
9
11
8
11
7
8
8
7
8
6
6
6
3
2
5
3
6
8
3
3
4
-2
2
0
1
1
-1
-1
1
-2
-5
0
-3
-2
-2
-5
-7
-7
-11
-8
-11
-10
-10
-10
-9
-11
-17
-10
-10
-12
-12
-13
-14
-16
-15
-17
-12
-15
-15
-15
-13
-13
-10
-10
-12
-13
-12
-9
-9
-7
-6
-7
-8
-7
-6
-10
-9
-8
-5
-7
-3
-3
-2
-1
-4
-1
-1
1
5
4
4
5
3
2
2
1
0
1
5
1
4
4
1
2
1
2
4
3
2
4
3
6
2
-1
-4
-2
-2
-4
-1
-3
-5
-3
-1
1
3
0
-1
0
-1
-4
-6
-6
-4
-6
-7
-4
-7
-4
0
0
2
1
-4
3
1
2
8
8
11
8
12
12
14
13
16
14
14
14
14
17
15
16
15
20
18
17
20
22
19
17
14
14
16
14
13
16
14
13
12
10
9
10
12
11
11
12
9
7
4
4
6
2
-3
-1
-1
-5
-5
-6
-10
-8
-13
-14
-10
-9
-9
-11
-15
-15
-14
-21
-20
-19
-24
-16
-17
-18
-18
-20
-17
-18
-22
-18
-21
-19
-16
-17
-15
-13
-12
-11
-9
-11
-14
-18
-14
-16
-15
-11
-7
-6
-1
-3
-5
-1
-6
-4
-1
8
11
5
9
11
9
14
19
20
19
18
18
12
14
15
15
17
11
16
15
17
18
17
12
8
8
1
0
-7
-7
-10
-13
-12
-11
-18
-19
-19
-21
-24
-28
-27
-31
-33
-32
-30
-32
-32
-31
-30
-34
-25
-20
-16
-19
-20
-16
-17
-23
-26
-24
-29
-34
-34
-30
-27
-27
-28
-27
-31
-25
-17
-12
-3
8
20
32
44
53
61
67
75
84
102
116
127
145
158
176
193
206
204
201
199
187
184
165
141
122
99
77
56
31
12
-7
-31
-46
-67
-83
-94
-117
-136
-149
-170
-185
-202
-219
-226
-229
-225
-221
-213
-202
-189
-171
-153
-142
-127
-110
-101
-94
-86
-83
-74
-73
-76
-72
-72
-67
-61
-54
-49
-31
-9
3
18
38
50
67
76
77
74
77
82
88
95
103
111
119
135
159
181
205
235
270
301
334
361
381
397
399
400
392
375
354
328
300
269
244
224
194
160
120
80
37
-11
-67
-126
-188
-258
-317
-374
-438
-492
-544
-585
-612
-629
-638
-644
-642
-628
-601
-562
-523
-486
-441
-393
-342
-294
-252
-212
-172
-138
-107
-81
-49
-27
-1
22
50
66
83
104
115
126
140
158
157
157
153
144
154
158
169
170
184
207
229
257
287
324
357
405
447
491
524
542
555
560
550
527
495
457
409
358
323
299
279
282
291
314
341
389
450
477
461
416
355
285
185
61
-76
-198
-293
-370
-440
-474
-467
-448
-416
-392
-362
-321
-313
-365
-452
-552
-659
-769
-895
-1019
-1094
-1129
-1113
-1065
-966
-819
-656
-482
-320
-170
-43
49
100
104
78
40
1
-44
-100
-136
-117
-57
17
113
220
323
441
524
583
614
623
611
554
479
388
314
267
206
160
147
169
227
280
326
405
531
613
668
724
793
887
932
956
945
947
957
949
921
887
847
799
747
659
578
475
317
149
-40
-221
-382
-551
-739
-936
-1146
-1318
-1464
-1563
-1682
-1798
-1895
-1971
-2007
-2018
-2040
-2050
-1985
-1913
-1810
-1640
-1460
-1265
-1049
-836
-546
-257
-4
217
363
515
616
704
712
666
582
472
425
413
405
403
429
538
660
805
987
1106
1202
1260
1264
1231
1154
1036
903
731
607
518
474
444
411
423
517
643
739
840
889
881
894
859
828
771
682
611
545
582
659
768
850
940
989
1117
1277
1355
1382
1267
1121
1020
864
650
368
9
-242
-444
-657
-812
-958
-1078
-1235
-1394
-1542
-1686
-1857
-2138
-2468
-2745
-2940
-3112
-3259
-3427
-3515
-3436
-3227
-2985
-2634
-2218
-1746
-1248
-811
-327
119
404
543
547
546
537
450
349
183
82
86
202
384
565
770
1065
1321
1561
1750
1815
1833
1754
1594
1376
1097
844
579
380
273
271
328
468
667
905
1214
1481
1718
1876
2028
2048
2008
1944
1949
1926
1881
1831
1807
1909
2091
2277
2454
2597
2655
2612
2465
2277
1916
1467
929
289
-376
-941
-1478
-1967
-2305
-2628
-2857
-3108
-3321
-3418
-3570
-3824
-4152
-4455
-4784
-5023
-5369
-5706
-5931
-6035
-5866
-5605
-5145
-4530
-3830
-3033
-2120
-1132
-159
682
1328
1838
2122
2273
2265
1962
1658
1218
878
755
754
938
1258
1644
2222
2829
3343
3908
4176
4253
4067
3763
3277
2606
1901
1185
486
-40
-313
-334
-116
213
672
1218
1860
2499
2978
3286
3456
3463
3268
3038
2599
2323
2079
1808
1652
1564
1744
2111
2451
2557
2631
2624
2636
2394
1774
1004
171
-624
-1452
-2364
-3197
-3728
-4144
-4499
-4753
-4760
-4548
-4390
-4317
-4350
-4319
-4274
-4337
-4529
-4852
-5100
-5242
-5325
-5307
-5140
-4678
-4006
-3339
-2474
-1407
-355
575
1454
2033
2303
2463
2317
1857
1245
547
-32
-480
-713
-695
-411
114
850
1678
2522
3379
4000
4461
4608
4427
4016
3394
2688
1815
968
314
-14
-130
-42
275
813
1599
2386
3081
3534
3889
4029
4040
3792
3286
2783
2260
1799
1247
958
856
1075
1504
1771
1997
2324
2714
2933
2780
2250
1637
914
116
-884
-1971
-2778
-3452
-4066
-4597
-4999
-5077
-4965
-4938
-4926
-4884
-4770
-4636
-4772
-5034
-5278
-5468
-5527
-5616
-5739
-5579
-5235
-4635
-3836
-2934
-1773
-497
674
1634
2416
2862
3182
3133
2706
2118
1438
851
369
110
98
295
745
1568
2430
3274
4096
4802
5241
5358
5147
4547
3799
2952
2025
1025
269
-145
-349
-306
-90
457
1214
2012
2660
3180
3616
3951
4045
3765
3423
3070
2692
2284
1833
1538
1590
1871
2123
2133
2079
2243
2407
2222
1627
933
368
-286
-1143
-2057
-2751
-3236
-3692
-4371
-4916
-5108
-4972
-4890
-5132
-5377
-5466
-5414
-5376
-5634
-5933
-6034
-6027
-5968
-5888
-5559
-5014
-4346
-3603
-2576
-1384
-60
1192
2112
2835
3244
3458
3335
2884
2012
957
-1
-757
-1148
-1316
-1286
-899
-44
966
2046
3076
4025
4868
5314
5306
4840
4237
3597
2727
1627
782
381
338
351
434
930
1755
2556
3290
3860
4280
4738
4875
4723
4330
3898
3497
3002
2404
1871
1789
2079
2154
1802
1515
1645
1804
1561
813
71
-527
-1068
-1822
-2674
-3264
-3643
-4130
-4867
-5406
-5574
-5358
-5435
-5767
-6104
-6145
-5932
-5931
-6193
-6447
-6318
-5973
-5702
-5461
-5033
-4392
-3597
-2855
-1944
-818
297
1391
2309
3014
3579
4015
4226
4053
3352
2445
1615
987
524
-100
-516
-459
163
986
1703
2546
3493
4365
4980
5067
4862
4617
4159
3366
2277
1317
765
572
304
96
354
1094
1992
2678
3310
3944
4661
5156
5191
5016
4943
4846
4361
3608
3004
2996
3067
2643
1768
1237
1305
1243
544
-407
-1108
-1449
-1770
-2527
-3183
-3414
-3443
-3824
-4576
-5192
-5302
-5271
-5677
-6377
-6937
-7026
-6911
-6968
-7259
-7360
-6915
-6323
-5767
-5121
-4405
-3536
-2605
-1736
-793
185
1092
1869
2366
2636
2927
3193
3224
2863
2050
1339
788
298
-166
-685
-1057
-747
-105
470
1264
2034
2995
3915
4362
4428
4455
4372
4067
3198
2235
1792
1504
1394
1069
944
1380
2318
3213
3818
4280
4946
5673
5995
5925
5562
5329
5161
4636
3695
3230
3213
3110
2494
1479
1025
1129
927
28
-1057
-1791
-2028
-2506
-3286
-3852
-4103
-4219
-4728
-5446
-5874
-5740
-5765
-6311
-7163
-7541
-7345
-7207
-7448
-7914
-7804
-7162
-6411
-5836
-5213
-4390
-3324
-2236
-1235
-39
1267
2395
3276
3755
3979
4296
4362
4029
3175
2023
1279
767
323
6
-213
-29
703
1438
2343
3118
3743
4534
4997
4995
4640
4169
3591
2946
2000
1265
905
895
1009
1014
1335
2212
3314
4152
4644
5084
5853
6320
6286
5900
5373
5092
4727
4119
3666
3501
3386
3135
2438
2048
2021
1653
851
-380
-1357
-1917
-2607
-3565
-4310
-4897
-5316
-5851
-6535
-6801
-6659
-6745
-7174
-7570
-7838
-7717
-7665
-7857
-8149
-8145
-7689
-7145
-6587
-5985
-5217
-4264
-3195
-1975
-639
580
1697
2910
4054
4844
5245
5212
4947
4394
3298
1958
851
-110
-871
-1557
-1810
-1127
-159
847
1843
2811
3938
5097
5720
5716
5333
4639
3996
3018
1767
811
256
11
-118
70
909
2088
3087
4005
5030
6319
7344
7603
7527
7237
6825
6332
5690
4956
4151
3196
2227
1524
1280
995
198
-629
-1315
-1487
-1695
-2400
-2989
-3293
-3573
-4229
-5171
-5961
-6259
-6648
-7589
-8546
-8997
-8962
-9078
-9439
-9605
-9248
-8467
-7616
-6986
-6292
-5225
-4011
-3023
-2167
-1066
78
1120
1801
2552
3633
4528
5024
4905
4591
4351
3993
3129
2166
1229
520
253
255
708
1284
2068
2999
3913
4657
5400
5867
5867
5476
4867
4097
3201
2319
1469
858
445
374
720
1671
2486
3202
4164
5248
6471
7134
7252
7330
7339
7131
6886
6569
5968
5130
4039
3154
2542
1934
982
-168
-1181
-1783
-2179
-2770
-3193
-3595
-3861
-4252
-4885
-5467
-5756
-6063
-6936
-8039
-8949
-9279
-9531
-10070
-10615
-10669
-10187
-9401
-8519
-7509
-6445
-5200
-3788
-2652
-1270
44
1271
2202
2779
3176
3626
4116
4174
3743
2985
2397
2037
1840
1393
1073
984
1316
1906
2414
2887
3443
4347
4952
4928
4577
4470
4267
3772
2871
1933
1628
1633
1694
1615
1730
2233
3185
4127
4839
5333
6003
6895
7371
7139
6812
6930
6878
6641
6272
6067
5869
5363
4778
4330
3647
2619
1525
335
-687
-1654
-2635
-3402
-4047
-4821
-5602
-6361
-6766
-7005
-7248
-7731
-8472
-8971
-9215
-9428
-9976
-10578
-10719
-10449
-10104
-9594
-8739
-7676
-6500
-5354
-4062
-2350
-666
715
1884
3139
4227
5096
5319
5093
4778
4044
3075
2057
986
369
189
-54
382
1164
2241
3279
3978
4845
5827
6469
6377
5766
5016
4400
3378
2159
1137
615
626
793
1028
1682
2816
4066
5293
6256
7214
8079
8687
8715
8296
7939
7848
7769
7107
6235
5213
4684
4507
3949
3000
1852
1061
530
-221
-1290
-1890
-2309
-2965
-4149
-5393
-6146
-6543
-7043
-8107
-9297
-10004
-10208
-10354
-10787
-11427
-11598
-11160
-10492
-9958
-9384
-8506
-7320
-6185
-5196
-3703
-1925
-488
435
1282
2234
3276
3945
4039
3716
3148
2716
2263
1976
1594
1243
1305
1743
2372
3121
3814
4400
5046
5455
5826
5853
5410
4920
4395
3674
2736
2159
2017
2002
1735
1843
2476
3406
4260
4691
5366
6310
7121
7446
7495
7278
7257
7335
7585
7631
7116
6649
6172
5870
5509
4761
3725
2634
1253
221
-665
-1618
-2230
-3144
-4248
-5308
-6106
-6474
-6616
-7373
-8433
-9177
-9546
-9750
-10186
-10823
-11382
-11593
-11459
-11068
-10523
-9904
-9237
-8280
-7037
-5358
-3441
-1855
-460
690
2020
3368
4248
4454
4240
3622
3017
2279
1612
1292
687
412
628
1614
2858
3824
4757
5692
6562
7268
7421
7004
6381
5371
4371
3415
2387
1678
1308
1059
1210
1683
2541
3944
4784
5599
6570
7504
8302
8515
8271
8172
8298
8389
8266
7514
6549
6012
5917
5452
4559
3414
2585
2011
935
-180
-764
-1015
-1730
-3223
-4720
-5372
-5542
-6149
-7525
-8916
-9717
-9940
-10191
-10966
-11832
-12125
-11980
-11789
-11565
-11074
-10199
-9368
-8726
-7849
-6175
-4168
-2423
-1409
-550
724
2118
3198
3404
3030
2536
1996
1547
1062
417
316
346
868
1929
2877
4054
5305
6497
7434
7926
7902
7767
7118
6000
4654
3455
2767
2172
1525
1262
1366
1972
3291
4199
5171
6165
7044
8072
8661
8521
8389
8674
8848
8555
7572
6691
6280
6092
5394
4342
3354
2844
2428
1603
579
-27
-16
-282
-1498
-3087
-4032
-4328
-4971
-6593
-8282
-9329
-9844
-10482
-11431
-12166
-12353
-12185
-12080
-11886
-11302
-10262
-9286
-8729
-8180
-6867
-5092
-3732
-3052
-2658
-1625
-281
685
864
782
918
1020
897
902
893
996
1353
1458
2098
3163
4374
5415
6033
6455
7266
7876
7877
7457
6513
5822
5186
4632
4181
3739
3319
3228
3430
4213
5155
5816
6307
6858
7503
8044
8407
8246
8152
8299
8307
8020
7413
6714
6603
6370
5328
4381
3791
3379
2621
1452
686
634
391
-455
-1875
-3046
-3464
-3981
-5122
-6727
-8095
-8926
-9455
-10431
-11536
-12034
-11972
-11942
-12079
-11808
-10994
-10053
-9524
-9226
-8259
-6576
-5055
-4351
-4001
-3329
-2355
-1225
-861
-1163
-1228
-1270
-1290
-1019
-1062
-753
71
525
1288
2424
3775
5170
6097
6568
7147
7733
7940
7712
7080
6354
5655
5217
4875
4581
4412
4454
4559
5110
5806
6617
7330
7546
7814
8193
8472
8373
8524
8686
8542
7917
7033
6513
6597
6148
4838
3624
2874
2710
2064
1043
406
306
225
-434
-1688
-2528
-2676
-3196
-4498
-6307
-7515
-8073
-8913
-10256
-11566
-12073
-11920
-11924
-12160
-11888
-11097
-10051
-9373
-9040
-7914
-6212
-4943
-4306
-4160
-3732
-2744
-2190
-2267
-2613
-2965
-2895
-2825
-2876
-2597
-2109
-1033
122
943
2050
3723
5235
6411
7083
7485
8179
8372
8073
7469
6840
6366
6004
5785
5562
5541
5808
6052
6554
7285
7820
8504
8791
8778
8871
8814
8657
8753
8710
8300
7582
6560
6364
6390
5798
4741
3521
2958
2863
2011
1012
702
633
304
-759
-1980
-2455
-2494
-3239
-4725
-6228
-7203
-7651
-8528
-9932
-11145
-11656
-11590
-11764
-11994
-11608
-10801
-9996
-9528
-8901
-7429
-5917
-4993
-4729
-4542
-4023
-3384
-3225
-3823
-4485
-4723
-4714
-4627
-4422
-3807
-2908
-1920
-624
478
1812
3361
4418
5226
5844
6330
6846
7054
6675
6354
6294
6306
6457
6546
6735
7168
7435
7835
8466
8865
9351
9454
9520
9419
9266
9025
8840
8932
8740
8298
7544
6846
6704
6658
5745
4590
3667
3230
2754
1628
752
423
212
-626
-1981
-3049
-3318
-3497
-4424
-5805
-6936
-7425
-7750
-8621
-9924
-10638
-10741
-10906
-11306
-11526
-11109
-10355
-10087
-10011
-9253
-7669
-6032
-5446
-5287
-5007
-4165
-3335
-3530
-4394
-4915
-5109
-5146
-5362
-5625
-4923
-3814
-2649
-1811
-796
936
2801
3964
4433
4896
5564
6261
6234
5867
5604
5843
6224
6322
6517
7118
7819
8456
8926
9434
10137
10383
10431
10099
9786
9608
9336
9251
9236
8955
8334
7559
7165
7271
6683
5448
4224
3476
3095
2269
1111
450
249
-209
-1346
-2619
-3148
-3132
-3589
-4893
-6249
-7023
-7341
-7854
-9138
-10252
-10580
-10474
-10646
-11008
-10976
-10313
-9531
-9453
-9116
-8020
-6470
-5517
-5497
-5562
-5105
-4368
-4336
-5085
-6009
-6431
-6483
-6324
-6537
-6205
-5279
-4174
-2882
-1934
-503
1270
2552
3151
3581
4070
4664
4779
4448
4234
4296
4844
5378
5905
6502
7460
8386
9308
10039
10638
11193
11297
11129
10662
10238
9803
9822
9680
9329
8803
8054
7777
7823
7433
6477
5427
4556
4027
2913
1714
953
412
-244
-1420
-2792
-3530
-3651
-4181
-5227
-6537
-7236
-7420
-7972
-8932
-9836
-10208
-10248
-10525
-10909
-10823
-10404
-9753
-9502
-9327
-8258
-6438
-5298
-4903
-4897
-4687
-3693
-3583
-4566
-5545
-6438
-6855
-7036
-7779
-7577
-6817
-5981
-4679
-3670
-2326
-325
1363
2385
2850
3156
3984
4301
3817
3109
2920
3451
3931
4091
4709
5812
7018
8203
9179
10378
11239
11814
12111
12064
11654
11341
11320
11084
10399
9405
8733
8369
8133
7386
6456
5571
4891
4294
3408
2358
1780
1445
768
-517
-2115
-2921
-3240
-3895
-5473
-7004
-7609
-7979
-8803
-9784
-10572
-10794
-10511
-10657
-10748
-10393
-9768
-8978
-8568
-8365
-7329
-5792
-4890
-4753
-4794
-4580
-3945
-3946
-4918
-5825
-6577
-6983
-7061
-7410
-7329
-6577
-5913
-4842
-3774
-2709
-1098
174
879
1485
1889
2416
2729
2375
2089
2106
2756
3479
3942
4573
5600
6714
8001
9191
10087
10970
11478
11741
11753
11475
11140
11124
11226
10994
10409
9876
9505
9558
9282
8306
7271
6414
5815
4872
3411
2226
1661
1193
-54
-2029
-3250
-3589
-3977
-5040
-6549
-7436
-7700
-8112
-8925
-9820
-10327
-10280
-10269
-10666
-10789
-10415
-9720
-9333
-9535
-8755
-6900
-5357
-4782
-4814
-4342
-3166
-2630
-3517
-4562
-5520
-6181
-6667
-7652
-8102
-7853
-7139
-6272
-5605
-4569
-2655
-860
38
432
968
2055
2462
1976
1312
1116
1492
1971
2483
3115
4072
5311
6600
7852
9243
10335
11258
11651
11675
11632
11759
11954
11962
11729
11082
10519
10277
10321
10020
9120
7986
7175
6662
5816
4345
3375
2946
2223
976
-832
-2009
-2557
-3210
-4642
-6300
-7329
-7715
-8174
-9115
-10221
-10709
-10379
-10337
-10595
-10575
-9999
-9219
-8875
-8866
-7908
-6086
-4758
-4263
-4249
-3915
-2991
-2626
-3319
-4238
-5223
-5844
-6352
-7087
-7524
-7248
-6560
-5844
-5129
-4270
-2683
-1182
-416
-29
278
848
1178
818
191
62
359
946
1602
2420
3464
4687
6025
7339
8746
9943
10879
11313
11492
11410
11467
11645
11722
11555
10977
10277
10024
10223
10162
9376
8322
7782
7433
6886
5559
4319
3748
3052
1761
-103
-1578
-2328
-3025
-4525
-6263
-7440
-7892
-8262
-9235
-10323
-10676
-10350
-10231
-10468
-10562
-9973
-9103
-8613
-8491
-7643
-6084
-4823
-4386
-4211
-3939
-3335
-2909
-3704
-4622
-5339
-5936
-6269
-6954
-7380
-6949
-6325
-5626
-5006
-4166
-2840
-1480
-795
-519
-195
183
249
-305
-846
-895
-469
-36
619
1426
2666
4145
5553
6871
8345
9713
10804
11377
11416
11375
11357
11718
11819
11340
10596
10029
9913
10226
9839
8932
8311
7870
7704
7112
6045
5541
5317
4238
2776
1042
-219
-912
-2403
-4306
-5932
-7059
-7726
-8537
-9754
-10520
-10414
-10140
-9964
-9959
-9497
-8633
-7994
-7895
-7497
-6248
-4770
-4071
-4264
-4287
-3821
-3214
-3363
-4435
-5462
-6034
-6436
-6790
-7136
-7002
-6314
-5549
-4874
-4149
-3136
-1837
-850
-654
-610
-552
-373
-481
-1309
-2004
-1877
-1362
-595
191
1157
2535
4106
5608
7090
8643
9848
10646
10802
10710
10638
11077
11620
11327
10427
9578
9487
9997
10041
9096
8229
7887
7854
7602
6919
6347
6093
5488
4137
2570
1387
672
-480
-2583
-4685
-5920
-6563
-7483
-9070
-10364
-10687
-10205
-9920
-9969
-9665
-8880
-8074
-7536
-7222
-6157
-4592
-4006
-4010
-4305
-3939
-3230
-3483
-4585
-5644
-6219
-6389
-6778
-7223
-7037
-6457
-5584
-4748
-3916
-2949
-1638
-817
-508
-311
-239
-162
-648
-1580
-2462
-2669
-2426
-2111
-1628
-587
595
2257
3961
5657
7437
8652
9605
10319
10698
10593
10796
11119
11169
10537
9485
9005
9132
9161
8636
7857
7260
7286
7336
7022
6641
6520
6378
5815
4337
2951
2345
1497
-137
-2510
-4418
-5359
-6281
-7869
-9413
-10401
-10333
-9808
-9736
-9504
-8797
-7778
-6712
-5808
-4941
-3633
-2749
-2755
-2859
-2966
-3078
-3454
-4616
-5879
-6674
-7339
-7626
-7526
-7231
-6730
-5904
-4837
-3465
-2062
-1019
-280
114
505
594
196
-549
-1462
-2204
-2686
-2914
-2741
-2152
-1265
-165
1070
2831
4980
6814
8069
8970
9779
10455
10601
10455
10580
10620
10150
9215
8442
8296
8225
7572
6646
6170
6080
6065
5847
5770
6066
6080
5572
4588
3639
3203
2594
889
-1132
-2885
-4170
-5176
-6903
-8757
-9745
-9860
-9667
-9558
-9316
-8458
-7448
-6514
-5560
-4082
-2477
-1711
-1750
-2127
-2119
-2297
-3109
-4542
-6094
-7260
-7973
-8429
-8610
-8216
-7471
-6456
-5394
-4058
-2440
-904
41
376
668
1031
904
94
-977
-1987
-2554
-2853
-2943
-2599
-1917
-826
467
2079
4233
6225
7753
8570
9181
9947
10509
10812
10799
10367
9491
8598
8034
7542
6671
5669
4889
4492
4286
3995
4000
4465
4916
4906
4499
3854
3634
3376
2435
880
-668
-1984
-3217
-4885
-6812
-8218
-8926
-9223
-9438
-9206
-8305
-7178
-6147
-4989
-3531
-1683
-469
-314
-483
-575
-891
-1723
-3395
-5167
-6389
-7573
-8459
-9065
-8977
-8153
-7286
-6457
-5133
-3269
-1485
-367
-20
515
1172
1286
613
-467
-1250
-1685
-1979
-2393
-2419
-1885
-972
-20
1172
2743
4662
6399
7487
8280
9064
9989
10564
10781
10562
10144
9540
8775
8184
7499
6434
5289
4355
3762
3468
2968
2879
3362
3619
3471
3022
2657
2799
2717
1717
345
-1004
-2133
-3283
-5007
-6830
-8029
-8641
-8979
-9263
-8937
-7811
-6487
-5405
-4277
-2291
-154
1149
1188
713
481
120
-1095
-3098
-5218
-6997
-8295
-9316
-9775
-9572
-8811
-7784
-6710
-5085
-2937
-1076
122
610
772
1203
1243
455
-806
-1783
-2322
-2660
-2863
-2758
-2070
-1213
-272
1107
3186
5186
6689
7577
8321
9364
10325
11058
11066
10313
9301
8735
8456
7659
6149
4757
4008
3377
2613
2055
2090
2716
2956
2467
2130
2204
2560
2513
1295
-291
-1169
-1761
-2947
-4936
-7037
-8121
-8410
-8939
-9369
-9155
-7973
-6552
-5332
-3651
-1380
962
2406
2591
2656
2871
2404
1038
-1464
-3752
-5199
-6892
-8513
-9479
-9586
-8604
-7719
-7040
-5497
-3137
-996
53
432
996
1734
1818
692
-612
-1488
-1980
-2250
-2736
-3061
-2524
-1294
-384
681
2219
4377
6349
7064
7465
8507
9846
10654
10585
9997
9538
9069
8524
7752
6481
5223
4434
3824
3085
2165
1819
2523
3096
2702
1937
1914
2115
2097
1340
55
-867
-1535
-2601
-4082
-5811
-7386
-8125
-8745
-9433
-9690
-8967
-7737
-6573
-5546
-3421
-394
1699
2429
2503
3173
3607
2724
497
-1791
-3662
-5255
-7005
-8682
-9207
-8732
-7791
-7109
-6180
-4424
-1785
313
998
1251
1875
2482
2039
495
-1005
-1508
-1960
-2715
-3168
-2885
-2146
-1118
-466
740
2914
4901
6300
7000
7480
8642
10262
10754
9957
8745
8231
8154
7546
5922
4299
3600
3184
2561
1732
1461
2345
3096
2926
2284
1957
2659
3099
1964
214
-905
-1401
-2191
-4000
-6159
-7471
-8144
-8932
-9749
-9955
-9360
-8252
-7266
-5927
-3879
-1269
838
1591
1985
2578
3059
2478
448
-1891
-3182
-4467
-5950
-7206
-7937
-7609
-7150
-6598
-5231
-3046
-1053
309
1038
1812
2791
3151
2509
1234
258
-271
-537
-1068
-1712
-1811
-1155
-489
197
1401
3012
4592
5390
5857
6864
8367
9454
9694
9173
8575
8314
8292
7725
6163
4487
3601
3206
2558
1473
868
1653
2464
2269
1645
1667
2285
2706
2146
947
115
-337
-1174
-2681
-4545
-6090
-6706
-7614
-8982
-9668
-9186
-8312
-7832
-7418
-5509
-2408
-180
513
656
1720
2827
2399
497
-1615
-3208
-4322
-6037
-7839
-8376
-7952
-7197
-6849
-6262
-4349
-1370
692
1223
1695
2907
4148
3997
2544
1278
1062
969
-27
-846
-871
-399
175
347
897
2584
4412
5266
5291
5476
7012
9173
9890
8686
7450
7489
8018
7421
5174
3068
2306
1971
851
-482
-633
460
1381
972
206
754
2435
3285
2174
646
426
748
-29
-2376
-4730
-5642
-5894
-7174
-8727
-9143
-8327
-7439
-7001
-6385
-4355
-1493
12
318
577
1601
2401
1534
-943
-3061
-4051
-5054
-6818
-8626
-8883
-8006
-7271
-7088
-6036
-3526
-892
543
1118
2083
3524
4541
3953
2632
1997
2083
2073
1395
542
596
1400
1947
2349
2921
4318
5693
5968
5867
6387
7653
8870
8657
7672
7114
6823
6879
6123
4107
2460
1831
1313
409
-931
-1391
-177
667
261
-264
14
1156
1797
1188
386
216
113
-499
-2179
-3889
-4715
-5146
-6020
-7356
-8034
-7306
-6363
-6003
-5299
-3747
-1420
-47
52
453
1274
1532
456
-1846
-3619
-4617
-5870
-7460
-9051
-9286
-8388
-7729
-7354
-6336
-4055
-1489
83
731
1746
3338
4132
3650
2885
2594
2773
2780
2306
1997
2442
3112
3531
3931
4406
5686
7000
7170
6754
7048
8234
9419
9266
7848
6983
6852
6840
5927
4033
2186
1332
810
-279
-1817
-2420
-1435
-722
-1256
-2264
-1812
-103
673
-168
-963
-671
-12
-547
-2162
-3652
-4383
-4535
-5508
-6897
-7410
-6720
-5870
-5338
-4987
-3317
-617
662
477
512
1155
1672
583
-2223
-4097
-5084
-6341
-7940
-9460
-9792
-8984
-8541
-8286
-7036
-4932
-2491
-791
-91
904
2419
3458
3351
2524
2196
2596
2813
2474
2144
2663
3502
4056
4447
5125
6544
7697
7800
7645
8096
9159
10021
9650
8470
7737
7526
7451
6254
3981
2370
1619
932
-365
-1989
-2370
-1395
-1011
-1755
-2570
-2236
-975
-330
-998
-1886
-1678
-1174
-1635
-3030
-4401
-4866
-4848
-5760
-6923
-7056
-6209
-5161
-4630
-4070
-2135
365
1412
1521
1591
2078
2437
962
-1660
-3619
-4965
-6152
-7863
-9622
-9694
-8931
-8386
-7911
-6826
-4473
-1935
-609
121
1199
2575
3294
2693
1911
1779
1931
1986
1767
1524
2337
3364
4139
4819
5646
7065
8299
8343
8028
8518
9716
10637
9737
8266
7582
7648
7603
6228
4024
2607
2072
1403
271
-1344
-1830
-879
-653
-1806
-2762
-2413
-1344
-1147
-2344
-2994
-2528
-2288
-3192
-4769
-5791
-5748
-5727
-6537
-7467
-7317
-6108
-5054
-4290
-3585
-1869
290
1115
1139
1453
1944
1950
260
-2175
-3584
-4714
-5958
-7619
-9011
-9062
-8318
-7936
-7520
-6302
-4292
-2202
-1024
-213
1024
2396
2734
2134
1593
1669
1926
1785
1334
1298
2100
2947
3708
4386
5338
6838
7939
7928
7829
8616
10042
10803
9793
8358
7918
8311
8070
6150
3876
2714
2342
1730
66
-1305
-962
-76
-167
-1474
-2256
-1337
-276
-721
-2116
-2755
-2282
-2089
-3565
-5566
-6409
-6302
-6360
-7586
-8664
-8008
-6520
-5574
-4984
-3921
-1353
960
1352
1262
1745
2575
2378
98
-2573
-4024
-5176
-6498
-8263
-9628
-9297
-8290
-7855
-7222
-5483
-3029
-880
23
637
2197
3507
3401
2359
1585
1720
1965
1605
975
908
1840
3000
3740
4469
5574
7124
8242
8061
8034
9269
10819
11000
9437
8009
7930
8300
7404
5100
3011
2277
2167
1324
-316
-1032
-177
766
315
-1035
-1250
103
783
-323
-1805
-1968
-1368
-1937
-3911
-5763
-6123
-6061
-6848
-8267
-8774
-7810
-6408
-5765
-5230
-3191
-474
1084
929
658
1603
2328
1002
-1819
-4002
-5039
-6098
-7985
-9742
-10048
-9237
-8448
-8112
-7393
-5157
-2232
-510
-101
642
2358
3634
3071
1682
1369
2003
2068
1211
658
1231
2224
2758
3040
3959
5658
7025
7520
7241
7669
9534
11274
10676
8511
7391
7878
8325
6333
3227
1864
1757
1349
-55
-1477
-1097
254
582
-292
-951
-161
1220
1024
-679
-1564
-927
-418
-1853
-4508
-5755
-5261
-5423
-6855
-8254
-8037
-6430
-5633
-5561
-4332
-1694
806
1506
943
1328
2640
2716
517
-2612
-4463
-5270
-6740
-9105
-10644
-10238
-9015
-8399
-8181
-6802
-3837
-1074
106
557
1879
3685
4260
3030
1699
1714
2308
1866
908
632
1559
2695
3209
3538
4692
6582
7882
8010
7680
8465
10361
11391
10050
8013
7213
7631
7297
4935
2206
1116
983
361
-1010
-1790
-819
486
452
-470
-647
593
1731
935
-793
-1327
-723
-669
-2476
-4890
-5545
-5115
-5444
-6680
-7615
-6862
-5358
-4689
-4413
-2844
-220
1634
1601
900
1488
2323
1353
-1418
-4218
-5625
-6493
-8159
-9993
-10817
-10072
-8931
-8464
-7877
-6002
-3219
-909
-175
223
1864
3251
3187
2000
1058
1455
1989
1371
842
1082
1965
2980
3505
4088
5393
6901
7692
7577
7529
8961
10798
10898
9029
7198
7227
7883
6514
3552
1465
969
866
-257
-1796
-1787
-431
364
-140
-979
-472
1282
1919
285
-1362
-1026
-225
-1054
-3553
-5595
-5380
-4738
-5802
-7140
-7119
-5924
-4561
-4105
-3555
-1251
1352
2481
2016
1558
2445
2892
1062
-2253
-4767
-5755
-6722
-8853
-10714
-10780
-9554
-8546
-8229
-7271
-4675
-1811
-364
52
935
2590
3532
2734
1145
674
1329
1522
728
115
731
2111
3100
3446
4316
6106
7730
8105
7554
7787
9475
10973
10094
7719
6353
6860
7210
5270
2457
998
1188
1092
-339
-1652
-1001
649
1264
274
-671
454
1999
1707
-266
-1489
-789
-64
-1486
-4123
-5341
-4762
-4502
-5813
-7096
-6631
-5041
-3944
-3502
-2631
-376
1697
2024
1476
1481
2025
1810
-411
-3471
-5040
-5717
-6932
-8823
-10238
-9809
-8470
-8029
-7652
-6034
-3565
-1380
-510
87
1679
3160
3329
2453
1487
1611
2110
1777
1038
576
1159
2173
2680
3138
4103
5545
6692
6763
6514
7419
8922
9646
8653
6976
6207
6444
6055
4220
2019
859
807
422
-713
-1611
-986
435
766
-129
-469
619
1724
1354
-138
-685
40
104
-1482
-3602
-4489
-4386
-4714
-6021
-7021
-6632
-5420
-4561
-4296
-3228
-913
1206
1806
1306
1443
2234
1826
-458
-3261
-4914
-5892
-7548
-9574
-10548
-9982
-8965
-8278
-7521
-5627
-2927
-714
633
1588
2883
4163
4514
3593
2565
2363
2484
1984
1178
758
1283
1976
2274
2665
3900
5620
6580
6523
6452
7474
9214
9868
8516
6654
5771
6102
5678
3371
829
-252
-226
-669
-1893
-2322
-982
551
831
125
265
1968
3114
2184
535
96
839
896
-1213
-3795
-4686
-4541
-4921
-6327
-7427
-6655
-5308
-4466
-3684
-2298
44
1569
1547
1514
1793
1884
1019
-1765
-4449
-5694
-6699
-8033
-9695
-10596
-9853
-8759
-8009
-6683
-4198
-1709
1
1087
2431
4285
5336
4961
3917
3498
3611
3568
3049
2064
1537
1999
2533
2931
3251
4049
5220
5887
5726
5833
6980
8324
8349
6987
5724
5330
5526
4585
2188
1
-819
-878
-1267
-2731
-3560
-2206
-485
-186
-949
-651
1075
2307
1773
739
824
1633
1250
-735
-2669
-3374
-3419
-4257
-5998
-7087
-6535
-5262
-4916
-5028
-3640
-913
1154
1185
649
1320
2323
1423
-1291
-3796
-5249
-6357
-8203
-10283
-11096
-10336
-9246
-8644
-7764
-5485
-2189
344
1608
2741
4621
6403
6640
5436
4561
4616
4558
3603
2328
1833
2250
2668
2467
2768
3896
5425
6272
5933
5856
7344
9245
9360
7436
5483
5302
5847
4719
1636
-932
-1599
-1702
-2701
-4329
-4457
-2702
-1257
-1249
-1631
-659
1743
3018
2000
905
1302
2381
1945
-710
-3056
-3357
-3272
-4471
-6298
-7159
-6136
-4851
-4588
-4053
-2020
765
2231
1719
1235
2118
2744
1302
-2082
-4879
-5984
-6967
-8961
-10945
-11490
-10345
-8916
-8383
-7305
-4581
-1312
892
2007
3314
5370
6919
6590
5214
4573
4860
4921
3933
2518
2103
2831
3386
3323
3637
4863
6230
6728
6229
6242
7737
9100
8531
6508
4891
4650
4970
3350
126
-1985
-2418
-2489
-3415
-5056
-5016
-2949
-1544
-1778
-2202
-1106
1018
1891
969
177
758
1625
950
-1294
-2993
-3240
-3166
-4138
-5963
-6551
-5279
-4081
-3810
-3317
-1671
538
1537
1116
1013
1691
1634
-190
-3033
-5136
-6060
-7081
-9049
-10684
-10887
-9885
-8864
-8383
-7061
-4354
-1517
223
1403
3148
5310
6509
6124
5428
5449
5921
5937
4934
3940
3764
4262
4556
4390
4377
5350
6373
6272
5708
6189
8011
9145
8101
6111
5413
5969
5833
3547
477
-1195
-1461
-2004
-3793
-5453
-5123
-3445
-2580
-3444
-3850
-2052
214
608
-446
-536
828
1629
349
-1780
-2762
-2536
-2874
-4560
-6191
-6275
-5059
-4277
-4095
-3552
-1455
927
1449
1041
1247
2127
2130
-277
-3246
-4734
-5649
-7030
-9264
-10845
-10691
-9866
-9243
-8572
-7062
-4422
-1738
-119
1347
3390
5423
6484
6093
5547
5885
6439
6128
5005
4070
4372
4915
4939
4685
4937
6150
6997
6844
6616
7306
8841
9668
8454
6785
6167
6350
5888
3477
357
-1080
-1482
-2413
-4225
-5685
-4974
-3316
-2996
-3855
-3891
-2077
-92
122
-807
-804
303
710
-601
-2589
-3435
-3387
-3905
-5361
-6713
-6463
-5192
-4465
-4242
-3286
-950
1156
1563
1126
1434
2126
1608
-733
-3344
-5012
-6152
-7602
-9629
-10879
-10644
-9928
-9199
-8320
-6577
-3870
-1342
164
1556
3555
5282
5978
5548
5067
5411
5840
5459
4603
4034
4308
4682
4897
5066
5616
6679
7306
7063
7095
8188
9672
10078
8510
6805
6631
7020
6035
3287
449
-722
-1023
-2238
-4079
-5029
-4312
-3116
-3283
-4215
-3674
-1837
-510
-861
-2018
-1638
-330
-295
-2077
-3963
-4410
-3922
-4570
-6218
-7054
-6293
-4854
-4180
-3947
-2460
1
1469
1623
1299
1819
2463
1364
-1394
-3759
-5030
-5978
-7606
-9719
-10671
-10036
-9062
-8505
-7548
-5557
-2924
-794
549
1987
4015
5509
5649
5054
4888
5371
5627
4966
3937
3841
4354
4879
4998
5185
6101
7339
7770
7486
7782
9152
10688
10262
8324
7011
7160
7389
5520
2162
1
-604
-1042
-2523
-4306
-4383
-3083
-2380
-3035
-3748
-2728
-806
-351
-1598
-2408
-1640
-617
-1443
-3773
-5242
-4996
-4785
-5855
-7389
-7595
-6192
-4832
-4137
-3483
-1544
640
1532
1511
1495
1853
1886
-35
-2896
-4749
-5876
-6874
-8481
-10148
-10314
-9398
-8586
-7767
-6302
-4150
-1880
-357
898
2794
4439
5001
4690
4270
4370
4787
4662
3997
3538
3673
4257
5041
5319
5617
6531
7477
7642
7459
8167
9679
10398
9372
7860
7242
7525
7006
4889
2317
630
41
-411
-1982
-3505
-3249
-2152
-1812
-2826
-3447
-2041
-567
-808
-1905
-2106
-1297
-965
-2258
-4149
-4913
-4799
-5144
-6398
-7648
-7447
-6079
-5106
-5035
-4200
-1793
293
864
511
804
1538
1126
-1118
-3512
-4901
-6009
-7396
-9133
-10139
-9953
-9111
-8325
-7601
-6001
-3574
-1269
172
1442
3290
4922
5425
4934
4506
4907
5160
4540
3959
3781
3998
4328
4516
4875
5762
6739
7365
7373
7363
8491
10337
10713
9139
7543
7326
7991
6927
3971
1532
604
221
-851
-2588
-3140
-2016
-1217
-1583
-2267
-1953
-241
820
-363
-1692
-1483
-557
-667
-2887
-5036
-5210
-4856
-5853
-7383
-7916
-7056
-5697
-5025
-4576
-3033
-913
315
544
452
674
976
-168
-2707
-4845
-5998
-6770
-8102
-9800
-10288
-9623
-8843
-8010
-6701
-4531
-2373
-766
526
2253
3985
4883
4873
4500
4429
4791
4827
4219
3571
3433
3772
4230
4476
4862
5763
6536
6849
6825
7228
8426
9426
9205
8194
7171
6874
6916
5814
3406
1458
541
230
-702
-2422
-2838
-1781
-1073
-1562
-2195
-1713
-340
312
-351
-980
-659
-297
-725
-2375
-3927
-4348
-4439
-5329
-6864
-7677
-6835
-5611
-5430
-5242
-3721
-1463
-263
-195
-179
388
652
-664
-2799
-4505
-5775
-6892
-8322
-9811
-10163
-9560
-8713
-7973
-6890
-4760
-2095
-15
1128
2566
4388
5615
5648
5134
4984
5191
4982
4272
3744
3666
3688
3915
4227
4637
5619
6469
6809
6690
6918
8336
9775
9565
8105
6944
7249
7656
6048
3321
1428
815
399
-990
-2552
-2497
-1336
-791
-1332
-1999
-1168
822
1405
207
-607
-10
772
-49
-2403
-4167
-4163
-4225
-5650
-7252
-7630
-6681
-5663
-5450
-5069
-3242
-1049
-89
-130
-254
260
494
-1076
-3515
-5355
-6290
-7137
-8709
-10197
-10455
-9698
-8895
-8204
-6737
-4379
-1978
-349
897
2643
4460
5418
5261
4744
4592
4923
4907
4229
3426
3132
3526
4005
4111
4450
5419
6302
6476
6319
6886
8370
9342
8645
7394
6722
6991
7119
5333
2640
1049
602
380
-1132
-2827
-2623
-1162
-618
-1362
-1929
-871
949
1175
123
-376
262
612
-439
-2531
-3884
-3931
-4212
-5747
-7448
-7668
-6405
-5564
-5746
-5274
-3091
-836
-127
-445
-202
668
630
-1213
-3638
-5044
-5951
-7164
-8876
-10264
-10120
-9188
-8582
-8184
-6771
-3938
-1257
143
1120
2966
5046
5949
5270
4529
4679
4995
4585
3539
2817
2784
3167
3449
3474
3998
5178
6109
6176
5916
6720
8676
9711
8650
7001
6577
7482
7434
5148
2376
1186
1133
533
-1054
-2542
-2012
-479
-218
-1136
-1446
4
1787
1744
344
119
1289
1621
-122
-2510
-3563
-3265
-3817
-5856
-7531
-7438
-6183
-5629
-6096
-5492
-2861
-323
286
-412
-173
1282
1527
-723
-3558
-5065
-5618
-6944
-9377
-10783
-10347
-9185
-8496
-8177
-6770
-3748
-838
735
1664
3103
5126
6273
5588
4270
4079
4628
4190
2633
1539
1786
2576
2549
2115
3022
4863
5954
5960
5719
6619
8737
9785
8704
6901
6057
6832
6892
4288
1156
90
428
-43
-2113
-3175
-1658
141
196
-868
-752
1239
2863
2317
896
402
1145
1495
-412
-3177
-4403
-4194
-4671
-6667
-8290
-7648
-6089
-5731
-5903
-4700
-2020
-157
-229
-575
50
1021
567
-1874
-4407
-5565
-6150
-7264
-9250
-10525
-9764
-8599
-8080
-7619
-5643
-2417
-25
850
1909
4116
6067
6413
5341
4587
4791
4960
4340
3039
1960
2160
2719
2808
2583
3221
4613
5439
5143
4975
6215
7779
8068
6810
5891
6012
6369
5819
3922
1806
1039
1022
481
-971
-2270
-1507
185
452
-429
-532
898
2194
2101
1415
1472
2036
1691
226
-1421
-2458
-3044
-3978
-5639
-7100
-7215
-6277
-5757
-6027
-5679
-3670
-1553
-910
-1174
-779
261
-8
-1726
-3614
-4813
-5477
-6868
-8855
-9729
-9381
-8570
-7982
-7402
-5824
-3114
-558
1121
2450
3977
5796
6724
6305
5565
5272
5298
4591
3181
2161
2106
2394
2159
1807
2394
3672
4379
4254
4277
5027
6369
7293
6747
5745
5320
5630
5685
4242
2033
975
884
460
-966
-2228
-1484
124
579
-143
-346
949
2689
3099
2202
1750
2239
2525
1524
-544
-2269
-2918
-3595
-5356
-7050
-7630
-7048
-6577
-7042
-6897
-4619
-1997
-1287
-1768
-1535
-83
551
-1046
-3646
-5082
-5531
-6669
-8558
-10041
-10075
-8999
-8104
-7780
-6495
-3583
-443
1751
2720
3965
6188
7675
7191
5674
5119
5441
5006
3308
1809
1544
2049
2084
1581
1983
3286
4302
4541
4386
4776
6266
7404
6857
5740
5015
5392
5876
4281
1716
526
683
485
-838
-2411
-1796
147
767
169
-136
1006
2830
3457
2480
1991
2487
2753
1899
-413
-2262
-2630
-3190
-5064
-7150
-7731
-6916
-6210
-6588
-6550
-4743
-2377
-1273
-1495
-1418
-352
109
-1162
-3380
-4911
-5237
-6184
-8084
-9489
-9414
-8339
-7501
-7154
-5971
-3174
-135
1795
2919
4175
6117
7536
7286
6224
5806
5930
5469
4012
2499
2185
2601
2458
1808
1875
2830
3683
3885
3573
4010
5657
6667
6301
5415
4894
5451
5721
4132
1839
757
731
330
-1187
-2775
-2337
-530
18
-707
-1112
41
2091
2816
2160
1855
2583
2965
2066
-2
-1638
-2069
-2848
-5021
-7216
-7914
-7237
-6779
-7270
-7280
-5362
-2824
-1859
-2076
-1627
-282
413
-808
-3026
-4239
-4596
-5665
-7710
-9352
-9403
-8314
-7745
-7617
-6491
-3713
-596
1406
2556
4070
6175
7657
7503
6543
6131
6361
5919
4292
2678
2295
2619
2338
1496
1405
2567
3557
3583
3330
3888
5517
6719
6467
5702
5260
5714
5986
4391
2148
921
733
383
-1277
-3021
-2518
-810
-329
-1073
-1443
-10
2138
2835
2254
2123
2863
3278
2467
500
-1321
-2055
-2832
-4911
-7131
-7920
-7364
-6890
-7495
-7549
-5480
-2692
-1538
-1663
-1298
-38
856
-168
-2462
-3918
-4413
-5583
-7554
-9203
-9518
-8669
-7948
-7805
-6764
-3932
-654
1632
2932
4269
6427
8171
8110
7180
6472
6467
6030
4433
2776
2213
2340
2218
1475
1360
2481
3520
3932
3768
4099
5498
6765
6744
5950
5251
5306
5609
4386
2006
597
240
-157
-1497
-3209
-2926
-1110
-423
-905
-1167
-24
2130
3131
2639
2258
2845
3279
2662
774
-1162
-2006
-2777
-4626
-6893
-7768
-7394
-6939
-7298
-7326
-5598
-3198
-2141
-2123
-1662
-474
239
-731
-2673
-3934
-4417
-5536
-7350
-8995
-9242
-8469
-7972
-7949
-6874
-4040
-901
1081
2075
3619
6055
7711
7555
6771
6403
6448
6111
4708
3214
2728
2694
2405
1832
1619
2420
3293
3410
3223
3801
5406
6668
6449
5563
5375
5863
6023
4460
2181
858
489
8
-1518
-3289
-3227
-1547
-936
-1492
-1837
-659
1643
2665
2147
2104
2884
3304
2561
650
-1005
-1702
-2634
-4654
-6919
-7725
-7211
-6848
-7401
-7780
-5902
-2884
-1666
-1770
-1420
29
1227
217
-2027
-3294
-3875
-5100
-7191
-8959
-9162
-8416
-8023
-8069
-7140
-4451
-951
1322
2240
3492
5862
7862
7881
6622
5976
6342
6023
4467
2928
2600
2853
2570
1761
1611
2844
3939
4035
3792
4207
5959
7672
7425
6210
5580
6131
6722
5024
2029
554
483
-126
-1926
-3684
-3230
-1572
-1216
-1952
-1955
-281
1912
2683
1966
1766
2739
3392
2284
-179
-1934
-2215
-2908
-5137
-7489
-7913
-7015
-6665
-7230
-7014
-4813
-2410
-1508
-1522
-994
402
1043
-348
-2495
-3768
-4245
-5201
-7322
-9089
-9065
-8200
-7710
-7719
-6631
-3622
-617
1028
2019
3774
6016
7245
6904
6032
5899
6223
5764
4206
2935
2828
3128
2934
2094
2013
3178
4123
4141
3848
4611
6349
7439
6869
5868
5613
6142
6134
4093
1706
489
331
-287
-2266
-3784
-3142
-1600
-1400
-2281
-2384
-649
1334
1675
1059
1213
2156
2335
1125
-770
-2054
-2422
-3316
-5538
-7474
-7733
-7026
-6765
-7382
-7005
-4572
-2278
-1674
-1739
-1028
595
1106
-467
-2270
-3245
-3909
-5092
-7272
-8760
-8536
-7926
-7669
-7664
-6475
-3529
-600
941
1936
3662
6004
7328
6894
6099
6183
6461
5794
4262
3178
3227
3262
2857
2293
2444
3605
4502
4284
4040
4850
6593
7825
7173
6036
5889
6545
6455
4430
2182
1158
825
-62
-1973
-3314
-2597
-1427
-1297
-2095
-2225
-619
1307
1769
1225
1359
2265
2638
1407
-524
-1628
-2033
-3263
-5482
-7286
-7394
-6817
-6991
-7662
-7145
-4445
-2050
-1452
-1654
-906
911
1577
-107
-2150
-3321
-4049
-5329
-7760
-9081
-8732
-8133
-7992
-8063
-6754
-3488
-363
1057
2010
3780
6151
7579
6943
5762
5733
6007
5249
3619
2474
2547
2817
2370
1726
2286
3823
4663
4315
4219
5596
7894
8789
7561
6112
6282
7287
6573
3601
922
145
72
-1231
-3528
-4176
-2905
-1674
-2010
-2821
-1975
332
1812
1415
598
987
2193
2037
-181
-2439
-3144
-3147
-4650
-7161
-8341
-7733
-6766
-6658
-6918
-5421
-2817
-1379
-922
-599
275
1551
1011
-1158
-2742
-3647
-4217
-5711
-8059
-8893
-8303
-7886
-7826
-7387
-5356
-2319
-320
724
2361
4518
6188
6484
5787
5512
5891
5730
4740
3426
2680
2999
3364
2841
2455
2984
4099
4681
4393
4638
6088
7672
7740
6908
6497
6831
7191
6049
3677
1975
1225
699
-701
-2704
-3334
-2258
-1382
-1832
-2594
-1913
31
1189
1045
880
1462
2173
1781
199
-1255
-1879
-2618
-4272
-6268
-7457
-7094
-6512
-6834
-7085
-5773
-3276
-1751
-1216
-934
131
1457
876
-798
-2003
-3092
-4188
-5744
-7837
-8452
-8139
-8119
-8094
-7510
-5565
-2744
-556
679
2222
4266
5976
6484
5982
5678
5841
5585
4598
3461
2915
2987
2806
2264
2145
2907
3907
4179
3863
4301
5986
7741
7864
6952
6309
6806
7406
5971
3489
1812
1058
551
-1080
-3141
-3231
-2152
-1760
-2421
-2929
-1911
160
1076
579
483
1282
2140
1560
-459
-1932
-2375
-2933
-4746
-6913
-7642
-7046
-6688
-7069
-6860
-5131
-2832
-1638
-1355
-817
364
1301
502
-1308
-2594
-3322
-4327
-6147
-7996
-8691
-8374
-8306
-8397
-7429
-5246
-2722
-964
268
2229
4488
5812
5923
5445
5684
6088
5737
4629
3426
2962
3144
2971
2292
2338
3147
3942
4147
3950
4736
6738
8048
7751
7075
6931
7528
7640
5803
3368
2044
1325
440
-1384
-3171
-3103
-2004
-1660
-2243
-2471
-1171
664
1246
968
1066
1817
2259
1329
-464
-1624
-2108
-3060
-5032
-6903
-7433
-6941
-6732
-7047
-6657
-4574
-2358
-1412
-855
-103
1105
1780
669
-993
-2065
-3193
-4635
-6586
-8267
-8674
-8516
-8569
-8526
-7235
-4714
-2105
-430
878
2874
5030
6300
6291
5855
5917
6006
5398
4257
3245
2888
2749
2383
1965
2282
3151
3763
3876
3945
4870
6788
8010
7580
6838
6616
7173
7247
5369
2890
1504
857
-100
-1786
-3290
-3142
-2288
-2129
-2473
-2498
-1271
366
1013
876
1082
1883
2305
1311
-593
-1745
-2161
-3154
-5205
-7001
-7374
-6892
-6757
-6887
-6188
-4325
-2399
-1390
-818
54
991
1252
217
-1458
-2607
-3603
-5166
-7054
-8463
-8710
-8417
-8492
-8459
-7028
-4498
-2376
-860
776
2828
4684
5592
5546
5472
5835
5789
5185
4145
3258
3072
3027
2644
2178
2610
3554
3925
3794
3835
5154
7259
7922
7182
6623
6892
7537
6985
4601
2471
1446
755
-530
-2515
-3550
-2874
-2082
-2357
-2852
-2340
-535
913
859
656
1314
2169
2141
669
-1086
-1860
-2252
-3623
-5681
-7038
-7042
-6476
-6499
-6585
-5363
-2965
-1342
-796
-70
982
2010
1750
10
-1332
-2366
-3699
-5290
-7351
-8618
-8692
-8644
-8623
-8124
-6478
-3925
-1820
-381
1464
3768
5445
6017
5805
5893
6292
6028
5141
4082
3427
3287
3065
2596
2278
2810
3637
3945
3959
4254
5567
7342
7871
7117
6715
6910
7206
6358
4010
2120
1144
291
-1114
-2955
-3797
-3180
-2483
-2610
-2897
-2431
-729
658
793
818
1445
2231
2046
744
-786
-1473
-2091
-3656
-5677
-6800
-6704
-6349
-6401
-6580
-5300
-3042
-1513
-836
-322
631
1734
1374
-293
-1530
-2663
-4016
-5890
-7913
-8756
-8831
-8995
-8977
-8400
-6665
-4076
-2074
-428
1373
3352
5234
6065
5987
5991
6248
5994
5086
3965
3378
3072
2580
2030
1922
2700
3378
3456
3556
4260
6036
7917
8064
7066
6699
7113
7512
6096
3220
1264
523
-505
-2246
-3898
-4214
-3267
-2944
-3313
-3059
-1610
116
1018
897
1077
2108
2671
2009
143
-1403
-1745
-2398
-4244
-6194
-6970
-6569
-6149
-6183
-5575
-3524
-1523
-570
126
1028
2124
2454
1131
-675
-1857
-3186
-4703
-6781
-8654
-9125
-9074
-9014
-8776
-7803
-5600
-3078
-1396
256
2425
4423
5699
5818
5680
6183
6218
5501
4588
3889
3534
3363
3013
2640
2845
3425
4011
4093
4115
4905
6623
7815
7455
6702
6593
7004
6800
4900
2651
1281
272
-891
-2481
-3764
-3627
-2928
-2761
-2957
-2776
-1391
277
879
599
1059
2065
2397
1471
-159
-1139
-1553
-2586
-4370
-5796
-6391
-6196
-5966
-6002
-5135
-3294
-1703
-878
-303
726
1831
1722
289
-1164
-2268
-3465
-5123
-7180
-8475
-8876
-9106
-9112
-8721
-7425
-5142
-3026
-1459
440
2687
4585
5501
5675
5741
6179
6200
5262
4436
3896
3339
2871
2338
2094
2641
3146
3348
3423
3662
4791
6556
7372
6883
6357
6406
6896
6394
4249
2209
899
-161
-1411
-3083
-4025
-3591
-3062
-3007
-3037
-2605
-1141
478
838
731
1485
2314
2507
1389
-272
-1050
-1528
-2841
-4666
-5858
-6338
-6006
-5696
-5505
-4512
-2837
-1399
-392
375
998
1747
1504
83
-1340
-2519
-3723
-5372
-7363
-8444
-8800
-9066
-8986
-8210
-6675
-4736
-2939
-1137
1107
3134
4481
5418
5864
6120
6412
6238
5609
4869
4299
3738
3287
2916
2687
3074
3480
3376
3390
3942
5055
6489
6943
6579
6369
6369
6544
5971
4032
2157
864
-166
-1438
-3130
-3841
-3364
-2976
-3028
-3153
-2452
-774
434
734
1025
1672
2412
2539
1458
51
-786
-1505
-2799
-4381
-5589
-5911
-5685
-5844
-5775
-4518
-2776
-1576
-754
-21
915
1684
1129
-263
-1451
-2650
-4022
-5798
-7636
-8598
-8981
-9152
-8953
-8181
-6624
-4537
-2569
-768
1536
3580
5002
5896
6191
6556
6904
6403
5538
4917
4215
3575
2995
2432
2349
2814
3028
3089
3160
3685
5115
6453
6735
6351
6055
6286
6473
5342
3379
1648
367
-702
-2066
-3520
-3976
-3590
-3325
-3278
-3147
-2297
-602
494
631
1061
1889
2453
2342
1140
-191
-868
-1845
-3397
-4819
-5817
-6104
-5872
-5915
-5532
-4225
-2777
-1636
-810
-132
832
1186
506
-633
-1831
-2826
-4301
-6097
-7443
-8285
-8770
-8944
-8662
-7521
-5781
-4124
-2413
-346
1924
3841
5143
5875
6420
6936
7025
6574
5920
5161
4492
3725
2984
2592
2484
2631
2537
2444
2762
3525
4795
5828
6140
6038
5923
6218
6424
5378
3515
1913
723
-260
-1686
-3187
-3648
-3365
-3148
-3114
-2990
-2070
-446
675
1192
1682
2430
3034
2857
1669
520
-288
-1409
-2893
-4469
-5442
-5755
-5925
-6134
-5713
-4244
-2709
-1805
-1142
-244
917
1342
527
-710
-1867
-2894
-4345
-6240
-7639
-8415
-8734
-8805
-8744
-7734
-5788
-3871
-2152
-84
2110
4201
5602
6089
6586
7156
7111
6628
5958
5160
4527
3733
2999
2586
2570
2825
2780
2584
2826
3983
5661
6435
6097
5726
6066
6813
6248
4316
2477
1215
156
-1331
-2932
-3833
-3900
-3807
-3912
-3966
-3224
-1778
-419
48
337
1218
2285
2481
1377
305
-128
-812
-2314
-4019
-5061
-5445
-5707
-5768
-5503
-4637
-3560
-2664
-1681
-678
72
557
352
-484
-1318
-2266
-3398
-4907
-6528
-7501
-7983
-8595
-8712
-7860
-6551
-5233
-3931
-2087
703
2850
3980
5145
6275
7323
7675
7318
6982
6537
5829
4911
3986
3415
2976
2677
2544
2164
2129
2821
3958
5052
5568
5799
6166
6508
6514
5946
4744
3023
1427
131
-1415
-2873
-3705
-3943
-4002
-4179
-4179
-3245
-1709
-595
126
1015
1971
2710
2907
2247
1384
551
-514
-1860
-3309
-4660
-5496
-5833
-6066
-5941
-5091
-4039
-3080
-1952
-942
-79
478
354
-155
-864
-2058
-3388
-4598
-6016
-7174
-8231
-8729
-8443
-7754
-6745
-5553
-3879
-1567
1053
2964
4330
5726
7034
8007
8097
7663
7464
7121
6150
4880
3925
3427
2998
2347
1890
1753
2037
2885
4086
5113
5653
5981
6351
6877
6710
5652
4336
2801
1142
-466
-2053
-3281
-4001
-4516
-4753
-4809
-4600
-3547
-2028
-987
-319
674
1863
2685
2517
1611
1022
460
-826
-2378
-3710
-4711
-5272
-5754
-5973
-5526
-4732
-3876
-2868
-1874
-1095
-305
115
-102
-764
-1515
-2424
-3543
-5000
-6392
-7336
-8157
-8483
-8266
-7608
-6586
-5436
-3757
-1260
1100
2785
4403
5923
7290
8278
8308
8173
8038
7275
6222
5222
4132
3364
2894
2268
1828
1592
1676
2785
4119
4852
5322
5638
6153
6753
6420
5238
3861
2388
960
-800
-2478
-3531
-4232
-4712
-5180
-5339
-4685
-3341
-2098
-1264
-405
712
1942
2729
2475
1781
1460
769
-565
-2166
-3400
-4163
-4869
-5749
-5979
-5247
-4514
-3779
-2858
-1958
-906
-73
150
88
-385
-1215
-2050
-3201
-4596
-5778
-6730
-7526
-8056
-7907
-7070
-5925
-4852
-3152
-571
1878
3631
5121
6671
7977
8774
8768
8716
8645
7710
6320
5186
4249
3421
2692
1865
1261
1141
1665
2938
4157
4703
5003
5632
6547
6978
6257
5080
3778
2125
450
-1314
-2850
-3913
-4914
-5744
-5949
-5815
-4959
-3618
-2609
-1737
-440
1001
2288
2728
2127
1880
1728
606
-891
-2319
-3545
-4294
-5304
-6222
-6004
-5540
-4992
-4198
-3309
-2222
-1200
-558
-245
-292
-695
-1282
-2079
-3376
-4798
-5953
-6864
-7527
-8045
-7917
-7052
-6193
-4992
-2853
-447
1710
3525
5307
7184
8561
8986
9076
9239
8690
7647
6435
5219
4198
3183
2265
1656
1104
832
1657
2903
3812
4413
4900
5846
6621
6417
5732
4722
3231
1653
-101
-1899
-3180
-4262
-5180
-5848
-6247
-5915
-4731
-3588
-2705
-1716
-359
1222
2210
2405
2202
2069
1634
395
-933
-2031
-3164
-4166
-5124
-5620
-5359
-4961
-4570
-3736
-2838
-1890
-910
-407
-152
-251
-728
-1292
-2108
-3257
-4335
-5465
-6556
-7137
-7301
-6926
-6263
-5504
-4057
-1873
312
2232
4154
5960
7559
8541
8965
9469
9522
8615
7421
6172
5205
4384
3139
1968
1243
918
1390
2403
3146
3726
4330
5134
6079
6391
5874
5169
4023
2438
889
-769
-2164
-3449
-4867
-5878
-6308
-6341
-5720
-4870
-4045
-2908
-1511
39
1373
1875
1959
2165
2065
1362
212
-970
-2025
-3158
-4309
-5023
-5225
-5355
-5266
-4736
-3824
-2884
-2170
-1499
-880
-517
-669
-1049
-1612
-2501
-3553
-4619
-5572
-6425
-7001
-7251
-6942
-6275
-5177
-3458
-1376
550
2519
4691
6550
7942
8734
9305
9778
9488
8438
7305
6193
5053
3797
2522
1595
944
802
1230
2020
2819
3411
4195
5106
5695
5612
5268
4557
3103
1477
-133
-1557
-2804
-4354
-5755
-6486
-6725
-6476
-5723
-4888
-3935
-2639
-1037
504
1591
1989
2240
2564
2234
1359
343
-803
-2044
-3164
-4160
-4689
-4947
-5068
-4736
-3977
-3182
-2452
-1637
-880
-482
-418
-579
-917
-1660
-2734
-3734
-4659
-5525
-6312
-6766
-6778
-6250
-5378
-4115
-2441
-545
1620
3783
5698
7223
8496
9433
9950
9966
9385
8475
7449
6291
5045
3834
2681
1744
1265
1262
1686
2218
2674
3218
3775
4403
4869
4884
4387
3433
2032
660
-669
-2190
-3499
-4837
-6068
-6662
-6790
-6548
-5799
-5063
-4127
-2645
-1132
194
1247
1812
2182
2508
2232
1442
467
-524
-1601
-2697
-3786
-4595
-4773
-4820
-4730
-4319
-3717
-3008
-2264
-1856
-1572
-1349
-1385
-1703
-2381
-3095
-3721
-4387
-5200
-5970
-6259
-5947
-5336
-4669
-3547
-1924
59
2146
3909
5543
7177
8477
9398
9899
9899
9465
8533
7345
6282
5282
4186
3046
1977
1330
1360
1807
2241
2479
2797
3392
4038
4311
4073
3502
2671
1587
279
-1051
-2322
-3446
-4537
-5572
-6063
-6100
-5797
-5164
-4435
-3423
-1989
-687
376
1220
1783
2216
2387
1946
1076
301
-616
-1696
-2769
-3809
-4469
-4717
-4938
-5008
-4650
-4065
-3392
-2887
-2528
-2161
-1991
-2151
-2478
-2885
-3312
-3877
-4602
-5348
-5812
-5835
-5470
-4969
-4187
-2904
-1218
765
2624
4309
5952
7459
8587
9447
9862
9755
9073
8112
7146
6231
5263
4044
2847
1923
1408
1272
1575
1921
2170
2602
3104
3488
3794
3684
3159
2288
1155
168
-972
-2197
-3251
-4133
-4829
-5199
-5375
-5107
-4295
-3392
-2443
-1204
-96
1068
2025
2454
2720
2646
2238
1501
611
-391
-1420
-2507
-3668
-4446
-4735
-4802
-4826
-4861
-4452
-3831
-3312
-2945
-2833
-2671
-2580
-2721
-3003
-3378
-3895
-4438
-4929
-5235
-5182
-4727
-4206
-3533
-2320
-622
1344
3076
4550
5986
7440
8622
9322
9519
9188
8645
7914
6920
5815
4814
3737
2631
1779
1193
849
908
899
1113
1532
1992
2460
2629
2660
2476
2064
1329
474
-470
-1507
-2425
-3286
-3924
-4287
-4515
-4425
-4005
-3277
-2281
-1313
-408
516
1540
2276
2581
2575
2079
1491
754
-478
-1653
-2903
-4128
-4974
-5631
-6132
-6271
-6277
-6076
-5515
-4915
-4366
-3855
-3569
-3297
-3022
-2974
-3070
-3374
-3859
-4128
-4210
-4049
-3765
-3419
-2837
-1742
-352
1237
2820
4192
5561
7001
8284
9131
9435
9332
9039
8531
7628
6490
5539
4468
3306
2304
1603
1182
899
532
318
537
840
1293
1717
1907
2037
2201
2198
2017
1472
739
106
-635
-1266
-1851
-2213
-2377
-2470
-2239
-1661
-950
-292
514
1396
2257
2813
2860
2719
2385
1734
754
-459
-1919
-3252
-4418
-5501
-6531
-7324
-7795
-7926
-7749
-7528
-6900
-6227
-5645
-5112
-4451
-3826
-3473
-3348
-3436
-3393
-3231
-3135
-3020
-2823
-2408
-1700
-710
498
1573
2740
4151
5458
6700
7640
8224
8572
8590
8297
7751
7087
6098
5052
4058
3008
2134
1433
778
319
2
-239
-127
192
416
767
1023
1252
1498
1636
1613
1550
1349
1156
903
579
200
-58
-217
-249
-29
125
487
944
1475
2018
2322
2398
2315
2110
1756
1143
213
-820
-1907
-3151
-4365
-5454
-6563
-7314
-7987
-8586
-8740
-8662
-8423
-8012
-7544
-6918
-6224
-5538
-4969
-4438
-3912
-3455
-2900
-2486
-2106
-1518
-793
-108
561
1203
1881
2813
3636
4252
4928
5452
5954
6369
6464
6451
6326
6009
5480
4768
3983
3407
2829
2052
1332
761
372
228
162
171
423
620
858
1213
1442
1718
1952
2092
2238
2329
2365
2396
2499
2600
2650
2734
2890
3044
3190
3363
3388
3216
3049
2801
2449
1861
1029
262
-502
-1474
-2409
-3258
-4159
-4996
-5738
-6444
-7089
-7581
-8036
-8266
-8318
-8372
-8162
-7837
-7592
-7232
-6722
-6119
-5411
-4679
-3990
-3183
-2248
-1269
-298
499
1153
1860
2487
2979
3314
3507
3573
3649
3640
3583
3485
3335
3207
3044
2827
2730
2636
2499
2302
1986
1775
1550
1389
1223
1157
1109
1040
1142
1216
1277
1493
1779
2077
2367
2592
2793
3096
3354
3503
3731
3927
4145
4417
4542
4706
4678
4512
4344
4114
3701
3087
2332
1542
622
-474
-1380
-2277
-3236
-4032
-4764
-5352
-5812
-6251
-6560
-6669
-6754
-6745
-6581
-6428
-6366
-6269
-6117
-5888
-5563
-5356
-5034
-4621
-4121
-3477
-2761
-2098
-1487
-772
-39
696
1173
1405
1647
1899
1951
1834
1659
1518
1247
796
465
248
94
-10
-177
-207
-88
125
428
782
1060
1293
1638
1896
2134
2292
2382
2548
2766
2884
3079
3310
3538
3793
4112
4541
4905
5284
5586
5862
6045
6021
6041
5891
5508
4936
4319
3600
2811
1942
1065
196
-678
-1525
-2393
-3152
-3775
-4410
-4845
-5093
-5261
-5457
-5561
-5398
-5321
-5225
-5075
-4856
-4533
-4262
-4042
-3687
-3270
-2909
-2503
-2157
-1844
-1519
-1141
-793
-637
-549
-437
-301
-145
-132
-244
-249
-258
-383
-539
-709
-944
-1132
-1406
-1642
-1701
-1752
-1741
-1448
-1180
-1078
-937
-706
-353
221
756
1308
1951
2474
3014
3426
3748
4231
4625
4990
5291
5267
5266
5513
5756
5840
5812
5764
5705
5429
4904
4413
4141
3746
3159
2532
1852
1114
195
-742
-1477
-2023
-2584
-3063
-3703
-4252
-4406
-4354
-4320
-4282
-4130
-3783
-3309
-3171
-3088
-2732
-2226
-1851
-1630
-1461
-1241
-1145
-1237
-1130
-1024
-1098
-1287
-1538
-1654
-1671
-1660
-1699
-1739
-1712
-1656
-1633
-1736
-1917
-1959
-1919
-2031
-2340
-2575
-2641
-2644
-2780
-2812
-2580
-2279
-1996
-1694
-1259
-536
252
802
1346
2002
2626
3210
3598
3890
4241
4538
4820
5030
5043
5066
5083
4997
4874
4713
4558
4340
4015
3602
3186
2905
2441
1921
1393
905
494
-105
-540
-755
-974
-1199
-1387
-1537
-1630
-1724
-1747
-1580
-1267
-1038
-931
-872
-707
-348
-33
213
320
337
403
373
109
-231
-553
-769
-1006
-1425
-1929
-2194
-2469
-2729
-2868
-2957
-2889
-2968
-3169
-3323
-3374
-3398
-3434
-3492
-3647
-3727
-3721
-3618
-3401
-3148
-2828
-2290
-1739
-1349
-778
-65
617
1271
1797
2342
2877
3205
3409
3689
4057
4317
4323
4122
4006
4005
3868
3680
3462
3255
3029
2702
2392
2137
1949
1736
1444
1032
755
594
222
-216
-454
-473
-362
-374
-547
-507
-320
-119
16
194
568
942
1089
1090
1130
1246
1326
1248
953
647
297
-103
-424
-872
-1315
-1701
-2191
-2605
-2837
-2922
-2961
-3040
-3137
-3087
-2966
-3034
-3109
-3147
-3129
-3135
-3195
-3380
-3510
-3413
-3264
-3022
-2755
-2343
-1890
-1353
-710
-57
732
1476
2092
2549
2828
3071
3379
3484
3529
3478
3347
3131
2779
2472
2160
1933
1795
1553
1329
1109
870
687
543
361
230
102
-90
-221
-348
-364
-374
-395
-451
-445
-376
-306
-196
-32
261
568
778
915
1164
1316
1459
1613
1615
1609
1394
1029
662
285
-144
-537
-921
-1253
-1489
-1730
-1938
-2052
-2157
-2250
-2269
-2378
-2469
-2562
-2683
-2741
-2825
-2840
-2738
-2697
-2657
-2565
-2364
-2055
-1688
-1283
-853
-427
22
493
985
1553
2051
2636
3127
3418
3675
3801
3773
3767
3732
3599
3377
2969
2548
2224
1912
1651
1444
1176
1053
968
782
666
608
511
453
382
250
191
60
-103
-156
-208
-210
-163
-107
-23
139
243
257
415
621
840
1030
987
797
519
187
-137
-447
-838
-1188
-1523
-1997
-2371
-2631
-2856
-2947
-3096
-3186
-3258
-3409
-3497
-3555
-3636
-3639
-3669
-3757
-3807
-3823
-3640
-3409
-3165
-2928
-2595
-2228
-1848
-1510
-1064
-495
45
563
959
1490
2053
2532
2889
3100
3246
3500
3631
3530
3356
3168
2950
2694
2376
2163
2057
1870
1748
1609
1626
1730
1741
1699
1672
1741
1763
1650
1516
1480
1533
1514
1425
1237
1141
1124
1146
1103
1049
1137
1176
1191
1178
1107
1031
936
684
407
221
-33
-418
-891
-1278
-1490
-1621
-1907
-2222
-2505
-2630
-2706
-2908
-3104
-3211
-3248
-3257
-3256
-3305
-3275
-3145
-3078
-2994
-2907
-2724
-2564
-2504
-2352
-2048
-1538
-1233
-1065
-756
-187
378
832
1182
1341
1489
1631
1792
1857
1773
1715
1645
1496
1378
1295
1237
1182
1023
1020
1123
1123
1126
1221
1394
1656
1847
1961
2098
2202
2263
2168
2099
2050
1979
1911
1863
1809
1770
1798
1724
1750
1756
1864
1949
1767
1485
1262
1112
823
415
16
-285
-571
-942
-1372
-1566
-1761
-2041
-2266
-2434
-2596
-2789
-2997
-3183
-3280
-3369
-3364
-3395
-3413
-3324
-3238
-3088
-2981
-2860
-2653
-2413
-2164
-1971
-1848
-1617
-1315
-1090
-792
-428
-118
153
375
601
767
806
801
817
722
621
572
543
471
468
524
527
540
583
825
1047
1150
1305
1586
1790
1999
2183
2314
2379
2430
2465
2477
2498
2474
2560
2532
2493
2426
2326
2318
2246
2193
2082
2014
1853
1607
1344
1089
830
550
290
26
-260
-673
-1016
-1216
-1366
-1559
-1856
-2154
-2361
-2519
-2626
-2604
-2602
-2692
-2682
-2612
-2590
-2498
-2334
-2202
-2033
-1874
-1806
-1696
-1595
-1440
-1274
-1064
-853
-740
-597
-436
-281
-83
101
171
159
133
148
60
-8
-37
-106
-203
-338
-408
-406
-284
-133
48
295
581
903
1100
1317
1579
1813
2011
2106
2177
2215
2175
2142
2246
2278
2317
2356
2384
2420
2362
2236
2068
1992
1938
1900
1737
1402
1152
1009
883
722
604
400
108
-180
-441
-695
-981
-1280
-1578
-1817
-2031
-2162
-2272
-2305
-2253
-2165
-2086
-2053
-1921
-1786
-1672
-1633
-1608
-1525
-1538
-1484
-1388
-1356
-1297
-1233
-1144
-1068
-924
-759
-709
-644
-707
-829
-914
-970
-919
-926
-967
-1039
-1094
-1038
-883
-723
-526
-377
-301
-178
37
333
573
766
969
1146
1363
1596
1837
1999
2054
2152
2225
2232
2200
2165
2154
2129
1986
1917
1850
1811
1768
1638
1545
1510
1361
1259
1092
852
655
402
202
16
-308
-669
-941
-1135
-1273
-1331
-1403
-1478
-1427
-1346
-1357
-1372
-1275
-1081
-945
-849
-770
-678
-578
-477
-390
-336
-243
-186
-114
-184
-319
-272
-233
-370
-425
-358
-314
-362
-466
-429
-423
-456
-497
-581
-606
-745
-793
-741
-654
-536
-417
-265
-149
50
293
548
767
857
983
1095
1201
1289
1304
1338
1349
1379
1440
1484
1547
1451
1358
1400
1405
1309
1282
1212
1048
969
859
754
635
408
205
89
-98
-391
-664
-917
-1072
-1220
-1407
-1454
-1447
-1466
-1485
-1403
-1230
-1093
-1048
-1062
-1033
-947
-770
-680
-682
-589
-486
-434
-365
-242
-49
13
21
-32
-98
-50
-209
-374
-474
-553
-626
-656
-738
-806
-843
-842
-825
-717
-602
-518
-399
-298
-241
-159
-10
82
168
265
438
538
550
650
780
879
971
1096
1162
1124
1106
1157
1256
1290
1276
1333
1361
1346
1359
1267
1250
1311
1262
1085
885
668
437
221
-65
-292
-532
-766
-976
-1076
-1109
-1099
-1057
-1077
-1026
-951
-854
-703
-614
-611
-601
-572
-548
-434
-333
-363
-410
-433
-362
-265
-230
-174
-165
-173
-105
-44
5
4
-43
-122
-265
-324
-280
-322
-450
-542
-586
-531
-439
-365
-252
-157
-45
96
215
393
460
486
579
528
487
507
528
600
678
742
756
751
754
845
907
882
857
835
819
842
840
862
895
802
640
557
489
330
106
-150
-388
-655
-878
-1019
-1109
-1210
-1223
-1178
-1136
-1106
-962
-826
-644
-425
-257
-172
-140
-116
-91
-2
48
148
207
218
256
253
230
260
249
255
225
194
196
141
104
131
149
189
177
114
11
-119
-248
-300
-330
-361
-325
-376
-348
-258
-178
-59
66
229
302
307
336
394
439
422
379
304
252
179
166
182
200
277
340
382
392
474
570
639
647
588
513
365
193
30
-172
-370
-611
-840
-1064
-1152
-1148
-1147
-1094
-1047
-976
-853
-750
-634
-542
-433
-333
-243
-162
-145
-119
-87
-101
-147
-100
-84
-102
-151
-193
-205
-223
-204
-235
-165
-125
-98
11
-99
-132
-63
-54
-32
-35
-109
-183
-233
-290
-238
-165
-88
-43
-15
33
125
302
400
512
610
619
683
698
804
850
844
875
825
797
838
850
811
747
705
738
740
789
740
599
509
365
339
275
129
16
-93
-282
-377
-455
-532
-588
-684
-676
-647
-571
-451
-293
-179
0
149
243
316
403
489
490
505
468
486
425
328
268
254
271
231
149
100
55
-5
-4
12
-14
-56
-196
-278
-327
-399
-424
-472
-514
-591
-678
-719
-688
-630
-589
-532
-495
-490
-421
-367
-312
-262
-171
-130
-127
-88
-39
-6
-46
-85
-85
-20
-1
12
37
58
57
88
101
54
-16
-83
-144
-266
-447
-516
-598
-655
-685
-715
-804
-797
-682
-655
-532
-392
-209
-90
9
135
315
431
522
599
631
647
700
739
703
689
621
593
578
521
499
490
432
417
376
325
315
246
235
226
209
111
43
-35
-164
-229
-352
-469
-471
-465
-493
-495
-502
-514
-507
-457
-276
-115
-89
-64
-43
-38
43
130
202
266
213
183
205
203
203
286
316
303
228
212
215
152
76
-8
-83
-184
-222
-319
-441
-508
-470
-439
-423
-385
-294
-152
-10
143
263
334
390
528
654
727
779
818
800
799
847
886
897
807
685
646
609
557
515
496
477
470
416
394
367
305
192
80
-44
-137
-258
-409
-498
-584
-644
-742
-700
-695
-738
-698
-729
-720
-658
-545
-504
-505
-463
-426
-404
-406
-404
-403
-376
-370
-366
-357
-325
-316
-361
-354
-331
-280
-279
-268
-339
-461
-537
-583
-640
-724
-808
-871
-879
-883
-855
-862
-770
-542
-363
-175
2
149
304
467
606
717
827
922
1005
1046
1039
1025
1049
999
944
923
900
930
921
936
982
1005
1007
972
952
924
837
737
675
606
472
312
192
88
-86
-170
-195
-262
-313
-422
-424
-386
-407
-361
-355
-312
-282
-238
-223
-244
-261
-280
-267
-308
-378
-455
-488
-526
-624
-667
-644
-587
-573
-603
-621
-641
-670
-732
-814
-907
-983
-1066
-1137
-1166
-1145
-1116
-1090
-1006
-894
-770
-602
-439
-238
-37
91
256
438
594
692
786
844
899
937
878
878
888
868
829
816
780
785
880
962
934
909
979
1028
1027
1005
977
877
789
739
629
561
453
318
232
158
140
109
103
114
178
235
204
189
254
280
323
337
328
270
217
140
83
5
-46
-121
-216
-294
-371
-390
-387
-413
-530
-585
-641
-698
-726
-797
-896
-1007
-1036
-1069
-1116
-1155
-1204
-1216
-1235
-1141
-995
-850
-731
-651
-558
-380
-154
-3
80
141
246
288
269
285
328
244
210
239
254
203
142
191
256
332
384
448
458
458
445
519
546
488
404
363
293
262
229
169
104
-9
-62
-67
-64
-20
66
84
152
176
146
191
222
285
289
216
122
3
-100
-106
-122
-151
-186
-280
-316
-359
-368
-359
-371
-409
-456
-501
-553
-588
-640
-625
-643
-678
-643
-652
-610
-580
-499
-449
-330
-217
-89
-6
40
142
227
273
352
435
393
421
446
450
437
428
436
431
391
391
376
335
388
476
523
546
583
627
690
732
683
680
688
661
618
564
483
432
355
340
374
304
286
301
310
302
324
314
289
328
330
293
234
172
85
-17
-49
-129
-218
-309
-397
-381
-432
-466
-468
-548
-580
-569
-594
-665
-648
-608
-599
-589
-576
-557
-602
-622
-592
-532
-464
-471
-446
-403
-319
-203
-134
-72
-54
24
40
7
6
-1
-35
-84
-77
-105
-132
-135
-156
-142
-100
-53
66
111
142
174
139
154
182
211
283
284
259
216
164
171
194
159
109
82
73
128
185
217
197
217
208
266
321
326
306
260
178
119
78
4
-65
-103
-206
-251
-264
-278
-273
-309
-336
-330
-292
-292
-288
-338
-310
-289
-275
-224
-192
-251
-268
-183
-160
-97
-69
-60
-52
-38
21
90
135
183
217
188
266
263
232
197
146
125
68
14
-13
-62
-85
-133
-109
-83
-46
32
37
38
72
108
187
250
292
323
297
254
295
291
246
232
160
174
83
99
162
164
209
242
268
293
302
286
303
263
227
212
176
158
113
74
3
-77
-173
-195
-220
-285
-286
-331
-371
-369
-359
-272
-213
-226
-173
-91
-54
27
-17
-68
-81
-150
-98
-82
-77
-107
-84
-20
-39
-50
-35
7
-12
88
102
148
129
61
15
10
7
-7
-9
-50
-14
-8
18
22
11
29
44
85
117
153
187
172
188
186
157
147
201
135
70
47
-16
-10
27
22
20
13
8
63
83
114
130
140
144
97
25
-22
-51
-98
-122
-185
-277
-360
-401
-391
-362
-366
-397
-433
-428
-386
-326
-281
-283
-289
-272
-255
-199
-200
-209
-209
-192
-177
-168
-176
-194
-182
-99
-96
-134
-92
-54
23
100
63
79
84
54
52
54
52
-11
-10
0
-6
61
74
62
34
46
102
135
187
189
202
207
178
176
158
215
235
194
176
190
175
194
208
222
226
189
230
274
315
340
338
352
384
372
348
316
295
235
153
106
56
65
12
-48
-73
-85
-115
-137
-92
-70
-45
-60
-54
-33
-47
-44
-12
14
-8
-35
-36
-23
-24
-17
-34
-31
14
41
36
51
58
118
155
147
122
90
101
103
90
62
36
-16
-38
-54
-56
-122
-166
-144
-181
-166
-127
-118
-140
-172
-210
-181
-162
-171
-211
-248
-271
-326
-293
-252
-253
-191
-190
-177
-126
-79
-19
28
60
93
61
67
75
83
24
-20
-17
-26
-37
-68
-110
-126
-131
-175
-172
-176
-147
-125
-102
-78
-43
-34
-24
6
-23
-64
-49
-44
-69
-22
-23
-28
-39
-21
-3
37
56
80
139
174
190
199
192
180
185
203
196
151
112
72
7
-5
-14
1
-27
-66
-101
-136
-131
-84
-103
-107
-182
-168
-142
-119
-101
-160
-176
-187
-139
-111
-60
-62
-26
-28
-12
96
173
198
231
253
260
270
230
249
264
244
222
170
135
94
76
110
76
47
69
81
87
33
-14
33
39
-28
-46
-67
-29
29
50
27
10
11
36
96
111
140
161
179
199
224
203
203
226
193
193
191
179
159
134
103
55
52
46
74
45
48
22
-27
-18
-75
-88
-81
-122
-167
-169
-193
-217
-219
-210
-188
-189
-179
-190
-172
-135
-45
-33
-54
-35
-9
30
65
96
32
4
-25
0
13
11
-70
-105
-75
-69
1
-52
-91
-86
-83
-95
-68
-58
-37
-24
-98
-109
-112
-94
-54
-91
-108
-105
-66
-63
-67
-68
-48
-27
-4
32
10
30
41
62
64
63
66
66
9
-42
-115
-123
-90
-138
-189
-261
-254
-250
-238
-279
-280
-284
-345
-313
-331
-322
-315
-361
-360
-356
-343
-302
-250
-249
-274
-269
-184
-77
-68
-54
-45
-35
18
74
94
123
109
78
132
153
168
161
145
169
157
176
226
257
270
290
325
348
364
383
438
444
459
477
450
441
423
448
504
491
507
483
470
503
528
520
529
500
512
483
397
447
450
415
370
280
265
242
138
88
106
33
-17
-25
-91
-131
-137
-168
-187
-239
-284
-263
-284
-301
-346
-398
-416
-378
-384
-380
-355
-348
-354
-365
-317
-282
-205
-201
-227
-194
-196
-167
-125
-139
-243
-261
-264
-266
-247
-244
-234
-220
-259
-263
-241
-257
-224
-194
-181
-125
-109
-122
-116
-114
-99
-67
-95
-58
-28
-30
-8
27
51
50
45
44
80
118
139
177
203
193
175
143
136
144
111
77
36
6
-14
6
-30
-44
-87
-154
-110
-88
-107
-141
-190
-215
-207
-191
-231
-263
-252
-248
-280
-288
-270
-225
-181
-175
-146
-146
-126
-57
1
15
20
82
128
102
128
135
113
109
78
104
124
153
181
149
117
155
183
183
219
268
262
247
258
264
280
269
270
282
256
251
252
241
260
291
302
320
320
343
348
358
394
418
426
393
367
362
312
303
244
197
196
143
125
110
82
3
-2
-42
-59
-78
-119
-125
-136
-162
-202
-224
-318
-320
-352
-364
-357
-359
-389
-400
-387
-407
-411
-372
-326
-300
-294
-279
-221
-200
-174
-149
-94
-91
-129
-117
-138
-106
-106
-90
-106
-116
-117
-114
-103
-40
16
-1
21
45
65
74
69
69
98
92
121
85
90
59
24
62
77
92
98
148
158
187
218
213
230
199
168
186
160
164
155
164
108
62
35
30
20
22
-18
-76
-104
-130
-109
-132
-153
-183
-224
-275
-302
-323
-341
-378
-389
-392
-394
-342
-305
-270
-279
-273
-268
-221
-179
-153
-98
-88
-63
-40
-21
-8
-1
-5
-12
38
53
71
71
70
57
63
79
111
139
131
129
175
175
149
193
181
162
181
154
114
153
147
164
200
195
205
237
262
255
308
328
378
388
352
352
349
325
338
363
319
280
212
175
193
183
159
116
76
56
-1
-17
-50
-100
-121
-183
-246
-249
-264
-293
-319
-341
-370
-386
-381
-402
-377
-342
-339
-273
-242
-231
-181
-203
-151
-129
-120
-80
-56
-57
-46
-16
-10
-12
3
29
32
65
100
108
138
146
155
184
151
179
187
189
165
163
147
116
110
108
116
137
162
156
178
202
236
261
275
257
267
253
200
171
165
184
199
180
173
129
127
120
58
15
-10
-31
-98
-96
-143
-151
-202
-282
-333
-375
-402
-414
-439
-457
-474
-485
-485
-509
-491
-464
-489
-472
-432
-415
-414
-389
-332
-305
-268
-264
-274
-262
-209
-136
-106
-99
-78
-65
-39
4
14
5
47
50
77
80
92
80
80
52
37
61
89
123
94
94
126
170
154
184
206
227
290
327
322
371
399
400
430
437
463
466
446
449
467
459
458
429
422
421
376
346
309
314
287
211
160
152
111
94
61
11
-34
-113
-114
-175
-211
-190
-212
-271
-269
-292
-287
-283
-312
-308
-311
-258
-257
-222
-250
-252
-209
-204
-162
-161
-174
-181
-160
-124
-85
-76
-62
-117
-99
-66
-40
-52
-60
-48
-53
-31
-10
-23
-21
-21
-29
10
44
58
51
68
43
81
112
134
175
169
197
213
214
218
196
226
254
239
234
262
251
209
222
203
187
165
124
113
69
52
24
-40
-57
-69
-77
-103
-135
-190
-196
-168
-168
-166
-184
-223
-230
-258
-297
-285
-288
-312
-298
-292
-270
-265
-273
-271
-262
-255
-217
-183
-156
-192
-207
-208
-225
-229
-223
-179
-220
-214
-161
-190
-190
-193
-182
-153
-123
-90
-85
-40
4
29
60
82
71
99
127
163
214
237
213
216
232
232
289
287
339
369
366
410
435
415
447
414
394
375
320
318
297
262
252
218
181
134
138
150
125
134
116
130
116
65
57
35
14
37
41
-9
-41
-41
-60
-61
-59
-40
-56
-44
-51
-79
-99
-103
-66
-96
-97
-142
-148
-155
-177
-176
-212
-221
-212
-238
-297
-262
-275
-249
-245
-221
-180
-197
-187
-139
-109
-90
-81
-83
-51
0
33
24
48
43
67
95
76
96
160
196
211
219
186
205
245
214
209
223
205
165
149
135
119
67
36
45
8
2
-11
-13
-17
-10
-24
-34
-32
-31
-21
-27
-55
-37
-50
-64
-48
-59
-73
-52
-75
-102
-97
-106
-79
-75
-62
-72
-93
-109
-108
-81
-74
-108
-131
-146
-147
-139
-168
-174
-211
-250
-227
-200
-225
-178
-171
-146
-107
-107
-107
-66
-52
-49
-4
-9
26
60
72
50
34
41
75
87
108
111
75
74
86
103
141
116
84
92
65
82
72
60
73
47
38
42
8
31
60
37
36
24
44
31
12
23
14
60
58
48
61
57
40
38
60
71
76
77
57
94
92
81
97
92
75
80
86
51
43
11
6
-13
6
-7
-24
-9
-45
-35
-24
-27
-22
-7
-21
-21
-38
8
62
21
10
-7
-5
28
44
45
70
57
33
59
38
66
102
78
72
74
95
74
76
96
73
44
36
32
42
46
28
4
1
33
45
2
-1
13
19
50
38
51
33
13
-4
-26
-17
20
43
35
25
10
14
6
-23
-41
-39
-54
-62
-48
-79
-85
-104
-123
-123
-138
-125
-112
-146
-161
-170
-211
-205
-220
-261
-254
-202
-189
-146
-141
-210
-208
-187
-164
-163
-152
-135
-154
-137
-129
-107
-104
-70
-39
-48
-44
-40
23
7
39
11
-9
0
-8
4
-28
-25
-26
-46
-4
23
14
7
7
41
52
74
79
72
91
82
98
92
118
133
152
134
123
121
95
112
126
141
158
153
186
204
201
188
170
180
172
175
134
151
149
137
125
108
80
63
77
86
73
67
44
35
30
21
60
62
20
13
18
15
-6
-25
-59
-70
-95
-97
-106
-124
-107
-125
-130
-93
-96
-110
-101
-112
-106
-72
-72
-72
-88
-95
-95
-112
-142
-132
-99
-73
-51
-46
-47
-40
-23
8
56
68
97
114
117
103
93
114
113
102
124
109
95
126
117
126
125
123
135
152
172
178
164
178
159
114
124
140
117
83
68
89
76
25
31
11
-20
-32
-51
-56
-35
-31
-46
-60
-85
-127
-144
-158
-185
-215
-210
-231
-245
-242
-217
-273
-309
-277
-260
-228
-222
-214
-230
-207
-201
-176
-187
-190
-180
-179
-146
-143
-138
-127
-131
-129
-108
-79
-23
-18
-3
53
48
63
80
74
61
32
37
73
70
48
51
43
30
29
70
90
90
73
70
106
90
124
154
115
106
86
65
69
62
74
86
90
88
77
47
68
52
60
80
73
110
118
114
107
129
117
108
87
66
-4
-30
-17
-24
-11
-8
7
-5
8
23
48
63
63
52
52
70
73
59
65
46
5
25
3
13
38
16
25
1
-19
21
40
47
83
98
104
107
115
120
79
68
87
44
5
2
-13
-46
-49
-25
-25
-15
-27
6
10
20
66
55
41
17
21
29
39
54
43
31
17
14
-2
30
30
26
7
20
68
52
51
33
47
70
50
36
-10
-73
-107
-124
-134
-140
-146
-178
-211
-195
-206
-198
-189
-177
-194
-184
-186
-209
-232
-252
-226
-221
-244
-257
-236
-251
-266
-270
-244
-214
-199
-187
-151
-111
-80
-102
-90
-66
-37
-22
-23
-34
-37
-55
-42
-80
-73
-39
-73
-23
2
22
66
92
131
163
145
186
177
187
176
192
215
187
194
218
222
213
189
214
229
202
214
216
222
230
254
246
239
211
199
159
156
101
61
55
25
17
-46
-57
-51
-71
-71
-55
-48
-24
-43
-31
-48
-58
-79
-86
-74
-83
-79
-81
-112
-120
-78
-61
-67
-85
-59
-33
-10
17
14
33
37
48
79
63
61
45
42
16
18
38
13
49
33
17
29
22
48
68
108
126
125
125
152
140
131
108
103
108
132
92
56
72
66
111
89
79
85
74
62
50
56
72
61
30
50
-2
-10
-31
-45
-46
-85
-112
-117
-116
-165
-142
-141
-167
-150
-155
-135
-128
-129
-156
-154
-139
-161
-143
-171
-217
-229
-237
-217
-186
-170
-175
-151
-153
-141
-116
-127
-107
-124
-107
-119
-74
-70
-85
-56
-88
-123
-103
-118
-114
-49
-71
-67
-25
-15
-2
37
59
79
29
40
67
57
73
81
77
51
54
65
45
50
60
103
103
96
108
121
134
124
131
136
103
109
113
84
109
97
56
42
34
39
52
51
43
26
40
14
21
25
22
15
-1
3
-11
-6
-32
-28
-33
-13
11
-10
-17
-8
-26
-7
5
49
33
30
24
-8
18
5
22
-1
1
-5
-26
9
26
3
17
31
52
40
40
53
90
88
69
112
87
84
99
77
83
88
82
94
89
91
98
67
92
125
103
107
135
111
107
117
121
114
77
46
32
19
22
13
9
18
5
12
11
23
3
-37
-18
-34
-32
-25
-34
-48
-95
-110
-99
-113
-106
-122
-147
-159
-157
-165
-157
-168
-174
-129
-136
-129
-121
-114
-135
-138
-166
-164
-157
-128
-131
-139
-150
-150
-146
-169
-114
-82
-54
-78
-62
-35
-44
-30
-4
-8
-10
-5
-18
-35
-59
-20
-17
-34
-40
-31
-1
-14
-2
-2
41
58
58
86
48
57
65
58
43
53
42
42
58
14
-11
16
29
53
52
33
49
12
4
26
42
24
52
21
-16
-12
-50
-41
-67
-52
-78
-59
-56
-35
-19
-21
-12
2
13
6
7
31
52
17
12
-14
-26
-30
3
16
46
45
32
25
67
57
82
135
144
152
183
196
190
183
199
195
179
171
147
162
148
143
147
146
148
156
160
166
168
185
168
150
130
131
120
75
91
64
3
26
31
6
-5
-12
4
-14
-7
7
5
4
-15
7
5
-9
2
-22
-51
-32
-56
-62
-52
-53
-72
-70
-52
-90
-96
-77
-88
-85
-72
-94
-117
-140
-155
-189
-173
-186
-213
-219
-245
-236
-234
-257
-240
-214
-209
-170
-161
-190
-177
-163
-157
-144
-137
-120
-121
-127
-123
-113
-119
-102
-89
-92
-106
-86
-72
-76
-54
-5
-18
-11
-6
6
-16
3
8
-3
30
-8
2
27
30
29
34
22
24
52
60
89
70
93
93
87
89
83
109
93
107
90
107
124
126
121
115
125
102
112
90
80
102
62
70
77
62
79
60
34
34
21
23
37
26
36
60
23
20
22
13
42
55
44
35
28
64
55
69
78
67
86
72
66
76
87
85
103
98
92
99
105
92
76
66
55
76
59
57
62
61
67
51
41
31
0
0
8
3
30
10
20
39
13
-6
27
23
-11
14
1
-6
-3
-36
-43
-36
-41
-52
-61
-38
-49
-68
-81
-79
-91
-65
-90
-115
-56
-90
-91
-99
-98
-95
-97
-81
-106
-118
-115
-86
-94
-85
-77
-84
-76
-79
-88
-85
-67
-63
-50
-54
-73
-62
-71
-44
-69
-61
-39
-48
-50
-27
9
-7
-5
-33
-43
-57
-33
-23
-38
-35
-33
-19
-25
8
15
22
8
6
3
10
34
43
70
29
51
42
74
72
51
40
31
19
14
62
36
27
18
9
7
8
28
34
29
1
5
-10
-32
-28
-52
-77
-68
-63
-70
-77
-76
-64
-73
-87
-78
-51
-43
-50
-42
-22
-9
-12
-25
-27
-36
-15
7
28
-4
-4
23
39
66
55
73
88
89
90
85
107
95
96
92
88
91
96
94
87
85
91
72
84
79
52
47
77
77
84
110
89
108
99
139
147
147
120
141
125
120
113
73
89
49
60
80
62
73
81
77
74
61
56
68
56
39
35
-7
-3
-14
-43
-31
-11
-38
-50
-38
-48
-62
-44
-38
-50
-36
-45
-42
-53
-25
-34
-41
-61
-61
-85
-81
-53
-91
-86
-93
-106
-114
-107
-104
-67
-61
-82
-105
-116
-121
-121
-140
-158
-172
-175
-163
-161
-156
-165
-162
-145
-155
-134
-123
-108
-111
-105
-105
-76
-58
-104
-95
-90
-63
-41
-63
-61
-46
-54
-64
-64
-44
-35
-22
-23
-4
-24
-37
-9
22
20
14
7
13
19
12
-4
14
31
-1
15
27
46
65
69
66
73
38
62
112
84
113
109
104
121
115
132
122
96
81
81
100
110
105
74
93
106
113
109
82
98
88
79
102
105
87
87
73
73
44
64
79
79
81
81
92
90
116
87
65
57
83
107
88
88
74
45
36
65
51
66
41
8
29
24
22
18
3
-4
6
-9
-1
-15
-40
-31
-55
-55
-58
-81
-78
-94
-79
-67
-75
-74
-60
-56
-50
-57
-45
-26
-22
-33
-46
-45
-63
-83
-69
-47
-43
-43
-68
-65
-58
-42
-49
-39
-33
-57
-71
-88
-90
-84
-84
-100
-106
-97
-88
-128
-125
-123
-135
-106
-83
-79
-58
-58
-63
-28
-10
-6
16
30
15
6
6
42
31
35
25
30
52
30
23
31
28
28
6
10
25
16
31
16
30
11
3
-3
-6
-18
-8
9
-1
10
-1
35
26
26
33
40
27
33
41
35
72
61
42
58
57
45
57
72
63
50
60
53
61
30
40
24
3
-2
-3
-12
-28
-13
-41
-48
-44
-47
-27
-27
-14
-21
-19
-23
-21
4
-1
12
20
19
25
50
44
41
29
34
23
26
43
40
39
56
47
31
22
18
26
16
25
-15
0
-15
-4
-18
-38
-21
-40
-22
-25
-13
-26
-33
-33
-34
-26
-20
-24
-16
9
4
7
10
15
8
8
24
23
15
15
16
12
13
27
12
12
16
15
4
8
0
-7
-20
-38
-32
-31
-41
-34
-25
-45
-34
-41
-28
-13
-36
-37
-26
-28
-15
-21
-11
-11
-22
-8
9
4
1
31
21
16
12
5
31
4
22
29
42
25
18
25
15
8
-10
13
24
26
19
3
21
17
14
26
18
17
-1
9
30
41
15
-1
19
18
22
24
13
26
24
20
2
-5
-12
-6
-5
-17
-19
-14
-42
-39
-48
-77
-73
-87
-85
-90
-83
-109
-120
-108
-91
-97
-118
-116
-108
-88
-88
-82
-66
-46
-52
-56
-52
-30
-27
-9
-32
-13
-3
-12
9
19
13
14
11
-2
2
2
10
3
38
40
29
47
43
35
27
36
38
40
63
68
84
93
114
111
117
112
124
139
124
137
152
131
141
141
140
144
147
144
147
150
148
160
118
116
99
97
75
73
60
42
27
21
17
-4
8
-18
-29
-31
-43
-52
-55
-64
-66
-60
-72
-82
-62
-71
-85
-77
-94
-89
-74
-89
-82
-78
-83
-68
-69
-69
-82
-88
-86
-84
-86
-78
-90
-105
-108
-99
-101
-128
-115
-108
-126
-120
-116
-123
-118
-108
-97
-92
-86
-78
-57
-60
-55
-30
-30
-22
-22
-10
-15
-5
5
18
22
12
21
21
31
37
39
28
26
31
32
33
44
29
26
35
10
12
17
9
27
5
-2
12
8
9
22
9
2
9
11
18
24
37
16
19
36
48
46
53
47
33
38
40
47
48
56
46
51
47
38
52
47
58
64
53
51
50
55
58
58
44
45
48
42
50
31
37
43
49
37
51
53
51
69
63
71
65
71
66
70
69
67
66
52
60
63
70
61
66
52
36
43
22
29
35
13
22
16
-6
-9
-4
-16
-33
-46
-53
-41
-39
-39
-57
-85
-76
-82
-73
-78
-86
-77
-80
-83
-81
-73
-76
-73
-84
-77
-66
-76
-90
-90
-87
-78
-83
-102
-89
-86
-93
-93
-83
-77
-85
-85
-75
-64
-59
-54
-53
-44
-43
-51
-42
-31
-28
-22
-16
-4
-2
-7
-1
6
10
31
28
35
42
39
41
54
48
52
38
27
30
23
42
38
24
35
28
12
25
13
-4
-3
-6
-4
-12
-15
-19
-8
-8
-1
7
19
14
7
18
20
23
7
17
13
25
30
22
27
25
24
28
32
24
19
13
1
7
13
1
1
13
13
20
18
12
3
2
12
4
5
10
2
9
13
22
34
29
35
45
25
41
43
43
39
28
44
34
47
60
58
50
50
51
55
63
38
45
45
30
29
19
14
16
17
11
14
7
6
1
-9
-22
-29
-28
-26
-29
-32
-27
-39
-38
-28
-24
-21
-31
-33
-24
-22
-20
-28
-38
-31
-20
-29
-30
-16
-7
-13
-19
-13
-11
-19
-31
-41
-36
-35
-40
-32
-21
-27
-32
-28
-26
-23
-20
-11
-8
-16
-4
-7
-14
-12
-17
-3
3
0
-6
-8
-6
-5
0
6
3
-5
15
19
15
13
2
-3
9
0
6
5
14
2
-9
-21
-16
-5
-12
-4
-13
-28
-14
-5
-1
12
-1
-3
-1
4
19
30
23
21
24
17
22
24
22
19
18
16
14
12
14
22
9
9
-2
-2
-5
-16
-12
-20
-23
-35
-36
-31
-40
-40
-42
-36
-36
-42
-45
-38
-40
-45
-29
-24
-28
-16
-18
-17
-13
-13
-2
8
8
15
11
17
15
18
22
25
22
14
26
31
33
38
16
21
15
3
5
7
16
-1
15
18
21
20
31
33
31
33
28
33
43
39
31
40
44
42
39
53
45
36
39
34
33
37
30
18
22
22
19
17
10
16
4
-2
6
-11
-5
-21
-25
-16
-23
-33
-31
-32
-24
-25
-36
-27
-24
-24
-24
-26
-17
-18
-22
-17
-11
-8
-6
-6
-21
-7
-6
-5
7
-2
-3
0
-6
-11
-25
-24
-19
-18
-24
-33
-22
-23
-25
-20
-10
-26
-19
-16
-17
-6
-12
-12
-11
-11
4
5
9
21
18
20
22
17
23
24
24
27
24
28
26
29
10
19
18
20
21
16
13
-3
1
-7
-10
0
-7
-12
-12
-4
-9
-13
-19
-35
-26
-40
-39
-36
-38
-28
-22
-30
-16
-22
-26
-8
-12
-19
-22
-21
-20
-14
-12
-2
4
4
0
4
6
2
1
-6
-7
-8
-4
-9
-2
-12
-11
-2
-16
-15
-12
-16
-9
-8
-2
-9
-3
-3
1
13
9
21
17
7
13
19
20
12
6
6
6
14
6
12
9
0
8
0
-5
-7
-10
-1
1
5
7
3
8
7
2
4
-5
-2
3
15
13
12
12
19
17
14
40
42
41
41
42
47
45
37
45
49
42
44
46
46
39
42
36
46
35
27
37
37
43
35
37
30
29
21
28
23
23
9
1
11
11
16
20
18
23
16
8
26
25
8
3
-4
2
2
1
-3
3
-6
-11
-6
-7
-16
-28
-30
-33
-21
-30
-34
-42
-47
-54
-48
-46
-46
-49
-45
-53
-61
-53
-64
-50
-58
-69
-65
-67
-63
-65
-69
-60
-67
-69
-65
-69
-70
-74
-70
-70
-68
-72
-78
-72
-65
-63
-65
-60
-69
-68
-64
-62
-50
-55
-59
-50
-35
-36
-26
-23
-33
-30
-23
-11
-2
-6
-10
8
14
22
28
32
39
46
56
55
63
73
76
70
78
74
79
95
87
85
83
88
88
93
87
90
97
86
92
89
84
88
91
84
78
83
82
78
66
66
67
78
82
62
61
62
62
64
59
56
61
54
48
57
57
57
50
39
35
32
26
22
19
7
-5
-18
-11
-14
-24
-25
-19
-18
-39
-38
-39
-48
-57
-60
-50
-53
-58
-60
-63
-63
-74
-73
-70
-72
-60
-68
-71
-59
-66
-73
-62
-63
-58
-65
-61
-63
-61
-66
-66
-57
-59
-62
-59
-56
-62
-46
-50
-50
-44
-51
-46
-43
-29
-38
-39
-43
-36
-33
-33
-18
-23
-26
-18
-23
-16
-6
-10
1
12
0
-2
-3
0
5
4
8
14
17
13
5
-1
8
8
7
10
9
8
6
20
11
9
13
8
5
8
13
18
20
23
17
21
23
24
25
30
38
35
35
34
20
27
33
35
41
47
45
37
43
37
42
49
35
25
27
26
32
35
37
29
26
17
24
26
28
29
34
21
25
41
35
38
33
28
32
40
37
48
35
31
33
34
39
37
41
35
32
29
23
27
19
15
18
17
14
16
9
14
5
-9
-11
-14
-15
-21
-18
-16
-29
-32
-25
-34
-37
-39
-40
-48
-52
-46
-47
-45
-40
-49
-50
-46
-52
-46
-43
-38
-42
-48
-38
-44
-38
-40
-34
-41
-52
-39
-41
-40
-36
-34
-41
-37
-33
-26
-24
-24
-22
-20
-23
-22
-16
-24
-18
-11
-6
-10
-14
-15
-13
-10
-3
9
7
1
-4
-4
-1
-2
2
13
6
10
14
21
17
8
2
0
4
2
9
11
7
1
2
12
13
9
4
8
12
9
16
11
12
12
3
10
10
9
17
16
12
19
16
21
20
13
13
6
13
18
19
18
12
13
9
8
17
17
17
16
13
23
26
22
28
27
21
23
20
19
23
21
23
24
21
25
23
20
22
30
28
28
24
16
17
20
19
14
15
11
4
7
0
-3
-2
-3
3
0
-2
-4
-7
-10
-8
-15
-12
-3
-14
-17
-22
-15
-14
-17
-10
-16
-13
-9
-10
-11
-11
-8
-8
-2
-1
4
4
-8
-9
-11
-10
-11
-8
-12
-14
-10
-14
-13
-15
-11
-10
-14
-12
-10
-12
-9
-12
-11
-13
-24
-20
-29
-22
-19
-23
-18
-20
-23
-28
-24
-23
-25
-17
-21
-19
-16
-19
-26
-19
-21
-8
-6
-9
-12
-14
-15
-15
-4
-8
7
1
2
8
0
5
-4
4
6
7
9
5
9
7
5
9
11
11
10
10
11
8
12
11
12
9
6
14
2
-1
-5
-2
-3
2
3
-1
6
9
11
7
1
2
5
7
13
16
18
13
17
25
19
18
15
17
19
21
34
39
30
30
28
24
27
24
20
16
19
17
13
17
14
18
13
17
17
13
7
6
7
0
6
15
5
0
-5
-8
-13
-12
-10
-12
-11
-12
-11
-17
-10
-9
-6
-12
-13
-21
-18
-12
-13
-9
-18
-20
-20
-13
-11
-20
-15
-17
-18
-12
-14
-12
-11
-13
-17
-19
-21
-18
-18
-14
-10
-6
-9
-7
-3
-7
-3
-9
-3
-5
5
2
1
2
-1
-4
-2
0
2
7
7
12
6
5
10
12
11
16
15
12
13
17
12
5
6
4
0
3
10
-1
3
1
6
6
8
10
10
8
3
10
7
13
12
13
11
5
10
4
7
5
3
7
4
2
0
1
-2
2
-7
-5
-5
-7
-11
-12
-10
-9
-8
-8
-6
-12
-8
-16
-15
-11
-6
-7
-9
-8
-10
-12
-9
-4
-13
-10
-9
-12
-7
-8
-13
-7
-5
0
-6
-10
-10
-12
-13
-7
-2
-11
-13
-7
-9
-11
-7
-7
-3
-3
-3
-10
-5
-16
-19
-18
-14
-9
-14
-12
-12
-11
-15
-6
-6
0
-5
-5
-1
-1
4
6
13
8
12
12
12
8
7
10
10
4
-2
9
4
8
2
2
6
8
9
8
14
15
21
22
21
20
25
25
25
22
14
15
17
22
25
29
32
28
25
34
34
32
28
25
30
26
22
26
30
31
32
35
33
31
16
23
29
24
19
15
12
7
9
3
6
4
4
-4
-5
-2
-6
-6
-8
-7
-12
-16
-14
-10
-10
-11
-11
-13
-18
-20
-24
-29
-28
-20
-25
-30
-30
-36
-33
-37
-37
-36
-35
-39
-35
-39
-40
-41
-38
-42
-42
-34
-39
-34
-37
-36
-38
-42
-36
-33
-31
-25
-29
-26
-32
-24
-23
-23
-22
-25
-23
-18
-18
-22
-15
-17
-20
-11
-11
-11
-4
0
5
0
0
6
1
6
4
1
9
16
15
17
21
13
12
14
20
26
25
31
38
33
31
36
33
38
37
38
42
31
32
42
41
38
33
28
32
26
31
31
31
28
20
23
22
23
20
16
8
11
11
16
13
14
18
11
13
14
16
20
13
9
11
12
12
11
12
7
12
12
8
14
10
10
6
13
14
13
11
3
10
12
2
1
-3
-7
-4
-4
-9
-9
-7
-11
-6
-4
-5
-7
-6
-2
0
-5
-7
-7
-10
-14
-14
-9
-8
-10
-17
-18
-15
-14
-13
-19
-22
-27
-31
-32
-23
-28
-25
-26
-33
-32
-35
-33
-36
-33
-34
-34
-39
-34
-31
-30
-24
-27
-27
-23
-30
-29
-26
-24
-20
-28
-28
-23
-21
-19
-9
-13
-13
-14
-10
-7
-11
-11
-9
-12
-13
-9
-11
-9
-12
-7
-5
3
-1
-1
3
3
14
12
20
18
16
22
23
24
22
24
25
27
28
30
29
32
36
35
35
34
31
32
32
32
27
31
27
27
23
22
18
16
14
11
18
19
19
20
16
10
5
7
9
10
9
5
6
7
6
5
4
-3
0
-2
-3
8
8
5
1
-1
0
1
-3
0
5
0
-5
-15
-7
-2
-8
-5
-3
-4
-4
-2
-2
-3
-3
-6
-6
-5
-5
-6
-5
-1
1
-4
-4
-4
-8
-6
-3
-1
-3
4
4
6
3
-1
1
-4
0
3
-2
-2
-3
-4
-2
1
2
3
3
-2
-3
-7
-8
-6
-6
-3
-7
-6
-5
-5
-4
-8
-7
-1
-3
-3
-7
-10
-8
-8
-9
-9
-10
-9
-10
-13
-9
-11
-12
-9
-9
-11
-12
-11
-15
-15
-6
-14
-13
-8
-9
-13
-11
-8
-12
-10
-9
-10
-7
-9
-10
-7
-6
-9
-9
-8
-11
-2
1
1
-1
5
0
0
4
-1
2
1
4
7
10
4
1
7
8
11
11
11
6
8
6
5
5
8
10
4
5
5
10
8
0
3
5
6
7
11
9
4
1
9
11
10
7
6
8
6
7
4
7
0
2
1
3
6
7
7
6
14
11
15
17
12
6
9
6
7
6
0
2
8
8
3
6
9
10
6
8
7
10
9
11
11
12
11
7
6
5
4
6
6
9
10
8
2
2
4
3
6
2
3
5
4
10
7
6
10
9
5
3
3
-1
3
-2
1
-1
-4
-2
-5
-5
-6
-6
-11
-9
-9
-13
-10
-13
-16
-19
-19
-22
-20
-24
-30
-21
-26
-20
-22
-22
-25
-24
-21
-24
-20
-24
-23
-23
-22
-24
-23
-25
-25
-24
-28
-24
-22
-18
-12
-10
-12
-10
-14
-11
-11
-15
-9
-9
-8
-13
-11
-8
-6
-6
-2
3
3
2
4
9
5
6
10
13
13
16
16
14
12
11
10
9
9
16
22
16
14
14
12
16
10
19
24
20
20
12
17
13
10
15
17
15
15
16
14
15
20
18
18
16
15
14
19
22
19
22
21
19
15
17
18
15
18
19
11
8
13
8
7
13
6
5
5
6
9
11
8
8
4
2
6
4
1
2
-1
1
-4
-6
-5
-7
-10
-9
-9
-10
-5
-10
-1
-9
-13
-10
-17
-17
-14
-15
-12
-16
-20
-16
-25
-18
-16
-15
-12
-14
-11
-10
-14
-13
-11
-8
-7
-5
-9
-9
-3
-7
-6
-6
-2
-3
-1
-4
1
-3
-3
0
-2
1
4
2
-1
-3
-4
-6
-8
-5
-10
-13
-9
-10
-8
-8
-14
-11
-13
-11
-4
-6
-8
-9
-4
-9
-11
-9
-12
-10
-11
-8
-4
-6
-1
0
0
1
0
-1
-6
-3
-5
-1
6
-1
-1
-2
-2
-1
0
-1
-1
-2
-4
-4
-1
0
-3
-2
-5
-3
-3
-5
1
5
0
5
7
9
8
12
8
6
12
7
11
12
15
11
8
7
7
11
10
13
17
10
13
12
12
19
13
15
16
17
13
21
20
13
18
21
24
20
21
18
14
19
13
14
14
14
17
19
20
15
16
12
8
9
5
5
6
5
6
5
2
0
-2
-3
-7
-8
-6
-7
-6
-8
-15
-13
-15
-8
-6
-6
-5
-1
-2
-6
-7
-7
-9
-10
-8
-5
-13
-7
-4
-9
-9
-12
-12
-10
-4
-6
-2
-2
-5
-3
-4
-5
-10
-12
-12
-9
-10
-10
-14
-14
-15
-20
-16
-18
-13
-17
-17
-12
-10
-13
-5
-7
-11
-5
-7
-7
-9
-9
-11
-13
-16
-18
-16
-15
-12
-10
-7
-8
-8
-7
-7
-6
-5
-4
-4
-5
-3
-10
-7
-4
-7
-5
-6
-1
-2
-1
1
-4
0
-2
-6
-2
-2
-1
10
4
2
2
-1
6
5
8
7
5
8
6
8
8
14
9
4
10
9
10
12
14
13
12
11
10
15
11
10
11
13
14
15
15
9
11
10
10
16
11
11
8
9
8
8
12
14
15
13
18
17
13
12
11
14
17
14
16
15
10
10
10
12
10
8
10
12
9
4
4
10
5
4
6
3
1
-5
-4
-7
-3
-1
-2
-2
-6
-9
-6
-9
-7
-6
-6
-2
-6
-9
-3
-3
-3
-9
-9
-9
-9
-11
-9
-8
-9
-13
-15
-13
-7
-7
-13
-13
-15
-9
-10
-15
-11
-6
-8
-5
-2
-6
-3
-6
-5
-2
-7
-10
-6
-9
-10
-9
-13
-6
-7
-9
-12
-14
-15
-13
-10
-9
-9
-9
-7
-10
-9
-10
-14
-10
-12
-6
-7
-10
-5
-6
-2
-1
-5
-6
-8
-6
-4
-6
-3
3
0
1
4
1
-1
4
5
0
5
7
8
9
12
8
11
12
13
11
9
9
9
12
6
9
10
6
9
12
10
8
10
9
11
13
11
10
11
9
9
9
7
10
9
13
9
9
6
2
9
8
6
4
7
7
6
9
5
11
10
8
8
8
5
4
5
6
5
3
0
2
6
3
0
0
-3
-2
-4
-5
-4
-6
-5
-5
-3
-7
-6
-10
-5
-6
-8
1
-4
-7
-6
-7
-9
-3
-2
-1
0
-6
-9
-5
-2
-5
-3
1
0
1
-3
4
1
-3
0
-1
-3
-3
0
0
1
3
2
4
4
5
5
-3
-1
3
-1
-3
-3
1
1
5
2
1
2
-2
0
-4
-3
-7
-8
-10
-5
-5
-8
-6
-11
-10
-12
-13
-15
-12
-15
-13
-9
-6
-7
-10
-9
-15
-9
-9
-5
-4
-7
-4
-9
-9
-7
-7
-8
-8
-7
-6
-7
-7
-10
-6
-4
-6
-4
-4
-6
-7
-4
-7
-9
-6
-11
-10
-5
-5
-5
-7
-6
-1
3
4
7
6
4
6
8
6
6
6
7
8
11
11
8
12
10
9
11
16
15
16
16
14
19
16
16
19
14
17
14
18
21
14
19
20
18
17
20
19
17
18
20
16
21
21
16
17
16
14
14
14
12
15
11
8
13
13
12
11
5
5
3
2
3
1
3
1
0
-3
-2
-4
-4
-6
-6
2
2
0
-6
-8
-7
-9
-8
-9
-6
-6
-7
-13
-10
-12
-15
-11
-18
-14
-14
-16
-15
-17
-20
-16
-14
-10
-14
-13
-10
-13
-22
-20
-19
-24
-21
-20
-21
-21
-20
-27
-23
-25
-22
-22
-20
-18
-17
-18
-20
-15
-17
-17
-15
-13
-20
-16
-11
-13
-11
-16
-14
-11
-12
-8
-8
-8
-4
-2
1
2
6
4
4
5
4
6
7
6
9
9
10
12
7
7
8
6
8
10
10
12
18
10
8
12
14
15
15
14
11
14
10
13
17
14
16
13
15
13
17
20
16
15
15
17
13
15
18
19
19
20
20
18
18
12
14
18
16
14
15
16
18
17
17
16
13
13
11
12
12
12
10
14
10
7
6
3
2
4
6
0
1
1
-8
-9
-7
-9
-6
-3
-7
-10
-9
-10
-10
-11
-13
-12
-11
-14
-10
-8
-11
-5
-6
-11
-8
-12
-6
-9
-9
-6
-8
-11
-7
-10
-9
-5
-10
-10
-13
-13
-7
-6
-11
-9
-10
-12
-6
-6
-5
-5
-8
-6
-10
-11
-10
-14
-12
-10
-13
-13
-15
-17
-15
-16
-11
-9
-10
-6
-10
-13
-13
-10
-9
-7
-10
-9
-3
-8
-7
-7
-7
-8
-5
-6
-4
1
-1
5
2
2
2
4
6
4
6
5
2
5
4
3
4
0
2
6
2
9
11
5
6
5
2
5
8
7
7
5
2
-2
6
1
5
3
0
2
-2
3
-2
-1
-1
2
3
1
3
1
5
0
1
2
2
3
0
-2
1
1
4
9
10
10
12
10
9
14
12
15
15
15
15
10
11
6
10
13
13
17
18
14
13
13
14
13
12
11
11
14
11
11
10
12
13
12
12
9
9
8
11
11
12
13
9
7
5
5
6
8
3
5
3
-3
-4
-3
-2
-4
-4
-8
-7
-8
-6
-8
-9
-12
-12
-11
-13
-15
-16
-15
-11
-15
-19
-21
-21
-19
-23
-14
-12
-16
-14
-13
-16
-16
-15
-13
-11
-12
-10
-12
-8
-10
-11
-12
-9
-8
-8
-6
-8
-8
-12
-10
-10
-4
-1
-4
-3
0
-7
-4
-6
-5
-2
-1
-3
-3
0
0
2
2
3
4
3
1
1
1
0
-3
-1
-3
0
-2
-5
-3
-5
-4
-5
-2
-3
0
0
-1
-5
-4
-3
-7
0
3
2
-2
-4
-4
-5
-3
0
-2
2
-2
1
-1
1
1
-2
0
-1
-2
1
4
4
6
4
2
4
3
2
7
6
6
4
7
12
10
11
13
14
11
12
15
11
12
16
18
20
21
22
22
20
18
22
22
23
22
21
19
16
22
18
20
19
17
18
11
11
14
14
9
6
9
9
5
6
3
2
3
1
3
0
0
-3
-6
-8
-10
-11
-7
-7
-6
-4
-9
-10
-11
-16
-12
-14
-17
-17
-19
-18
-18
-17
-18
-18
-14
-12
-17
-15
-15
-17
-15
-17
-13
-11
-11
-13
-9
-11
-14
-13
-16
-16
-16
-17
-11
-9
-10
-8
-7
-8
-8
-8
-11
-12
-10
-11
-9
-10
-13
-15
-11
-11
-13
-12
-10
-9
-6
-4
-3
-1
-5
-5
-5
-2
1
1
0
1
3
7
3
7
5
3
10
9
8
10
11
11
14
13
11
15
13
13
12
15
14
11
9
9
8
12
14
12
11
7
8
6
7
7
2
1
1
2
4
5
4
1
0
1
-1
0
3
1
3
2
2
4
5
6
5
4
5
7
6
5
7
9
6
6
12
11
8
8
7
11
6
8
11
9
10
10
6
3
6
3
5
1
5
5
1
0
-1
-1
-2
0
0
2
-1
-1
-2
4
1
1
1
-1
3
1
1
5
5
3
0
0
-3
-2
2
0
-2
-4
-3
-2
-3
-2
-1
0
-3
0
4
-3
0
-4
-4
-4
-7
-10
-8
-7
-8
-7
-6
-8
-11
-11
-12
-11
-11
-11
-12
-11
-11
-13
-13
-14
-12
-11
-16
-15
-16
-16
-16
-17
-16
-14
-14
-13
-11
-12
-9
-7
-11
-11
-10
-12
-6
-6
-5
-3
-4
-1
-1
-1
-5
-5
-8
-6
-5
-4
-3
-3
-1
-1
-3
-6
-4
-3
-3
3
3
3
5
3
4
3
4
4
5
8
9
7
5
6
5
9
11
10
12
13
14
16
14
14
15
15
13
13
14
17
19
18
14
14
14
14
15
16
16
13
14
11
11
13
10
12
13
13
12
11
8
10
11
10
10
8
7
10
6
6
4
3
8
9
7
6
6
4
4
5
5
4
2
1
1
-1
2
-1
-4
1
-1
-2
-1
-1
-4
-2
-4
-5
-4
-8
-5
-9
-5
-5
-6
-5
-3
-8
-12
-8
-11
-12
-14
-16
-16
-13
-10
-15
-13
-14
-16
-18
-16
-16
-17
-14
-19
-17
-15
-14
-18
-22
-15
-17
-16
-11
-11
-13
-16
-18
-18
-10
-9
-12
-9
-5
-5
-3
-4
-6
-6
-8
-4
-7
-4
-3
-4
-3
-4
-6
0
-1
0
0
2
2
-1
0
3
0
1
4
3
4
3
5
7
6
4
5
8
3
4
9
6
10
10
9
12
12
14
11
14
12
9
13
12
9
13
10
11
8
10
8
10
7
8
8
6
11
11
11
7
8
9
11
13
13
11
7
8
8
10
8
11
12
5
3
8
4
4
3
2
6
1
3
2
5
2
2
1
2
3
2
-1
-3
-2
-4
-3
0
-4
-4
-2
-3
-4
-4
-1
-1
-1
-6
0
-1
2
1
2
5
2
0
1
3
-1
6
1
0
0
-3
-1
-2
-2
-2
0
-3
-6
-5
-7
-2
-2
-3
-6
-4
-4
-6
-4
-4
-7
-5
-5
-6
-6
-9
-5
-6
-7
-5
-5
-6
-6
-8
-6
-6
-4
-2
-5
-5
-6
-6
-6
-7
-6
-8
-9
-11
-11
-8
-9
-8
-8
-12
-11
-12
-11
-12
-9
-9
-9
-11
-11
-13
-12
-14
-13
-10
-10
-7
-8
-9
-7
-6
-6
-8
-7
-5
-4
-2
0
1
-2
-1
-2
0
2
3
5
5
0
2
5
4
7
5
8
8
8
8
10
12
11
10
11
11
9
6
8
10
13
12
9
11
9
9
11
15
14
12
13
17
12
12
15
13
10
8
13
15
12
9
11
7
8
8
6
10
8
7
9
9
6
10
10
8
7
5
1
4
3
2
3
0
0
-3
-1
-3
-2
-2
-1
-1
1
2
7
2
1
1
-1
3
4
3
2
-1
-1
-4
1
2
4
3
2
-2
2
2
-1
2
-1
4
-2
-3
-7
-5
-6
-6
-4
-9
-10
-9
-7
-7
-4
-10
-12
-11
-11
-11
-10
-9
-13
-10
-10
-14
-16
-13
-14
-15
-14
-16
-16
-14
-11
-15
-15
-13
-15
-11
-13
-13
-12
-14
-13
-12
-13
-12
-11
-12
-15
-12
-13
-11
-9
-10
-9
-8
-5
-7
-4
-6
-8
-4
-6
-5
-2
-2
-4
1
4
1
3
1
-2
1
-1
0
1
4
5
3
6
6
6
9
4
9
9
8
11
6
7
9
8
8
14
15
13
17
15
18
18
16
21
17
18
15
19
18
17
18
15
18
18
21
18
18
19
15
16
18
18
18
17
16
19
14
16
15
15
15
13
10
10
9
9
15
9
7
9
5
4
2
4
3
3
2
0
-2
-2
-3
-6
-4
-5
-8
-7
-12
-10
-11
-17
-15
-15
-18
-13
-10
