1.67507 0.518321 0.295918 0.242259 0.153141 -0.0779067 -0.239583 -0.212178 -0.166718 -0.10426 0.032031 -0.0135207 
1.74289 0.527657 0.283293 0.24706 0.178067 -0.0742402 -0.257669 -0.221452 -0.193654 -0.121775 0.0454562 -0.00819015 
1.9866 0.506422 0.304002 0.220833 0.214697 -0.0665993 -0.269949 -0.236964 -0.195488 -0.103209 0.0235835 -0.0205632 
1.80519 0.565179 0.321363 0.234652 0.18608 -0.0888812 -0.266787 -0.213642 -0.215933 -0.142053 0.0278236 0.00233204 
1.65061 0.56684 0.31037 0.241741 0.168221 -0.0945708 -0.267172 -0.216955 -0.19035 -0.132702 0.0307668 0.0057447 


1.51035 0.200973 0.165571 0.193192 0.165878 0.296087 0.380439 0.143693 0.0137869 -0.00210305 -0.0178954 -0.026577 
1.60664 0.199166 0.185943 0.147482 0.154896 0.270154 0.36814 0.192012 -0.00507673 0.0186603 -0.00466681 -0.0258947 
1.8203 0.148951 0.187027 0.223592 0.143706 0.247843 0.379355 0.203735 0.0422846 -0.0100921 -0.0174272 -0.0186663 
1.72824 0.176287 0.173144 0.178599 0.129714 0.274514 0.401762 0.223269 0.0179635 0.00609981 0.0232265 -0.0163803 
1.50753 0.2497 0.126834 0.199881 0.139352 0.250425 0.376673 0.244933 0.0424774 -0.0031822 0.0297044 -0.0171264 


1.4121 0.182497 0.0331831 0.277726 0.332731 0.329441 0.415801 0.317172 0.0556923 -0.0769903 0.0458247 0.114645 
1.3932 0.142853 0.0344006 0.286775 0.347268 0.352087 0.39872 0.306419 0.061964 -0.0754827 0.0499273 0.122566 
1.33459 0.0950848 0.0188258 0.331907 0.377177 0.341327 0.41783 0.310141 0.0190515 -0.0720664 0.0766382 0.142275 
1.29296 0.121178 0.0299021 0.303578 0.369228 0.360967 0.414936 0.296176 0.0203106 -0.0786301 0.0639435 0.137313 
1.33079 0.107023 0.00135898 0.287303 0.367845 0.369523 0.428394 0.297092 -4.39027e-005 -0.0889502 0.0712578 0.137954 


1.56281 0.695384 0.488621 0.483262 0.442212 0.167114 -0.0716985 -0.0868943 -0.0135104 -0.024971 0.00579942 -0.0567027 
1.65605 0.656428 0.457713 0.479985 0.476651 0.198081 -0.0647172 -0.0398266 0.0420985 -0.024341 0.00853367 -0.0298054 
1.48144 0.662715 0.488902 0.458896 0.413112 0.18298 -0.00931728 -0.00760196 -0.00765975 0.000826988 0.0256775 -0.0295465 
1.50323 0.652812 0.51401 0.496411 0.466695 0.187045 -0.0416012 -0.010871 0.00377317 0.0336745 0.00243521 -0.0590277 
1.52376 0.676941 0.489587 0.464604 0.448498 0.184253 -0.049552 -0.0253411 0.0204584 0.0100272 0.0140523 -0.0448909 


1.30363 0.708348 0.510844 0.404469 0.298349 0.214121 0.159454 0.104061 0.0612552 0.0545441 0.106059 0.0417269 
1.25314 0.677758 0.484187 0.381807 0.289866 0.206053 0.156763 0.117059 0.0871191 0.074851 0.0933851 0.0486822 
1.23934 0.66689 0.491485 0.398725 0.29253 0.201218 0.167002 0.141478 0.0979411 0.073535 0.106461 0.0582918 
1.289 0.706314 0.525604 0.419658 0.30649 0.210629 0.161755 0.120659 0.079597 0.0655074 0.111577 0.0505504 
1.27924 0.706225 0.527231 0.410822 0.296718 0.212153 0.166854 0.125323 0.0789305 0.0621888 0.109726 0.0469601 


