-47
-33
-33
-50
-37
-31
-24
-24
-20
-18
-25
-17
-8
-5
-7
-10
-19
-18
-14
-17
-18
-7
-20
-32
-12
-8
-7
-1
0
9
7
6
-1
-6
-15
-11
-5
-7
-13
-16
-9
-3
-1
10
6
2
2
-4
6
1
-3
1
-3
-6
4
24
11
5
16
1
16
38
35
36
31
20
22
20
36
19
5
20
17
13
28
32
21
18
18
32
29
22
35
29
33
37
38
35
23
14
14
12
23
15
28
38
28
30
23
33
26
29
22
21
17
17
36
21
34
32
43
11
-11
3
6
13
12
14
9
6
7
4
1
2
-3
-8
-15
-13
-17
-11
-8
-2
7
17
14
16
10
6
-8
-18
-10
-13
-12
-9
-13
-6
-16
-26
-19
-12
-10
-9
-11
-4
2
-8
-17
-16
-24
-41
-41
-45
-36
-39
-32
-33
-34
-47
-39
-36
-37
-20
-19
-22
-25
-38
-38
-34
-37
-31
-31
-21
-32
-33
-24
-28
-22
-20
-16
-15
-10
-15
-20
-26
-21
-17
-37
-31
-22
-21
-19
-10
-9
-7
-11
-24
-19
3
5
6
17
13
15
24
32
29
19
25
15
17
22
6
-1
-12
-5
5
10
15
9
11
3
12
7
10
-3
-1
7
-6
4
0
2
16
2
-3
2
5
8
7
15
3
28
35
28
45
36
31
29
22
20
21
31
35
38
32
43
33
26
21
8
29
41
52
52
61
49
49
45
45
33
23
28
14
2
11
17
27
25
21
16
20
8
2
18
13
7
0
3
-11
-7
-11
-12
-16
-2
-13
-21
-3
0
-6
-7
-13
-15
-11
-14
-13
-21
-23
-21
-16
-24
-28
-13
-16
-29
-29
-25
-19
-24
-20
-20
-25
-26
-23
-14
-30
-34
-39
-32
-32
-28
-26
-27
-23
-21
-17
-16
-8
-12
-4
-8
-9
-10
-11
-3
-11
-14
-22
-18
-18
-10
-7
-16
-18
-8
-17
-7
13
-2
2
-10
-4
-7
-4
5
-10
-7
-20
-17
-19
-13
-27
-24
-24
-29
-20
-4
-23
-20
-8
-24
-13
-8
2
-3
1
2
4
-4
-4
-10
-9
-4
11
17
6
1
-14
-2
2
2
14
4
16
22
8
14
8
16
11
18
12
3
11
-1
2
9
21
25
41
27
13
18
25
23
22
18
18
19
31
46
48
48
45
35
41
47
35
43
32
29
31
38
34
25
31
36
33
22
13
30
24
19
18
8
19
11
8
6
3
-3
10
8
9
-1
-7
-25
-36
-18
-16
-13
-8
4
1
-1
8
8
13
-1
-4
-6
-10
4
-4
-10
-6
-12
-4
-13
0
14
14
10
-5
-6
7
6
-2
-21
-12
-1
-18
-10
-14
-21
-29
-32
-35
-31
-33
-20
-16
-38
-31
-32
-21
-31
-26
-35
-35
-49
-56
-36
-46
-50
-49
-46
-49
-39
-44
-37
-38
-42
-35
-19
-9
-17
-22
-13
-13
-17
-7
-9
-6
-9
-7
5
-6
3
18
13
5
5
6
-3
-3
-16
-9
-2
2
0
-10
-4
0
-5
4
0
-11
2
3
-5
22
24
24
21
21
27
13
15
19
27
14
11
11
11
15
12
4
1
8
3
30
32
27
27
20
19
30
25
25
32
13
17
16
23
27
22
19
11
23
22
47
46
26
30
33
44
43
43
22
27
26
22
13
15
22
6
8
24
37
24
21
15
21
19
41
31
15
13
-11
-5
-3
11
14
14
17
5
-4
-1
8
9
-9
-12
-13
-10
-19
-17
-28
-30
-29
-26
-17
-19
-20
-14
-21
-28
-14
-22
-12
-16
-18
-19
-15
-20
-22
-15
-7
-13
-28
-7
-14
-20
-25
-22
-7
-10
-9
-11
-13
-22
-20
-22
-30
-21
-30
-40
-36
-44
-38
-34
-30
-27
-31
-27
-31
-24
-27
-25
-32
-32
-29
-20
-15
-20
-6
-13
-13
-13
-15
-8
-24
-11
-7
-22
-17
-14
-17
-17
5
-1
0
4
2
-2
0
-7
-2
-6
0
9
15
15
21
8
-4
-3
-4
-3
0
15
1
10
10
10
19
17
20
16
14
15
10
18
14
17
26
23
30
29
20
18
33
40
37
37
21
24
27
38
34
38
30
34
39
43
46
27
11
31
36
18
13
16
21
27
35
31
35
29
34
10
13
20
15
16
20
20
4
16
11
8
14
6
-7
-4
5
5
1
2
0
-18
-9
-10
-6
-2
-8
0
6
9
-7
0
5
-3
-1
-4
-2
-5
7
2
0
-10
-22
-26
-26
-17
-21
-18
-20
-17
-6
-9
-16
-16
-26
-32
-17
-20
-23
-31
-28
-32
-44
-35
-32
-36
-44
-33
-17
-23
-29
-12
-17
-15
-18
-19
-21
-29
-16
-25
-38
-33
-28
-36
-28
-20
-31
-47
-40
-25
-14
-15
-11
-16
-12
-9
-7
-10
-18
-10
-13
-17
-18
-13
-30
-19
-13
0
5
13
-7
-16
-6
3
25
21
28
23
17
19
14
9
18
25
22
23
27
31
28
28
14
14
33
32
31
30
12
20
21
22
27
10
5
4
6
9
1
2
14
11
11
10
1
9
5
-8
15
14
15
12
23
27
31
41
37
31
25
20
18
25
23
23
28
42
30
28
21
24
28
22
15
15
20
15
11
17
19
29
30
22
25
19
3
2
1
-7
-4
-7
-18
-1
15
19
21
8
-1
-3
-6
-27
-31
-23
-18
-9
-3
-22
-17
-22
-25
-22
-28
-32
-34
-33
-39
-27
-29
-24
-20
-20
-19
-13
-18
-19
-25
-21
-21
-27
-35
-29
-26
-23
-11
-20
-28
-27
-20
-22
-15
-18
-22
-21
-16
-16
-25
-11
-7
-13
-12
-8
-7
-13
-7
-14
-19
-19
-16
-12
-11
-7
-13
-7
-7
-5
-2
-1
5
6
-1
1
5
5
11
-5
4
-4
-12
-5
-12
-7
2
3
1
5
6
0
4
7
-9
-3
-1
-4
-12
-4
5
7
1
17
7
1
0
-12
2
2
13
24
24
29
25
31
27
17
12
7
5
16
19
8
15
23
17
6
9
15
14
6
19
20
10
32
28
17
17
28
21
20
29
29
27
20
11
9
28
20
31
29
23
23
29
23
24
24
33
31
33
40
27
42
21
24
13
15
16
10
4
-3
-6
-4
0
0
14
13
12
19
11
-8
-4
3
-10
-12
-7
-15
-22
-20
-19
-12
-5
-28
-27
-29
-24
-36
-48
-33
-24
-16
-18
-16
-21
-25
-21
-26
-33
-44
-40
-52
-48
-38
-39
-14
-8
-8
-5
-4
-18
-21
-25
-12
-22
-34
-28
-37
-17
-15
-10
0
-6
-18
-27
-14
-13
-18
-9
-10
-17
-15
-17
-13
0
1
7
7
-2
-1
-4
-4
-11
-6
-17
-21
-21
-20
6
-5
-9
-12
-5
-4
-3
-6
-21
-17
-19
-27
-22
-28
-23
-13
-12
-5
-10
-7
10
-6
-25
-6
-7
-12
-1
-2
4
11
8
15
18
18
21
19
30
38
38
41
43
47
44
45
42
48
52
60
60
64
66
49
61
59
57
61
54
51
43
44
40
41
49
27
12
11
3
6
11
21
22
18
27
33
30
19
2
18
4
-9
-10
-22
-16
-9
-12
-9
-11
-19
-11
-32
-32
-27
-32
-21
-20
-12
-8
-9
-8
-2
-17
-11
-9
-27
-26
-32
-39
-31
-32
-23
-24
-13
-7
-5
-2
-1
0
-6
-10
-4
-6
-23
-19
-10
-17
-10
-1
-13
-8
-13
-19
-6
-16
-3
-4
-9
0
8
-3
-10
-4
4
-4
-16
4
-12
-16
-11
-9
-1
-21
-14
-30
-34
-25
-25
-36
-32
-15
-35
-35
-31
-34
-26
-24
-30
-21
-15
-6
-28
-34
-23
-13
-16
-19
2
-12
-1
2
1
10
-2
-7
-7
-16
4
-3
-7
3
13
20
3
11
26
20
5
7
-4
-9
6
15
21
19
10
15
14
13
21
14
13
8
5
12
-4
2
15
29
41
46
22
28
35
27
40
29
23
21
30
17
5
18
16
27
29
31
42
33
45
39
34
32
37
39
20
13
1
13
4
12
22
17
32
16
20
20
16
1
1
6
12
0
4
11
10
25
18
16
18
-1
-16
-16
-11
-12
-11
-1
-3
-5
-1
-6
4
-6
-7
-2
-20
-15
4
-8
-20
-34
-29
-20
-33
-24
-22
-36
-42
-33
-42
-43
-42
-45
-38
-31
-31
-16
-8
1
8
5
6
5
1
-19
-16
-12
-23
-21
-24
-28
-29
-35
-30
-22
-15
-17
-15
-21
-20
-15
-13
-19
-9
-20
-3
1
6
2
-8
-11
-20
-22
-28
-16
-30
-28
-21
-10
-21
-27
-10
-2
-13
4
10
1
7
3
2
-9
-7
-9
-2
4
6
4
-18
-12
-1
-1
-4
5
21
8
14
3
1
21
10
7
-5
-3
-8
-1
6
3
-3
3
13
26
25
15
12
12
19
8
11
31
44
17
13
22
31
55
41
43
41
33
39
32
30
50
62
57
45
37
47
55
58
50
58
49
36
32
33
30
23
24
28
35
28
34
36
13
-2
-5
-1
-12
-12
-14
1
8
10
-1
-13
-9
-6
-11
-26
-20
-12
-17
-30
-46
-51
-43
-30
-44
-58
-39
-56
-55
-43
-46
-40
-24
-34
-33
-34
-26
-39
-48
-40
-53
-51
-46
-31
-39
-55
-56
-48
-52
-40
-25
-12
-9
2
27
44
46
54
69
52
57
55
49
50
40
20
23
5
-14
-34
-35
-34
-30
-3
30
46
88
129
178
229
266
280
272
248
201
128
38
-32
-101
-171
-260
-326
-353
-357
-301
-283
-250
-209
-167
-122
-121
-111
-95
-82
-72
-96
-104
-99
-98
-103
-132
-143
-151
-180
-225
-237
-250
-245
-237
-207
-180
-139
-95
-72
-55
-28
31
87
146
208
284
370
431
457
469
465
462
464
434
385
362
369
454
672
946
1102
1037
867
645
403
77
-281
-524
-681
-811
-888
-776
-485
-188
-66
46
235
387
355
83
-136
-213
-241
-299
-390
-355
-202
-59
-21
-61
-160
-303
-577
-858
-1034
-1141
-1190
-1230
-1117
-739
-252
183
569
913
1229
1375
1313
1070
745
424
30
-318
-605
-734
-720
-678
-530
-261
-6
105
98
64
96
58
-65
-161
-123
41
235
481
724
926
1048
976
812
564
199
-224
-683
-1047
-1252
-1272
-1125
-917
-606
-190
198
540
836
1031
1118
1063
887
790
929
1207
1506
1826
2019
1975
1618
1007
370
-301
-1125
-1961
-2554
-2794
-2743
-2598
-2193
-1426
-559
180
689
1087
1313
1169
780
386
39
-257
-536
-727
-787
-686
-571
-640
-793
-879
-863
-918
-1145
-1430
-1606
-1633
-1486
-1162
-704
-149
440
901
1184
1359
1446
1346
980
532
214
135
-74
-398
-464
-263
9
125
94
77
-44
-227
-479
-868
-1082
-1151
-1044
-742
-181
568
1290
1781
2147
2400
2486
2274
1755
1096
402
-105
-476
-595
-61
1278
2818
3659
3756
3606
3434
2804
1346
-175
-1021
-1740
-2969
-3869
-3453
-2043
-1079
-888
-277
1078
2027
1506
208
-449
-441
-818
-1730
-2374
-1932
-1079
-698
-570
-235
154
17
-842
-1753
-2153
-2432
-2967
-3675
-3670
-2889
-1825
-908
-148
705
1781
2599
2861
2626
2042
1575
1060
350
-285
-560
-467
-406
-431
-327
-16
109
-166
-661
-916
-946
-1054
-1352
-1609
-1305
-488
451
1200
1828
2434
2981
3228
3070
2519
1776
831
-329
-1347
-1976
-2223
-2085
-1064
1442
4721
6855
7068
6631
6270
5223
2693
-315
-2137
-3272
-5036
-6840
-6349
-3605
-1481
-1221
-874
1304
3368
2711
6
-1700
-1390
-1165
-2222
-3024
-1800
398
1546
1604
1802
2113
1425
-716
-2970
-4189
-5016
-6414
-7896
-7697
-5742
-3220
-1154
618
2562
4391
5318
5076
3949
2406
839
-533
-1636
-2249
-2387
-1900
-1031
-56
1071
1907
2022
1061
-251
-1299
-2120
-3004
-3734
-3863
-3041
-1288
844
2952
4564
5701
6283
6293
5540
4110
2314
425
-1071
-2201
-2882
-3037
-2588
-693
2771
6564
8850
8760
7826
7125
5403
2046
-1562
-3495
-4254
-5879
-7601
-6362
-2426
250
70
-8
2549
4950
3118
-1517
-4073
-3433
-3120
-4880
-5813
-3632
108
1907
1928
2611
3831
3354
477
-2454
-3581
-4154
-6097
-8378
-8329
-5574
-2406
-368
1314
3402
5262
5654
4578
3037
1353
-490
-2279
-3304
-3320
-2416
-1143
154
1641
3086
4051
3799
2264
380
-1269
-2784
-4353
-5461
-5564
-4464
-2451
106
2796
4820
5881
6272
6140
5415
3840
1643
-321
-1481
-2048
-2704
-3407
-3177
-977
2720
6234
8174
8314
7813
6821
4816
1960
-540
-2032
-3538
-5479
-6665
-5166
-2144
-456
-769
-481
1941
3781
2091
-1862
-4131
-3653
-3089
-4293
-5155
-3471
-371
1564
2046
2638
3535
2991
354
-2619
-3997
-4593
-6101
-8255
-8795
-6546
-3235
-909
427
1956
3922
5051
4362
2608
1010
-287
-1515
-2727
-2912
-1663
185
1696
2612
3734
4898
4935
3224
665
-1410
-2670
-3816
-4963
-5484
-4837
-2947
-761
1340
3357
5055
6074
6278
5733
4450
2697
738
-1039
-2361
-3063
-3135
-2441
-679
1600
3886
6598
9568
11251
10149
7184
4536
2749
-117
-4199
-7061
-7151
-5956
-5932
-5827
-3295
771
2782
1855
823
1688
1903
-806
-4501
-5213
-2931
-1239
-1615
-1271
1680
4853
5173
2861
958
-151
-2332
-6047
-9421
-10482
-9588
-8678
-7496
-4576
-61
4029
6047
6435
6394
6153
4708
1659
-1738
-3962
-4630
-4330
-3339
-1510
1047
3682
5412
5730
5020
3596
1366
-1495
-4423
-6358
-6945
-6556
-5585
-3800
-1097
2332
5552
7457
8076
7988
7309
5864
3581
833
-1608
-3360
-4405
-4705
-4373
-3614
-2189
-387
1544
3584
6274
9428
10969
9448
6663
4980
4321
2216
-1715
-4119
-3796
-3152
-4363
-5611
-3982
-1001
-914
-3485
-4555
-2486
-987
-3364
-6538
-5561
-1335
1557
1297
1271
3915
6543
6087
3047
453
-1106
-3742
-7632
-10443
-10389
-8602
-7449
-6574
-4053
-126
3119
4045
3377
2935
2737
1840
-105
-1777
-1832
-708
698
1899
3341
5096
6048
5357
3548
1719
-84
-2523
-5375
-7558
-8143
-7323
-5893
-3899
-1264
1953
5070
7261
8326
8486
8013
6853
5086
2987
981
-683
-1681
-2357
-2869
-3412
-3691
-3079
-1538
562
2926
5937
9318
11275
10698
8816
7734
7155
4495
251
-2696
-3085
-3391
-5657
-7578
-6345
-3621
-2880
-4439
-5066
-2914
-1427
-3223
-5448
-4313
-552
1755
1089
1142
4009
6603
5692
2170
-607
-2007
-4094
-7408
-10061
-10083
-8621
-7873
-7179
-4862
-1256
1302
1607
1016
1348
2367
2531
1491
602
1196
2799
4205
4711
4822
4905
4417
3090
1005
-1174
-3215
-5271
-7085
-7824
-7036
-5112
-3017
-1075
1059
3622
6030
7391
7482
6611
5709
5052
4286
3267
1970
714
-420
-1617
-2784
-3920
-4844
-5146
-4409
-2313
624
4202
8035
11029
12424
12193
11087
9679
7075
3003
-967
-3831
-5663
-7651
-9473
-8917
-6820
-5411
-4909
-4460
-2896
-1346
-1858
-3202
-3027
-893
1419
1605
1545
3121
5052
5136
2663
-141
-1928
-3856
-6523
-9193
-10187
-9323
-8207
-7162
-5561
-2939
-219
1037
1109
1516
2468
3149
2704
1812
2044
3302
4373
4322
3757
3585
3428
2501
556
-1470
-2719
-3859
-4969
-5482
-4822
-3294
-1891
-736
701
3072
5314
6143
5924
5566
5497
5205
4300
3061
2024
1161
205
-910
-1920
-2728
-3561
-3787
-2956
-992
1811
5234
9139
12252
13293
12289
10461
8507
5358
784
-3291
-5502
-6752
-8556
-9890
-8506
-5180
-2938
-2739
-2736
-1209
154
-1042
-3698
-4321
-2258
-291
-183
-102
2170
5118
5707
3388
644
-1171
-3200
-6248
-9501
-10904
-10211
-9303
-8299
-6380
-3351
-76
1822
2419
2987
3882
4273
3268
1504
554
1021
1889
1859
1425
1835
2754
3265
2562
1269
239
-994
-2565
-3985
-4607
-4344
-3763
-3019
-1662
869
3854
5915
6564
6139
5771
5489
4601
3159
1492
206
-809
-1975
-2905
-3405
-3593
-3359
-2332
27
3294
6862
10263
12734
13231
11649
9072
6491
3465
-502
-4225
-6421
-7115
-7706
-8234
-7100
-4380
-2310
-2165
-2745
-2259
-1624
-2823
-5294
-5927
-3390
-328
959
1739
3788
6343
6833
4213
780
-1963
-4647
-8027
-11299
-12583
-11338
-9425
-7710
-5205
-1482
2430
4732
5285
5237
5228
4532
2598
379
-894
-659
79
307
832
2243
3814
4374
3353
1660
436
-927
-2834
-4732
-5328
-4504
-3282
-1767
375
3339
6069
7197
6965
6228
5562
4567
2819
1163
85
-417
-863
-1551
-1935
-1837
-1776
-1807
-1527
-335
1901
4475
7272
10204
12232
12135
10294
8037
6161
3778
168
-3224
-5249
-6440
-7578
-8242
-7530
-5834
-5033
-5363
-5490
-4385
-3289
-3872
-4751
-3521
-162
2757
3623
4022
5386
6579
5514
2167
-1337
-4000
-6520
-9338
-11317
-11397
-9883
-8015
-5975
-3127
158
2611
3365
2977
2707
2523
1670
304
-639
-273
932
1804
2490
3534
4568
5009
4247
2677
1221
-329
-2481
-4634
-5748
-5554
-4845
-3995
-2542
-7
2846
4833
5695
5901
5969
5780
5012
3985
3165
2499
1664
577
-481
-1362
-2242
-3233
-4031
-3889
-2408
-158
2391
5624
9552
12772
13611
12042
10067
8579
6233
2027
-2565
-5553
-6966
-8574
-10415
-10323
-8189
-6306
-6068
-6081
-4268
-1884
-1548
-2678
-2347
463
3529
4329
3694
4159
5575
5408
2415
-1454
-4304
-6353
-8784
-11060
-11556
-10083
-8058
-6426
-4508
-1728
1216
2783
2609
2147
2382
3004
2875
1776
1026
1365
2331
3060
3285
3296
3390
3209
2477
1411
-124
-1902
-3676
-4958
-5378
-4912
-3700
-2340
-639
1356
3616
5747
6979
7287
7164
7060
7118
6695
5196
2901
556
-1237
-2768
-4345
-5710
-6375
-5856
-4136
-1480
2029
5995
10149
13434
14703
13982
12155
9931
6833
2386
-2371
-5600
-7325
-8953
-10822
-11294
-9319
-6739
-5597
-5558
-4589
-2220
-760
-1220
-1518
322
3353
4859
4289
4114
5016
5011
2470
-1625
-4681
-6281
-8126
-10326
-11405
-10479
-8432
-6793
-5355
-3304
-585
1430
1827
1534
1880
2895
3334
2588
1620
1497
2188
2674
2548
2305
2172
2082
1616
455
-790
-1962
-3046
-3896
-4346
-3878
-2949
-1871
-619
849
2926
4990
6499
7259
7404
7470
7491
6993
5589
3405
1112
-848
-2644
-4437
-6091
-6762
-6316
-4758
-2088
1525
5848
10141
13450
15028
14555
12615
10120
6877
2570
-2107
-5803
-8107
-9868
-11381
-11609
-9863
-7482
-6005
-5301
-3928
-1513
138
30
-294
1148
3636
4684
3793
2875
3174
3187
1025
-2587
-5494
-6897
-8098
-9623
-10465
-9507
-7348
-5641
-4553
-3021
-899
765
1067
484
636
1674
2398
2193
1436
1581
2798
3602
3417
2871
2639
2697
2272
877
-728
-1790
-2356
-3027
-3449
-3084
-2223
-1141
-186
1074
3047
4993
6183
6533
6794
7404
7885
7432
5904
3854
1594
-598
-2744
-4664
-5957
-6525
-6225
-5023
-2798
512
4445
8629
12710
15366
15728
13994
11143
7869
3703
-1257
-5798
-8787
-10306
-11516
-12083
-10677
-7807
-5170
-3597
-2198
-97
1686
1622
361
123
1535
2685
1956
551
567
1654
1527
-694
-3333
-4995
-5976
-7383
-8937
-9360
-8645
-7886
-7603
-6719
-4477
-2021
-639
-134
782
2468
4028
4523
3781
3139
3245
3385
2892
2148
1521
1110
794
294
-288
-814
-1415
-2022
-2441
-2321
-1970
-1651
-1180
-168
1721
3677
5053
6207
7211
7938
8187
7666
6271
4124
1552
-986
-3155
-4825
-6176
-6989
-6804
-5568
-3468
-541
3220
7384
11152
13963
15223
14675
12397
8838
4990
1115
-2682
-6149
-8804
-10192
-10481
-10041
-8655
-6573
-4551
-2945
-1925
-805
191
454
190
84
789
1567
1585
1024
767
953
599
-927
-2752
-4228
-5367
-6542
-7868
-8731
-8799
-8514
-7986
-6664
-4685
-2583
-983
275
1838
3567
4853
5094
4266
3275
2676
2202
1580
964
491
119
164
387
497
632
577
384
252
281
440
432
335
628
1381
2525
3741
4634
5365
6064
6671
6626
5506
3592
1304
-835
-2715
-4262
-5261
-5437
-4663
-3260
-1415
1024
3848
7042
10258
13017
14455
13848
11376
8079
4726
1241
-2200
-5305
-7717
-9395
-10312
-10183
-8803
-6946
-5521
-4210
-2312
-170
1096
714
4
140
653
437
-688
-1520
-1238
-678
-854
-1626
-2293
-2585
-3350
-4712
-5950
-6905
-7953
-9018
-9251
-8048
-5931
-3898
-2525
-973
1276
3754
5222
5035
4130
3323
2782
2130
1066
-19
-633
-452
384
1511
2544
3171
3485
3613
3522
3051
1901
109
-1617
-2402
-2116
-1294
-267
970
2580
4506
6166
7126
6816
5454
3400
1247
-555
-2097
-3340
-4219
-4103
-2990
-1420
164
2297
5308
9115
12575
13758
12511
10043
7457
4520
882
-2606
-5195
-7201
-9040
-10323
-9967
-7790
-5650
-4717
-3705
-1303
1428
2076
260
-1255
-1009
-385
-1198
-3102
-3787
-2406
-878
-471
-865
-1032
-890
-1653
-3426
-5135
-6441
-7713
-8985
-9110
-7621
-5281
-3202
-1840
-152
2293
4357
5025
4181
2776
2004
1655
1073
250
-352
1
1367
3242
4809
5715
5988
5831
5459
4474
2773
322
-2284
-4199
-4995
-4753
-3734
-2175
-116
2293
4947
7357
8802
8742
7326
5303
3436
1647
-407
-2639
-4410
-4801
-4071
-3055
-2026
-306
2924
7379
11465
13370
12656
10715
8718
6304
2884
-827
-3819
-6268
-8598
-10349
-10189
-8101
-6032
-5103
-4129
-1702
1031
1488
-765
-2870
-2949
-2087
-2483
-4043
-4374
-2556
-51
1038
912
723
656
-460
-2701
-4822
-6582
-8184
-9608
-10001
-8615
-6102
-3932
-2562
-1373
656
2702
3516
3099
2014
1357
1337
1463
1528
1804
2677
4287
6065
7391
7903
7295
5793
3960
1859
-523
-3176
-5633
-7191
-7381
-6043
-3719
-1036
1632
4299
7097
9557
10751
10176
8121
5771
3581
1296
-1115
-3452
-5173
-5676
-5287
-4580
-3588
-1904
980
5156
9838
12963
13293
11876
10170
8059
5001
1253
-2118
-4680
-7168
-9404
-10136
-8603
-6418
-5586
-5249
-3407
-510
696
-1260
-3880
-4088
-2547
-1905
-3114
-3919
-2112
861
2507
2230
1603
1429
559
-1870
-4519
-6451
-8014
-9413
-10236
-9192
-6512
-4097
-2956
-2216
-688
1608
3065
2910
2063
1791
2373
3182
3544
3712
4319
5382
6653
7525
7437
6354
4474
2383
420
-1613
-3822
-5871
-7194
-7233
-5860
-3291
-391
2204
4726
7218
9508
11037
10887
8947
6404
4025
1823
-416
-2780
-4905
-6102
-6053
-5251
-4324
-3164
-1492
1511
5853
10456
13267
13327
11787
10017
8189
5605
1909
-1845
-4865
-7534
-9668
-10403
-9190
-7496
-6745
-6154
-4243
-1372
-64
-1647
-3714
-3791
-2249
-1721
-3051
-3905
-2334
693
2329
1935
1345
1277
516
-1487
-4239
-6397
-7628
-8889
-9982
-9624
-7753
-5565
-4154
-3231
-1598
894
2978
3591
3398
3354
4049
4889
5052
4903
5230
6171
7081
7359
6675
5286
3490
1529
-665
-3019
-5336
-7176
-8020
-7687
-5857
-3013
294
3553
6493
9062
11108
11928
11033
8827
6093
3508
831
-1878
-4531
-6521
-7227
-6836
-6045
-5265
-3939
-1243
3125
8256
12346
13839
13229
11998
10534
8295
4721
672
-2820
-5975
-8931
-10815
-10501
-8744
-7506
-7121
-5757
-2721
-57
-268
-2570
-3683
-2706
-1537
-2221
-3668
-2976
-141
2334
2977
2661
2576
2185
446
-2388
-4976
-6815
-8573
-10235
-10778
-9574
-7444
-5755
-4448
-2589
28
2648
4334
4994
5363
5823
6289
6332
5847
5416
5447
5903
6268
6021
5029
3367
1520
-396
-2516
-4615
-6472
-7530
-7551
-6302
-3854
-705
2526
5487
8112
10385
11883
11883
10366
7976
5331
2357
-778
-4015
-6737
-8260
-8699
-8426
-7483
-5885
-3242
690
5667
10757
14120
14967
13974
12223
10089
6907
2722
-1530
-5402
-8792
-11224
-11773
-10399
-8657
-7746
-6578
-3974
-825
499
-834
-2521
-2468
-1518
-1531
-2691
-3021
-1273
1008
2240
2420
2417
2223
862
-1661
-4249
-6289
-8136
-10109
-11426
-10976
-9004
-6725
-4805
-2735
-136
2787
5135
6339
6788
6887
6707
6202
5511
4779
4274
4061
4240
4373
4006
3156
2007
721
-720
-2232
-3841
-5230
-6048
-5920
-4612
-2417
259
3144
5760
8305
10567
11628
11185
9384
6805
3806
663
-2540
-5480
-7654
-8997
-9285
-8558
-6977
-4769
-2030
1632
6650
11907
15264
15719
14008
11875
9761
6427
1671
-3173
-6956
-9573
-11474
-12154
-10812
-8436
-6526
-4994
-2663
314
1875
665
-1854
-3043
-2534
-2247
-3246
-3863
-2395
710
3207
3952
3725
3270
2323
222
-2905
-6070
-8671
-10881
-12243
-12149
-10269
-7308
-4332
-1660
1118
4292
7152
8533
8063
6738
5643
5002
4115
2976
2374
2811
4245
5366
5455
4811
3949
2705
722
-1915
-4482
-6508
-7830
-8115
-6929
-4153
-395
3391
6578
9423
11716
12721
11882
9436
6141
2758
-450
-3745
-6770
-8905
-9774
-9301
-7947
-5921
-3241
327
4958
10022
14014
15546
14605
12263
9736
6766
2692
-1785
-5656
-8551
-10563
-11416
-10416
-8191
-6409
-5191
-3578
-1059
850
85
-2502
-4255
-4059
-3302
-3712
-4301
-2927
139
2879
4031
4008
3729
3014
896
-2350
-5617
-8302
-10518
-12101
-12329
-10659
-7701
-4572
-1896
710
3567
6145
7497
7138
5935
4882
4298
3715
2921
2509
3210
4818
6406
6937
6391
5347
3793
1618
-1107
-4030
-6535
-8355
-9088
-8123
-5460
-1777
1987
5437
8554
11189
12695
12256
9991
6875
3857
910
-2197
-5306
-7853
-9133
-9116
-8047
-6358
-4112
-1184
2646
7466
12353
15396
15480
13338
10683
8187
4805
342
-4176
-7710
-9973
-11324
-11261
-9371
-6910
-5216
-4056
-2061
442
1335
-449
-3033
-3905
-2959
-2442
-3219
-3401
-1480
1486
3444
3659
3243
2928
1711
-899
-3924
-6542
-8625
-10335
-11405
-10845
-8625
-5820
-3464
-1392
940
3683
5971
6755
6289
5675
5525
5606
5141
4395
4359
5289
6636
7121
6398
4987
3367
1442
-1039
-3779
-6216
-7993
-8895
-8582
-6721
-3525
175
3743
6843
9709
12130
13127
12145
9472
6222
3025
-345
-3965
-7320
-9806
-10837
-10382
-8977
-6761
-3728
114
5031
10493
14726
16134
14909
12375
9573
6279
1936
-2692
-6520
-9239
-11135
-11766
-10375
-7838
-5970
-4949
-3487
-1086
560
-460
-2942
-4110
-3256
-2071
-2302
-2857
-1378
1640
4064
4509
3783
3079
2056
-147
-3300
-6373
-8847
-10755
-11824
-11254
-9159
-6528
-4232
-2118
348
3017
5177
6265
6335
6193
6246
6329
6183
5535
4991
5195
6119
6989
6683
5126
3164
1341
-508
-2842
-5407
-7691
-8937
-8615
-7058
-4378
-887
2621
5911
8979
11561
13071
12818
10693
7478
4166
817
-2668
-6172
-9094
-10665
-10642
-9402
-7493
-4976
-1620
2902
8356
13298
15875
15630
13583
10994
7997
3843
-783
-4750
-7891
-10307
-11815
-11368
-8947
-6667
-5552
-4423
-2095
545
895
-1321
-3294
-3058
-1761
-1811
-3028
-2674
51
3065
4123
3584
3131
2869
1548
-1309
-4650
-7190
-9042
-10720
-11495
-10475
-8049
-5508
-3488
-1356
1533
4587
6700
7289
7135
7225
7424
7131
6054
4820
4273
4691
5463
5578
4696
3347
1832
294
-1596
-3836
-6013
-7699
-8379
-7716
-5645
-2583
902
4130
7150
10069
12349
12956
11496
8561
5238
1834
-1666
-5274
-8521
-10567
-11146
-10424
-8705
-6236
-3053
1037
5936
11103
14925
16031
14661
12029
9158
5643
1156
-3391
-7064
-9802
-11634
-12086
-10560
-8097
-6318
-5097
-3362
-719
1084
316
-1842
-2794
-2059
-1319
-1962
-2746
-1560
1154
3342
3717
3121
2759
2185
351
-2589
-5652
-7996
-9889
-11298
-11420
-10067
-7702
-5041
-2295
773
4064
6991
8703
9004
8651
8070
7293
6121
4375
2952
2735
3683
4749
4845
4035
2950
1935
641
-1437
-4077
-6448
-7799
-7861
-6673
-4371
-1142
2437
5744
8712
11354
12873
12523
10217
6788
3254
-225
-3768
-7136
-9808
-11120
-10910
-9578
-7408
-4311
-155
4845
10135
14271
16010
15343
12989
9837
6315
2120
-2311
-6268
-9456
-11585
-12193
-10933
-8655
-6781
-5413
-3440
-698
1318
1080
-738
-1854
-1495
-1045
-1765
-2823
-2189
200
2482
3424
3315
3089
2537
875
-1865
-5005
-7701
-10016
-11911
-12348
-10886
-8108
-5016
-2066
1210
4840
8106
9928
9862
8846
7771
6710
5307
3332
1504
891
1738
3131
3959
4018
3612
3224
2411
601
-1865
-4352
-6288
-7334
-7261
-5734
-3038
270
3550
6560
9558
11933
12694
11114
7902
4303
889
-2580
-6406
-9690
-11417
-11534
-10418
-8480
-5950
-2477
1679
6329
11236
14983
16293
14830
11658
8396
5014
794
-3753
-7791
-10532
-11926
-12284
-10879
-8343
-6182
-4418
-2411
151
2053
1550
-644
-2192
-2071
-1580
-2169
-2938
-1969
851
3561
4472
4159
3710
2793
776
-2469
-5984
-8915
-11329
-12835
-12859
-11063
-7714
-3820
2
3680
7139
9865
11040
10430
8768
6840
5070
3347
1285
-237
-146
1562
3803
5115
5339
5067
4657
3575
1213
-2130
-5294
-7525
-8590
-8240
-6424
-3283
488
4361
8057
11112
13030
12912
10600
7076
3285
-518
-4358
-7956
-10602
-11773
-11401
-9680
-7163
-4203
-652
3646
8595
13348
15849
15259
12592
9460
6557
2885
-1630
-5675
-8445
-10142
-10974
-10499
-8299
-5756
-4291
-3159
-1223
1052
1550
-563
-2994
-3475
-2411
-1971
-2768
-2802
-472
2933
5053
5224
4599
3820
2303
-499
-4245
-7777
-10436
-12305
-13201
-12242
-9411
-5468
-1445
2224
5584
8546
10417
10460
8854
6640
4856
3534
2000
315
-343
812
3234
5285
5930
5663
5197
4383
2438
-914
-4609
-7447
-8992
-9322
-8231
-5586
-1655
2628
6563
9826
12091
12940
11675
8425
4358
490
-3080
-6534
-9576
-11444
-11611
-10282
-8009
-5432
-2684
542
4717
9577
13727
15306
13891
11163
8572
5926
2132
-2303
-5949
-8415
-10044
-10973
-10331
-7949
-5729
-4585
-3325
-1047
1358
1475
-990
-3262
-3208
-1864
-1700
-2914
-2859
-324
2993
4766
4489
3809
3325
2037
-681
-4220
-7381
-9715
-11538
-12455
-11493
-8648
-4775
-920
2473
5749
8953
11021
10961
9066
6721
5027
3756
2056
184
-382
1095
3708
5589
6077
5809
5521
4722
2482
-1062
-4823
-7586
-9067
-9361
-8173
-5421
-1481
2738
6688
10010
12305
12955
11535
8346
4492
869
-2798
-6459
-9554
-11409
-11649
-10328
-8092
-5555
-2692
854
5446
10636
14659
15581
13491
10576
8065
5256
998
-3730
-7097
-8971
-10057
-10539
-9531
-6992
-4742
-3471
-2259
-349
1350
655
-2077
-4072
-3908
-2736
-2646
-3366
-2381
871
4256
5735
5348
4564
3838
2015
-1420
-5472
-8925
-11233
-12669
-13028
-11461
-8182
-3979
257
4008
7363
10141
11562
10933
8852
6473
4483
2590
519
-997
-804
1277
3816
5344
5710
5820
5634
4498
1767
-2129
-5938
-8564
-9771
-9668
-8074
-5150
-1112
3393
7471
10796
12866
12906
11051
7827
4047
184
-3721
-7483
-10456
-11976
-11789
-10215
-7851
-5343
-2621
901
5703
11110
14890
15308
13062
10404
8176
5305
980
-3564
-6707
-8492
-9753
-10245
-9152
-6687
-4684
-3752
-2602
-515
1121
113
-2673
-4318
-3659
-2509
-2635
-3270
-2025
1337
4588
5866
5572
5220
4688
2776
-751
-4883
-8519
-11333
-13313
-13799
-12185
-8826
-4654
-280
4118
8473
11866
13223
12328
10054
7483
5000
2338
-294
-1902
-1651
345
2793
4669
5615
6091
6159
5020
2393
-1570
-5787
-8914
-10427
-10234
-8605
-5801
-1866
2768
7512
11522
13739
13758
11897
8773
4992
868
-3572
-7778
-11176
-13129
-13127
-11485
-8905
-6007
-3391
-321
4062
9330
14027
15866
14488
11983
9711
7513
3834
-1312
-5342
-7259
-8214
-9144
-9632
-8226
-5536
-3975
-3434
-2541
-911
-143
-1956
-4795
-5697
-4289
-2433
-1887
-1652
702
4906
8251
8938
7693
6087
4048
548
-4322
-9159
-12641
-14757
-15617
-14532
-11197
-6130
-511
4245
8065
11157
12965
13026
10892
7284
3811
1089
-722
-1603
-1494
-139
2306
4861
6632
7272
6710
4878
1896
-2106
-6444
-9918
-11809
-11897
-10419
-7341
-2685
2830
8147
12181
14259
14539
13172
10243
5944
786
-4180
-8294
-11432
-13415
-13758
-12387
-9557
-6317
-3442
-396
3682
8506
12861
15118
14627
12639
10314
7913
4710
296
-3553
-5767
-6936
-7778
-8608
-7960
-5739
-4199
-3940
-3591
-2542
-1534
-2462
-5037
-6411
-5183
-2649
-1016
-310
1594
5294
8809
9955
8585
6326
3644
-12
-4729
-9590
-13196
-15139
-15582
-14129
-10585
-5447
72
4827
8637
11354
12777
12667
10573
6978
3178
202
-1341
-1725
-1338
-165
2038
5046
7512
8381
7507
5235
2217
-1412
-5701
-9645
-11943
-12328
-10876
-7907
-3494
2078
7600
11826
14106
14668
13610
10962
6863
1834
-3180
-7466
-10786
-12914
-13484
-12395
-9909
-6872
-3997
-1070
2494
6691
10824
13652
14138
12705
10533
8292
5691
1916
-2087
-4521
-5655
-6571
-7604
-7937
-6474
-4602
-4280
-4605
-4014
-2754
-2660
-4859
-7008
-6060
-2947
-399
418
1209
4242
8270
10213
9060
6294
3565
596
-3568
-8462
-12541
-14747
-15398
-14499
-11685
-7052
-1424
3681
7430
10220
12189
12909
11670
8097
3798
475
-1069
-1390
-1411
-925
776
3923
6968
8241
7586
5638
2963
-320
-4433
-8628
-11593
-12562
-11586
-9024
-4872
525
6197
10919
13842
14978
14504
12330
8351
3092
-2251
-6849
-10398
-12905
-14103
-13403
-11130
-8070
-4909
-2069
1205
5389
9914
13620
14844
13388
11102
9159
7117
3762
-548
-3571
-4917
-6000
-7475
-8379
-7348
-5468
-5128
-5732
-5090
-3092
-2122
-3900
-6235
-5622
-2142
959
1503
1383
3780
7885
10296
9274
6317
3552
774
-3095
-7856
-12089
-14336
-15056
-14668
-12275
-7721
-1924
3244
6655
9330
11791
13266
12601
9325
5146
2076
662
-51
-824
-1205
-169
2324
5194
6648
6357
4910
2757
270
-2871
-6503
-9618
-11235
-10920
-8762
-5271
-716
4236
8660
12066
13917
14093
12616
9360
4803
-232
-4985
-8953
-12029
-13995
-14327
-12945
-10076
-6669
-3485
-475
2689
6656
10965
14207
14989
13335
11097
9159
6866
3249
-1096
-4041
-5397
-6524
-7963
-8785
-7725
-6062
-5850
-5931
-4864
-2978
-2225
-3893
-5592
-4145
-661
1728
1900
1965
4652
8690
10430
8605
5057
1991
-719
-4523
-9203
-13001
-14719
-14864
-13627
-10764
-6162
-786
3757
6868
9268
11365
12577
11437
7764
3858
1533
701
201
-624
-877
611
3466
5943
6558
5689
3947
1796
-862
-4476
-8205
-10919
-11839
-10907
-8318
-4221
784
5796
10167
12994
14374
14218
12047
8246
3135
-2298
-6962
-10433
-13041
-14520
-14350
-12222
-8686
-4987
-1960
881
4471
8961
13084
15018
14331
12345
10514
8637
5556
1229
-2270
-3888
-4773
-6338
-7987
-7963
-6257
-5374
-5803
-5619
-4178
-2663
-3288
-5354
-5459
-2650
588
1845
1627
3257
7354
10599
10261
7047
3579
1002
-2133
-6673
-11378
-14207
-14791
-13993
-11926
-8375
-3461
1403
5112
7947
10284
11775
11647
9226
5727
3050
1767
1257
524
-182
373
2437
4982
6333
5903
4375
2421
236
-2727
-6478
-9895
-11688
-11323
-9274
-6104
-1972
2775
7504
11099
13125
13587
12570
9993
5869
798
-4102
-8055
-11199
-13602
-14619
-13662
-10980
-7520
-4520
-1842
1564
5784
10060
13472
14903
14308
12568
10381
7806
4346
328
-2689
-4287
-5526
-7131
-8412
-7799
-6046
-5255
-5329
-5017
-3726
-2663
-3572
-5243
-4683
-1870
830
1716
2077
4503
8362
10482
8914
5344
2234
-127
-3407
-8062
-12230
-14126
-13990
-12758
-10526
-7098
-2369
2264
5811
8391
10112
11106
10674
8329
5245
2910
1736
1197
556
98
790
2836
4946
5653
4825
3201
1345
-857
-3953
-7559
-10334
-11232
-10284
-8194
-5159
-957
3906
8423
11526
12942
13092
11942
9091
4682
-559
-5376
-9128
-12000
-14000
-14401
-12835
-9904
-6586
-3680
-643
3465
8201
12387
14898
15118
13771
11830
9439
6278
2301
-1197
-3095
-4477
-6119
-7660
-7854
-6244
-4978
-5337
-5496
-4273
-2662
-2690
-4620
-5364
-3106
189
1937
2010
3041
6376
9500
9566
6679
3430
1124
-1464
-5446
-9786
-12372
-12923
-12529
-11528
-9155
-4868
-1
3607
5881
8013
10134
11311
10147
7117
4346
3022
2655
2043
871
333
1276
3160
4505
4444
3430
1958
94
-2294
-5231
-8121
-10076
-10477
-9502
-7225
-3707
689
5229
8952
11362
12592
12739
11325
7958
3100
-2041
-6403
-9875
-12900
-14895
-14923
-12897
-9552
-6039
-2827
679
4997
9426
13148
15240
15246
13774
11441
8633
5385
1674
-1529
-3435
-5059
-6791
-8012
-7854
-6305
-5640
-6078
-5683
-4169
-2536
-2887
-4795
-4822
-2188
774
2048
1916
3289
6739
9260
8747
5863
3195
1248
-1549
-5582
-9551
-11874
-12601
-12789
-12172
-9557
-5015
-406
2696
4955
7730
10648
12024
10720
7828
5511
4586
3781
2109
130
-746
342
2304
3527
3562
2811
1670
106
-2294
-5177
-8099
-10261
-10965
-10051
-7548
-3746
790
5287
9039
11759
13553
13880
12048
8050
2738
-2462
-6749
-10476
-13738
-15662
-15373
-12825
-9134
-5449
-1978
1792
6319
10812
14328
16031
15373
13400
10783
7865
4732
1124
-1686
-3333
-4947
-6441
-7179
-6510
-5133
-5172
-5769
-5244
-3622
-2545
-3927
-5867
-5105
-1887
1082
1985
2127
4410
8233
10399
9254
6298
3898
1778
-1596
-6157
-10136
-12261
-13214
-13759
-12953
-9668
-4733
-188
2805
5533
8982
12141
13037
10980
7876
5888
4827
3270
766
-1521
-1728
-38
1996
2979
2942
2490
1647
-34
-2774
-6072
-8983
-10921
-11495
-10353
-7430
-3019
1928
6415
10001
12692
14307
14041
11171
6297
652
-4338
-8550
-12418
-15374
-16455
-14941
-11540
-7693
-4063
-356
4045
8719
12762
15416
15793
14298
11888
8945
5961
2719
-451
-2651
-4330
-5758
-6735
-6803
-5630
-4877
-5407
-5407
-4339
-2926
-3018
-4940
-5666
-3603
-426
1551
1795
2749
6023
9403
10242
8168
5403
3335
836
-3150
-7833
-11361
-13187
-14178
-14260
-12383
-8370
-3332
903
4135
7633
11317
13784
13482
10684
7619
5567
3928
1584
-1215
-2767
-2112
-29
1859
2645
2663
2406
1568
-488
-3637
-7076
-9790
-11148
-10982
-9132
-5657
-1024
3845
8136
11462
13833
14878
13443
9532
4237
-1270
-5997
-10192
-14061
-16562
-16675
-14323
-10624
-6712
-2892
1363
6389
11362
15159
16685
15778
13772
11252
8336
5025
1277
-1619
-3440
-5137
-6582
-7243
-6432
-5038
-5095
-5641
-4813
-2912
-1838
-3252
-5264
-4575
-1462
1246
1876
1841
3990
7930
10371
9608
7047
4935
2917
-444
-5334
-10000
-12750
-14261
-15114
-14404
-11306
-6218
-1056
2648
6063
10101
13671
14884
12741
9136
6290
4301
2178
-736
-3154
-3484
-1848
524
2121
2864
3048
2517
980
-1847
-5322
-8466
-10869
-11933
-11045
-8349
-4095
877
5612
9622
12715
14623
14547
11809
7026
1400
-3948
-8540
-12723
-16110
-17521
-16289
-12919
-8724
-4596
-203
5025
10623
15180
17207
16383
14145
11654
8682
5009
934
-2246
-4022
-5355
-6646
-7253
-6264
-4423
-3954
-4604
-4195
-2465
-1279
-2461
-4973
-5259
-2543
455
1508
1544
3226
6896
9942
9971
7794
5578
3559
429
-4075
-8871
-12176
-13914
-15019
-14728
-12131
-7490
-2121
2189
5716
9451
13068
15054
13871
10433
7060
4617
2506
-216
-3008
-4084
-2957
-748
1218
2427
3062
3040
2003
-396
-3764
-7070
-9667
-11188
-11231
-9406
-5763
-980
3899
8214
11654
13994
14726
13085
9159
3867
-1699
-6784
-11222
-14998
-17227
-17109
-14683
-10728
-6531
-2240
2818
8490
13719
17091
17552
15855
13534
10878
7507
3193
-804
-3312
-4844
-6235
-7322
-7126
-5376
-3838
-3948
-4098
-2889
-1233
-1246
-3401
-5184
-4028
-1099
784
1154
2023
5086
8862
10490
9277
7056
5076
2597
-1498
-6701
-11137
-13650
-15093
-15649
-14302
-10777
-5530
-314
3927
7946
11867
14821
15128
12340
8450
5163
2628
59
-2759
-4543
-4157
-2013
495
2216
3269
3593
2925
1104
-2221
-5993
-9241
-11577
-12305
-11235
-8314
-3767
1405
6415
10673
13670
15129
14469
11273
6302
574
-4977
-9698
-13845
-16863
-17751
-16206
-12594
-8243
-3800
1087
6632
12328
16716
18155
16768
14225
11572
8443
4207
-302
-3327
-4895
-5974
-7034
-7284
-5752
-3732
-3251
-3513
-2870
-1371
-867
-2690
-4972
-4948
-2488
14
944
1554
4055
7926
10541
10282
8196
5890
3404
-284
-5235
-10136
-13448
-15160
-15842
-14947
-11971
-6990
-1409
3428
7760
11540
14463
15513
13482
9673
5974
3066
578
-2091
-4150
-4359
-2625
79
2164
3282
3751
3284
1831
-1048
-4947
-8521
-11157
-12271
-11635
-9272
-5248
-90
5100
9594
13014
14954
14933
12686
8349
2715
-2936
-7968
-12254
-15701
-17479
-16966
-14295
-10270
-6076
-1535
3774
9554
14886
17865
17740
15902
13541
10820
7188
2493
-1472
-3652
-5075
-6462
-7493
-7088
-5086
-3731
-3858
-3629
-2274
-970
-1592
-3904
-5100
-3392
-607
938
1341
2697
6148
9623
10640
9110
6670
4340
1369
-2929
-8001
-12280
-14777
-15947
-15658
-13542
-9509
-4089
1111
5667
9745
12987
14825
14021
10678
6740
3516
1042
-1324
-3505
-4388
-3302
-642
1925
3442
4072
3748
2562
156
-3653
-7656
-10981
-12916
-12887
-11098
-7562
-2712
2721
7860
11961
14625
15481
14142
10618
5447
-334
-5718
-10450
-14429
-17014
-17584
-15858
-12234
-7882
-3315
1920
7806
13565
17527
18252
16548
14196
11663
8265
3602
-842
-3472
-4887
-6082
-7182
-7142
-5328
-3600
-3376
-3438
-2457
-1140
-1398
-3548
-5248
-4254
-1485
525
1233
2476
5693
9397
10927
9729
7301
4957
2023
-2183
-7134
-11570
-14409
-15777
-15698
-13768
-10014
-4908
292
4890
9177
12604
14548
14267
11561
7760
4252
1487
-872
-3039
-4219
-3686
-1430
1311
3088
3958
3923
3056
1236
-2052
-6074
-9672
-11935
-12437
-11224
-8440
-4236
950
6332
10840
13929
15325
14707
12030
7545
1928
-3771
-8871
-13138
-16274
-17611
-16638
-13643
-9597
-5354
-617
5044
11075
16096
18250
17493
15512
13308
10627
6516
1547
-2105
-3980
-5302
-6829
-7884
-7044
-5056
-4183
-4344
-3808
-2246
-1363
-2599
-4743
-4832
-2326
236
1310
1852
4036
7945
10717
10462
8138
5590
3187
-194
-4960
-9935
-13542
-15484
-16094
-15095
-12293
-7694
-2269
2648
6980
10719
13443
14774
13510
10039
6320
3194
569
-2059
-4363
-4924
-3372
-647
1583
2718
3347
3407
2447
-136
-4021
-7736
-10394
-11773
-11867
-10354
-6847
-1900
3592
8508
12229
14740
15502
13997
10311
4964
-914
-6297
-11052
-14981
-17381
-17551
-15534
-11978
-7844
-3307
2061
8125
13846
17611
18366
17032
15040
12530
8960
4121
-340
-3020
-4659
-6276
-7791
-7866
-6015
-4287
-4106
-4062
-2860
-1347
-1557
-3719
-5219
-3871
-1084
731
1292
2737
6414
10306
11642
10085
7451
5070
2084
-2521
-7937
-12469
-15231
-16559
-16459
-14452
-10479
-4993
463
5283
9857
13483
15465
14923
11867
7970
4389
1410
-1438
-4063
-5282
-4504
-2055
699
2558
3577
3831
3336
1589
-1807
-5869
-9510
-11799
-12261
-11207
-8466
-4196
1037
6588
11226
14299
15695
15061
12259
7535
1698
-4127
-9248
-13526
-16659
-17854
-16617
-13504
-9438
-5200
-397
5435
11423
16232
18235
17519
15758
13659
10857
6696
1800
-1718
-3562
-4980
-6567
-7686
-6922
-5092
-4408
-4537
-4128
-2865
-2178
-3438
-5342
-5131
-2518
214
1578
2531
5116
9104
11665
11080
8401
5472
2732
-1028
-6121
-11219
-14730
-16365
-16563
-15188
-12049
-7236
-1759
3305
7696
11295
13786
14571
12884
9473
5952
3059
598
-1946
-4049
-4639
-3156
-597
1246
2199
2626
2560
1739
-663
-4245
-7718
-10086
-11046
-10940
-9342
-6022
-1378
3821
8442
11946
14290
14990
13557
10004
4851
-733
-5996
-10670
-14562
-16968
-17161
-15239
-11989
-8171
-3825
1476
7491
13104
17072
18360
17484
15714
13312
9945
5418
881
-2039
-3941
-5718
-7390
-7983
-6662
-4905
-4594
-4730
-3753
-2331
-2147
-3961
-5410
-4121
-1209
1041
1940
3291
6774
10668
12073
10455
7495
4809
1850
-2643
-8119
-12744
-15458
-16584
-16425
-14589
-10712
-5319
126
4851
9131
12825
15059
14855
12070
8294
4908
2129
-621
-3485
-5206
-4809
-2605
-60
1699
2699
3137
3045
1656
-1305
-4951
-8328
-10591
-11481
-10984
-8698
-4741
315
5645
10165
13441
15324
15336
12979
8391
2622
-3177
-8424
-12912
-16338
-17769
-16856
-14038
-10120
-5938
-1022
4928
11093
16078
18377
17966
16286
13961
10906
6851
2194
-1361
-3378
-4948
-6534
-7467
-6755
-4996
-4310
-4577
-4252
-3102
-2512
-3814
-5833
-5732
-3033
-35
1561
2521
5127
9236
11951
11387
8607
5581
2742
-1194
-6381
-11422
-14770
-16295
-16622
-15435
-12268
-7366
-1897
2915
7154
10973
13779
14712
12955
9469
6056
3393
893
-1882
-4203
-4868
-3522
-1075
799
1750
2422
2643
2062
-48
-3473
-6818
-9285
-10499
-10551
-9270
-6235
-1803
3185
7869
11542
14122
15207
14060
10636
5683
191
-5123
-10022
-14236
-16833
-17133
-15282
-12214
-8603
-4422
906
7016
12629
16679
18285
17805
16260
13832
10389
6004
1667
-1389
-3521
-5434
-7052
-7706
-6716
-5148
-4870
-4955
-4091
-2940
-2724
-4233
-5710
-4571
-1788
522
1700
2951
6251
10173
11881
10626
7835
5115
2235
-2040
-7397
-12144
-15023
-16280
-16409
-14984
-11492
-6359
-998
3701
8009
11785
14439
15055
12875
9318
6045
3158
295
-2793
-5217
-5468
-3615
-1134
649
1747
2591
3019
2209
-203
-3789
-7300
-9511
-10658
-10849
-9304
-5902
-974
4353
8900
12475
14932
15692
14074
9888
4135
-1663
-6909
-11753
-15768
-17843
-17423
-14801
-11033
-7029
-2221
3968
10378
15609
18394
18496
17103
14809
11616
7387
2587
-1137
-3273
-5047
-6790
-7699
-7011
-5032
-3959
-4343
-4116
-2980
-2248
-3401
-5898
-6477
-4179
-1273
507
1559
4060
8367
11706
11958
9680
6898
4211
454
-4760
-10194
-14061
-16034
-16879
-16320
-13690
-9004
-3366
1714
6087
10198
13540
14998
13688
10317
6818
4087
1505
-1444
-4124
-5217
-4090
-1639
494
1781
2631
3087
2829
936
-2369
-5924
-8875
-10623
-11089
-10116
-7325
-3049
1942
6836
10947
14060
15777
15160
11937
6996
1316
-4071
-9013
-13587
-16798
-17685
-16052
-12803
-9107
-4943
253
6351
12146
16410
18256
17922
16311
13724
10296
6273
2088
-1124
-3268
-5161
-6627
-7160
-6249
-4742
-4540
-4776
-4133
-3096
-2834
-4431
-6322
-5628
-2883
-274
1176
2316
5281
9409
11789
11131
8609
5936
3238
-692
-5900
-10912
-14187
-15834
-16400
-15368
-12272
-7315
-1886
2826
6934
10630
13422
14144
12127
8706
5648
3329
997
-1914
-4309
-4680
-2915
-453
1241
2227
2878
3074
2221
-328
-3912
-7288
-9589
-10930
-11075
-9592
-6290
-1561
3428
7953
11743
14703
15940
14638
10823
5470
-41
-5286
-10398
-14818
-17363
-17440
-15276
-11943
-8030
-3170
2782
9153
14526
17807
18578
17400
15157
11923
7920
3455
-441
-2970
-4866
-6488
-7352
-6914
-5222
-4068
-4245
-4015
-2993
-2271
-3180
-5584
-6546
-4745
-2023
-202
682
2770
6757
10388
11355
9693
7264
4919
1666
-3133
-8457
-12611
-15029
-16295
-16265
-14205
-9995
-4634
423
4876
8973
12285
14230
13636
10805
7575
4788
2242
-592
-3463
-5107
-4396
-1982
372
1758
2676
3378
3317
1815
-1377
-5265
-8302
-10026
-10860
-10563
-8324
-4246
871
5900
10020
13374
15639
15814
13246
8410
2687
-2789
-7876
-12842
-16518
-17788
-16572
-13522
-9841
-5642
-143
6338
12457
16881
18603
17969
16130
13543
10021
5484
963
-1959
-3814
-5642
-7133
-7333
-5812
-4054
-3940
-4273
-3334
-1959
-2082
-4367
-6480
-5706
-2864
-622
178
1216
4465
8855
11161
10425
8257
6140
3777
-168
-5340
-10180
-13406
-15294
-16125
-15280
-12330
-7441
-2147
2352
6459
10256
13097
13883
11855
8524
5740
3585
1210
-1782
-4079
-4255
-2477
-243
1178
2011
2747
3108
2148
-633
-4303
-7512
-9665
-10736
-10865
-9379
-5936
-1249
3657
8073
11778
14534
15609
14029
10213
5253
-53
-5126
-10223
-14727
-17222
-17202
-15030
-11911
-8392
-3731
2298
8768
14290
17532
18285
17363
15564
12674
8692
4181
264
-2372
-4521
-6489
-7603
-7155
-5604
-4734
-4959
-4431
-2871
-1957
-3084
-5553
-6329
-4349
-1863
-559
40
2093
6211
9941
11023
9748
7815
5870
2862
-1765
-7080
-11454
-14324
-16250
-16793
-15143
-11273
-6280
-1369
3341
7970
11841
14225
14016
11391
8510
5909
3289
474
-2588
-4319
-3840
-1884
241
1428
2246
2972
2813
1349
-1652
-5484
-8566
-10294
-10988
-10539
-8424
-4485
654
5760
10059
13538
15787
16012
13605
9100
3598
-1913
-7150
-12281
-16147
-17715
-16747
-13906
-10517
-6719
-1668
4482
10719
15714
18231
18196
16630
14429
11466
7399
2696
-821
-2808
-4571
-6446
-7460
-6649
-4824
-4340
-4774
-4144
-2597
-2016
-3937
-6621
-6460
-3669
-1057
-154
300
3187
7938
11276
11242
9088
7150
5251
1739
-3474
-8801
-12668
-15121
-16552
-16463
-14127
-9611
-4488
-56
4322
8791
12542
14272
12929
10007
7362
5109
2654
-510
-3409
-4321
-3111
-898
786
1623
2229
2668
2122
73
-3217
-6864
-9494
-10756
-11011
-9843
-6876
-2581
2349
7066
11092
14255
15834
14923
11636
6737
1362
-3712
-9015
-13921
-16798
-17238
-15455
-12523
-9210
-5133
-44
5784
11360
15632
17811
17609
15876
13547
10632
6796
2439
-758
-2713
-4551
-6349
-7350
-6394
-4903
-4856
-5084
-4316
-2844
-2569
-4779
-6800
-5897
-2906
-564
-60
814
4353
9118
11769
11008
8753
6894
4764
820
-4753
-9944
-13573
-15896
-16976
-16301
-13265
-8454
-3427
1255
5770
10084
13389
14316
12531
9521
6982
4874
2192
-1234
-4001
-4430
-2603
-259
1098
1635
2273
2732
2012
-520
-4286
-7643
-9670
-10633
-10608
-9194
-5781
-912
3958
8387
12186
15169
16303
14549
10483
5201
-159
-5422
-10804
-15222
-17339
-16719
-14210
-11275
-7826
-3357
2148
8115
13330
16927
18154
17356
15334
12544
9131
4960
988
-1639
-3610
-5566
-6956
-7063
-5649
-4763
-5032
-4643
-3294
-2124
-3147
-5811
-6630
-4587
-1772
-403
-246
1699
6158
10310
11466
9879
7820
6091
3350
-1437
-7130
-11736
-14805
-16771
-17283
-15592
-11618
-6583
-1908
2431
7299
11941
14629
14363
11789
8923
6584
3986
530
-3156
-5246
-4614
-2502
-423
813
1576
2534
2759
1404
-1268
-4858
-8196
-10205
-11023
-10548
-8335
-4491
234
5129
9699
13629
16081
16050
13458
8827
3506
-1755
-7396
-12792
-16534
-17697
-16319
-13675
-10412
-6463
-1279
4994
11047
15838
18194
18047
16449
13974
10822
6882
2443
-1015
-3265
-5079
-6592
-7173
-6186
-4782
-4535
-4386
-3302
-2080
-2181
-4544
-6770
-5997
-3401
-1328
-755
110
3667
8517
11438
11123
9199
7376
5182
1313
-4167
-9578
-13472
-16000
-17241
-16662
-13809
-9075
-4006
518
5283
10136
13748
14971
13412
10510
7894
5426
2260
-1510
-4502
-5188
-3756
-1489
242
1250
2196
3019
2666
726
-2539
-6156
-8787
-10045
-10285
-9268
-6438
-2223
2605
7362
11412
14518
15973
14699
11204
6428
1115
-4206
-9674
-14530
-17149
-17042
-14992
-12193
-8888
-4487
1473
8219
13920
17421
18351
17434
15703
12990
9132
4426
204
-2462
-4409
-6372
-7670
-7341
-5664
-4675
-4756
-4041
-2440
-1543
-3003
-5808
-6645
-4668
-2226
-1228
-953
1191
5892
10165
11295
9984
8328
6745
3909
-1034
-6861
-11522
-14679
-16875
-17553
-16001
-12149
-6985
-2247
2227
7269
11995
14998
15138
12794
10003
7545
4649
902
-3012
-5291
-5166
-3573
-1717
-260
882
2090
2732
1873
-429
-3548
-6736
-8964
-10047
-10017
-8364
-5180
-870
3863
8395
12372
15059
15543
13624
9750
4655
-640
-6120
-11696
-15876
-17548
-16772
-14345
-11419
-7766
-2464
4184
10845
16023
18448
18343
17055
14925
11670
7193
2256
-1520
-3800
-5703
-7407
-7873
-6511
-4748
-4257
-3951
-2723
-1318
-1403
-4012
-6658
-6383
-4011
-2061
-1595
-754
2832
8011
11336
11334
9735
8144
6153
2469
-3217
-8978
-13012
-15673
-17266
-17042
-14496
-9760
-4411
251
4957
9966
13993
15591
14108
10963
8278
5819
2604
-1217
-4399
-5350
-4112
-2085
-270
1016
2089
3055
2851
1054
-1774
-5199
-8311
-10022
-10469
-9453
-6862
-3146
1426
6264
10588
13940
15522
14561
11572
7161
2055
-3222
-8706
-13702
-16674
-17119
-15464
-12709
-9467
-5029
1073
8093
14373
17980
18412
17184
15476
12992
8926
3746
-682
-3372
-5156
-6975
-8063
-7167
-5086
-3981
-3813
-3033
-1561
-921
-2849
-6097
-7090
-5225
-2926
-2049
-1755
679
5555
9947
11241
9956
8389
6920
4174
-675
-6646
-11503
-14729
-16821
-17320
-15825
-12094
-6893
-1866
2735
7725
12538
15450
15189
12480
9447
6922
4121
373
-3337
-5365
-4930
-3196
-1334
316
1611
2797
3287
2011
-424
-3433
-6822
-9403
-10493
-10209
-8369
-5084
-1011
3672
8458
12419
14947
15203
13206
9587
4821
-328
-5812
-11194
-15282
-17096
-16537
-14408
-11555
-7728
-2206
4895
12166
17231
18818
17974
16432
14355
10808
5638
619
-2723
-4878
-6695
-8098
-7743
-5521
-3981
-3713
-3037
-1383
-209
-1553
-4851
-6973
-5942
-3668
-2525
-2302
-729
3588
8498
11021
10656
9141
7694
5494
1493
-3973
-9375
-13326
-15924
-17061
-16239
-13380
-8792
-3784
1121
6158
10798
14276
15291
13516
10589
7814
5065
1771
-1889
-4599
-5108
-3718
-1695
107
1314
2334
3274
2864
848
-2282
-5759
-8427
-9728
-10071
-9168
-6534
-2588
2040
6668
10716
13658
15060
14192
11195
6771
1641
-3632
-9041
-13753
-16519
-17028
-15562
-12925
-9607
-4899
1565
8925
15146
18303
18439
17255
15645
12826
8148
2746
-1290
-3617
-5566
-7526
-8280
-6827
-4685
-3923
-3712
-2579
-984
-987
-3552
-6625
-7037
-4946
-3048
-2483
-1739
1535
6625
10458
11202
9932
8495
6779
3531
-1568
-7416
-12111
-15193
-17156
-17480
-15609
-11610
-6425
-1413
3332
8155
12774
15575
15067
12406
9484
6934
3973
31
-3643
-5261
-4492
-2782
-1223
315
1723
2886
3317
1747
-919
-3666
-6810
-9254
-10429
-10159
-8024
-4587
-553
3946
8575
12506
15000
15208
13140
9463
4634
-678
-6125
-11486
-15445
-17177
-16788
-14617
-11523
-7536
-2256
4160
10903
16280
18667
18303
16787
14709
11398
6640
1701
-1791
-3976
-5840
-7513
-7703
-5947
-4171
-3812
-3484
-2248
-1066
-1716
-4620
-7165
-6709
-4333
-2562
-2023
-693
3345
8428
11508
11364
9751
8271
6190
2293
-3390
-9035
-13238
-16134
-17641
-17200
-14383
-9707
-4482
491
5203
9948
14012
15531
14006
11025
8278
5811
2547
-1380
-4357
-5079
-3725
-1659
112
1529
2664
3587
3198
982
-2001
-5257
-8255
-10319
-10974
-9909
-7068
-3011
1332
5819
10285
13892
15782
15118
11897
7376
2370
-2952
-8438
-13360
-16644
-17403
-15903
-13318
-9858
-5458
-35
6326
12554
16962
18405
17470
15591
13059
9378
4748
422
-2335
-4259
-6323
-7669
-7011
-5025
-3910
-3949
-3539
-2173
-1279
-2932
-6386
-7996
-6456
-3879
-2593
-2201
146
5197
10205
12146
11113
9449
7875
5038
250
-5684
-11010
-14835
-17329
-18211
-16824
-13008
-7755
-2386
2523
7181
11807
15093
15167
12648
9644
7228
4796
1329
-2496
-4809
-4505
-2475
-480
847
1931
2937
3399
2244
-551
-3827
-6946
-9451
-10800
-10642
-8750
-5145
-897
3377
7797
12030
15042
15740
13867
10012
5276
341
-5031
-10661
-14934
-16862
-16551
-14593
-11787
-8084
-3390
2015
7690
12986
17034
18432
17279
14964
12149
8848
4722
742
-1977
-3992
-5785
-7012
-6666
-5212
-4588
-4593
-4050
-2865
-2204
-3765
-6449
-7227
-5372
-2725
-1349
-696
1937
6726
10908
12024
10614
8823
6936
3773
-1259
-6986
-11806
-15203
-17350
-17925
-16005
-11805
-6487
-1358
3140
7764
12316
15062
14733
11983
9190
7209
4676
961
-2894
-4883
-4259
-2438
-687
517
1411
2391
2603
1212
-1276
-4255
-7151
-9356
-10495
-9926
-7528
-3910
130
4264
8578
12699
15436
15577
12987
8732
3988
-1105
-6710
-12084
-15919
-17182
-16089
-13805
-10810
-6822
-2014
2777
7314
11960
16085
18050
17015
14165
11497
9173
5806
1672
-1484
-3450
-4907
-6336
-6984
-6266
-5403
-5193
-5159
-4560
-3614
-4240
-6093
-6947
-5636
-2756
-606
388
2429
6384
10496
11952
10722
8589
6265
3239
-1527
-6952
-11602
-15169
-17401
-17748
-15588
-11275
-6120
-1219
3067
7515
11949
14572
14238
11908
9458
7372
4856
1320
-2547
-4581
-4141
-2388
-493
753
1616
2247
2139
917
-1435
-4350
-7263
-9601
-10522
-9699
-6993
-3300
532
4515
8779
12938
15621
15502
12615
8118
3336
-1607
-7059
-12184
-15660
-16547
-15215
-12758
-9629
-5742
-1316
2665
6041
9897
14231
17078
16616
13795
11253
9683
7368
3509
-315
-2496
-3649
-5170
-6668
-6873
-5971
-5242
-5316
-5250
-4500
-4158
-4988
-6181
-5698
-3272
-626
1095
2546
5425
9253
11560
11257
9214
6565
3521
-672
-5638
-10457
-14444
-16946
-17471
-15484
-11611
-6891
-2033
2443
6878
10883
13579
14140
12440
9830
7330
4782
1573
-1979
-4338
-4439
-2825
-777
732
1667
2063
1965
1011
-1257
-4118
-6907
-9276
-10523
-9916
-7440
-3846
84
3966
7965
12034
14861
15027
12424
8204
3524
-1609
-6982
-11903
-15279
-16279
-15306
-12925
-9602
-5495
-1143
2438
5451
9253
13835
16971
16445
13590
11213
9728
7526
3612
-394
-2530
-3534
-4917
-6439
-6677
-5651
-4977
-5078
-5021
-4401
-3905
-4700
-6226
-6215
-3991
-1251
487
1853
4579
8457
11370
11656
9760
7094
3960
-144
-4988
-10005
-14291
-17085
-17604
-15552
-11833
-7188
-2346
2227
6771
10898
13577
14206
12688
9872
7057
4359
1178
-2187
-4584
-4830
-3193
-969
854
1835
2241
2238
1414
-560
-3486
-6550
-8963
-10133
-9632
-7408
-3983
-132
3898
8093
12125
14807
14963
12507
8366
3634
-1610
-7165
-11862
-14972
-15863
-14788
-12420
-8957
-5030
-926
2709
6069
10157
14611
17181
16292
13631
11294
9492
6884
2762
-949
-2952
-4138
-5491
-6671
-6539
-5475
-4736
-4515
-4182
-3464
-3354
-4559
-5849
-5634
-3636
-1467
-304
1114
4149
8124
10911
11078
9477
7119
4053
50
-4796
-9968
-14429
-17169
-17518
-15388
-11724
-7285
-2557
2321
7170
11287
13950
14602
13090
10370
7377
4287
853
-2744
-5369
-5648
-3899
-1589
226
1187
1800
2307
1849
-207
-3289
-6322
-8484
-9446
-9220
-7638
-4561
-518
3814
8117
11979
14483
14662
12470
8575
3697
-1777
-7423
-12445
-15691
-16368
-15057
-12612
-9529
-5708
-1285
3085
7040
11163
15348
17633
16742
14106
11412
9018
5789
1529
-1901
-3837
-5146
-6450
-7165
-6547
-5349
-4514
-3923
-3379
-2767
-2988
-4444
-5609
-5242
-3485
-1747
-765
978
4431
8475
10994
11127
9692
7404
4164
-116
-5161
-10200
-14597
-17364
-17461
-15090
-11258
-6932
-2189
2958
8160
12345
14566
14701
12851
9978
6848
3435
-230
-3741
-5758
-5716
-3920
-1141
915
1884
2486
2746
2198
50
-3415
-6888
-9170
-9932
-9460
-7712
-4658
-449
4354
8949
12566
14721
14830
12526
8352
3133
-2585
-8251
-12985
-15940
-16455
-14781
-11885
-8596
-4878
-492
4198
8873
13436
16744
17613
16307
13782
10967
7715
3618
-202
-2751
-4556
-5981
-6774
-6239
-4828
-4079
-3699
-2893
-1907
-1636
-3299
-5620
-6326
-5203
-3528
-2708
-1857
1002
5490
9395
11145
11098
10003
7700
3828
-1175
-6277
-11070
-15346
-17945
-17677
-14704
-10345
-5856
-1410
3590
8904
13232
15072
14204
11881
9020
5941
2500
-1498
-4803
-6157
-5551
-3563
-1127
871
2109
2674
2633
1588
-720
-3873
-7192
-9621
-10230
-9244
-6991
-3795
46
4687
9342
12958
14787
14228
11619
7496
2304
-3361
-9009
-13489
-15997
-16286
-14505
-11636
-8230
-4116
466
5215
10063
14745
17828
17937
15865
12896
9899
6424
1966
-1811
-4102
-5484
-6410
-6705
-5517
-3840
-3093
-2661
-1989
-1316
-1542
-3676
-6355
-7113
-5781
-4095
-3157
-2061
1199
6099
10064
11590
11324
10027
7454
3274
-1910
-7130
-11886
-15928
-18177
-17437
-14049
-9332
-4581
101
5316
10566
14246
15196
13309
10322
7572
4653
1302
-2232
-4810
-5492
-4375
-1980
582
2334
3190
3273
2595
1138
-1549
-5139
-8416
-10369
-10360
-8630
-5958
-2493
1748
6440
10717
13733
14848
13688
10609
6092
718
-4931
-10287
-14248
-16120
-15666
-13431
-10267
-6692
-2691
1747
6617
11628
15754
17431
16368
13974
11265
8254
4218
-41
-2863
-4517
-5852
-6623
-6173
-4343
-2973
-2755
-2371
-1424
-572
-1602
-4605
-6799
-6532
-4774
-3571
-3386
-1794
2380
7331
10499
11280
10791
9364
6458
1827
-3403
-8261
-12822
-16515
-18028
-16453
-12416
-7642
-3248
1087
6300
11696
15046
14920
12186
9115
6575
3705
-38
-3629
-5612
-5486
-3879
-1573
831
2638
3456
3293
2076
65
-2533
-6086
-9525
-11280
-10749
-8313
-5028
-1652
2433
7352
11795
14488
14811
12776
9131
4412
-1099
-6815
-11931
-15320
-16462
-15465
-12836
-9189
-5080
-692
3946
8881
13964
17557
17923
15801
12807
9786
6473
2260
-1690
-4150
-5406
-6181
-6351
-5063
-3161
-2210
-1870
-1224
-346
-218
-2115
-5317
-6925
-6080
-4362
-3423
-3052
-831
3792
8261
10651
10921
9875
7848
4501
-136
-5135
-9814
-14015
-16794
-16959
-14371
-10055
-5492
-1153
3579
8723
12949
14680
13249
10012
6982
4407
1446
-1806
-4464
-5360
-4350
-2079
646
2731
3902
4066
3279
1625
-936
-4351
-7873
-10484
-11131
-9543
-6660
-3241
605
4954
9496
13070
14552
13794
10968
6852
1942
-3513
-8721
-13011
-15627
-15833
-13896
-10756
-6998
-2899
1639
6894
12659
17049
18060
16259
13435
10481
7050
2704
-1445
-4127
-5695
-6827
-7079
-5717
-3326
-1904
-1673
-1358
-252
644
-833
-4393
-6918
-6500
-4551
-3391
-3329
-2135
1765
6460
9379
10116
9514
8014
5253
1152
-3618
-8140
-12155
-15504
-16815
-15207
-11261
-6411
-2226
1687
6424
11361
14520
14083
10986
7603
4862
2283
-790
-3656
-5231
-4908
-3035
-602
1830
3498
4000
3459
2038
-47
-2678
-6111
-9506
-10976
-10099
-7435
-4100
-847
3015
7563
11531
13727
13582
11542
8176
3763
-1171
-6331
-11098
-14391
-15865
-15123
-12455
-8724
-4630
-468
4592
10754
16086
18216
16912
14247
11692
8435
4057
-378
-3621
-5500
-6719
-7471
-6575
-4086
-2182
-1635
-1394
-304
1045
395
-2698
-5781
-6200
-4324
-2911
-2679
-2036
703
4899
8104
9184
8755
7559
5450
2166
-2137
-6487
-10248
-13355
-15077
-14553
-11614
-7052
-2547
1304
5186
9249
12524
13268
11230
7972
4961
2647
281
-2272
-4036
-4250
-2936
-807
1392
3016
3712
3659
2590
392
-2368
-5391
-8191
-9940
-9972
-8103
-5087
-1573
2107
5991
9601
11928
12589
11488
8797
4939
494
-4178
-8636
-12123
-14272
-14610
-12936
-10047
-6382
-2000
3238
9651
15098
17423
16692
14554
12270
9198
4741
209
-3137
-5274
-6792
-7746
-7043
-4903
-2973
-2056
-1530
-470
627
193
-2203
-4845
-5434
-4239
-3161
-2708
-1742
686
3894
6488
7666
7456
6401
4631
1839
-1960
-6036
-9458
-11946
-13201
-13055
-11096
-7349
-3123
1029
4785
7860
10366
11512
10422
7883
4981
2257
63
-1617
-2927
-3373
-2467
-702
1126
2522
3272
3192
2320
469
-2294
-5173
-7506
-8837
-8853
-7527
-5040
-1603
2232
5907
8811
10612
11130
10394
8442
5165
1054
-3045
-6864
-10151
-12284
-12976
-12072
-9774
-6604
-2682
2560
9059
14298
16006
15077
13389
11763
8982
4476
92
-2916
-4685
-6253
-7223
-6449
-4585
-2985
-2111
-1552
-339
745
-52
-2423
-4285
-4304
-3354
-2681
-2384
-1148
1495
4045
5709
6349
6048
4989
3202
759
-2330
-5600
-8621
-10861
-11457
-10671
-8853
-5999
-2654
1175
4880
7593
9166
9513
8731
7051
4647
2202
277
-946
-1565
-1512
-739
358
1557
2558
2878
2501
1586
-231
-2810
-5352
-7278
-8106
-7696
-6367
-4137
-952
2683
6027
8363
9320
9244
8519
6789
3797
266
-3205
-6338
-8869
-10727
-11487
-10756
-8867
-6187
-2811
1893
7564
12126
13832
13132
11816
10648
8444
4603
684
-2148
-3739
-4949
-5837
-5573
-4456
-3288
-2404
-1863
-984
-313
-1036
-2721
-3945
-3843
-2952
-2303
-1704
-326
1953
4030
5137
5286
4770
3651
2008
-211
-2948
-5431
-7673
-9497
-9968
-9075
-7126
-4286
-1598
1059
3918
6105
7244
7234
6362
5075
3543
1829
302
-423
-251
395
918
1414
2219
2881
2911
1971
340
-1452
-3409
-5595
-7305
-7928
-7425
-5554
-3081
-401
2875
5983
8043
8687
8150
7175
5756
3326
265
-2787
-5421
-7313
-8466
-9016
-8432
-6805
-4549
-1113
3492
8101
10808
10972
9879
8613
7166
4891
2119
-374
-2154
-3260
-3781
-3400
-2499
-1830
-1657
-1542
-930
-219
-780
-2644
-4192
-4315
-3352
-2752
-2447
-1357
612
2889
4396
4620
4098
3303
2152
462
-1628
-3671
-5348
-6631
-7468
-7262
-6049
-4308
-2417
-690
1343
3687
5441
5971
5587
4901
4045
2954
1627
360
-285
100
901
1307
1441
1648
1943
1909
1184
-31
-1520
-3188
-4703
-5663
-6048
-5513
-3957
-2000
294
2897
5335
7057
7283
6428
5255
3841
2117
-203
-2922
-5309
-6690
-7124
-7152
-6793
-5925
-4216
-1218
2626
6445
9006
9540
8703
7610
6508
5117
3023
520
-1674
-2995
-3281
-3034
-2801
-2753
-2645
-2182
-1437
-844
-1140
-2308
-3554
-3945
-3447
-2848
-2264
-1459
-222
1648
3481
4369
4258
3369
2224
699
-1001
-2650
-4414
-5898
-6820
-6825
-6012
-4513
-2838
-1485
60
2105
3941
5119
5213
4552
3849
3049
2210
1444
1074
1221
1652
2185
2478
2481
2362
1811
879
-321
-1808
-3426
-4978
-6051
-6386
-5599
-3948
-1842
523
2853
5068
6698
7146
6443
5022
3420
1692
-356
-2485
-4531
-5764
-6026
-5906
-5300
-4302
-2834
-644
2227
5250
7314
7731
7017
5979
4944
3938
2706
852
-889
-1727
-1698
-1319
-1030
-1151
-1409
-1376
-1220
-1192
-1819
-3091
-4243
-4707
-4515
-3707
-2572
-1471
-195
1540
3392
4589
4565
3595
2137
430
-1202
-2866
-4408
-5412
-5825
-5553
-4633
-3325
-1863
-648
402
1577
2816
3745
3944
3328
2537
2024
1818
1834
1946
2224
2766
3202
3241
3014
2329
1220
-10
-1327
-2893
-4323
-5363
-5792
-5549
-4654
-2929
-887
1142
3070
4565
5603
5918
5422
4279
2673
1135
-189
-1696
-3309
-4316
-4590
-4444
-3964
-3372
-2634
-1186
828
2919
4498
5156
5249
4692
3940
3357
2624
1715
569
-290
-536
-534
-372
-455
-1063
-1501
-1506
-1621
-2231
-3191
-4214
-4911
-4862
-4075
-3008
-2083
-1013
464
2052
3411
4077
3587
2231
749
-478
-1663
-2852
-3953
-4721
-4853
-4501
-3657
-2696
-1892
-731
524
1632
2661
3130
2961
2435
2089
2238
2612
2870
3016
3153
3228
3351
3197
2351
1130
75
-1111
-2392
-3481
-4241
-4532
-4282
-3430
-2156
-580
1122
2608
3649
4282
4584
4589
3868
2581
1398
243
-958
-2075
-2896
-3273
-3206
-2901
-2645
-2371
-1487
-199
1048
2134
3026
3628
3774
3570
3233
2889
2388
1696
1026
592
339
138
-191
-786
-1283
-1467
-1773
-2274
-2718
-3455
-4167
-4215
-3794
-3062
-2191
-1339
-409
749
2075
3115
3243
2384
1180
6
-983
-1804
-2714
-3698
-4300
-4138
-3440
-2752
-2043
-1094
-72
955
1963
2593
2708
2415
2048
2100
2485
3082
3452
3271
3122
3051
2794
2210
1093
-337
-1551
-2511
-3291
-3722
-3991
-3764
-2864
-1698
-316
1145
2196
2899
3374
3555
3458
2851
1847
723
-371
-1177
-1705
-2091
-2285
-2189
-2023
-1894
-1801
-1576
-1058
-410
193
920
1621
2341
2980
3202
3163
3116
3016
2657
2064
1443
972
358
-563
-1575
-2337
-2636
-2693
-2960
-3517
-3825
-3594
-2986
-2404
-1943
-1423
-814
-56
997
1902
2171
1749
941
129
-483
-994
-1658
-2358
-2861
-2842
-2407
-2100
-1926
-1558
-1137
-631
28
639
1149
1383
1581
2063
2783
3581
3953
3820
3536
3248
2708
2027
979
-368
-1280
-1978
-2398
-2544
-2688
-2538
-1889
-1076
-177
723
1292
1715
2167
2496
2687
2595
2254
1744
1159
619
-7
-554
-954
-1095
-1195
-1438
-1507
-1572
-1692
-1598
-1332
-807
-84
540
1061
1780
2672
3471
3917
3817
3467
3273
2956
2000
775
-523
-1776
-2651
-3134
-3456
-3590
-3690
-3592
-2973
-2235
-1529
-1169
-1061
-874
-302
507
947
735
195
-103
-58
-34
-389
-1072
-1684
-1862
-1721
-1700
-1866
-1975
-2002
-1798
-1300
-462
351
777
1120
1697
2514
3470
3876
3523
2980
2626
2253
1644
669
-326
-922
-1199
-1367
-1473
-1596
-1655
-1419
-891
-318
222
547
647
829
1216
1513
1618
1497
1254
1186
1184
922
500
32
-369
-608
-949
-1294
-1695
-2081
-2190
-1998
-1712
-1366
-997
-485
260
1239
2182
2922
3428
3554
3673
3658
3251
2433
1141
-309
-1312
-1936
-2530
-3088
-3459
-3306
-2590
-1873
-1319
-1035
-937
-730
-450
-128
10
-174
-531
-854
-825
-548
-428
-399
-362
-191
26
39
-325
-945
-1537
-1843
-1739
-1491
-1107
-591
28
858
1763
2623
3317
3446
3125
2754
2038
1056
89
-839
-1540
-1690
-1484
-1126
-631
-282
-17
364
807
1079
1011
550
-42
-314
-383
-388
-341
-127
411
1092
1718
2025
2071
1831
1559
1229
569
-386
-1346
-2073
-2464
-2662
-2632
-2078
-1339
-559
412
1460
2393
3222
3554
3459
3410
3266
2680
1659
405
-538
-982
-1480
-1933
-2126
-1797
-1160
-754
-696
-642
-560
-506
-607
-862
-947
-894
-1133
-1478
-1373
-985
-534
-323
-138
405
953
963
344
-522
-1227
-1615
-1912
-2212
-2294
-1918
-1123
-173
698
1428
2078
2518
2551
2196
1364
413
-471
-1380
-1963
-2162
-2035
-1551
-1000
-466
91
645
998
1026
755
240
-188
-598
-906
-985
-766
-290
352
964
1438
1896
2080
1901
1679
1451
921
110
-802
-1517
-1841
-1861
-1931
-1822
-1334
-543
360
1031
1558
2134
2705
2999
3147
3003
2549
1868
974
6
-758
-1282
-1723
-1914
-1645
-992
-288
202
341
226
70
-50
-277
-530
-789
-1015
-1027
-1001
-740
-391
-18
553
1114
1502
1492
1018
250
-566
-1251
-1871
-2477
-2690
-2302
-1446
-398
677
1475
2023
2698
3144
2749
1731
664
-417
-1168
-1725
-2431
-2690
-2453
-1870
-999
-292
162
477
569
466
263
-307
-1130
-1748
-2023
-1756
-1206
-526
306
1204
2181
2661
2611
2444
2007
1124
49
-901
-1703
-2249
-2565
-2723
-2470
-1679
-629
377
1118
1813
2610
3131
3213
3045
2682
2295
1838
1228
607
129
-190
-484
-683
-594
-297
-247
-361
-482
-555
-554
-531
-602
-614
-519
-360
-139
130
466
713
908
1006
1118
1314
1293
841
240
-329
-703
-1027
-1615
-2136
-2016
-1392
-731
-21
562
1028
1615
2115
2142
1691
839
-25
-638
-1101
-1571
-2134
-2376
-2125
-1564
-980
-632
-471
-417
-463
-565
-961
-1622
-2256
-2417
-2164
-1715
-999
-173
550
1112
1491
1754
1778
1376
494
-502
-1233
-1767
-2114
-2299
-2335
-2073
-1455
-758
-67
552
1070
1554
2017
2229
2351
2370
2062
1709
1374
1079
810
547
322
158
152
259
388
410
245
49
-17
-30
-34
-143
-321
-212
102
535
995
1385
1679
1924
2153
2302
2171
1675
1054
388
-281
-910
-1337
-1592
-1558
-1224
-519
280
912
1413
1847
2283
2536
2194
1313
325
-259
-621
-1167
-1800
-2114
-1972
-1607
-1200
-879
-682
-840
-1226
-1570
-1739
-1871
-2167
-2593
-2637
-1967
-945
-119
346
647
886
1062
1023
608
-155
-1025
-1825
-2399
-2570
-2421
-2220
-2136
-1822
-1229
-486
197
584
844
1193
1598
1920
2119
2044
1785
1480
1157
879
691
409
48
-35
238
664
925
791
421
233
278
62
-283
-511
-606
-298
282
877
1609
2226
2524
2637
2705
2618
2178
1446
559
-222
-766
-1048
-1279
-1404
-1048
-311
368
879
1171
1336
1416
1377
1180
925
611
232
-207
-469
-496
-551
-931
-1321
-1387
-1272
-1217
-1597
-2132
-2385
-2313
-2267
-2278
-2304
-2049
-1443
-806
-299
145
464
468
127
-156
-283
-658
-1437
-2289
-2510
-2223
-1847
-1715
-1735
-1546
-947
-246
234
485
710
947
1137
1330
1483
1471
1240
927
714
829
1024
1015
675
361
481
1009
1492
1385
850
462
371
340
16
-473
-663
-481
63
838
1519
2040
2413
2523
2535
2377
2042
1437
621
-63
-424
-490
-575
-495
-303
5
626
1274
1622
1651
1469
1274
1158
943
519
-11
-297
-430
-339
-292
-394
-563
-774
-948
-1019
-1125
-1466
-1826
-1946
-1780
-1678
-1610
-1582
-1397
-871
-262
185
405
346
121
-181
-511
-792
-1286
-1892
-2301
-2375
-2176
-1935
-1777
-1649
-1423
-967
-401
59
380
602
803
871
868
898
860
529
95
-192
-163
23
36
-95
-5
384
786
968
801
595
374
151
-84
-341
-469
-249
140
656
1271
1967
2475
2606
2372
2146
1843
1203
495
-212
-560
-636
-557
-434
-163
330
718
1087
1231
1335
1345
1153
805
579
481
375
226
-24
-39
209
388
146
-346
-686
-910
-1085
-1407
-1800
-1948
-1818
-1589
-1450
-1161
-672
-173
93
307
551
583
301
-230
-746
-1139
-1463
-1902
-2252
-2353
-2210
-1918
-1724
-1481
-1204
-835
-431
-32
279
543
714
632
550
645
789
629
245
-41
-94
-108
-144
-105
108
454
719
953
1066
926
666
333
38
-111
-193
-131
147
646
1210
1698
1993
2189
2277
2082
1688
1123
541
92
-184
-313
-303
-144
111
541
866
1076
1241
1384
1392
1179
898
678
550
519
376
139
243
361
251
-103
-386
-515
-617
-786
-1142
-1344
-1344
-1209
-1185
-1178
-1021
-675
-383
-265
-82
123
126
-140
-488
-845
-1120
-1377
-1715
-1948
-2017
-1895
-1737
-1588
-1409
-1199
-885
-516
-270
3
208
274
420
508
593
614
571
416
225
-33
-320
-519
-581
-643
-626
-379
-68
220
457
522
476
472
364
104
-127
-98
136
471
776
1010
1253
1483
1601
1582
1310
1008
784
534
232
4
-51
14
109
188
458
1003
1341
1333
1115
976
880
703
488
278
278
370
361
238
66
-104
-361
-619
-753
-935
-1110
-1335
-1417
-1301
-1084
-823
-549
-282
-143
-62
-6
-84
-193
-361
-657
-874
-980
-1064
-1176
-1278
-1249
-978
-744
-704
-813
-823
-730
-525
-289
-102
152
426
576
701
863
929
895
648
260
-52
-149
-284
-484
-612
-497
-126
254
490
645
692
661
589
532
432
387
316
334
582
785
833
791
836
914
924
793
670
551
429
298
222
303
481
688
832
887
958
993
896
723
480
337
305
298
246
257
286
227
50
-143
-350
-559
-838
-1140
-1277
-1205
-1008
-941
-877
-728
-480
-229
-72
66
64
-167
-490
-739
-858
-1021
-1263
-1340
-1243
-1001
-816
-689
-656
-715
-799
-856
-897
-949
-882
-727
-477
-73
392
755
928
931
932
909
741
239
-240
-542
-736
-794
-818
-652
-349
56
313
430
584
710
692
591
481
424
346
207
201
209
300
442
503
508
508
607
688
687
587
463
520
614
698
810
870
823
676
575
560
424
160
23
20
138
293
348
295
177
-41
-234
-345
-522
-674
-710
-727
-632
-476
-479
-565
-544
-352
-191
-94
-254
-607
-660
-618
-557
-564
-645
-567
-521
-434
-251
-177
-282
-461
-702
-748
-749
-693
-680
-625
-269
183
529
735
888
960
924
831
666
450
131
-255
-524
-545
-433
-321
-220
-37
339
655
718
691
655
634
545
402
234
221
322
300
265
439
577
576
503
540
723
876
788
556
399
330
257
202
318
474
543
498
466
449
520
416
215
164
201
116
-206
-443
-631
-651
-666
-738
-771
-723
-697
-689
-636
-675
-752
-889
-961
-875
-682
-621
-724
-817
-687
-479
-348
-381
-400
-338
-272
-177
-210
-335
-588
-880
-1121
-1174
-1064
-910
-736
-412
31
519
970
1184
1296
1252
1135
876
590
287
-29
-252
-405
-425
-409
-230
-14
233
577
839
952
959
879
746
638
438
110
-177
-280
-211
-77
-5
106
368
667
834
775
636
461
306
124
-93
-253
-262
-219
-132
76
281
572
815
767
539
399
323
139
-156
-490
-699
-758
-746
-715
-631
-544
-470
-301
-145
-190
-431
-573
-597
-602
-571
-590
-732
-639
-462
-287
-57
70
84
64
64
58
52
-124
-400
-635
-767
-665
-644
-680
-587
-217
275
649
927
1183
1338
1368
1229
993
717
370
-13
-385
-573
-477
-428
-435
-225
146
520
722
817
862
975
1018
783
496
203
-47
-241
-333
-263
-89
169
468
776
929
1049
1060
892
596
315
76
-116
-215
-305
-380
-313
-56
238
485
541
488
323
103
-44
-245
-447
-687
-926
-1117
-1091
-940
-741
-593
-563
-574
-566
-642
-736
-731
-738
-799
-846
-909
-920
-836
-720
-488
-218
-20
51
64
89
37
-64
-356
-683
-884
-968
-956
-795
-491
-158
253
652
932
1169
1389
1370
1098
819
563
263
-172
-478
-605
-531
-330
-140
30
263
599
785
833
890
895
735
549
263
-57
-268
-393
-406
-253
-171
64
394
663
894
1053
1106
942
573
257
47
-132
-268
-386
-424
-298
-19
268
545
725
839
851
701
422
61
-187
-454
-698
-893
-965
-798
-649
-514
-330
-125
-6
4
-147
-374
-588
-755
-922
-1008
-904
-731
-620
-354
-6
285
492
488
460
315
102
-209
-558
-872
-1048
-1101
-1055
-702
-140
393
766
1078
1307
1395
1371
1173
780
401
126
-133
-222
-211
-184
-141
38
290
467
621
692
715
649
557
378
190
30
-167
-373
-461
-442
-345
-260
-194
14
288
572
732
843
840
729
553
275
-21
-232
-359
-419
-433
-325
-148
55
224
329
405
330
144
-160
-425
-578
-672
-824
-923
-863
-744
-580
-321
-124
-82
-51
-155
-328
-510
-713
-921
-1032
-1034
-988
-806
-456
-147
138
341
483
586
480
211
16
-202
-357
-524
-654
-684
-546
-297
10
459
852
1057
1083
983
848
669
420
144
-194
-428
-523
-514
-444
-237
3
254
378
342
302
324
316
322
236
64
-131
-327
-488
-644
-616
-459
-275
-112
95
304
599
896
991
893
762
643
347
22
-213
-349
-313
-196
-20
219
418
654
759
720
648
530
301
-73
-407
-641
-721
-675
-556
-347
-91
152
244
234
152
35
-77
-301
-458
-578
-613
-589
-518
-314
-73
185
253
303
350
400
331
213
7
-223
-284
-321
-298
-179
-60
93
360
548
678
759
723
656
586
485
401
269
111
16
-51
4
113
182
268
294
315
306
214
139
72
-56
-210
-385
-589
-736
-853
-950
-890
-764
-496
-218
-2
192
372
533
530
416
187
-45
-279
-540
-770
-910
-912
-841
-691
-424
-95
166
307
376
317
185
-25
-250
-457
-533
-509
-452
-375
-316
-148
22
197
233
228
68
-164
-340
-380
-394
-426
-450
-441
-260
-125
81
271
315
335
410
367
333
243
122
96
81
173
251
318
397
531
693
862
865
713
554
347
276
329
231
204
145
89
58
152
192
266
285
257
212
156
29
-88
-194
-354
-415
-585
-740
-910
-1010
-939
-683
-431
-216
39
292
539
686
686
579
343
86
-157
-385
-568
-647
-614
-455
-227
35
271
364
393
374
340
205
49
-147
-342
-426
-426
-413
-366
-295
-258
-164
-89
15
-12
-46
-43
-27
-56
-178
-242
-258
-199
-38
57
142
262
354
451
539
613
684
680
549
448
368
360
299
354
395
434
571
602
630
546
562
568
520
435
271
198
102
106
102
154
197
162
151
101
109
95
20
-185
-404
-569
-739
-851
-994
-1009
-926
-774
-594
-383
-110
67
248
310
332
242
33
-229
-395
-560
-764
-887
-924
-841
-698
-525
-359
-150
-63
-61
-129
-188
-257
-376
-429
-531
-511
-500
-526
-502
-465
-409
-224
-84
-65
-100
-221
-293
-345
-356
-350
-324
-197
-87
56
161
337
477
548
592
643
661
685
600
480
464
466
549
530
512
529
575
630
634
608
543
580
678
680
598
529
522
488
436
404
426
415
387
303
236
218
117
-3
-176
-313
-438
-542
-595
-724
-671
-531
-301
-84
66
232
361
477
467
458
357
132
-136
-451
-659
-749
-751
-656
-554
-454
-306
-117
31
46
71
111
42
-128
-277
-405
-471
-483
-480
-476
-484
-504
-500
-472
-418
-358
-316
-249
-244
-161
-76
-24
59
92
73
141
191
244
358
457
465
419
426
458
416
418
412
364
405
353
369
365
441
472
524
596
570
580
590
598
521
375
249
167
59
23
90
148
216
210
177
135
23
-173
-442
-625
-671
-650
-665
-671
-638
-531
-338
-166
17
155
184
184
123
13
-170
-380
-552
-738
-777
-746
-693
-583
-450
-293
-131
31
102
33
-71
-165
-252
-265
-305
-350
-337
-329
-302
-303
-287
-288
-330
-356
-358
-386
-391
-386
-369
-305
-204
-113
-79
-31
-21
135
259
245
245
224
254
360
431
431
431
385
338
264
305
353
437
559
632
699
690
711
678
702
769
733
655
491
388
306
295
281
314
349
343
341
306
199
37
-109
-262
-364
-411
-416
-415
-387
-344
-232
-19
181
246
261
306
279
167
26
-166
-331
-561
-646
-631
-562
-456
-368
-260
-93
49
123
195
202
120
80
97
11
-117
-170
-148
-210
-253
-265
-353
-402
-454
-446
-474
-408
-316
-310
-282
-204
-142
-35
27
42
132
161
241
186
195
176
192
248
216
262
256
321
339
363
356
274
212
158
123
217
276
292
340
319
311
281
258
289
306
335
336
232
152
55
84
64
40
-10
-187
-434
-564
-662
-618
-571
-525
-439
-335
-143
95
254
234
212
151
73
-52
-271
-457
-637
-719
-766
-827
-751
-675
-465
-302
-120
30
71
-32
-77
-132
-245
-265
-287
-350
-355
-288
-275
-204
-231
-329
-338
-384
-377
-323
-305
-311
-319
-288
-198
-9
129
277
353
460
484
454
430
406
406
402
457
401
431
470
484
549
561
572
579
630
741
748
757
716
594
570
532
494
491
447
441
427
404
361
401
387
362
339
320
257
150
83
-132
-251
-281
-289
-303
-267
-230
-190
-40
54
75
77
28
2
-81
-253
-420
-634
-771
-875
-900
-856
-813
-684
-568
-436
-263
-134
-124
-66
-104
-134
-224
-229
-247
-324
-325
-333
-301
-325
-308
-335
-311
-263
-268
-230
-249
-239
-205
-158
-35
88
172
189
214
271
335
375
349
280
236
247
236
252
277
208
228
298
325
330
341
350
384
413
447
470
480
473
430
419
390
343
326
318
326
257
188
196
117
158
152
101
8
-119
-236
-377
-430
-432
-412
-339
-283
-263
-207
-131
-72
-80
-112
-218
-333
-449
-563
-736
-844
-872
-854
-741
-602
-487
-367
-256
-136
-37
-69
-134
-211
-276
-326
-384
-409
-386
-330
-254
-248
-206
-148
-166
-143
-143
-89
-114
-162
-210
-193
-132
-70
87
220
330
397
466
430
439
470
441
468
464
436
460
441
447
527
570
604
630
622
662
709
665
695
722
733
746
757
681
590
534
471
408
353
363
348
383
368
366
354
294
159
-47
-165
-297
-344
-368
-316
-282
-262
-184
-129
-50
-18
-70
-123
-251
-370
-499
-635
-727
-805
-790
-780
-699
-556
-480
-407
-304
-278
-265
-263
-335
-386
-405
-417
-468
-535
-510
-417
-410
-396
-320
-331
-321
-263
-220
-147
-103
-160
-241
-256
-185
-117
-64
1
17
51
112
168
241
303
365
406
422
441
475
496
492
463
429
391
357
329
363
456
525
554
575
502
460
351
250
238
268
263
255
210
187
202
167
154
111
117
40
-50
-143
-219
-288
-283
-264
-282
-249
-196
-163
-165
-98
-115
-180
-271
-342
-454
-540
-583
-673
-681
-642
-565
-484
-381
-338
-227
-106
-86
-58
-118
-213
-268
-368
-406
-407
-428
-396
-349
-261
-170
-144
-84
-33
-20
-44
3
32
59
94
136
175
181
186
205
195
213
287
317
322
334
363
423
467
553
599
588
544
498
481
482
530
578
589
582
568
541
488
459
398
359
406
401
360
326
340
305
336
278
223
153
112
127
91
104
36
-45
-103
-179
-265
-187
-128
-52
-36
-74
-84
-166
-233
-289
-333
-370
-480
-536
-558
-556
-475
-420
-384
-356
-354
-363
-303
-301
-342
-331
-341
-380
-424
-463
-492
-464
-365
-272
-232
-254
-324
-368
-359
-344
-304
-240
-193
-186
-192
-166
-118
-97
-71
-90
-100
-76
-39
21
38
169
290
385
405
371
364
358
329
359
379
333
313
293
281
327
360
424
474
457
430
429
376
320
300
228
229
120
58
26
16
22
70
79
25
-32
-108
-166
-194
-157
-193
-223
-191
-224
-164
-153
-159
-191
-269
-353
-419
-439
-481
-514
-468
-415
-264
-202
-137
-24
-20
-18
-25
-50
-106
-115
-107
-147
-106
-83
-95
-109
-112
-132
-121
-104
-81
-69
-69
-90
-97
-4
81
161
244
249
265
276
288
263
274
270
205
204
173
200
218
286
375
425
437
419
440
382
322
326
312
346
388
432
472
477
493
504
512
497
407
295
128
56
16
-30
-21
-13
-36
-60
-64
-58
-74
-113
-93
-138
-138
-193
-249
-260
-258
-252
-186
-161
-198
-210
-291
-304
-317
-285
-265
-221
-273
-311
-284
-245
-143
-86
-75
-122
-151
-244
-312
-347
-269
-285
-267
-307
-308
-284
-307
-203
-205
-196
-214
-230
-268
-268
-230
-160
-92
-1
28
3
-20
-59
-75
-108
-97
-120
-118
-157
-169
-141
-39
116
209
278
288
249
198
186
172
158
189
186
207
170
232
246
289
360
336
286
180
137
69
39
29
55
-5
-15
-18
-22
47
82
114
56
38
38
20
39
58
17
-38
-68
-60
-41
-57
-49
-82
-144
-137
-142
-109
-156
-204
-116
-45
43
95
179
139
115
41
27
38
-34
-7
0
40
15
2
-25
-66
-51
-121
-145
-134
-126
-136
-131
-32
52
164
184
198
197
184
113
82
67
11
35
-83
-27
-32
4
61
117
198
190
250
291
283
288
221
207
187
178
209
150
186
208
272
283
306
299
186
85
52
-9
-39
-33
-16
-34
-37
-13
-19
28
57
-3
-83
-106
-153
-199
-157
-121
-95
-79
-84
-124
-185
-185
-187
-150
-108
-66
-88
-118
-106
-87
-57
-48
-65
-111
-163
-195
-218
-244
-284
-267
-235
-224
-181
-174
-197
-159
-217
-220
-273
-287
-288
-268
-225
-167
-78
-34
60
79
98
102
33
-45
-49
-155
-231
-311
-327
-311
-309
-205
-127
-39
31
82
104
92
25
13
35
111
186
215
243
226
220
174
229
233
183
177
124
106
98
130
197
217
173
135
139
191
204
251
281
235
162
75
2
-84
-72
-74
-28
-18
-50
-66
-99
-106
-142
-89
-137
-98
-131
-120
-97
-47
21
24
55
40
61
-14
0
73
131
163
212
269
224
218
154
128
63
-8
-29
-96
-121
-83
-73
15
97
141
188
234
232
227
263
214
150
103
22
-22
16
5
41
93
78
72
98
132
85
52
77
46
25
44
128
176
210
285
204
134
202
143
50
7
-45
-74
-138
-144
-98
-136
-141
-103
-162
-145
-155
-215
-216
-281
-324
-329
-341
-373
-395
-390
-393
-371
-320
-247
-233
-223
-198
-218
-186
-114
-104
-42
-45
-89
-50
-73
-19
5
-38
-53
-76
-58
34
70
69
89
31
-9
-42
-91
-128
-195
-250
-203
-158
-136
-145
-55
34
37
73
193
202
77
98
60
3
-75
-59
5
16
25
55
120
111
195
324
242
221
231
138
109
225
349
279
333
347
329
318
220
222
145
49
-5
-7
-40
-43
-13
-61
-50
-37
-6
37
44
1
-34
-23
-55
-52
-99
-159
-174
-162
-180
-207
-93
-123
-166
-142
-100
-115
-159
-68
22
27
-20
-13
-26
-24
-113
-40
-54
-94
-87
-125
-56
-49
2
8
-10
21
-13
-15
-67
-92
-86
-78
-25
-10
54
156
205
239
250
336
379
217
136
170
206
-6
31
205
243
137
158
332
290
265
274
262
250
178
130
193
186
127
164
274
202
190
239
252
219
139
100
95
19
-67
24
83
8
-21
11
-29
-116
-102
-119
-93
-69
-159
-219
-205
-254
-393
-383
-315
-344
-435
-397
-367
-457
-487
-404
-335
-402
-365
-263
-316
-351
-390
-376
-380
-319
-287
-322
-308
-288
-198
-182
-139
-87
-82
-98
-133
-157
-112
-85
-107
-113
-111
-116
-119
-15
82
213
235
190
260
200
126
90
14
-42
-55
-18
14
52
53
144
217
242
354
365
240
216
231
195
203
262
323
218
237
270
251
320
392
368
263
189
148
186
174
110
113
125
99
51
90
109
57
104
112
91
58
77
5
-128
-105
-57
-145
-198
-112
-94
-65
-48
33
55
-13
-62
17
25
-112
-93
-63
-32
-50
-32
10
-2
61
92
93
123
102
43
36
7
-20
-26
-85
-128
-153
-178
-159
-153
-54
0
76
110
130
146
56
35
-4
-58
-120
-156
-112
-19
-36
41
80
75
79
105
175
177
172
161
152
122
138
141
136
154
150
91
51
70
74
27
3
-6
-126
-184
-158
-147
-167
-107
-40
-62
-80
-130
-111
-126
-79
-91
-137
-113
-155
-238
-279
-296
-263
-262
-310
-310
-284
-238
-237
-225
-193
-147
-181
-208
-158
-118
-110
-144
-105
-101
-104
-79
-58
-7
30
70
37
-17
-11
-75
-106
-130
-178
-194
-242
-168
-102
-37
20
53
138
114
106
117
142
70
12
80
87
55
72
121
136
158
180
248
237
190
230
278
226
218
254
185
158
201
230
253
282
269
258
211
135
73
70
1
10
-8
-91
-55
-49
-29
-81
-31
-16
-49
-52
26
57
-18
21
-19
-123
-151
-137
-155
-178
-198
-167
-111
-44
7
63
135
154
165
269
332
264
215
264
231
209
291
267
269
252
240
169
152
152
92
120
66
23
22
11
-18
-81
-9
43
-28
-21
36
-23
-54
32
88
-7
-61
-87
-103
-135
-221
-168
-118
-146
-136
-106
-168
-128
-36
-59
-88
-41
-91
-203
-201
-150
-198
-170
-108
-28
-53
-56
-53
-115
-142
-193
-190
-191
-216
-224
-222
-205
-213
-238
-204
-303
-302
-261
-251
-215
-152
-123
-97
-110
-172
-142
-84
-154
-207
-162
-174
-115
-91
-48
66
35
1
-1
28
44
-42
-32
-4
45
51
126
162
206
195
172
215
67
49
15
17
23
12
130
127
137
159
154
122
190
206
190
259
244
167
148
203
118
80
143
119
101
83
124
76
64
39
29
46
-14
54
103
54
67
143
69
43
68
44
-20
-14
-82
-108
-33
-62
-33
13
37
-1
11
40
41
58
86
12
1
43
101
134
116
158
105
78
70
31
-14
-15
59
-5
-66
54
114
64
25
126
106
81
71
116
86
44
26
58
52
-32
-15
6
-14
11
113
85
83
111
44
-22
-36
9
-27
-48
37
65
62
144
126
101
69
44
14
-42
-15
-65
-97
-120
-156
-183
-192
-169
-168
-199
-223
-159
-161
-166
-109
-146
-185
-246
-236
-231
-163
-177
-187
-184
-174
-249
-283
-219
-233
-184
-160
-131
-174
-179
-159
-165
-174
-141
-71
-156
-139
-57
-78
-94
-63
-35
-65
-64
-114
-161
-79
-72
-79
-5
41
-29
-48
-27
-23
-9
38
58
59
77
72
40
18
31
81
144
133
131
158
157
100
181
256
184
138
141
80
94
108
162
184
187
197
168
166
109
182
174
174
132
115
178
156
138
109
146
138
65
68
67
35
81
152
156
183
189
127
81
100
63
29
-22
-71
-90
-125
-106
-33
10
45
21
33
49
-35
-96
-63
-31
-49
-26
4
14
12
0
15
4
9
-34
-4
-49
-56
-34
-46
-13
-21
28
-32
-39
11
42
69
65
138
132
39
53
75
32
36
64
79
-13
6
36
10
-5
34
13
-35
-30
-15
-19
0
19
21
2
-33
-39
-86
-117
-107
-121
-142
-97
-86
-136
-159
-111
-167
-192
-162
-72
-126
-173
-102
-159
-169
-118
-112
-34
-41
13
2
10
-12
-39
-45
-160
-185
-191
-198
-214
-165
-184
-124
-97
-82
-85
-55
-69
-121
-107
-94
-98
-165
-109
-3
-37
-74
37
3
-106
-21
12
-27
-65
-68
-106
-160
-97
-43
-24
-33
51
142
91
80
139
117
56
23
46
39
-62
-25
108
114
73
61
87
53
25
161
252
202
155
256
276
150
197
273
215
158
188
207
166
184
215
224
203
241
229
116
89
118
119
131
188
114
62
54
104
100
63
78
88
47
-2
-23
-29
-59
-134
-196
-188
-136
-72
-38
49
39
60
100
74
107
14
-31
20
-2
-23
11
75
123
117
99
44
5
15
-26
-38
13
-12
-73
-103
-62
-100
-123
-45
-79
-137
-113
-51
-115
-84
-15
-85
-104
-125
-121
-85
-114
-75
-51
-13
-3
14
61
52
29
0
10
14
-5
1
-64
-109
-63
-30
-6
-7
-41
-75
-114
-87
-82
-72
-70
-87
-131
-143
-160
-215
-156
-169
-172
-106
-98
-133
-84
-73
-70
-130
-94
-91
-175
-227
-211
-216
-235
-157
-125
-114
-84
-75
-62
-96
-59
-44
-97
-93
-82
-110
-118
-105
-102
-87
8
24
-3
6
-24
-15
-32
79
74
57
76
143
162
163
181
175
188
200
233
223
223
170
135
102
70
70
107
99
112
138
185
172
129
177
214
243
211
196
213
151
87
176
195
62
92
157
140
142
112
111
124
117
149
121
104
106
56
34
18
55
102
78
108
101
90
112
128
100
-14
-17
-47
-96
-73
-62
-11
-5
-35
-30
-5
31
-10
-18
15
-4
-36
-73
-59
-93
-89
-58
-68
-48
-48
-21
-16
-25
-16
-4
47
-37
-84
-95
-126
-149
-158
-86
-56
-100
-101
-70
-121
-160
-118
-83
-121
-134
-137
-183
-208
-152
-165
-233
-184
-101
-97
-76
-4
-7
-20
-80
-78
-101
-142
-116
-116
-104
-119
-111
-49
-48
-24
-25
-39
10
42
17
65
63
-28
-22
-55
-40
-53
-35
-29
-69
-34
-22
-62
-74
-77
-52
-72
-75
-27
-31
-67
-33
0
39
59
71
104
35
47
30
23
61
23
13
44
0
-15
-22
26
51
36
65
46
33
8
7
25
27
-32
3
3
-35
12
93
77
4
63
123
120
83
89
112
23
-29
-8
38
8
-35
37
41
74
98
63
65
104
105
92
129
163
166
143
151
177
127
141
153
123
100
66
142
106
97
180
158
124
94
97
90
51
59
54
90
104
109
176
170
172
113
82
44
-3
-4
14
62
78
88
174
133
97
148
105
111
55
33
-36
-106
-119
-141
-132
-130
-104
-58
-31
-1
-5
-19
-14
-10
-61
-79
-121
-150
-135
-180
-213
-238
-259
-244
-209
-186
-172
-192
-225
-255
-297
-250
-238
-268
-243
-196
-217
-222
-207
-241
-269
-279
-254
-212
-186
-194
-164
-130
-128
-116
-76
-109
-160
-141
-105
-54
-65
-41
-9
-24
-37
38
55
46
40
31
27
44
93
55
96
77
57
82
78
-4
5
40
30
-38
4
26
12
58
100
148
135
138
162
197
213
237
261
231
192
211
157
128
151
144
156
190
168
191
189
143
166
159
148
126
115
105
77
85
87
81
53
51
-11
-38
-25
-76
-24
10
-22
-52
-55
-72
-72
-76
-47
-43
-19
-5
-15
-46
17
-34
-52
-23
-9
-22
-34
-14
-39
-2
-9
16
81
94
41
80
101
67
100
71
61
33
5
20
1
27
15
45
39
62
86
87
52
30
27
-6
-23
-25
35
21
20
25
39
17
2
-3
-69
-55
25
-17
-26
-25
-102
-117
-140
-117
-70
-53
-83
-57
-64
-37
-6
-21
-26
-20
-35
-43
-16
9
49
-1
-11
7
-46
-49
-52
-44
-88
-80
-39
-56
-69
-99
-76
-51
-43
-43
-72
-25
-100
-125
-103
-125
-127
-111
-159
-158
-173
-171
-127
-155
-184
-186
-157
-169
-183
-146
-124
-129
-113
-44
-51
-47
-40
-42
-48
-36
45
4
-11
39
78
19
9
29
29
14
-4
-60
-29
1
-46
-8
46
19
43
44
40
3
21
63
10
29
69
80
34
69
5
58
58
35
69
46
88
95
142
133
160
192
154
186
150
161
189
233
267
240
239
197
156
146
204
216
214
200
193
207
149
141
127
120
144
158
122
84
111
104
61
97
104
104
135
123
97
73
37
-14
7
-32
6
6
-15
-2
-6
8
1
-4
9
0
-42
-115
-152
-133
-189
-159
-179
-210
-195
-205
-234
-242
-161
-204
-198
-151
-117
-116
-109
-179
-167
-141
-147
-97
-37
-50
-90
-81
-117
-113
-117
-130
-84
-100
-115
-77
-21
27
-1
-12
16
-26
3
42
30
39
56
17
28
-35
-54
-78
-29
-71
-100
-61
-49
-33
-66
-22
-30
-35
-31
-48
-53
-26
-35
-12
-7
-1
-37
-54
-17
42
54
39
53
14
2
-23
-58
-6
-64
-126
-89
-106
-105
-40
-16
8
-34
8
-3
-61
-62
-83
-19
-53
-47
-8
8
-16
-15
31
-15
-7
-40
-10
-14
-22
17
53
86
44
31
54
82
45
100
97
41
63
83
57
83
71
66
129
111
75
52
53
69
107
122
151
165
174
127
150
130
118
160
174
180
107
149
171
120
143
142
160
193
143
198
180
138
195
154
131
63
58
53
75
65
52
82
23
40
51
26
31
19
-50
-70
-50
-47
-72
-68
-48
-18
-36
-46
-63
-45
-62
-100
-106
-103
-109
-126
-95
-132
-104
-137
-115
-103
-144
-86
-41
-63
-103
-76
-154
-158
-157
-143
-112
-103
-130
-109
-75
-89
-17
2
-30
-42
-59
-94
-69
-78
-35
-47
-83
-48
-47
-54
-64
-5
-45
-43
-10
53
88
28
25
-20
-33
-86
-97
-88
-132
-99
-83
-76
-80
-95
-73
-69
-98
-94
-60
-80
-85
-68
-82
-50
-61
-82
-56
-22
-46
-49
-99
-97
-94
-99
-84
-63
-97
-105
-75
-90
-37
-41
-2
-10
-51
-36
-39
-47
-49
-77
-57
-21
-16
-7
2
28
42
49
56
83
82
89
115
126
158
164
168
127
161
213
195
196
252
239
222
244
231
243
253
248
239
217
158
190
185
201
235
285
303
259
220
177
212
220
224
227
247
203
143
118
105
105
165
151
83
111
92
71
88
125
81
-2
-43
-57
-58
-69
-51
-74
-71
-81
-93
-82
-103
-105
-127
-124
-136
-172
-202
-234
-253
-273
-253
-253
-250
-232
-235
-233
-222
-203
-161
-210
-199
-195
-180
-169
-139
-83
-151
-215
-202
-124
-137
-85
-30
-37
-93
-68
-83
-78
-60
-46
-55
-77
-29
-30
-47
-55
9
-12
-42
-16
-20
-48
-15
14
5
6
-38
-31
-45
-53
-63
-45
-66
-63
-26
-20
9
-53
-10
0
-18
-21
-9
-10
-35
21
50
55
82
90
85
77
85
49
6
14
-15
27
9
44
70
4
30
16
27
26
26
40
3
24
27
1
-3
3
11
-37
35
103
50
124
81
47
73
65
64
22
-50
-36
-3
-13
31
27
101
80
55
14
25
24
-2
25
-9
20
-50
-49
-36
-4
-6
-26
33
66
74
68
52
26
44
104
106
102
139
176
183
190
227
213
249
226
200
238
212
231
240
257
194
207
203
186
172
157
192
132
93
143
94
68
45
50
-11
-10
-7
-66
-18
-79
-39
-71
-94
-65
-59
-42
-3
-13
-43
-20
-49
-88
-162
-144
-157
-154
-186
-176
-148
-120
-150
-145
-146
-153
-159
-167
-172
-221
-211
-205
-225
-192
-206
-197
-215
-208
-212
-199
-228
-252
-256
-288
-264
-235
-227
-225
-219
-195
-201
-183
-123
-109
-109
-119
-64
-82
-64
-61
-93
-74
-57
-75
-54
21
29
11
46
3
2
27
63
-9
-11
17
11
59
73
110
114
133
118
107
115
106
131
131
24
65
100
97
98
115
154
137
169
167
185
169
136
133
168
176
175
171
184
153
149
152
189
134
101
93
98
81
42
136
108
47
24
25
-5
14
15
42
48
38
45
7
25
35
31
56
53
25
55
51
61
69
47
37
57
87
89
153
108
132
91
44
49
22
61
3
43
48
11
33
27
-21
-72
-76
-54
-69
-30
11
9
-39
3
-10
-52
-6
-40
-76
-14
-34
-19
14
17
22
1
21
6
17
52
11
-39
-26
-3
-9
-8
-19
-44
-36
-65
-82
-53
-41
-55
-97
-100
-133
-203
-205
-202
-234
-204
-139
-139
-171
-171
-145
-166
-173
-128
-148
-175
-113
-165
-111
-108
-117
-116
-124
-99
-112
-64
-93
-106
-110
-98
-125
-102
-68
-62
-49
-17
-15
-26
-16
9
-18
-44
-10
-5
-18
-22
16
57
53
36
24
38
6
28
37
44
56
28
56
53
24
48
83
85
78
94
96
115
78
58
106
111
90
102
100
100
102
90
71
59
90
96
84
76
53
51
59
44
63
90
91
69
87
59
32
63
45
27
25
21
21
54
54
37
56
48
26
-10
-11
15
8
22
52
66
73
53
87
58
42
81
39
49
33
49
35
23
30
20
36
30
55
38
43
67
55
79
65
98
95
62
105
89
72
93
113
106
101
66
82
94
43
63
58
39
24
25
-2
-5
-11
-70
-47
-22
-110
-116
-114
-113
-85
-115
-117
-105
-107
-135
-161
-178
-166
-169
-161
-142
-150
-129
-117
-89
-104
-96
-113
-108
-103
-127
-78
-97
-92
-64
-105
-146
-157
-184
-166
-131
-128
-89
-113
-87
-107
-124
-126
-110
-99
-88
-24
-43
-20
-47
-62
-71
-82
-61
-58
-50
-50
-71
-61
-18
-41
-29
-44
-37
3
40
26
47
69
46
34
-10
32
-7
3
55
70
69
46
78
89
58
91
92
73
73
82
74
117
112
109
140
84
66
99
102
100
130
105
86
59
49
93
61
62
91
61
59
49
65
52
31
57
78
109
110
127
134
127
100
90
82
91
92
103
112
90
76
93
87
46
73
72
88
82
82
70
38
46
65
55
30
19
7
4
-20
-8
-23
-55
-32
-39
-23
-15
-27
22
2
0
0
-27
-41
-2
-27
-21
-8
-36
-49
-76
-90
-107
-108
-73
-98
-108
-89
-77
-54
-79
-48
-43
-31
-40
-92
-84
-63
-40
-52
-53
-66
-36
-39
-57
-46
-84
-77
-64
-54
-63
-50
-22
-19
-38
-43
-24
-46
-51
-58
-89
-111
-35
-54
-62
-51
-75
-37
-41
-58
-73
-92
-108
-96
-83
-71
-50
-36
-11
-50
-37
-44
-27
-35
-20
-13
-21
4
32
20
10
-5
-18
-28
-60
-26
-47
-20
1
19
-7
-10
23
37
45
27
30
54
42
39
55
50
49
11
40
53
54
40
60
73
45
35
24
40
43
66
41
64
65
38
-1
17
49
27
31
31
4
17
22
8
24
45
63
56
76
93
74
66
70
42
31
61
56
50
49
73
66
67
78
76
71
51
67
37
57
87
51
71
106
74
88
76
34
22
37
23
20
32
21
32
35
33
43
58
47
37
20
28
23
8
0
-15
-17
-29
-41
-19
18
-7
-29
-45
-58
-52
-65
-17
-52
-85
-67
-60
-78
-95
-69
-65
-78
-54
-49
-57
-66
-44
-59
-78
-63
-55
-24
-48
-29
-31
3
-23
-8
-7
-50
-45
-62
-29
-65
-49
-34
-41
-37
-81
-73
-58
-54
-62
-77
-90
-93
-108
-101
-76
-80
-68
-63
-91
-90
-84
-109
-122
-93
-74
-80
-61
-38
-46
-59
-43
-42
-51
-40
-36
-23
-28
-7
-1
5
-16
-30
-41
-32
-13
-1
23
47
45
30
21
21
25
28
42
43
72
71
90
116
119
112
107
89
90
77
70
85
96
114
104
93
92
108
65
68
61
72
81
84
111
78
90
127
147
112
101
111
89
115
66
86
119
82
89
79
64
68
49
25
20
30
16
31
14
-3
-7
-4
-9
-31
-34
-26
-60
-78
-62
-58
-72
-79
-58
-69
-67
-47
-17
-20
-33
-20
-24
-36
-37
-43
-28
-24
-27
-2
17
18
7
-1
7
0
6
-12
-16
-5
6
11
1
-1
-16
-6
-25
-22
-2
-25
-28
-15
11
-22
-18
-15
0
-14
-64
-54
-32
-15
-40
-33
-25
-28
-36
-49
-51
-64
-62
-47
-63
-78
-86
-61
-53
-82
-69
-50
-65
-71
-73
-63
-52
-54
-54
-60
-69
-95
-76
-51
-64
-45
-39
-32
-33
-25
-5
-31
-18
1
-7
-4
-22
-17
9
-23
-23
-16
-7
-3
-7
9
25
33
21
21
4
-4
11
42
86
72
64
88
71
67
59
59
45
21
34
46
51
53
77
59
55
63
41
38
49
50
50
54
48
65
55
54
38
23
46
23
48
60
40
40
31
48
57
46
59
74
51
43
55
38
11
15
1
-10
-15
-12
-6
0
7
-6
-21
-12
-25
-5
-1
-22
-4
-13
-15
-32
-33
-26
-28
-23
-8
14
20
-2
-20
-3
-13
-3
2
0
-7
-16
-1
3
-5
-6
16
5
8
7
0
-6
22
45
29
36
44
32
13
14
21
40
45
16
3
19
-12
-11
10
5
-8
4
-19
-7
9
8
19
-9
-12
-13
-7
-17
-19
-30
-61
-60
-56
-70
-76
-72
-80
-88
-71
-42
-64
-74
-85
-93
-106
-106
-93
-92
-88
-67
-66
-73
-67
-72
-54
-52
-54
-39
-23
-29
-33
-21
-45
-53
-63
-89
-80
-58
-40
-22
-28
-33
-34
-33
-29
-18
2
-11
-1
5
22
26
45
50
28
34
23
27
25
24
29
43
45
50
54
54
69
75
98
97
89
96
97
83
88
97
75
60
47
67
75
81
80
68
74
72
61
66
65
64
49
57
62
54
50
44
30
21
30
38
29
15
2
-5
-15
-9
9
1
16
2
-5
-6
-15
-21
-38
-30
-19
-30
-33
-40
-34
-8
-20
-41
-37
-5
-21
-18
11
21
17
-1
15
12
15
18
33
24
20
22
18
21
8
13
8
15
14
20
20
16
7
-2
-8
-13
-10
-15
-11
-10
-13
-16
2
-4
15
-5
-23
-3
-16
-7
-14
-4
-21
-15
-6
-24
-27
-34
-41
-41
-47
-60
-55
-32
-33
-50
-51
-46
-73
-69
-71
-77
-67
-65
-60
-67
-58
-74
-82
-68
-93
-105
-79
-79
-75
-80
-83
-72
-82
-70
-72
-61
-58
-59
-63
-76
-54
-46
-38
4
13
4
3
8
1
12
22
30
46
49
57
61
53
46
53
53
45
57
85
69
56
77
74
79
89
81
85
79
68
83
63
41
36
51
51
53
54
41
21
15
21
17
25
31
40
59
63
62
62
58
48
44
47
59
50
59
48
32
37
25
24
20
28
28
25
12
10
5
-3
2
16
2
7
6
0
-11
-11
-8
-20
-13
-12
-22
-20
-21
-27
-18
-27
-20
-2
9
2
7
15
14
4
6
11
33
23
26
23
22
33
21
19
12
-3
2
3
-6
-5
-31
-20
-25
-38
-30
-30
-34
-43
-44
-42
-51
-53
-62
-74
-75
-73
-66
-63
-55
-55
-62
-60
-67
-71
-62
-78
-81
-78
-51
-57
-47
-50
-59
-28
-53
-32
-49
-46
-72
-74
-57
-54
-40
-55
-45
-51
-32
-35
-26
5
1
-2
-6
2
19
28
31
21
23
30
25
23
19
13
25
12
21
12
18
25
16
23
28
35
42
48
36
29
26
17
34
42
34
42
41
47
31
27
19
34
29
26
20
14
4
-3
12
11
10
-7
6
14
19
40
48
52
46
53
68
59
51
49
39
50
27
42
49
33
12
38
52
36
34
30
17
9
30
34
40
40
24
25
21
11
24
16
3
-6
-16
-18
-15
-22
-17
-16
-16
-6
-17
-12
-8
-2
1
5
6
-2
-15
-9
-10
-27
-22
-10
-10
-1
3
6
-5
-6
6
7
-8
-16
-17
-5
-5
7
24
17
10
0
6
-2
4
-4
-6
2
-3
0
-7
-8
-6
-16
-20
-5
-5
-2
-8
-12
-9
-12
-17
-13
-14
-15
-27
-26
-33
-31
-37
-39
-42
-64
-65
-76
-72
-70
-63
-59
-70
-57
-63
-58
-67
-66
-63
-73
-62
-58
-61
-66
-65
-60
-45
-41
-56
-55
-57
-51
-47
-50
-32
-22
-12
-7
-2
12
30
29
27
33
27
28
33
27
35
30
26
33
16
18
17
21
27
27
19
36
40
45
41
42
52
36
47
31
32
32
24
33
24
25
26
31
36
28
25
41
57
60
66
55
54
47
54
69
65
56
47
64
42
33
46
53
52
39
40
44
23
29
31
34
46
46
45
39
42
43
26
38
32
13
7
3
19
6
6
-8
-9
-2
1
5
2
4
2
18
7
-6
-4
-11
-7
-17
-18
-4
-11
-32
-36
-40
-32
-32
-34
-29
-30
-37
-37
-30
-31
-40
-22
-17
-27
-38
-48
-49
-58
-50
-39
-42
-34
-33
-32
-39
-45
-35
-52
-50
-51
-41
-39
-29
-14
-40
-26
-35
-31
-23
-28
-30
-28
-27
-39
-46
-50
-56
-40
-43
-51
-46
-47
-38
-36
-15
-9
-18
-6
-19
-19
-35
-31
-29
-25
-9
-14
-9
-16
-9
-20
-13
-13
-4
5
16
11
23
38
24
25
27
20
18
19
22
19
15
13
4
4
-1
-1
9
15
18
25
26
18
17
29
35
38
44
46
41
33
19
23
17
26
43
46
46
55
50
55
53
49
51
57
70
66
69
74
75
66
47
52
43
36
33
24
22
15
19
9
17
21
28
31
25
33
25
37
28
24
15
13
2
0
-1
-7
-12
-20
-13
-6
-8
-13
-10
-16
-9
-11
-11
-3
9
0
-12
-21
-29
-30
-32
-34
-35
-31
-37
-29
-33
-35
-21
-24
-19
-29
-22
-34
-27
-30
-34
-22
-25
-18
-8
-1
-14
-5
-24
-22
-21
-16
-19
-25
-4
5
-4
-11
-9
-13
-3
-6
-12
0
5
-27
-31
-16
-24
-39
-41
-41
-40
-50
-46
-45
-49
-42
-51
-52
-51
-45
-42
-35
-19
-21
-8
11
-7
-9
-13
-7
-4
-8
-6
-17
-18
-25
-11
-13
-10
0
-9
-1
0
3
1
6
13
13
2
11
10
10
11
6
8
-6
-10
-4
8
4
17
18
10
21
32
32
35
21
22
27
27
35
26
27
20
9
12
13
17
9
19
17
23
28
25
22
16
11
5
9
10
2
3
9
3
7
4
7
10
15
9
16
17
24
20
26
45
48
56
57
56
51
55
66
63
64
58
58
58
54
47
46
39
41
46
42
44
54
43
31
43
42
47
49
44
23
14
18
9
0
-5
-9
-14
-9
-3
0
2
-12
-17
-24
-32
-33
-37
-30
-36
-35
-29
-39
-36
-38
-55
-63
-69
-71
-80
-76
-85
-78
-75
-78
-74
-81
-90
-87
-77
-76
-68
-75
-68
-66
-66
-66
-73
-63
-72
-66
-63
-61
-51
-47
-38
-32
-29
-41
-25
-12
-6
7
14
24
24
26
21
7
4
9
13
15
21
9
-2
-12
-21
-18
-15
-5
-4
6
0
12
15
17
16
0
8
12
15
19
29
33
34
30
28
33
28
32
29
26
25
23
40
45
46
38
39
45
55
47
41
50
41
36
38
39
39
34
26
12
23
25
23
11
10
10
18
22
22
13
6
4
3
0
-2
6
20
31
21
20
31
21
5
15
16
18
23
25
22
27
32
40
39
40
28
10
15
10
13
11
15
8
-6
3
9
10
13
11
10
18
7
12
10
8
16
11
7
15
6
-5
-4
0
7
-1
1
2
0
-8
-3
-8
-10
-25
-21
-19
-12
-9
-24
-33
-40
-37
-41
-37
-42
-44
-52
-48
-54
-60
-56
-62
-67
-66
-65
-64
-63
-65
-74
-68
-64
-69
-67
-65
-75
-76
-58
-49
-41
-47
-37
-34
-47
-36
-29
-20
-21
-21
-18
0
-1
2
3
-5
-3
-11
0
-11
-7
-10
-7
3
17
19
28
19
19
20
30
42
41
40
51
53
47
59
59
59
42
43
