7
7
6
6
7
0
0
4
3
3
5
6
13
16
17
20
20
19
19
20
18
20
16
18
15
14
18
15
13
14
9
5
5
8
12
11
14
16
15
18
18
16
15
11
7
5
2
4
4
2
5
5
1
0
4
8
8
10
10
8
8
7
9
9
9
9
9
13
11
6
3
3
-1
-4
-3
-8
-5
-5
-5
-5
-7
-7
-6
-3
-2
-1
1
2
-2
-3
-6
-9
-8
-11
-13
-12
-13
-12
-15
-20
-22
-18
-23
-24
-18
-18
-18
-21
-16
-16
-23
-16
-13
-17
-16
-17
-14
-16
-20
-16
-18
-19
-12
-11
-15
-15
-12
-12
-12
-13
-13
-13
-12
-11
-13
-7
-11
-8
-8
-7
-8
-8
-9
-9
-6
-5
-2
-1
-1
-1
1
2
2
4
6
5
4
7
7
8
8
6
6
4
5
7
9
8
9
11
10
9
13
10
11
15
10
13
11
10
9
9
10
10
9
8
7
12
13
11
11
10
12
15
18
16
17
17
19
19
21
19
15
15
9
11
16
12
13
16
13
15
15
15
13
16
16
17
16
16
14
11
10
8
7
5
2
0
-2
-1
-2
-1
-1
-2
-5
-3
-3
0
1
0
-1
1
3
-3
-1
-6
-9
-10
-7
-7
-7
-8
-6
-4
-6
-12
-13
-12
-14
-14
-11
-9
-9
-3
-3
-5
-6
-9
-11
-11
-12
-11
-14
-15
-15
-17
-19
-22
-21
-19
-21
-17
-14
-10
-12
-12
-15
-14
-13
-11
-15
-18
-16
-16
-14
-14
-13
-13
-13
-11
-6
-2
-1
1
6
8
8
7
9
6
5
6
3
-1
-5
-7
-8
-12
-14
-13
-11
-13
-12
-9
-10
-10
-9
-3
3
6
13
7
5
5
1
5
-1
-5
-3
0
5
3
2
1
0
-3
2
6
11
14
14
16
17
18
19
21
17
17
14
16
11
10
11
9
9
8
5
4
6
7
11
15
13
11
12
11
13
12
12
9
9
9
9
4
2
4
4
2
1
-2
1
2
0
3
4
4
6
8
9
13
9
7
8
4
6
5
4
3
5
7
6
6
7
7
5
5
3
5
7
7
8
10
7
6
7
7
4
3
5
3
-2
-4
-4
-6
-6
-12
-11
-10
-7
-12
-9
-3
-7
-5
-6
-5
-4
-5
-3
-6
-2
-2
-5
0
-4
-5
-4
-8
-13
-17
-13
-12
-11
-11
-12
-6
-8
-8
-7
-9
-6
-9
-12
-11
-11
-13
-20
-17
-16
-20
-15
-11
-13
-12
-11
-16
-13
-11
-16
-15
-14
-12
-12
-12
-12
-11
-9
-9
-10
-11
-11
-11
-9
-6
-6
-3
-3
0
-1
-2
-1
1
0
-2
0
-2
-4
-2
1
0
-2
1
0
0
3
2
4
0
-1
0
4
6
5
4
9
9
4
6
2
5
6
2
6
5
9
8
8
8
8
9
12
16
15
17
17
16
15
17
14
13
11
14
12
13
15
17
15
12
9
9
11
11
15
16
18
19
22
21
21
21
18
16
17
16
19
17
14
12
13
8
6
3
0
4
4
4
9
9
8
13
10
10
7
5
10
12
14
12
7
6
5
1
1
-7
-9
-7
-9
-4
-7
-4
0
3
0
-2
-2
-4
-2
-2
-4
-7
-12
-17
-17
-22
-20
-24
-27
-28
-24
-25
-23
-21
-24
-24
-20
-18
-20
-25
-23
-27
-26
-26
-26
-22
-27
-23
-24
-25
-26
-22
-19
-14
-13
-12
-10
-7
-5
-6
-5
-11
-13
-16
-18
-15
-17
-21
-19
-18
-19
-21
-23
-23
-20
-17
-8
-7
-4
-1
-2
-1
-2
3
5
6
8
9
16
17
13
12
9
6
8
14
19
21
18
23
26
22
23
25
23
23
30
26
23
20
20
21
20
19
19
16
13
18
18
21
22
24
20
21
21
19
20
20
16
17
16
18
19
15
16
14
12
9
7
8
7
7
6
5
8
11
14
11
10
8
8
8
11
9
10
10
5
3
2
-1
-1
1
-5
-7
-8
-10
-12
-6
-5
-5
-5
-5
-6
-7
-6
-11
-11
-11
-13
-18
-25
-26
-24
-24
-26
-29
-26
-27
-22
-24
-16
-15
-14
-10
-6
-3
-7
-6
-3
-3
-6
-8
-10
-10
-15
-15
-16
-19
-21
-20
-17
-15
-15
-12
-11
-8
-8
-9
-7
-11
-9
-9
-10
-13
-11
-11
-14
-10
-9
-9
-6
-9
-6
-6
-3
-3
-2
-1
1
1
0
3
2
6
6
6
4
2
0
1
0
3
7
9
7
10
8
8
8
13
13
11
11
7
9
9
7
9
5
1
2
1
3
5
10
11
9
9
14
13
15
13
12
11
13
9
11
12
9
11
9
10
13
12
10
8
6
10
10
14
19
19
20
22
21
21
24
19
17
16
11
13
9
9
9
6
7
8
8
4
5
8
6
5
7
4
2
0
-2
0
0
-3
-5
-6
-2
-9
-9
-8
-11
-15
-16
-12
-13
-10
-11
-9
-8
-6
-5
-5
-5
-7
-7
-10
-12
-12
-8
-8
-12
-14
-17
-23
-27
-23
-24
-21
-15
-14
-6
-8
-11
-11
-11
-9
-10
-9
-6
-7
-6
-8
-8
-15
-19
-18
-20
-20
-13
-5
-7
-7
-6
-3
-3
-3
2
0
-3
3
2
0
-3
-2
-1
-3
-1
0
2
2
7
10
9
14
11
12
13
10
7
9
2
0
-3
-2
-1
-9
-7
-8
-5
-7
-6
-2
-3
-1
3
9
13
11
14
10
8
7
7
4
1
3
5
9
10
6
4
-1
-2
2
7
5
6
6
6
6
5
7
7
6
5
2
0
-1
-6
-4
-5
-5
-7
-6
-6
-7
-7
-2
0
3
2
0
3
2
8
9
10
8
11
11
13
13
11
11
11
9
11
9
11
11
11
15
15
15
18
20
16
17
16
12
12
11
9
7
9
6
5
6
6
6
5
2
3
-1
1
4
8
10
13
12
10
8
4
4
0
-2
-5
-7
-11
-9
-12
-13
-11
-12
-14
-9
-9
-5
-2
-2
-2
-3
-3
-5
-5
-8
-9
-10
-11
-10
-16
-19
-19
-22
-20
-21
-22
-19
-21
-18
-18
-19
-21
-19
-22
-18
-15
-16
-20
-15
-15
-14
-15
-20
-18
-18
-12
-10
-9
-8
-5
-6
-7
-6
-7
-9
-12
-11
-12
-10
-7
-10
-8
-8
-8
-8
-7
-6
-9
-9
-8
-5
-1
1
3
1
1
2
3
1
2
4
6
9
6
6
6
4
4
6
6
8
9
8
5
5
6
4
4
7
5
5
12
11
14
16
14
16
13
13
16
17
18
16
15
13
13
15
18
18
20
23
26
26
23
24
19
16
16
15
17
15
18
18
15
19
22
18
20
20
26
28
29
30
31
28
27
25
22
26
23
19
17
16
10
8
6
3
2
3
2
-2
-2
1
0
-2
-1
-4
-5
-9
-8
-8
-11
-9
-9
-12
-14
-15
-17
-21
-25
-27
-28
-27
-26
-23
-22
-19
-21
-20
-23
-25
-25
-30
-29
-30
-34
-35
-32
-34
-37
-37
-43
-43
-40
-37
-32
-27
-25
-24
-22
-23
-24
-24
-22
-23
-16
-13
-18
-18
-18
-16
-12
-12
-15
-12
-6
1
6
5
10
11
11
16
16
13
12
8
6
7
7
5
2
1
1
2
-1
1
-2
2
4
5
10
15
17
10
7
8
9
7
9
8
12
16
16
13
8
10
13
18
20
23
26
32
31
32
30
27
25
27
29
22
27
21
15
12
8
4
4
5
5
8
13
13
12
13
14
16
17
13
17
18
14
15
14
9
9
13
7
8
7
3
-1
1
2
-3
1
3
5
7
15
13
14
14
9
9
7
7
5
8
2
-1
-2
-5
-5
-10
-12
-11
-12
-11
-12
-12
-11
-10
-12
-11
-10
-10
-12
-14
-15
-20
-17
-26
-29
-32
-34
-30
-30
-31
-32
-34
-31
-26
-20
-17
-12
-6
-6
0
1
2
3
-1
-6
-5
-6
-7
-9
-12
-15
-21
-23
-23
-20
-16
-11
-10
-7
-6
-6
-6
-4
-4
-5
-2
-1
-1
-5
-11
-11
-11
-11
-12
-12
-11
-12
-8
-8
-6
-7
-5
-4
2
3
4
5
3
7
7
6
7
6
5
7
3
6
6
8
10
7
11
12
16
18
19
20
21
19
18
18
17
17
12
14
17
11
11
16
15
16
12
17
17
20
20
18
21
18
20
27
30
28
24
22
22
18
17
14
12
10
6
6
8
5
7
6
7
4
5
5
3
3
1
-1
1
5
4
7
7
3
3
4
1
2
-3
1
0
-4
-1
0
-2
-2
-5
-8
-7
-15
-10
-10
-9
-8
-11
-12
-10
-13
-9
-9
-12
-10
-10
-8
-7
-10
-11
-15
-16
-14
-14
-16
-16
-16
-15
-16
-17
-21
-20
-21
-19
-17
-15
-11
-8
-3
-5
-6
-7
-5
-7
-9
-10
-11
-10
-7
-6
-7
-11
-12
-11
-15
-10
-6
-7
-2
-7
-5
-7
-8
-4
-11
-10
-9
-8
-7
-5
-6
-10
-10
-10
-9
-5
2
6
8
7
9
9
15
18
18
13
9
11
9
8
3
-3
-8
-10
-7
-5
-2
-3
-6
-3
-1
-1
0
5
6
4
8
9
4
5
3
1
-2
0
2
5
6
4
4
3
2
0
0
5
9
11
12
13
15
14
12
13
10
14
13
14
14
9
10
12
11
13
16
20
19
20
24
22
23
19
20
17
18
19
14
12
6
7
9
8
8
3
3
2
-1
3
3
2
7
8
5
8
10
11
9
11
12
6
1
0
0
-5
-2
-3
-1
-3
-1
1
-3
-1
-1
-3
-4
-7
-6
-4
-5
-3
-3
-6
-7
-10
-13
-17
-15
-17
-16
-16
-17
-14
-16
-9
-15
-17
-16
-18
-14
-11
-10
-12
-12
-16
-16
-18
-15
-14
-14
-10
-11
-11
-9
-11
-14
-17
-17
-14
-12
-11
-9
-8
-10
-9
-11
-10
-11
-10
-9
-7
-5
-7
-6
-7
-11
-12
-10
-12
-14
-8
-8
-8
-5
-5
-7
-11
-9
-7
-7
-4
-2
2
1
1
1
-1
-1
-1
1
1
-2
1
0
-2
0
-1
-1
-4
-2
0
1
2
2
1
2
0
3
2
1
4
2
1
1
4
5
3
8
11
9
10
11
8
10
12
13
13
16
19
19
19
17
19
18
24
23
24
27
25
30
30
33
33
33
35
37
35
37
38
31
27
27
27
25
25
30
26
22
17
15
12
12
15
15
17
13
10
12
6
7
8
5
6
7
7
3
1
-2
-4
-9
-11
-12
-9
-11
-13
-12
-13
-14
-12
-13
-18
-20
-21
-22
-20
-20
-22
-23
-28
-27
-27
-32
-33
-35
-38
-37
-34
-34
-32
-28
-23
-23
-22
-20
-18
-19
-25
-25
-23
-26
-28
-28
-25
-27
-30
-32
-33
-30
-25
-21
-18
-14
-11
-11
-4
-8
-9
-11
-10
-12
-8
-4
-6
-3
-6
-11
-11
-7
-6
-2
5
7
6
8
8
7
10
11
8
9
2
5
4
5
3
2
5
1
2
3
8
10
12
15
18
21
20
23
22
23
22
25
23
16
15
17
20
19
15
18
16
19
21
21
23
22
25
21
26
29
27
28
22
24
18
16
14
12
13
12
13
12
9
7
9
10
11
15
11
9
10
8
12
14
11
8
4
2
5
5
3
2
2
1
-1
0
0
-1
-3
-3
-7
-6
-1
2
-1
2
-2
-3
-2
-6
-3
-6
-8
-11
-12
-16
-13
-12
-15
-15
-15
-13
-16
-13
-13
-8
-6
-7
-2
-3
-7
-9
-13
-13
-17
-17
-21
-27
-25
-27
-28
-27
-25
-30
-28
-25
-21
-15
-12
-9
-6
-8
-7
-8
-7
-4
-4
-7
-6
-6
-11
-9
-10
-11
-9
-12
-12
-10
-9
-4
-1
2
-1
0
3
3
0
-1
-1
-3
-5
-4
-8
-9
-10
-8
-5
-6
-4
3
0
-2
2
5
4
4
4
2
4
3
7
8
8
5
4
3
5
6
6
10
9
13
12
14
13
13
18
15
14
16
16
16
15
12
11
7
10
8
7
10
15
12
13
11
10
8
10
12
10
13
12
14
16
15
14
10
8
10
7
10
11
11
6
6
5
7
7
12
15
12
15
14
12
10
12
10
8
10
9
8
6
5
5
6
3
0
2
-2
-2
-1
-1
0
0
-1
-2
0
0
-3
-3
-5
-8
-9
-8
-6
-9
-8
-11
-13
-12
-15
-14
-15
-15
-12
-11
-12
-11
-13
-12
-11
-12
-13
-11
-12
-13
-13
-14
-15
-21
-24
-23
-22
-17
-16
-13
-10
-12
-11
-6
-5
-8
-8
-3
-5
-5
-3
-8
-11
-14
-19
-21
-19
-21
-21
-19
-17
-15
-14
-14
-16
-12
-11
-7
-4
-7
-6
-9
-8
-7
-3
-2
3
7
5
11
10
11
11
12
14
20
17
16
14
9
7
4
1
1
0
0
3
1
-2
-3
1
2
3
7
15
14
12
14
10
9
7
2
1
1
0
5
5
6
1
2
2
3
4
5
7
12
12
14
20
17
16
19
22
22
19
22
19
12
12
16
17
15
19
22
19
20
20
25
22
21
20
15
14
13
15
12
15
12
9
12
8
7
6
3
-2
0
0
-2
2
0
2
0
2
3
2
3
1
-3
-7
-9
-7
-10
-12
-11
-12
-10
-11
-10
-9
-12
-11
-7
-8
-7
-5
-2
-1
1
0
3
1
-1
-2
-5
-7
-11
-16
-21
-23
-26
-23
-24
-24
-23
-22
-23
-21
-20
-19
-14
-14
-17
-12
-9
-11
-9
-11
-13
-12
-13
-16
-14
-15
-20
-19
-22
-21
-18
-16
-16
-17
-18
-13
-11
-12
-11
-10
-11
-12
-11
-10
-13
-15
-15
-18
-15
-10
-8
-3
-2
-1
0
0
0
0
2
5
8
7
10
7
6
7
8
9
9
9
10
11
11
10
7
12
15
15
16
17
20
18
19
21
18
16
20
22
19
17
16
14
14
11
13
13
14
16
13
10
8
9
6
10
13
11
15
14
15
14
15
16
15
12
13
14
8
9
12
12
12
10
12
15
18
14
15
12
9
14
16
16
14
14
13
9
9
13
10
7
8
8
6
7
11
10
4
4
6
-1
0
-1
-7
-8
-12
-12
-10
-10
-11
-14
-20
-19
-19
-15
-15
-14
-12
-13
-9
-12
-13
-17
-19
-15
-18
-16
-19
-16
-17
-20
-21
-23
-27
-27
-24
-17
-14
-16
-12
-9
-14
-12
-9
-11
-13
-13
-13
-13
-15
-14
-18
-20
-22
-23
-26
-25
-22
-18
-16
-14
-8
-8
-5
-8
-6
-8
-7
-12
-13
-10
-9
-5
-8
-9
-8
-5
-3
2
3
5
8
12
13
15
16
13
14
13
12
9
4
2
-2
-3
-5
-5
-1
0
0
3
2
4
3
5
13
16
18
20
20
19
18
19
17
16
16
20
27
25
23
24
20
17
22
24
23
22
22
24
24
24
21
21
23
21
21
22
18
13
12
11
10
10
4
0
-2
-1
3
6
6
0
1
-2
-2
-2
-1
-1
-3
-2
-1
0
0
-4
1
0
-3
-3
-2
-1
-1
-3
-3
-3
-3
-1
1
0
-1
-4
-5
-7
-9
-5
-8
-11
-15
-17
-16
-14
-13
-13
-14
-14
-16
-16
-18
-15
-15
-9
-8
-6
-8
-6
-4
-4
-5
-6
-9
-6
-9
-10
-8
-12
-11
-12
-13
-10
-10
-9
-6
-5
-6
-7
-4
-6
-7
-5
-6
-7
-6
-5
-5
-9
-9
-11
-12
-13
-14
-13
-10
-6
-9
-8
-11
-12
-14
-11
-12
-12
-15
-12
-11
-12
-9
-11
-8
-8
-5
-2
1
6
4
6
6
3
5
5
3
4
6
6
7
6
7
6
7
4
4
3
7
10
9
12
13
11
9
10
12
12
11
12
13
13
15
11
14
15
14
16
16
18
18
19
17
14
17
17
18
18
19
18
16
18
17
16
13
14
15
12
13
13
12
11
12
9
7
6
9
9
13
17
10
8
9
8
10
7
4
4
4
6
5
3
0
-5
-4
-5
-4
-5
-6
-4
-3
0
0
-4
-3
-5
-5
-7
-6
-6
-5
-8
-10
-9
-12
-10
-15
-19
-21
-19
-17
-18
-21
-20
-20
-16
-16
-14
-15
-13
-13
-12
-9
-12
-10
-7
-9
-9
-8
-12
-15
-18
-16
-14
-13
-13
-9
-8
-4
-6
-14
-12
-9
-8
-10
-8
-7
-9
-12
-14
-17
-19
-21
-23
-22
-19
-16
-15
-13
-14
-12
-11
-8
-9
-8
-7
-6
-5
-6
-9
-7
-4
-5
-5
-4
2
5
6
6
13
15
17
23
23
18
18
18
17
10
11
9
5
5
9
7
3
1
3
8
7
10
15
21
22
22
20
21
19
21
21
19
21
17
14
14
10
13
13
15
17
18
20
23
27
27
30
30
27
28
25
26
24
19
17
13
10
12
10
7
5
5
2
1
4
6
3
4
6
4
3
4
4
4
-3
-1
-2
-7
-11
-11
-14
-20
-20
-18
-20
-19
-13
-14
-11
-6
-6
-7
-7
-9
-9
-10
-9
-8
-8
-11
-9
-12
-18
-19
-15
-17
-16
-13
-13
-14
-10
-8
-9
-6
-6
-4
-3
-1
-2
-1
0
-4
-9
-14
-16
-21
-20
-23
-27
-28
-24
-25
-23
-20
-16
-10
-9
-7
-4
-3
-1
0
-4
-4
-6
-9
-7
-7
-13
-11
-16
-18
-18
-18
-16
-17
-10
-10
-6
-3
-3
2
1
-2
-1
0
-1
2
-4
-5
-7
-8
-8
-6
-3
-4
0
5
9
6
6
7
7
9
9
14
17
17
15
15
15
15
13
16
11
7
11
14
15
15
16
20
22
23
27
28
26
25
23
22
21
20
23
18
17
18
16
12
11
13
12
11
14
13
12
10
10
9
9
11
6
9
13
10
9
6
3
0
0
2
2
-2
1
2
0
2
3
1
7
6
6
9
4
4
0
0
-3
1
-2
1
1
-4
-2
-3
0
-3
-1
-1
-5
-5
-4
-5
-5
-4
-2
-4
-7
-9
-12
-9
-11
-11
-12
-13
-16
-11
-11
-14
-13
-16
-16
-13
-13
-12
-13
-15
-18
-15
-18
-18
-18
-19
-16
-19
-18
-20
-23
-23
-20
-20
-17
-14
-14
-15
-13
-12
-9
-11
-12
-14
-13
-15
-15
-17
-14
-14
-16
-13
-14
-13
-9
-8
-9
-6
-9
-6
-5
-10
-8
-4
-4
-3
-1
-4
0
3
0
3
2
2
3
6
11
11
14
17
17
15
18
20
19
19
18
14
12
12
14
16
11
13
13
15
16
19
19
14
13
14
17
20
22
26
28
24
23
21
20
22
22
16
16
13
15
14
16
14
12
15
16
15
17
14
11
11
8
4
5
4
0
2
0
0
-1
0
3
2
-1
0
-2
-2
0
3
1
0
1
-4
-3
0
-3
-8
-14
-11
-11
-11
-7
-6
-2
-1
2
-1
-1
-6
-7
-6
-14
-16
-12
-16
-15
-17
-20
-17
-19
-21
-17
-17
-16
-13
-14
-15
-12
-8
-7
-9
-7
-10
-7
-8
-14
-10
-8
-10
-13
-10
-12
-11
-9
-9
-10
-9
-10
-10
-8
-9
-6
-9
-6
-5
-4
-3
-3
0
3
3
0
4
5
4
6
3
0
2
-1
-2
-3
-4
-4
-6
-5
-7
-8
-6
-5
-5
-2
-2
0
0
1
-1
1
1
1
4
1
3
3
6
4
7
7
6
8
12
11
9
10
9
6
2
0
1
-1
1
1
0
2
5
5
8
7
6
11
13
16
12
10
12
9
8
10
9
11
13
7
12
12
6
13
11
8
13
9
12
10
5
8
5
4
6
5
3
5
6
5
7
4
7
4
6
12
12
15
11
9
6
6
6
4
3
3
8
8
5
3
3
5
3
-1
1
-3
1
-2
-4
-3
-3
-7
-5
-8
-11
-11
-7
-8
-5
-5
-8
-6
-8
-4
-3
-8
-9
-6
-9
-7
-8
-9
-10
-12
-14
-14
-15
-19
-13
-13
-12
-8
-6
-7
-5
-5
-2
-6
-9
-8
-7
-6
-3
-3
-1
-5
-8
-7
-10
-14
-18
-16
-17
-16
-17
-13
-7
-6
-5
-6
-5
-5
-6
-4
-5
-7
-9
-10
-12
-12
-11
-13
-17
-15
-11
-10
-10
-9
-9
-10
-7
-8
-3
1
0
3
1
8
9
10
9
4
8
5
10
10
12
18
21
23
23
21
20
20
20
17
8
7
3
5
5
4
-1
-2
-2
-3
0
2
3
5
9
11
12
18
17
16
17
17
15
12
11
10
14
15
16
14
11
10
10
15
19
21
21
21
22
22
21
22
24
20
20
22
16
11
12
9
6
6
2
-2
-3
-2
0
1
0
0
-1
0
-2
-4
-6
-4
-10
-11
-8
-7
-7
-12
-10
-13
-17
-17
-19
-18
-21
-20
-22
-19
-17
-15
-13
-15
-7
-14
-15
-12
-15
-15
-13
-15
-16
-13
-18
-16
-16
-19
-17
-20
-19
-19
-21
-16
-15
-14
-9
-8
-7
-7
-6
-5
-7
-6
-9
-8
-13
-13
-15
-13
-13
-16
-13
-15
-10
-6
-5
0
0
5
7
3
5
3
3
3
4
7
7
5
1
2
-2
-3
-3
-4
-3
-2
-2
-2
0
1
4
4
8
6
7
7
3
2
4
6
6
5
8
9
9
10
11
7
7
5
4
10
9
8
12
12
9
12
8
7
6
5
8
9
9
11
14
13
14
11
10
11
10
13
12
13
15
17
19
13
19
16
15
19
18
20
17
14
19
16
12
11
11
11
11
12
11
12
10
8
5
2
4
2
3
3
4
4
2
0
3
4
6
5
4
7
3
3
1
1
0
1
1
-4
-4
-3
-6
-7
-10
-10
-11
-15
-14
-13
-12
-14
-11
-14
-12
-11
-12
-11
-17
-14
-15
-19
-16
-16
-19
-20
-20
-22
-24
-27
-32
-28
-28
-24
-25
-24
-23
-22
-23
-22
-24
-22
-20
-17
-13
-11
-6
-7
-7
-10
-10
-10
-10
-11
-10
-9
-7
-7
-9
-6
-3
0
1
-1
0
0
0
-3
-3
-4
0
3
-1
-4
-7
-9
-11
-11
-8
-7
-6
0
3
9
8
5
5
9
12
12
10
14
18
13
11
10
10
11
14
19
19
20
22
21
27
29
28
27
23
17
16
14
11
11
12
10
5
2
2
3
-2
3
4
7
11
10
13
13
12
13
15
17
15
19
18
13
6
3
5
7
7
9
11
13
18
20
20
20
19
18
18
20
18
21
17
11
10
7
5
0
-2
0
-1
-1
-2
-3
-2
-2
-4
-4
0
3
-1
1
2
1
-4
-5
-6
-11
-13
-13
-16
-18
-22
-24
-22
-20
-20
-18
-12
-11
-9
-7
-8
-11
-9
-6
-5
-4
-4
-9
-10
-12
-17
-21
-24
-21
-20
-19
-19
-18
-15
-15
-17
-14
-12
-12
-10
-8
-9
-9
-9
-14
-15
-24
-29
-28
-30
-30
-28
-28
-29
-25
-20
-19
-13
-8
-9
-5
1
2
0
3
-1
2
1
5
7
5
4
1
2
-2
-4
-1
2
3
8
6
6
11
13
13
14
11
15
13
11
11
8
8
5
5
6
6
3
5
5
6
3
2
10
10
10
13
15
21
20
23
19
19
18
15
10
8
9
8
6
11
12
10
11
13
16
17
19
23
22
25
23
25
24
19
17
15
15
14
14
15
8
7
9
10
9
12
14
13
9
10
15
10
10
9
6
2
1
0
-1
0
-3
-5
-5
-6
0
-3
-4
0
-5
-3
-3
-6
-6
-5
-5
-6
-8
-13
-15
-15
-14
-15
-14
-13
-13
-15
-11
-12
-16
-14
-16
-19
-23
-19
-17
-18
-16
-15
-16
-15
-17
-18
-16
-17
-18
-16
-15
-13
-11
-12
-11
-14
-14
-14
-16
-16
-16
-18
-17
-15
-16
-14
-9
-11
-11
-9
-11
-7
-6
-6
-8
-5
0
1
-3
-1
1
2
3
0
0
1
-3
-4
-5
-5
-9
-13
-6
-5
-4
5
8
7
6
6
5
6
7
3
3
9
6
10
15
9
11
12
13
11
10
17
16
15
19
19
18
21
18
19
22
13
13
13
7
5
4
7
6
3
6
8
4
6
6
1
-1
3
2
10
16
14
14
18
18
16
20
19
18
16
17
14
13
16
14
9
10
7
10
11
14
10
10
10
6
5
8
7
4
5
4
-1
-1
-2
-5
-6
-6
-8
-9
-2
-3
-1
6
10
14
12
15
13
9
6
1
-4
-6
-10
-9
-9
-8
-7
-9
-6
-11
-11
-7
-11
-14
-14
-19
-16
-13
-14
-16
-19
-26
-21
-22
-20
-21
-22
-23
-28
-25
-19
-18
-19
-17
-19
-22
-20
-23
-26
-20
-23
-23
-25
-23
-21
-18
-14
-12
-14
-13
-11
-16
-14
-12
-10
-13
-12
-6
-5
-5
-4
-3
-2
-3
0
1
3
2
2
5
3
0
3
1
1
0
-3
-10
-13
-13
-12
-12
-9
-7
-2
5
5
5
10
8
5
6
7
2
1
4
4
7
15
18
16
21
26
27
31
31
29
30
36
42
37
40
41
38
35
36
36
36
34
33
33
32
34
34
30
31
30
29
29
25
23
23
20
16
18
16
12
15
16
16
14
14
10
9
8
13
13
5
1
-3
-4
-5
-7
-13
-16
-19
-20
-22
-19
-25
-28
-26
-35
-36
-35
-39
-44
-45
-46
-46
-44
-42
-40
-37
-32
-33
-27
-21
-19
-15
-11
-9
-6
-2
0
1
6
9
12
18
19
21
29
39
42
40
40
35
28
33
36
33
31
28
24
18
12
7
2
-5
-15
-26
-28
-30
-26
-30
-34
-39
-39
-44
-44
-50
-58
-59
-63
-68
-74
-70
-69
-69
-66
-65
-69
-68
-71
-70
-72
-72
-64
-64
-63
-61
-61
-56
-53
-55
-51
-47
-38
-38
-33
-33
-26
-17
-13
-11
-11
3
20
37
53
59
63
73
76
94
111
131
140
136
142
139
147
161
168
161
149
150
152
150
156
163
149
150
154
139
133
126
108
87
73
54
37
24
-4
-30
-34
-42
-60
-77
-94
-108
-130
-128
-126
-129
-130
-137
-148
-151
-156
-160
-164
-182
-185
-188
-183
-172
-174
-170
-162
-146
-124
-102
-72
-57
-55
-49
-38
-20
7
36
56
68
84
105
120
131
149
173
197
202
215
214
218
254
287
293
290
279
258
249
251
260
240
232
216
164
138
132
120
92
67
18
-45
-78
-90
-140
-190
-220
-250
-280
-299
-314
-342
-359
-349
-322
-302
-296
-320
-334
-336
-331
-290
-258
-255
-242
-225
-219
-213
-187
-138
-136
-138
-113
-104
-77
-56
-71
-91
-81
-60
-44
-55
-71
-78
-69
-69
-82
-64
-53
-46
6
55
72
113
178
209
217
291
354
364
405
476
531
575
602
591
558
573
616
618
616
588
537
468
410
378
346
294
234
143
41
-23
-77
-144
-252
-325
-372
-438
-461
-482
-565
-638
-642
-638
-654
-625
-582
-602
-576
-432
-292
-278
-279
-301
-332
-229
-38
64
34
11
-14
-85
-71
74
143
120
104
29
-46
12
112
59
-54
-75
-82
-82
-46
-81
-159
-119
-55
-57
-41
-14
-32
-26
108
179
220
353
378
326
426
604
677
667
755
793
793
907
919
779
729
787
765
735
708
622
459
337
317
302
188
67
-76
-285
-429
-418
-440
-613
-771
-864
-970
-1019
-974
-1055
-1167
-1112
-1032
-1050
-1010
-900
-904
-842
-668
-597
-614
-554
-453
-441
-336
-117
-106
-199
-145
-99
-35
138
155
-16
-146
-68
38
55
64
-21
-187
-273
-175
-86
-51
8
13
-50
-96
-13
79
141
253
394
459
467
588
745
828
959
1115
1171
1091
1062
1188
1364
1483
1536
1404
1180
1145
1176
1243
1241
1019
776
591
442
417
342
116
-233
-596
-728
-821
-842
-922
-1231
-1474
-1570
-1605
-1643
-1707
-1797
-1828
-1711
-1523
-1511
-1556
-1551
-1461
-1054
-526
-397
-549
-639
-684
-630
-277
210
179
55
162
127
161
465
650
472
288
332
372
402
557
369
-28
-112
61
129
147
125
7
-118
-2
153
181
296
391
450
489
635
931
1191
1368
1438
1363
1477
1663
1633
1917
2285
2302
2049
1791
1611
1474
1675
2075
1838
1292
1172
956
586
570
493
-20
-591
-839
-1139
-1494
-1531
-1682
-2209
-2551
-2616
-2745
-2743
-2729
-2859
-2856
-2654
-2624
-2661
-2552
-2477
-2406
-1948
-1409
-814
-143
-128
-765
-1392
-1381
-806
-269
232
419
-14
-307
-401
-507
-170
445
823
558
-99
-424
-423
-244
-18
-190
-481
-604
-344
-157
-387
-435
-208
-172
5
553
890
961
1151
1776
2133
2647
3432
3241
2622
2701
3271
4088
4692
4674
3863
2849
2608
2709
2787
3380
3258
2311
1729
1324
1034
1061
771
-31
-944
-1229
-1300
-1686
-2237
-3130
-3885
-4037
-4062
-4285
-4418
-4757
-4938
-4676
-4528
-4654
-4575
-4182
-3799
-3144
-2126
-1592
-704
491
228
-917
-1763
-1861
-1189
-165
976
881
-63
-532
-1223
-1412
-117
926
1377
890
-426
-1097
-827
-99
362
-4
-640
-1169
-799
99
-89
81
628
372
388
1227
1861
2097
2978
4141
3997
4137
5101
4635
4173
5385
6259
6165
5967
5493
4360
3818
4396
4394
3733
3628
2937
1905
1682
1329
536
-235
-1237
-2153
-2332
-2288
-2781
-3852
-4973
-5651
-5693
-5291
-5335
-5563
-5646
-5672
-5324
-4973
-5012
-5160
-4761
-3891
-3425
-2543
-681
221
-570
-1754
-2345
-2298
-1402
161
1081
459
-31
-324
-1571
-1879
-553
723
1237
861
-53
-1018
-1059
-269
-274
-688
-604
-840
-665
-215
-640
-592
319
743
666
1233
2166
2282
2897
4311
4464
4397
5235
5159
4182
4987
6638
6455
5665
5534
4700
3697
4193
4752
4066
3469
3173
2407
1414
1183
1230
238
-929
-1309
-1649
-2192
-2704
-3412
-4717
-5731
-5536
-5136
-5498
-5676
-5367
-5518
-5654
-5226
-5235
-5387
-4760
-4016
-3567
-1733
578
224
-1682
-3019
-3550
-2912
-707
1213
698
-595
-1105
-2326
-2747
-813
902
1194
808
257
-173
5
845
567
-950
-1396
-775
114
852
566
-143
48
689
1252
1857
2208
2434
3253
4711
5175
5113
5344
4829
4544
5913
7169
6793
6014
5657
4650
4143
4999
4926
3681
3396
3165
2411
2045
1770
840
-562
-1406
-1480
-1389
-1608
-2397
-3498
-4716
-5749
-5507
-4963
-5597
-6030
-5376
-5394
-5786
-5354
-5005
-5666
-5338
-3905
-2536
-407
1067
-386
-3011
-4226
-4018
-2868
-777
535
-546
-1705
-2306
-3706
-3524
-1142
464
371
-160
-708
-1339
-1248
-582
-967
-2022
-1983
-950
19
45
-386
-254
194
677
1944
2945
2743
2934
4144
4789
4988
5977
6795
6404
6146
6827
6669
5910
5789
5634
5172
5023
5112
4329
2908
2086
2236
2281
1924
1429
312
-1319
-2337
-2196
-2298
-3014
-3390
-4141
-5533
-5770
-5151
-5383
-5988
-5688
-5515
-5533
-4625
-3940
-4235
-4015
-1964
493
1194
271
-1483
-3407
-3730
-2218
-590
-317
-925
-1877
-2953
-3314
-2435
-1531
-1207
-1103
-1120
-851
91
60
-1465
-2636
-3024
-2888
-1474
543
288
-1158
-767
36
-103
1035
2576
2243
2399
4517
5574
5105
5530
6470
6128
6420
8141
7776
6168
6053
5815
4884
5306
5975
4481
2781
2796
2614
1531
1605
1325
-658
-1741
-1055
-1163
-2419
-3012
-3757
-5262
-5355
-4017
-4302
-5807
-6207
-5857
-5855
-5333
-4144
-4046
-4624
-3322
-362
1592
1448
50
-2595
-4775
-3739
-1181
313
95
-1032
-2657
-4109
-3754
-2241
-1299
-874
-1023
-1826
-1989
-1682
-2123
-3102
-3886
-3810
-3128
-1880
-631
-953
-1367
-492
301
886
1812
2389
2723
3814
5004
5447
5740
6447
7072
6918
6474
6412
6915
7339
6825
6130
5835
4692
3542
3298
2953
2567
2428
1767
260
-1293
-1947
-2084
-2102
-2381
-3137
-3984
-4832
-5700
-5452
-4797
-5422
-5896
-5363
-5114
-4965
-3627
-2612
-3441
-3425
-76
3297
3690
2300
-607
-4134
-4607
-1634
1358
1855
758
-1305
-3923
-4918
-3000
-705
-280
-1279
-2116
-2183
-1513
-1312
-2660
-4408
-5327
-4599
-2241
-151
-99
-1233
-1483
-914
-25
1848
3159
3073
3441
4938
6058
6626
7263
7026
5602
5164
6741
8023
7883
6929
5351
4371
4092
3522
2892
2232
1580
1119
600
-414
-2001
-3109
-3581
-3647
-2999
-2471
-3474
-5093
-6077
-6208
-5583
-5021
-4723
-4643
-4920
-4518
-3574
-2855
-2241
4
3769
4921
2940
444
-2077
-3301
-1160
2328
3285
2107
844
-1715
-4274
-2981
-282
525
-205
-1406
-2389
-2786
-2421
-2508
-4189
-5870
-5575
-3594
-1420
-1107
-1761
-1648
-1449
-863
1016
2332
2210
2866
4969
5563
5136
6460
7739
6556
5617
6997
7817
7276
7091
6432
4655
3653
4016
3533
2147
1883
1767
187
-1719
-2623
-3214
-4190
-4336
-3487
-3712
-4951
-5910
-6789
-7275
-6681
-5619
-5216
-5286
-5016
-4489
-3795
-3020
-2238
-788
1829
4326
4370
2049
-371
-1673
-851
2169
4581
4055
1837
-17
-1331
-1834
-122
1512
409
-994
-974
-994
-1383
-1861
-3698
-6150
-6434
-4080
-2018
-1519
-1864
-2898
-3518
-2197
-197
909
1575
2570
3982
5422
5984
5771
5766
6066
6214
6638
8174
8721
6932
5314
5036
4651
4191
4079
3090
1497
1322
1410
-39
-2400
-3723
-4314
-4566
-3816
-2979
-4156
-6554
-7693
-7712
-7344
-6375
-5616
-6092
-6441
-5775
-4963
-4276
-3446
-2244
664
3717
4357
2837
439
-1248
-448
2354
5691
6423
4303
2107
-156
-913
986
2304
1874
417
-522
-7
345
-266
-2224
-5225
-6501
-5144
-2476
-307
-930
-2305
-2671
-3115
-2295
76
1065
1011
2596
4768
5099
5307
6543
6483
5029
5977
8284
8406
7842
7753
6272
4436
4573
4999
3563
2197
2842
2620
237
-1240
-1696
-3802
-5484
-4197
-3504
-5218
-6558
-6993
-8294
-9065
-7452
-6615
-7668
-7666
-6796
-6314
-5530
-4524
-3791
-1649
1055
1609
1347
890
-904
-1577
1153
4174
4975
5310
4693
1336
-360
2743
4606
2809
1596
1429
520
768
2529
1131
-3446
-5892
-5030
-3125
-1109
-118
-712
-2611
-4083
-3355
-1374
65
460
1409
3109
3664
4554
6532
6596
4687
4198
6004
7656
8258
8397
7123
4794
3761
4247
4417
3851
3549
3626
2257
-112
-1396
-2236
-3942
-4200
-2759
-2897
-5091
-6807
-7881
-8812
-8498
-7298
-7098
-7720
-8151
-7835
-6848
-5857
-5037
-2906
-260
-117
-659
-188
-625
-1945
-396
3318
4457
4000
4871
3486
320
1526
4800
3843
1704
2161
2735
1777
2559
3257
-489
-4149
-3304
-1513
-466
693
710
-1269
-3010
-2597
-1321
-206
831
1054
1282
2561
3960
5604
6881
6357
4676
4503
6396
7468
6849
7022
6707
4843
4376
5418
4766
3257
3548
3260
789
-411
-219
-1778
-3031
-2228
-3054
-5530
-6595
-6981
-7111
-6585
-6179
-7240
-8510
-8631
-8585
-7900
-6437
-5506
-3692
-1791
-2112
-3076
-3026
-2247
-1957
-1136
1580
2542
1575
1696
1665
1271
2249
3826
3468
1214
1260
3466
3637
2805
2310
-105
-2739
-2130
-21
604
70
506
-32
-1735
-1471
-656
-748
383
2245
2176
1662
2801
3889
4521
5888
7043
6107
5070
5525
4829
4250
5971
6600
5432
5332
4740
3270
3369
3635
2141
732
262
-603
-1126
-368
-1314
-4267
-5927
-6547
-6838
-5695
-5053
-6478
-7816
-8252
-8821
-8796
-7443
-6359
-5956
-3648
-1021
-1871
-3478
-3651
-4398
-4077
-755
2283
2420
1232
702
-92
-272
2314
4014
2509
1749
2609
3506
3789
3433
1694
-1129
-2020
-245
1659
2905
2483
691
-62
-207
-474
618
1753
1285
1093
2259
2580
2057
3554
5845
5723
5168
6169
5702
3607
3683
5248
5311
5445
6526
5574
2807
3329
5261
3689
1610
1245
68
-849
764
1548
-1212
-4317
-5468
-5994
-5663
-3950
-4089
-6451
-7503
-7937
-8656
-7927
-6873
-6334
-4360
-2546
-3257
-4693
-4719
-4788
-5133
-2988
90
224
-425
-425
-1356
-1209
1205
2825
1912
890
1970
3524
3765
3430
2068
-456
-1199
702
3017
3409
2137
1420
751
-4
501
1240
1231
1339
1901
2194
1390
382
750
2571
5063
7034
7108
5001
2169
993
2281
4079
5383
5997
5238
3044
2265
3908
4369
2566
1214
1085
1257
2071
3097
1659
-2346
-5236
-5403
-4628
-3523
-3046
-4460
-6456
-7513
-7632
-7726
-8149
-8086
-6520
-3132
-349
-1523
-4487
-6552
-7810
-6723
-2734
823
751
-1039
-1445
-2592
-3151
-180
1540
567
987
2907
3754
3203
2537
932
-1543
-995
2294
4090
4426
3325
1226
589
822
1060
1831
2037
1622
2108
3013
1838
-215
394
2869
4906
6748
7389
4139
-21
164
2744
4305
5795
6612
4381
1304
2035
4969
4471
1908
1718
1878
1447
3309
4757
1678
-2883
-4272
-3821
-3621
-1917
-1132
-3987
-6512
-6450
-6445
-7166
-6984
-6606
-5307
-1571
402
-2318
-5805
-7781
-8540
-6188
-1072
1383
-522
-2085
-2888
-4224
-2245
1126
732
-462
1132
3097
2916
2586
1563
-1817
-2677
619
3633
4677
4210
2169
523
619
1481
2356
2512
1608
1334
3211
3539
799
-672
-151
1185
4973
8810
7074
1303
-1240
-199
819
3369
6425
5130
1593
863
2477
3232
2533
1814
1382
822
2420
5361
4496
-263
-3356
-3670
-3745
-2382
15
-1133
-5183
-6487
-5843
-6804
-7474
-6583
-5971
-3903
-465
-248
-3836
-7122
-8073
-7018
-3862
-54
515
-1783
-3412
-4641
-4264
-1029
564
-925
-909
1099
1825
2041
2403
559
-2110
-1232
2073
3860
4400
4017
2020
435
1019
2454
2700
1747
1410
2461
3285
2403
666
-790
-931
1783
6979
9690
6251
1111
-934
-740
871
4432
6979
4995
1392
952
2243
2246
2290
2491
783
-164
3021
5569
2970
-963
-2685
-4147
-4466
-1215
864
-2009
-5219
-5789
-5985
-6734
-6675
-5637
-4786
-3251
-287
-411
-4128
-6720
-7323
-6132
-3231
-364
327
-1761
-3609
-3352
-1935
-556
-851
-1375
454
2122
2297
2751
1444
-1643
-2266
-74
1787
3008
4093
3153
766
734
2097
1895
1354
1650
1886
2620
3782
3166
395
-1839
-943
3287
8219
9338
5330
743
-775
-214
1920
5125
6116
3772
1700
1541
1641
2070
2857
1800
148
1484
4088
3905
1170
-1700
-3768
-4611
-3429
-1300
-1147
-3610
-6142
-6744
-6504
-6720
-6775
-7033
-6464
-3211
786
975
-3244
-7404
-8476
-6800
-2644
1428
1797
-870
-3440
-3819
-2303
-788
179
292
499
1740
2772
3155
1992
-1072
-2947
-1764
1202
4049
4751
3152
533
-668
922
2366
1648
808
781
1952
3624
3565
1127
-1608
-1365
3157
8212
9065
5682
1633
-463
21
2835
6136
6432
3747
1813
1365
2047
3583
3185
644
-383
1282
3305
3578
1557
-1771
-4529
-5217
-3737
-1785
-1577
-4134
-7104
-7390
-6342
-6659
-7163
-7063
-5212
-1814
-44
-1843
-5368
-7378
-6809
-4867
-1247
1653
351
-2461
-3657
-2675
-214
925
255
-152
569
2293
4083
3628
880
-1556
-1943
-19
2698
4632
4039
1366
-18
883
1899
2051
1186
507
1645
3488
4105
3207
389
-1983
-312
5513
10161
8847
4128
517
-866
818
4442
6293
5181
2958
1200
1052
2496
3666
2642
113
-666
1699
3969
2974
-63
-2696
-4463
-5219
-3392
-1590
-3404
-6268
-6737
-6432
-6937
-6969
-7012
-7258
-5050
-1421
-1081
-3997
-6461
-6804
-5764
-3282
-102
647
-1271
-3663
-3537
-841
589
-467
-1302
-724
671
2840
4282
2254
-1586
-2697
-1198
552
3031
4887
3080
76
-53
1487
1954
1355
1036
1310
2550
4337
4416
2194
-1194
-2099
2256
8464
10460
7283
2515
-687
-540
2612
5720
6047
4318
2305
616
1009
3080
3153
560
-1479
-675
2007
3150
1195
-2010
-5040
-6464
-5095
-2624
-2225
-4457
-6531
-6962
-6748
-6128
-5799
-6868
-6426
-3034
-96
-918
-4072
-5634
-5480
-4619
-2023
670
678
-1581
-3315
-2179
-46
563
24
-459
-235
1233
3299
3257
624
-1630
-1836
-1022
825
3448
3625
917
-667
337
1647
1691
1250
1254
1920
3396
4878
4313
1559
-70
1781
6567
10178
9231
5020
1240
343
2152
4938
6664
5679
2776
609
708
2565
3735
1827
-1321
-2128
-177
1806
1746
-748
-4487
-6777
-6088
-4075
-3262
-4172
-6097
-7442
-7252
-5986
-5605
-7010
-6952
-3820
-509
-184
-2438
-4490
-5297
-4805
-2575
520
1757
238
-2568
-3095
-224
1957
1140
-523
-1354
-388
2265
3994
1914
-1815
-3512
-3271
-1265
2468
3991
1390
-1226
-943
714
2146
1997
616
980
3223
4800
4817
3664
1542
1188
5172
9466
9583
6657
3324
711
872
4449
7153
6216
3469
664
-122
2405
4612
2949
-871
-3024
-2237
236
2053
454
-4151
-7706
-7873
-5752
-3772
-3963
-6166
-8006
-8118
-6653
-5124
-5204
-6458
-6441
-4040
-1725
-1178
-1594
-2803
-4219
-3622
-556
1630
1083
-344
-930
-112
1814
2145
309
-1023
-265
1697
2961
2395
-13
-2754
-3461
-1662
1139
3112
2545
-5
-1416
-221
1562
2178
1854
2006
2707
3680
4064
3396
2919
4374
6879
8318
8298
6446
3617
1617
2039
4663
7602
7637
4124
401
56
2487
3971
2880
183
-2110
-2090
-227
852
-442
-3754
-7115
-8162
-6398
-4018
-4042
-6036
-7488
-7970
-7968
-6972
-5113
-3709
-3843
-4724
-4487
-3200
-2273
-2344
-2914
-2443
-679
944
1141
-189
-767
345
990
1054
1500
1603
1490
1852
2228
1859
286
-1753
-2080
-72
2210
3067
2639
954
-1263
-1190
1079
2305
3014
4374
3934
2105
1728
2633
4338
7078
8958
7562
4901
4187
3168
1336
2285
5052
5999
5464
3317
608
356
1750
1806
636
-115
-753
-1217
-577
-120
-1880
-4735
-6819
-7347
-6375
-5327
-5071
-5282
-6365
-7220
-7713
-7768
-6327
-4005
-2796
-3956
-5182
-3972
-2711
-3394
-3769
-2821
-1789
-960
165
623
21
-169
-576
-1009
705
3242
3400
2071
1194
236
-971
-1658
-933
677
2033
2739
2771
1954
506
-138
1017
3128
5277
6198
5267
2778
1284
3613
7990
9862
8203
5533
3410
2364
2390
2819
3196
3567
3191
1677
879
1254
1058
-38
-1081
-1289
-657
-266
-604
-1143
-2321
-4223
-5811
-5958
-5336
-5471
-5722
-5042
-4691
-5199
-6112
-6998
-6803
-4544
-1455
-714
-2852
-4646
-4566
-3691
-2987
-2194
-1525
-1642
-1755
-489
838
422
-1079
-1764
-1011
1179
3278
3206
1529
-127
-934
-1144
-946
-204
1177
2168
2370
2709
2987
2344
1652
2528
4663
6506
7473
6252
4044
4744
8071
10002
8741
6048
4084
2785
2611
3744
4564
3943
1562
-1108
-1368
478
1334
11
-2326
-3870
-3786
-3192
-2899
-2995
-3549
-4677
-6132
-6163
-5414
-6242
-7292
-6627
-5540
-4158
-2753
-3371
-5539
-6338
-5197
-3715
-2088
-698
-1069
-2852
-3683
-3334
-2849
-2169
-1344
-571
209
971
157
-1986
-2482
-1163
-79
763
1371
1047
21
-636
-817
-1178
-546
836
1843
2905
3825
3559
3112
3807
5101
5992
6393
6273
6123
7718
10488
11061
8361
5198
3617
3299
3688
4846
5934
4831
1216
-2565
-3133
-1053
-50
-1411
-3113
-4118
-4442
-4323
-4804
-5856
-6365
-6207
-5806
-4842
-4486
-6299
-8096
-7570
-5898
-4328
-2799
-2217
-3216
-3843
-3298
-3328
-3091
-1675
-920
-1414
-1351
-960
-2214
-3550
-2924
-1590
-223
1050
354
-1383
-1732
-887
-457
-658
-608
-412
-193
631
1212
442
-587
-551
360
2037
3676
4457
4657
4925
6047
6855
6445
5844
6353
8710
11907
12793
10153
5794
2719
2043
2948
5094
6892
5546
1573
-2488
-4020
-2687
-1450
-2550
-4267
-4652
-3901
-3794
-4965
-6897
-9001
-9173
-6752
-3996
-3108
-4701
-7327
-8420
-6953
-3933
-1789
-2335
-3589
-3031
-1846
-1619
-1802
-1737
-1737
-1930
-1505
-636
-722
-1598
-2407
-2661
-1831
-905
-1038
-1608
-1778
-1348
-1088
-1578
-2152
-2440
-2100
-1096
-50
569
406
-123
-73
662
2084
3850
5273
6190
7089
7918
7421
6307
7060
10495
13072
12651
10365
7235
4209
2729
3456
5588
6822
5470
1778
-2052
-2942
-1699
-1965
-3914
-5274
-5387
-4893
-4731
-5545
-7608
-10014
-10853
-8999
-5707
-3702
-4816
-6969
-7462
-6437
-4190
-1952
-1751
-2589
-2332
-1340
-564
-57
-530
-2344
-3320
-1746
-195
-49
-170
-1264
-2580
-2441
-1647
-1506
-1346
-704
-976
-1970
-2199
-2090
-2615
-2770
-1953
-861
42
637
693
488
579
1515
3107
4902
6572
7891
8139
7496
7715
9828
12403
13042
11870
10027
7886
6170
5296
5222
6293
6785
4405
411
-1644
-1434
-1344
-2402
-4039
-5793
-6861
-6635
-5997
-6243
-7829
-10253
-11208
-9379
-6677
-5454
-5827
-6482
-6497
-5045
-2758
-2112
-2950
-2974
-2204
-1379
37
1357
690
-1796
-2923
-1810
-676
288
466
-483
-1493
-1476
-962
-1094
-1443
-1535
-2074
-3051
-3161
-2440
-2215
-2669
-2739
-2094
-1399
-538
340
623
1067
2115
3478
4832
6143
7132
7325
7440
8928
11965
14040
13089
10706
8856
7427
6192
5875
6978
7641
6338
3291
-243
-2169
-1631
-1164
-2393
-3878
-4928
-5875
-6847
-7346
-8010
-9467
-11033
-10754
-8505
-6668
-6982
-8031
-8393
-8003
-6695
-3680
-1335
-1866
-2648
-2833
-2780
-1145
740
754
-598
-1151
-499
-549
-479
574
-91
-1603
-1942
-1687
-642
67
-902
-2782
-4473
-5153
-4363
-2794
-1286
-1403
-1975
-1522
-1306
-919
484
1233
1841
4182
6503
6875
6752
6693
6831
8764
12790
14666
12553
10150
8724
6712
5349
6126
7569
7860
6274
3158
456
-664
-1254
-2379
-3503
-4116
-4412
-4659
-5294
-6587
-8626
-10908
-11972
-10274
-7610
-6543
-7106
-7646
-7747
-6672
-4686
-4395
-5072
-3989
-1847
-1150
-711
593
10
-2252
-2731
-1387
-122
1102
1814
485
-1236
-1777
-1887
-1458
-118
429
-657
-2082
-3176
-3523
-3307
-2742
-1853
-1251
-961
-457
-111
-385
-465
1083
3308
4391
5802
7581
7276
6039
7679
12046
14314
13073
10949
9209
7969
7151
6553
6728
7567
6850
4023
1268
654
544
-1364
-3396
-4062
-4109
-4382
-4999
-5672
-6916
-9229
-11189
-11202
-9373
-7209
-6729
-7657
-8083
-7073
-5694
-5708
-6163
-5073
-3003
-1870
-1328
-129
322
-1184
-3038
-3228
-1573
495
1272
977
343
-961
-2372
-2383
-1171
-279
-70
-1122
-3118
-3749
-2909
-3095
-3296
-1635
-682
-1037
-452
50
-236
901
3227
4243
5012
6901
7550
6515
7578
11336
13882
13372
11130
8716
7550
7349
6583
6484
8106
7952
4219
887
570
405
-1061
-2127
-2991
-4053
-4290
-4722
-6225
-7107
-7847
-10031
-11076
-9267
-7392
-7410
-7916
-7687
-7939
-7149
-4367
-3658
-4835
-3936
-2299
-2054
-1067
539
94
-2169
-3028
-2064
-1284
-198
734
187
-760
-2202
-2793
-940
615
-175
-1539
-2912
-3931
-3525
-2344
-1826
-1859
-1190
-514
-385
259
537
128
1575
4579
6223
6546
6950
6480
6358
9429
13765
14606
12011
9365
7710
6760
6799
7110
7564
7866
5691
2091
633
443
-772
-2645
-3901
-4093
-3523
-3742
-5135
-6672
-8232
-10438
-11383
-9079
-6711
-6801
-7213
-6753
-6774
-6408
-4943
-4381
-4754
-3754
-2006
-1749
-1598
-518
-658
-1881
-2199
-1825
-1629
-1145
-730
-936
-1080
-1358
-2872
-3088
-972
-80
-1184
-2963
-4870
-5733
-4829
-3292
-1977
-799
-104
-662
-1098
-256
285
1194
4050
6622
7778
8447
8003
7048
8915
13143
15009
13482
11342
9375
7433
6508
6527
6763
6846
5607
2613
698
785
-23
-3199
-5777
-6062
-5356
-4594
-4261
-5079
-7285
-10221
-12144
-11043
-7783
-6166
-6455
-6559
-6112
-5243
-4448
-4487
-5060
-4521
-2498
-713
803
1633
-362
-3078
-3178
-1558
-211
555
326
-517
-1397
-1880
-2824
-3539
-2137
-751
-1168
-2500
-4349
-5875
-6251
-5640
-4169
-2350
-1155
-573
-653
-762
-515
452
2701
5379
7543
8646
8496
8580
11027
14103
15035
13902
11918
10105
9292
8886
8090
7779
7672
5874
2773
1644
2072
460
-2381
-4303
-5939
-6719
-6050
-5480
-6205
-7609
-9542
-11615
-11739
-9550
-7936
-7869
-7455
-6361
-4718
-3448
-4160
-5225
-4202
-2104
-745
526
1762
1126
-1291
-2382
-1583
65
1731
1446
-125
-769
-1484
-3003
-3007
-1445
-753
-1578
-2689
-4442
-6483
-6746
-5837
-5131
-3847
-2280
-1599
-1503
-1876
-1724
-216
2030
4396
6530
8136
8486
8483
10854
14363
15333
14096
12754
11445
10170
9366
8857
8738
8451
6436
3402
2199
2399
871
-1908
-4157
-5901
-6891
-6818
-6177
-6384
-8099
-10637
-12050
-11410
-9603
-8310
-8011
-8036
-7411
-5513
-4283
-5000
-5613
-4407
-2620
-1287
678
2153
704
-2184
-3082
-1554
1218
3330
2925
1174
-244
-1290
-2327
-2187
-891
-357
-1404
-2852
-4370
-6241
-7673
-7626
-6020
-4293
-3083
-2250
-2548
-3293
-2770
-1021
1075
3585
6116
7457
7633
8554
11367
14252
15042
13934
12505
11780
11582
10739
9720
9502
8946
6698
4139
3592
3538
1587
-986
-2971
-4530
-5709
-6750
-7057
-6512
-7233
-9826
-11722
-11589
-10204
-9111
-8161
-7048
-6431
-5532
-4814
-5539
-5899
-4149
-2176
-1025
585
2277
1730
-847
-2238
-1720
213
2781
3540
2316
894
-903
-2676
-2459
-601
469
-458
-2639
-4612
-5953
-6886
-7455
-6863
-5247
-3935
-2854
-2186
-2887
-3577
-2203
206
2629
5624
7709
7972
8793
12062
14692
14285
13129
12539
11827
11732
11907
11153
10503
9423
6424
4031
4618
4795
1894
-1058
-2655
-4605
-5870
-6169
-6855
-7264
-7691
-9745
-11810
-11665
-10736
-10429
-9147
-7214
-6235
-5599
-4902
-5249
-5679
-4339
-2978
-2131
323
2329
1235
-1005
-1726
-1112
358
2406
3563
2971
1534
-424
-2312
-1791
140
691
-207
-2121
-4232
-5904
-7329
-7817
-7094
-5637
-4310
-3475
-3095
-3505
-4191
-3220
-712
2187
4942
6863
8036
10194
13198
14267
13171
12191
12383
12806
12842
12792
12418
10830
8268
5823
5402
6406
5327
1904
-1140
-3406
-4975
-5494
-6046
-6947
-7583
-8722
-10463
-11503
-11059
-11202
-11740
-10163
-7328
-5542
-4793
-5011
-6428
-6485
-4586
-3075
-1584
928
2314
911
-914
-509
216
706
2320
3823
4096
3513
1229
-1000
-1045
20
651
615
-240
-2253
-4930
-6710
-7509
-7461
-6416
-5008
-3760
-3111
-3504
-3798
-3148
-1382
1441
4360
6293
7934
10832
13638
13949
12355
11702
12147
12463
12617
13124
13088
11370
8032
5248
5603
6831
5313
2321
-115
-2750
-4961
-5751
-6253
-7157
-7733
-8756
-10491
-11016
-10962
-11913
-12099
-10060
-7190
-5203
-4831
-6277
-7592
-6492
-4215
-2676
-712
1313
1057
-759
-1250
-10
1258
1958
2449
3009
3674
3421
1609
181
402
616
408
728
302
-1518
-3664
-5125
-6078
-6273
-5746
-5023
-4494
-3845
-3122
-2867
-2713
-1966
5
2484
4714
8194
12381
13755
11850
9801
9879
11225
12024
12760
13806
13228
10356
6615
5120
6486
6931
4536
1633
-589
-2581
-4355
-5617
-6685
-7610
-8696
-9923
-10079
-9497
-10611
-12523
-12160
-10190
-8003
-5083
-3278
-5027
-6817
-6056
-5038
-3786
-1074
1016
344
-1101
-792
-173
557
1984
2619
3229
4180
2996
1628
2291
2519
1180
887
1192
8
-1536
-1857
-3180
-5033
-5198
-5106
-5063
-4035
-3495
-3965
-3095
-1563
-1273
-13
2803
5082
8259
12305
13368
10771
9129
10035
10455
10744
12831
13906
12276
8964
5580
5378
7336
6444
3497
1491
-310
-2871
-4579
-4989
-5987
-7869
-9372
-10048
-9523
-8733
-10540
-12789
-11869
-9109
-6337
-4656
-5386
-7083
-7016
-5338
-4023
-2401
-168
27
-2068
-2335
-241
1624
2237
2043
2100
2939
3463
2526
1686
2471
2867
1478
928
1412
567
-1326
-2608
-3024
-3337
-3893
-4159
-4364
-3965
-3168
-2528
-1606
-920
-720
341
2667
6302
10791
13021
11713
9118
8009
8769
9639
10713
12687
13076
10461
6728
5146
6576
7114
4759
2215
727
-545
-2462
-3941
-4966
-6835
-9031
-9792
-8984
-8144
-8848
-11229
-12804
-11739
-8942
-5725
-4354
-5781
-6814
-5777
-4534
-3656
-2318
-862
-1271
-2223
-1045
501
982
1464
1328
1299
2253
1970
973
1694
3158
3136
1883
932
-155
-1601
-1629
-1076
-1123
-1484
-2493
-3764
-4098
-3811
-3096
-1403
220
391
430
1912
4735
8109
10596
10820
9386
8937
9391
8703
8789
11359
12590
10729
7669
6006
6651
7101
5847
3749
1490
-455
-2550
-3791
-3644
-4936
-8480
-11102
-10641
-8373
-7959
-10104
-12110
-12445
-10723
-6978
-4185
-4685
-5909
-5813
-5110
-3540
-1149
-233
-1738
-3270
-2326
-191
1604
2163
1123
533
1375
1678
1420
2063
2977
2760
1754
1247
829
-556
-1651
-1806
-1135
-389
-1048
-2359
-3271
-4002
-3583
-1355
966
1586
1499
1964
3061
6439
10737
12000
10238
8975
9075
8998
8668
9631
10946
10796
8772
6023
5419
6483
5510
3137
1768
401
-1895
-3614
-3880
-4622
-6801
-9484
-11079
-10135
-8095
-8537
-10490
-11254
-11262
-10019
-5975
-3263
-4279
-5427
-5074
-4392
-2841
-455
418
-1152
-2053
-1102
41
1462
2343
1503
1116
1388
317
-85
1785
2981
1418
358
349
-1077
-2458
-1832
-1504
-1729
-1283
-1401
-2405
-2783
-2795
-2542
-342
2463
2928
2628
2609
3980
7617
11096
11918
10185
8806
8312
7263
7529
9926
10966
9604
6601
4342
5044
6055
4370
1659
-217
-1513
-3215
-4026
-3773
-5227
-8733
-11484
-11410
-9012
-7839
-9397
-11066
-11394
-10124
-7228
-4798
-4210
-4386
-4236
-3836
-2896
-583
923
-453
-1694
-654
1018
2233
2542
1773
1242
2150
2510
835
538
2163
2165
1010
965
502
-1857
-3307
-2340
-1117
-924
-1201
-2575
-3888
-3272
-2098
-781
888
2292
2612
2687
4677
8425
10983
11251
10307
9574
9496
9099
8140
8262
9664
10012
7931
5403
4867
5474
4355
1590
-150
-835
-2787
-5160
-5125
-4604
-6925
-10419
-11747
-10696
-9275
-8900
-9638
-10790
-11069
-9443
-6364
-4195
-3528
-3266
-3768
-3965
-1994
693
1461
151
-620
328
1603
2698
2822
1990
1991
2286
1509
1265
2595
2991
1173
12
437
-510
-2622
-3022
-2342
-1841
-1391
-1874
-2891
-3475
-3490
-2484
-57
2509
3425
2954
2686
4600
8714
12026
12173
10513
9487
8756
7520
7263
8832
9723
8495
6048
4189
4534
4928
2554
-629
-1930
-2381
-3805
-4845
-5005
-6488
-9523
-11481
-11393
-9814
-8569
-9676
-11001
-10835
-9826
-7980
-6193
-5224
-4336
-3082
-2155
-1847
-845
771
805
-136
816
2561
3054
2652
2336
2354
2620
2534
1222
756
2425
2610
850
301
75
-2146
-4099
-3322
-1968
-1858
-1721
-1862
-3111
-3548
-2950
-1860
208
2904
4210
3570
3875
6328
9377
11720
12436
11150
9748
9579
9014
7969
8829
10033
8322
5417
4960
6021
4997
1646
-1157
-2404
-3441
-4368
-4649
-5392
-7276
-10015
-11948
-11767
-10383
-9883
-10776
-11302
-10598
-9088
-7306
-5651
-4961
-4458
-3311
-2318
-1116
798
2258
2098
1119
1413
2642
3190
3347
3764
4160
4187
2652
784
1300
2829
2496
1073
644
-493
-3009
-3906
-3124
-2929
-2960
-2767
-3091
-3436
-3620
-3892
-3195
-501
2350
3251
3567
4473
5849
8807
12097
12715
11095
9909
9413
8426
8280
9663
10033
8269
5699
4472
5220
4886
1765
-1060
-2727
-4336
-5047
-4812
-5592
-7913
-10259
-11582
-11796
-10627
-10083
-11601
-12079
-10434
-8604
-7192
-6269
-5817
-5021
-3442
-2054
-1551
-407
1222
1201
1156
2857
4138
3492
2278
2679
4348
5275
4328
2372
1670
2304
2272
1715
1373
-232
-3225
-5054
-4419
-2684
-2437
-3025
-3450
-4245
-4435
-3648
-2647
-1123
1122
3026
3709
4588
6630
9642
12158
12351
10881
10136
10549
9996
8564
8919
10146
9061
6592
5581
5668
4735
2241
-220
-2014
-3474
-4829
-5845
-6151
-6926
-8970
-11131
-12190
-12357
-12143
-11982
-11492
-10235
-8820
-7660
-6921
-6699
-6153
-4367
-2614
-1698
-172
1896
2708
2101
2254
3389
3875
3923
4767
5838
5635
3845
2300
2437
3055
2827
2142
1233
-275
-2063
-3430
-3814
-3545
-3543
-3701
-3495
-3337
-4059
-4549
-3555
-1883
-244
1967
4014
4541
5344
8339
11411
12070
11027
10216
10235
10273
9703
9285
9656
9696
8252
6182
5709
5321
2965
536
-1286
-2979
-4263
-5193
-5950
-6898
-7879
-9505
-11780
-13008
-12649
-12065
-11075
-9716
-8779
-7972
-7297
-7235
-6826
-4788
-2573
-1810
-519
1662
2554
2218
2320
2792
2926
3866
5515
5904
5520
4809
2876
1927
2981
3425
2675
1841
152
-2246
-3700
-3642
-3688
-4197
-3890
-3623
-4043
-4470
-4576
-4035
-3144
-1870
285
2719
4136
4652
6081
9128
11403
11512
10771
10444
10033
9046
8521
9212
10178
9906
7572
4837
4072
4155
2551
-144
-2197
-3624
-4873
-5280
-5116
-6117
-8295
-10918
-13209
-13134
-10958
-9670
-9671
-9314
-8728
-8706
-7911
-5771
-4272
-3577
-2765
-1662
368
2161
2844
2642
2248
3002
4340
5338
6112
5895
5030
4041
2846
2895
3757
3462
2185
505
-1381
-2915
-3684
-3460
-3188
-3391
-3461
-4096
-5067
-4872
-4283
-3832
-2365
-78
1920
3256
4221
5334
7208
9615
11054
10876
10358
10169
9225
7770
8005
9692
10564
8891
5881
4237
4190
3224
1107
-646
-2382
-4034
-4727
-4577
-4790
-6577
-10210
-13306
-13240
-10805
-9232
-9134
-9076
-8910
-8825
-8143
-7253
-6331
-4665
-2703
-1398
722
2741
2459
1196
843
2396
5088
6677
6647
5725
4837
4163
3357
3395
3993
3564
2488
1298
-143
-1128
-2709
-4504
-4515
-3419
-2927
-3167
-3966
-4988
-5470
-5120
-3755
-1506
925
2836
3164
3125
4628
7675
10582
11262
9765
9036
9375
8494
7794
8927
10488
9963
7073
4744
4453
4290
2488
-187
-1938
-2751
-3809
-4630
-4641
-5639
-8572
-11926
-13358
-11989
-9736
-9163
-9505
-9428
-9425
-9395
-8058
-6053
-5290
-4297
-2572
-1422
70
1689
1664
909
2087
4595
5533
5395
5851
5741
4977
4413
3905
3804
4033
3535
2334
1339
339
-1853
-3939
-3704
-3005
-3403
-3351
-3168
-4326
-5377
-5518
-4889
-2907
-4
2143
3055
3439
3545
5016
8581
11118
10615
9434
9244
8488
7418
7950
9748
10428
8582
5439
4183
4557
3448
1155
-424
-1919
-3473
-3803
-3635
-4560
-6921
-10271
-12594
-12208
-10038
-8849
-9159
-9434
-9516
-9246
-8102
-7152
-7324
-6229
-3317
-1154
291
1528
1483
379
541
2883
5470
6680
6856
6240
5291
4699
3915
3581
3923
3710
2966
2184
770
-1503
-3520
-3771
-3415
-3450
-2878
-2383
-3395
-5318
-6246
-5067
-3021
-1037
1039
2810
3344
2522
2945
6669
10372
10670
9722
9420
9107
7845
6704
7811
9911
10088
7781
4800
3782
3916
2360
172
-1219
-2385
-3107
-3659
-4161
-5324
-8241
-11495
-12840
-11566
-9018
-8034
-8690
-9419
-9737
-9202
-8335
-7970
-6670
-3853
-1684
-783
-112
415
385
270
1656
4424
6274
6270
5513
4804
4132
3474
3174
3459
3690
3547
3199
1526
-1132
-2912
-3618
-3353
-2100
-1195
-1342
-2744
-5071
-6601
-5836
-3325
-1119
113
1884
3032
2076
1966
4633
8362
9975
9898
10055
9698
8160
6623
6379
8306
10604
9590
6292
4483
4270
2960
819
-386
-1720
-3054
-3106
-3105
-4176
-6351
-9776
-12561
-12297
-9418
-7243
-7587
-8685
-9308
-9386
-8964
-7958
-6394
-4169
-2075
-1252
-799
83
272
-89
470
2870
5402
6032
5520
5042
4174
3199
2653
2913
3757
4131
3821
2215
-445
-2556
-3560
-3761
-2361
-833
-696
-1857
-3911
-5536
-5488
-3809
-2028
-472
1661
3283
3276
2535
3585
6725
9584
10357
10001
10097
9361
6952
5578
7443
10057
9898
6975
4475
4136
3649
1521
-438
-1630
-2591
-3129
-2962
-3252
-5106
-8652
-12217
-12860
-10100
-7112
-6887
-8248
-9204
-9938
-9847
-7842
-5498
-4536
-3636
-2470
-1716
-660
512
489
222
1684
4149
5369
5195
4828
4094
3063
2385
2332
3292
4305
4033
2331
-252
-2441
-3707
-3828
-2058
-57
-79
-1523
-3387
-5209
-5681
-4370
-2287
-157
1939
3062
2668
2046
3160
6262
8867
10022
10177
9874
9084
7363
5963
7256
9681
9661
7135
5328
5289
4090
1142
-930
-2197
-3039
-2990
-2530
-2812
-4932
-8883
-12471
-12983
-10261
-7454
-6935
-7558
-8473
-9256
-8915
-7828
-7036
-5743
-3369
-1535
-874
-110
406
-670
-1312
792
4004
5805
5711
4936
3903
2878
2088
1865
3196
4935
4685
2638
35
-2591
-4119
-3896
-2212
-513
-12
-1005
-3120
-5080
-5684
-4958
-3083
-527
1658
3248
3545
2423
2197
5114
9359
11375
11165
10723
9732
7711
6241
7181
9382
9807
7884
5744
5197
4815
2371
-767
-2551
-3137
-2888
-2187
-2374
-4586
-8283
-11756
-13056
-11183
-7985
-6475
-7097
-8483
-9440
-8917
-7413
-6762
-5801
-3436
-1649
-1346
-740
276
-104
-777
878
3602
5265
5795
5389
4195
3094
2051
1255
2391
4712
4911
2939
519
-2370
-4677
-4382
-2315
-839
-564
-1201
-2891
-4990
-5713
-5272
-3744
-1035
1407
2902
3464
2890
2742
5076
8735
10405
10245
10605
10053
7669
6363
7734
9134
8892
7365
6252
6295
5544
2739
-762
-2833
-3255
-3195
-2450
-1957
-4256
-8761
-12286
-13064
-11288
-8802
-7432
-7876
-8996
-8697
-7654
-7806
-7986
-6562
-3911
-1914
-800
655
993
-802
-1855
264
3765
6252
6399
5142
4043
2990
1494
993
2653
4591
4272
2591
908
-1784
-4311
-4619
-2910
-1162
-521
-576
-2128
-4822
-6168
-5655
-4047
-1556
1345
3288
3483
2814
3523
6021
8471
9496
9917
10680
10477
8781
7792
8498
9229
8237
6675
6928
7606
5694
2056
-650
-2580
-3731
-3715
-3084
-2991
-4852
-8581
-11998
-13076
-11740
-10056
-8783
-7925
-8105
-8459
-7560
-6950
-7300
-6252
-3997
-2523
-1124
1162
2116
311
-1045
479
2992
5271
6875
6692
5130
3297
1196
884
3413
5343
4703
2898
1263
-1364
-3837
-3800
-2700
-1893
-928
-420
-1510
-3580
-5690
-6563
-5027
-1670
1649
3522
3670
3136
3863
6145
8572
9482
9901
10602
10150
8885
8766
9346
8987
7182
5934
7194
8237
5966
2077
-922
-3235
-4490
-4074
-3170
-3305
-5239
-8886
-12381
-12961
-11554
-10889
-9992
-8298
-7579
-7711
-7437
-8007
-8905
-7289
-4399
-2632
-633
1511
1424
-824
-1440
694
3244
5571
6943
6207
4944
3685
1463
793
2671
4017
3648
2937
1891
-805
-3538
-4196
-3740
-2624
-1132
-472
-1578
-3795
-5590
-6005
-4453
-1442
1370
3090
3690
4466
5971
6986
7373
7740
8933
10552
10796
10158
10171
9502
7740
6277
6890
8869
8503
5226
1940
-616
-2868
-3982
-3997
-4105
-4987
-6845
-9430
-11696
-12312
-12434
-12660
-11585
-9318
-7743
-7408
-7427
-7778
-7792
-6456
-4524
-2781
-407
1575
1309
-103
195
1833
3079
4599
6706
7142
5972
3908
1689
1522
3079
4152
4056
3362
1607
-1187
-3071
-3169
-3226
-3058
-1901
-1527
-2457
-3518
-4926
-5856
-4730
-1891
828
2515
3895
5578
6908
7305
6903
7203
9301
10738
10404
10967
11992
10545
7222
5629
7352
9335
8556
5808
2609
-706
-3304
-4359
-4016
-3903
-5284
-7656
-9682
-10819
-11452
-12435
-12902
-11793
-9477
-7138
-6278
-7409
-8646
-8060
-6262
-4529
-2352
363
1352
-132
-1014
625
2617
3551
4300
5514
6436
5836
4049
2688
2392
2588
2967
3601
3646
2062
-747
-2643
-3384
-3525
-2950
-2180
-2311
-3388
-4260
-4532
-4842
-4619
-2606
211
2024
4196
7147
8011
6387
4877
5912
8625
10345
10941
11559
11441
9227
5998
5492
8069
8891
6653
4417
2423
-410
-3006
-3782
-4023
-5032
-6371
-7782
-8900
-9539
-10969
-12992
-13139
-11333
-9252
-7285
-6277
-6926
-7690
-7230
-6533
-5372
-2446
535
1295
653
738
1529
2207
2860
4363
6231
7055
5942
3962
3253
3510
3041
2881
3558
3418
1542
-434
-1296
-2024
-3086
-3231
-2721
-2668
-2933
-3344
-3869
-4297
-3816
-2239
-202
2358
5669
7517
6957
5553
5036
6124
7902
9209
10612
11885
11151
7932
5355
6276
8508
8386
6244
4135
2091
-647
-2836
-3250
-3537
-5440
-7726
-8684
-8459
-8608
-10531
-12866
-13331
-11359
-8863
-7120
-6475
-6649
-6971
-7055
-6293
-4186
-1655
-272
-345
-151
1353
2736
3008
3041
3911
5268
5999
5449
4768
4397
3768
2890
2722
3440
3134
1200
-70
-365
-1143
-2077
-2844
-3295
-3493
-3454
-3054
-2994
-3040
-3195
-2873
-532
3412
6185
6560
5733
4679
4621
5983
7715
9088
10141
10377
8838
6542
6288
7702
7799
6205
4612
3270
1380
-942
-2239
-2820
-4428
-6698
-8098
-8155
-8073
-9234
-11186
-12531
-12425
-11170
-9519
-7530
-5878
-5624
-6515
-7384
-6858
-4813
-2235
-351
445
1093
1840
1569
1518
3381
5472
6017
5350
4558
4580
4895
4473
3379
2742
2398
1277
801
1578
1261
-887
-2848
-3566
-3582
-3132
-2607
-2651
-2697
-2158
-2242
-2058
602
4346
5823
5883
6074
5766
5249
5577
6282
7773
9976
10332
7975
5872
6428
7483
6924
5973
4546
2025
-111
-900
-1269
-2665
-5075
-7585
-9155
-8519
-7474
-8872
-11301
-12554
-12204
-10487
-8143
-6455
-6275
-6556
-6504
-6324
-4928
-2684
-1667
-1683
-677
1483
2911
2813
2718
3304
4164
5127
5245
4952
4923
4367
3464
3290
3449
2686
1119
712
1157
741
-113
-1344
-2776
-3359
-3115
-2502
-2108
-1622
-1389
-1943
-964
2715
5594
5738
5221
4982
5017
5519
6274
7142
8247
9053
7969
6040
6486
7987
7312
5343
4110
2976
1302
-143
-759
-1682
-3754
-6338
-8332
-8698
-7850
-8205
-10007
-11311
-11891
-11553
-9873
-7873
-6865
-6514
-6091
-6127
-5575
-3858
-2446
-2010
-1593
-75
1647
2502
2672
2855
3859
4860
4461
4001
4414
4747
4239
3590
3387
2592
890
314
844
1164
820
-380
-2074
-3255
-3355
-2879
-2261
-1476
-1067
-1430
-1258
908
3938
5325
5263
4948
5125
5594
5723
5803
6979
8375
8303
6520
5705
6982
7295
5660
4510
3496
1472
-237
-684
-831
-2243
-4741
-7468
-9118
-8679
-7751
-8537
-10092
-11135
-11523
-10895
-9384
-8051
-7026
-5667
-5050
-5138
-4193
-2896
-2588
-2665
-1189
1445
3205
3509
2974
2707
3633
4826
5101
5106
5086
4629
3594
3131
3382
2513
855
482
979
1467
1304
-198
-2458
-3484
-2976
-2119
-1311
-308
-211
-1335
-812
2314
5173
5723
5046
4561
4783
5408
5828
6255
7139
7498
6528
5579
6535
7870
6712
4485
3278
2105
964
267
-478
-1693
-3387
-5620
-8014
-8698
-7838
-8309
-9701
-9995
-10070
-10284
-9732
-8835
-8008
-6558
-5319
-5422
-5140
-3462
-2387
-2429
-1516
447
1914
2606
2945
3247
3988
4857
4469
3768
4433
4971
4362
3680
3349
2394
843
504
1303
1572
1263
285
-1558
-2803
-2707
-2225
-1986
-1492
-745
-901
-901
1142
3587
4482
4167
3892
4339
5186
5413
5220
5908
6946
6670
5330
5542
6937
6827
5403
4037
2531
1183
94
-683
-1184
-1977
-4123
-7097
-8443
-7959
-7995
-9006
-9656
-10079
-10118
-9333
-8730
-8420
-7292
-5644
-4917
-4666
-3589
-2869
-3077
-2784
-1099
1151
2860
3304
2879
2970
4009
4517
4268
4979
5633
4789
3742
3639
3402
2243
1224
1092
1276
1437
1157
-184
-1794
-2590
-2863
-2581
-1555
-579
-667
-910
-53
1968
4163
5106
4708
4271
4614
5074
5155
5482
6396
6458
5288
4732
5536
6589
6226
4296
2354
1108
527
159
-460
-1198
-2793
-5411
-7263
-7565
-7179
-7670
-8889
-9515
-9501
-9055
-8633
-8753
-8670
-7336
-5402
-4460
-3951
-3185
-2876
-3021
-2210
-66
2036
2948
2845
2900
3680
4790
4775
4281
5050
5666
5083
4267
3911
3122
1677
898
1132
1608
1535
531
-1213
-2261
-2238
-2165
-2045
-1209
-379
-613
-731
748
3090
4629
4926
4423
4133
4515
4875
4947
5538
6317
5918
4432
3929
5246
6156
5141
3472
1875
400
-309
-313
-515
-1581
-3311
-5665
-7543
-7401
-7023
-8358
-9687
-9653
-9256
-8711
-8133
-8323
-8502
-7119
-5477
-4803
-3891
-2710
-2721
-2904
-1333
904
2220
2756
2749
2731
3862
4981
4583
4240
4828
4758
4128
4026
3834
2672
1565
982
717
1258
1674
403
-1394
-1854
-1904
-2308
-2001
-946
-405
-524
-158
1031
3030
4956
5200
4203
3842
4208
4566
4770
5449
6131
5500
4322
4182
5094
5811
5137
3267
1470
381
-98
-497
-1323
-2161
-3467
-5706
-7143
-7288
-7602
-8824
-9742
-9355
-8571
-8001
-7701
-7835
-7752
-6864
-5785
-4835
-3492
-2232
-1873
-1585
-535
864
1868
2468
3199
4119
5122
5345
4539
4265
4640
4888
4801
4331
3631
2803
1940
1239
1323
1606
1086
-114
-999
-1292
-1704
-2021
-1910
-1402
-731
-488
-28
1493
3553
4586
4282
3830
3817
3971
4503
5271
5807
5825
4985
3913
4005
5173
5853
4757
2803
1213
75
-668
-1038
-1491
-2264
-3695
-5681
-6927
-7226
-7895
-9228
-9592
-8732
-7757
-7663
-7849
-7699
-7587
-7023
-6068
-5028
-3634
-2583
-2391
-2007
-735
534
1154
1856
3205
4541
5009
4887
4391
4233
4499
4571
4521
4167
3479
2619
1754
1266
1219
1052
558
-242
-913
-1320
-1682
-1825
-1713
-1098
-445
-196
610
2360
4141
4557
3945
3454
3350
3797
4753
5402
5639
5457
4494
3563
3670
4735
5226
4026
2492
1172
79
-531
-1129
-1855
-2493
-3721
-5444
-6669
-7412
-8266
-9222
-9317
-8258
-7441
-7693
-8022
-7936
-7577
-6814
-5937
-4720
-3138
-2156
-1650
-1000
-5
950
1360
2280
4121
5400
5345
4841
4380
4228
4492
4884
4907
4181
3248
2404
1685
1689
1897
1296
346
-259
-752
-1181
-1468
-1496
-1369
-1108
-759
-232
803
2580
4003
4123
3787
3443
3394
4019
4935
5391
5611
5419
4828
4078
4142
5092
4873
3319
2127
835
-319
-808
-1258
-2078
-3156
-4430
-5839
-7049
-7636
-8362
-9319
-8966
-7761
-7428
-7926
-8187
-7908
-6946
-5756
-5212
-4904
-3916
-2804
-2076
-984
502
1114
1039
2024
4032
5010
4984
4884
4366
4149
4870
5397
5132
4172
3082
2239
1869
2476
2466
1166
147
-238
-966
-1329
-1234
-1481
-1823
-1496
-874
-526
539
2291
3468
3801
3961
3667
3218
3701
4529
4760
5151
5497
4815
3818
3802
4480
4320
3218
1979
494
-567
-866
-1356
-1965
-2857
-4393
-5832
-6803
-7397
-8067
-8502
-8157
-7557
-7489
-7323
-7259
-7702
-7638
-6801
-5889
-4870
-3737
-2578
-1819
-1486
-612
380
1339
2901
4554
5032
4722
4421
4249
4491
4990
5099
4565
3652
2698
2068
2126
2328
1804
924
492
86
-732
-1159
-1188
-1253
-1175
-683
-148
526
1573
2948
3846
4079
3959
3409
3484
4050
4358
4855
5292
5099
4225
3588
4060
4835
4246
2723
1388
202
-455
-641
-992
-1926
-3355
-4803
-6015
-6679
-6935
-7757
-8329
-7877
-7350
-7299
-7432
-7528
-7638
-7100
-5996
-5247
-4664
-3656
-2527
-2032
-1193
290
1097
1661
3052
4418
4696
4727
4585
4117
4209
4812
4996
4302
3380
2594
1971
2226
2728
2074
1046
384
-442
-987
-693
-512
-850
-993
-493
24
495
1663
2631
3098
3814
4157
3631
3344
3770
3862
3959
4778
5334
4613
3627
3672
3822
3197
2328
1140
-402
-982
-968
-1471
-2390
-3506
-5127
-6745
-7204
-7003
-7361
-7572
-7354
-7626
-7896
-7588
-7514
-7576
-6951
-5850
-5213
-4806
-3615
-2538
-2113
-1319
-60
972
2135
3433
4190
4319
4528
4589
4371
4699
5334
5141
4130
3149
2437
2151
2405
2498
1846
1009
253
-416
-632
-440
-454
-666
-855
-732
-250
667
1751
2604
3439
4175
3920
3245
3299
3584
3649
3910
4671
4961
4360
3672
3549
3629
3133
2058
942
5
-415
-692
-1268
-2206
-3438
-4983
-6293
-6748
-6851
-7152
-7287
-7256
-7444
-7606
-7354
-7378
-7526
-6839
-5751
-5112
-4343
-3143
-2531
-2284
-1355
120
1147
2223
3467
3959
3969
4341
4341
4167
4654
5177
4757
3854
3160
2511
2352
2791
2762
2001
1287
714
243
158
306
-57
-701
-786
-306
287
1128
1894
2439
3272
3990
3845
3376
3209
3401
3538
4084
4905
4928
4169
3217
2928
3401
3370
2322
1000
-209
-811
-1112
-1568
-2361
-3683
-5211
-6097
-6450
-6581
-6874
-7330
-7618
-7534
-7059
-6771
-7176
-7554
-6994
-6001
-5092
-3929
-2918
-2846
-2795
-1765
-244
1048
2143
2906
3196
3507
4119
4239
3936
4041
4272
3963
3550
3101
2545
2566
2669
2460
2108
1582
773
86
126
386
-3
-386
-470
-345
316
1282
1835
2191
3105
4036
3944
3286
3024
3153
3366
3806
4448
4727
4328
3405
2520
2414
2723
2322
1261
321
-498
-1381
-2002
-2410
-3199
-4331
-5358
-6184
-6719
-6714
-6765
-7215
-7241
-6729
-6554
-6913
-7055
-6913
-6615
-5691
-4181
-3006
-2588
-2325
-1805
-1059
94
1504
2627
3223
3573
3806
3760
3681
3993
4263
4061
3618
3139
2909
3079
3011
2332
1707
1438
1027
784
994
767
1
-489
-391
56
778
1522
1703
1697
2371
3480
4079
3862
3267
2837
3063
3807
4245
4369
4312
3774
2860
2273
2399
2224
1550
993
273
-874
-1706
-2010
-2471
-3180
-3944
-4774
-5910
-6542
-6274
-6227
-6265
-5864
-5861
-6439
-6915
-7126
-6924
-5750
-4152
-3267
-2804
-1948
-1450
-1523
-888
596
1782
2654
3559
3805
3521
3281
3247
3423
3657
3406
2871
2605
2835
2641
1683
1083
907
837
1116
1541
1140
222
-366
-471
-216
427
1214
1416
1335
1737
2249
2679
3300
3639
3410
3210
3248
3218
3244
3479
3818
3651
3120
2560
1814
1326
1190
715
-209
-1152
-1658
-1987
-2363
-3066
-4210
-5426
-6209
-6243
-5733
-5329
-5486
-5826
-6262
-6785
-7100
-6856
-5839
-4715
-3978
-3169
-2532
-2271
-2247
-2034
-1089
426
1862
2764
3029
2774
2561
2456
2732
3146
3034
2940
2924
2760
2492
2044
1513
1149
1016
1369
1646
1102
306
-154
-154
209
778
1294
1709
2170
2360
1895
1299
1371
2442
4087
5270
5065
3726
2642
2337
2614
3618
4567
4297
2798
1403
830
753
594
178
-368
-717
-900
-1545
-2601
-3858
-4895
-5316
-4881
-4015
-3726
-4532
-5822
-6702
-6516
-5735
-4883
-4303
-3984
-3588
-3143
-2838
-2633
-2109
-1390
-515
723
1902
2279
1973
1616
1663
2063
2497
2541
2281
2127
1777
1259
1167
1344
1299
1163
1322
1252
613
6
-286
-298
203
843
1096
1103
1013
891
716
785
1317
1772
2344
3388
3985
3671
3080
2690
2667
2845
3328
3788
3531
3095
2519
1568
888
608
724
891
464
-448
-1506
-2522
-3175
-3397
-3282
-3387
-3959
-4416
-4899
-5532
-5780
-5702
-5539
-5002
-4146
-3571
-3492
-3657
-3585
-3107
-2187
-837
240
509
306
161
478
1141
1629
1867
1965
2042
1961
1675
1274
706
332
547
1345
1974
1675
682
-384
-940
-586
345
836
631
376
301
127
-28
170
497
1034
1867
2486
2427
1898
1535
2032
3153
4270
4687
4165
3228
2661
2689
2695
2535
2294
1915
1727
1773
1464
437
-909
-1829
-1965
-1420
-843
-959
-2064
-3654
-4600
-4425
-3835
-3442
-3205
-3093
-3268
-3396
-3309
-3107
-3021
-2852
-2026
-1122
-709
-612
-863
-1030
-706
-79
488
989
1252
867
274
101
124
-10
-102
155
448
397
9
-501
-1091
-1319
-739
-86
173
196
128
-274
-842
-627
214
1111
1883
2494
2420
1900
1464
1401
1869
2902
3824
4257
4278
3865
3147
2364
2180
2504
3119
3614
3520
2701
1480
389
-63
88
584
903
677
-286
-1555
-2227
-2341
-2345
-2038
-1500
-1450
-2053
-2889
-3578
-3772
-3328
-2389
-1566
-1192
-1342
-2092
-2628
-2313
-1659
-1277
-924
-489
-384
-530
-606
-941
-1592
-1652
-1033
-328
92
-259
-1350
-2570
-2970
-2352
-1333
-419
-20
-338
-940
-1300
-1467
-1450
-775
232
1115
1620
1486
588
-180
57
1224
2466
3222
3373
2843
2436
2526
2408
2286
2791
3534
4005
4099
3806
2808
1567
1320
1947
2505
2800
2320
1046
2
-119
97
215
334
367
57
-334
-315
-527
-1062
-1309
-1254
-889
-308
-198
-1052
-2032
-2270
-2074
-1894
-1629
-1554
-2040
-2433
-2240
-2182
-2407
-2436
-2223
-1878
-1348
-1117
-1688
-2635
-3305
-3295
-2669
-2010
-1983
-2424
-2702
-2735
-2619
-2060
-1199
-588
-104
430
499
101
-120
96
766
1692
2366
2522
2258
1884
1528
1571
2262
2971
3150
3237
3327
2896
2331
2014
1993
2483
3491
4157
3879
2974
2121
1594
1650
2427
3204
3243
2717
2051
1434
1070
1072
1157
1294
1787
2001
1469
624
-179
-927
-1231
-751
-153
-183
-644
-1421
-2383
-3099
-3423
-3359
-3047
-2675
-2799
-3347
-3999
-4684
-5204
-5039
-4160
-3458
-3243
-3312
-3755
-4435
-4668
-4191
-3400
-2546
-1778
-1385
-1392
-1551
-1524
-1300
-601
443
1075
1073
839
617
324
531
1257
1744
1999
2343
2527
2260
1884
1754
1904
2471
3203
3641
3527
2886
2165
1869
2245
2928
3635
4098
3929
3414
3016
2996
3070
3156
3470
3903
4000
3615
2906
1984
1462
1381
1533
1765
1561
953
108
-814
-1460
-1895
-2098
-1995
-1833
-1917
-2543
-3541
-4454
-5129
-5098
-4449
-3996
-4016
-4453
-5026
-5586
-5875
-5559
-4833
-4043
-3237
-2798
-2986
-3439
-3687
-3505
-2750
-1492
-488
-263
-584
-899
-1188
-1001
-126
723
1159
1269
1261
1032
735
632
781
1263
1773
2061
2226
2212
1952
1720
2192
3097
3874
4374
4537
4392
3955
3797
4087
4644
5244
5654
5616
5149
4659
4037
3627
3698
3854
3954
3939
3573
2680
1608
821
351
244
445
595
85
-759
-1867
-3046
-3639
-3575
-3347
-3282
-3386
-3896
-4762
-5494
-5709
-5590
-5201
-4493
-3795
-3533
-3739
-4143
-4510
-4386
-3671
-2712
-1986
-1717
-2038
-2425
-2724
-2712
-2119
-1504
-1128
-957
-1016
-1284
-1599
-1712
-1375
-805
-295
96
272
196
113
147
486
1104
1815
2326
2533
2614
2613
2506
2724
3471
4282
4962
5272
5256
4911
4497
4594
4816
4936
5034
4924
4480
4050
3509
2869
2474
2378
2487
2390
2127
1393
275
-634
-995
-1027
-948
-1071
-1601
-2390
-3014
-3347
-3564
-3556
-3375
-3201
-3078
-2891
-2911
-3265
-3534
-3232
-2619
-2018
-1649
-1829
-2349
-2708
-2589
-2151
-1587
-1274
-1457
-1706
-1898
-2130
-2485
-2604
-2449
-2236
-1888
-1575
-1727
-2193
-2381
-2222
-1690
-844
-205
63
48
78
246
470
902
1521
2173
2731
3194
3332
3159
3060
3124
3294
3709
4055
4146
3996
3805
3662
3517
3482
3461
3194
2923
2681
2277
1701
1237
847
497
303
207
-55
-567
-1050
-1377
-1600
-1562
-1299
-1043
-890
-945
-1031
-1095
-1120
-938
-346
54
34
-153
-412
-683
-821
-649
-296
-152
-323
-529
-760
-1175
-1513
-1492
-1353
-1521
-1778
-1824
-1940
-2377
-2668
-2568
-2343
-2032
-1711
-1662
-1798
-1882
-1945
-1763
-1234
-624
-235
154
445
411
383
801
1210
1456
1786
1982
1939
1856
1941
2051
2113
2206
2230
2066
1857
1613
1192
666
367
130
92
120
-131
-593
-948
-1068
-1255
-1329
-1139
-815
-610
-427
-324
-311
-316
-214
44
499
994
1184
1121
1116
1208
1309
1602
1979
1967
1792
1745
1633
1337
1087
877
567
182
-75
-320
-645
-917
-1225
-1462
-1437
-1396
-1671
-1936
-2102
-2185
-2189
-2002
-1637
-1465
-1418
-1180
-994
-1001
-865
-682
-498
-279
11
161
184
236
349
401
508
793
910
796
567
329
170
-46
-313
-530
-557
-586
-849
-1181
-1418
-1543
-1768
-1822
-1624
-1457
-1208
-987
-906
-893
-802
-588
-153
429
848
1116
1337
1629
1940
2323
2707
2920
3016
3093
3259
3328
3224
3143
2960
2747
2551
2394
2151
1810
1537
1364
1295
1234
855
372
-117
-577
-807
-814
-646
-594
-718
-812
-958
-1270
-1358
-1265
-1188
-1097
-910
-799
-929
-1117
-1089
-1009
-853
-525
-266
-252
-501
-724
-972
-1168
-1322
-1509
-1741
-1883
-2018
-2347
-2613
-2746
-2859
-3005
-2972
-2853
-2828
-2811
-2666
-2487
-2247
-1926
-1636
-1276
-975
-630
-309
25
431
843
1271
1639
1968
2175
2309
2515
2732
3053
3497
3710
3540
3303
3273
3304
3315
3288
3201
3127
2964
2770
2547
2208
1812
1451
1195
1116
1025
784
528
285
36
-90
-131
-220
-318
-411
-493
-599
-614
-539
-582
-790
-915
-1031
-1148
-1136
-1196
-1355
-1605
-1883
-2198
-2425
-2468
-2567
-2765
-2872
-2870
-3062
-3341
-3474
-3511
-3511
-3405
-3205
-3084
-3003
-2863
-2651
-2363
-2068
-1847
-1595
-1206
-799
-376
36
438
754
1011
1259
1589
1929
2318
2655
2794
2927
3000
3153
3283
3450
3684
3863
3989
3915
3699
3554
3411
3227
3125
3058
2933
2707
2409
2195
1989
1839
1688
1430
1072
894
720
475
323
182
159
161
156
14
-201
-446
-584
-706
-859
-1062
-1431
-1771
-2017
-2283
-2412
-2549
-2756
-2940
-3158
-3402
-3589
-3690
-3703
-3645
-3540
-3401
-3380
-3342
-3285
-3199
-3011
-2897
-2759
-2435
-2089
-1831
-1539
-1261
-1007
-678
-272
126
498
841
1145
1270
1401
1638
1898
2214
2457
2671
2899
3015
2996
3089
3193
3319
3463
3514
3493
3372
3222
3084
2916
2849
2778
2597
2342
1953
1665
1480
1344
1122
964
876
698
459
206
2
-243
-303
-276
-368
-603
-973
-1352
-1712
-1898
-1966
-2001
-2148
-2317
-2538
-2787
-2927
-3055
-3084
-2990
-2894
-2864
-2854
-2888
-2917
-2899
-2736
-2512
-2387
-2196
-1915
-1808
-1757
-1626
-1480
-1371
-1173
-982
-784
-540
-426
-346
-223
71
319
558
902
1193
1403
1561
1751
1952
2136
2373
2556
2739
2882
2956
2944
3008
3135
3259
3255
3209
3089
2839
2632
2442
2339
2257
2177
2146
2024
1791
1483
1143
929
813
751
691
421
9
-456
-913
-1214
-1353
-1375
-1374
-1506
-1732
-1967
-2156
-2224
-2177
-2093
-2007
-1952
-1990
-1971
-2010
-2033
-1942
-1837
-1724
-1514
-1351
-1336
-1395
-1484
-1501
-1478
-1254
-948
-796
-793
-886
-910
-895
-771
-633
-502
-303
-59
78
146
216
230
389
641
920
1203
1345
1395
1444
1617
1880
2021
2062
2030
1994
1969
1971
1936
1854
1830
1873
1912
2031
2049
1726
1246
980
915
844
689
441
102
-287
-539
-777
-1062
-1232
-1293
-1289
-1298
-1462
-1675
-1858
-1905
-1738
-1543
-1347
-1286
-1402
-1448
-1387
-1199
-1115
-968
-808
-748
-616
-483
-396
-443
-468
-310
-42
160
135
7
-136
-250
-257
-187
-134
4
-29
-122
-100
-134
-122
-28
141
359
552
665
655
565
706
962
1030
1034
1080
1069
1032
997
1006
998
1020
1066
1033
996
941
802
635
525
568
606
506
391
150
-182
-366
-490
-684
-918
-1059
-1191
-1308
-1375
-1441
-1475
-1433
-1268
-1135
-935
-778
-753
-757
-635
-408
-223
-17
152
253
223
254
339
365
450
590
676
770
801
733
700
680
651
675
739
733
636
496
381
268
203
100
82
150
209
223
182
217
201
259
259
269
409
479
500
540
518
469
456
458
541
554
432
240
69
5
-23
-146
-283
-445
-708
-1001
-1156
-1249
-1363
-1462
-1487
-1537
-1607
-1663
-1747
-1781
-1685
-1590
-1477
-1333
-1290
-1258
-1133
-999
-853
-632
-393
-202
-14
159
323
499
721
844
1021
1275
1407
1444
1494
1510
1564
1540
1464
1481
1402
1337
1303
1184
1012
915
914
880
809
731
659
644
722
815
881
816
708
569
473
444
460
394
274
133
81
68
15
-79
-233
-354
-386
-394
-461
-617
-859
-1117
-1283
-1281
-1307
-1465
-1667
-1803
-1959
-2036
-2122
-2207
-2284
-2297
-2188
-2075
-1964
-1893
-1776
-1652
-1411
-1155
-969
-725
-498
-309
-162
105
383
605
783
937
1110
1234
1330
1378
1536
1797
1983
2020
2024
1953
1847
1794
1720
1727
1697
1669
1625
1565
1494
1450
1462
1420
1424
1418
1354
1222
1062
893
796
772
813
767
709
615
476
316
136
19
-91
-151
-257
-432
-551
-743
-1001
-1178
-1281
-1360
-1501
-1677
-1867
-2093
-2286
-2274
-2326
-2375
-2329
-2385
-2389
-2412
-2348
-2300
-2200
-2030
-1840
-1652
-1477
-1341
-1231
-1133
-991
-743
-411
-112
84
293
355
492
705
944
1206
1417
1592
1726
1771
1726
1769
1812
1929
1976
2019
1979
1911
1870
1815
1876
1962
2041
2037
1990
1889
1741
1630
1570
1487
1386
1298
1154
1009
790
613
380
163
-21
-170
-260
-399
-536
-734
-880
-978
-1091
-1198
-1282
-1396
-1619
-1840
-2033
-2242
-2348
-2371
-2355
-2340
-2382
-2395
-2489
-2490
-2359
-2186
-1981
-1779
-1588
-1453
-1397
-1331
-1217
-1017
-748
-473
-344
-346
-312
-265
-149
64
332
633
835
995
1132
1160
1210
1332
1545
1758
1951
2067
2061
1992
1933
1981
2074
2172
2172
2118
2029
1946
1893
1840
1814
1732
1604
1469
1384
1240
1104
946
847
756
711
607
334
35
-266
-424
-483
-560
-712
-927
-1073
-1223
-1407
-1568
-1732
-1877
-1902
-1819
-1708
-1718
-1843
-1916
-1975
-1945
-1717
-1544
-1523
-1460
-1433
-1382
-1285
-1155
-1053
-905
-776
-668
-608
-572
-511
-462
-217
119
367
520
622
657
675
730
827
963
1053
1127
1182
1171
1113
1153
1283
1433
1583
1706
1718
1643
1488
1452
1488
1527
1528
1471
1398
1230
1050
920
722
511
408
285
234
81
-142
-366
-501
-558
-548
-570
-645
-796
-965
-1021
-1093
-1161
-1254
-1248
-1244
-1265
-1311
-1347
-1452
-1510
-1454
-1370
-1262
-1190
-1160
-1205
-1204
-1145
-1052
-991
-891
-764
-663
-613
-585
-575
-506
-372
-184
16
107
137
132
164
255
412
565
745
822
892
986
1000
1109
1259
1434
1518
1546
1506
1430
1420
1357
1369
1423
1477
1418
1336
1229
1111
979
936
885
757
614
466
277
57
-55
-155
-223
-320
-452
-605
-754
-842
-863
-892
-992
-1045
-1107
-1108
-1070
-1098
-1043
-1025
-1077
-1107
-1043
-955
-926
-865
-843
-870
-891
-833
-715
-626
-534
-491
-544
-616
-582
-518
-381
-221
-58
45
43
47
35
118
279
419
557
684
689
684
684
680
782
965
1122
1209
1203
1169
1122
1097
1135
1189
1211
1183
1153
1122
1088
1004
907
863
836
765
587
315
38
-180
-254
-236
-253
-370
-502
-668
-811
-873
-877
-884
-872
-815
-779
-731
-731
-679
-671
-659
-608
-562
-542
-548
-511
-497
-463
-392
-347
-315
-272
-252
-229
-318
-356
-354
-320
-263
-187
-114
-151
-133
-93
-68
0
-26
-17
-3
2
63
129
106
106
202
293
390
468
480
492
594
703
806
889
978
1003
919
900
835
767
723
659
565
442
305
118
-47
-207
-331
-390
-416
-534
-679
-777
-832
-823
-803
-804
-859
-917
-975
-1065
-1101
-1108
-1099
-1054
-952
-826
-704
-667
-665
-610
-482
-259
-42
90
220
368
472
443
441
463
475
483
472
484
489
489
467
407
354
323
309
309
301
309
336
432
502
550
628
618
614
593
585
613
599
628
677
680
652
641
587
593
599
622
619
583
538
461
280
202
74
34
79
-1
-114
-273
-463
-647
-693
-721
-746
-745
-811
-949
-977
-997
-962
-961
-917
-844
-805
-739
-713
-694
-674
-580
-456
-350
-251
-162
-114
-119
-123
-52
47
104
185
237
231
228
272
330
350
397
468
501
520
504
507
545
542
604
668
668
604
511
429
349
340
351
421
459
442
419
378
312
310
356
343
384
383
337
224
80
-69
-166
-267
-318
-348
-468
-584
-698
-788
-860
-843
-813
-849
-812
-820
-895
-901
-867
-841
-753
-686
-700
-723
-778
-733
-693
-627
-520
-404
-373
-333
-290
-244
-161
-21
122
188
238
228
191
152
172
250
331
375
390
385
406
394
392
418
463
532
604
655
669
618
629
621
605
683
737
779
772
757
760
696
731
766
748
738
701
636
522
401
336
308
278
184
28
-40
-171
-323
-395
-434
-430
-465
-534
-558
-598
-633
-697
-677
-634
-616
-591
-623
-691
-728
-722
-661
-521
-430
-375
-301
-292
-288
-272
-216
-163
-60
1
50
42
-39
-60
-59
16
57
122
180
158
97
51
69
107
179
316
456
440
431
403
345
356
397
505
564
568
550
487
473
444
473
517
493
511
485
378
220
154
87
96
130
59
21
-63
-267
-406
-438
-413
-402
-397
-437
-536
-617
-655
-631
-588
-448
-462
-475
-388
-449
-491
-398
-348
-356
-286
-204
-220
-232
-243
-245
-171
-86
-31
35
68
10
-56
-53
-34
-62
-71
-55
-73
-133
-148
-183
-210
-193
-157
-88
-63
-74
-67
-103
-181
-77
34
70
155
270
301
345
362
380
440
445
461
508
474
456
504
441
362
353
274
316
309
149
166
105
-32
50
0
-86
-12
-75
-242
-203
-183
-303
-224
-202
-250
-228
-241
-253
-263
-253
-90
-38
-15
83
113
199
262
324
451
496
530
531
471
370
354
387
302
278
206
76
-12
0
-85
-147
-134
-132
-143
-87
-1
-98
-191
-188
-175
-176
-119
-89
-151
-203
-184
-188
-207
-108
-41
-29
13
100
158
148
140
160
153
159
233
223
126
75
40
-50
-118
-173
-180
-271
-434
-427
-430
-484
-441
-372
-323
-323
-346
-366
-440
-420
-340
-248
-166
-125
-45
-3
51
122
194
298
412
554
559
496
584
541
504
616
694
583
522
456
332
295
228
247
216
112
50
-4
-147
-272
-276
-357
-429
-428
-444
-564
-662
-615
-660
-690
-575
-516
-489
-406
-347
-358
-366
-334
-227
-146
-69
20
23
-17
-5
-14
-7
41
71
39
-45
-70
-108
-124
-10
58
23
8
-24
-102
-231
-243
-180
-159
-138
-48
-24
-11
61
95
81
173
388
434
495
572
597
568
527
597
638
682
588
552
525
448
427
374
382
393
335
257
212
163
87
44
25
26
-2
-27
-104
-210
-242
-291
-317
-323
-268
-191
-193
-246
-285
-314
-314
-268
-166
-100
-92
-143
-167
-192
-213
-190
-167
-133
-101
-156
-226
-253
-290
-269
-243
-213
-207
-190
-223
-277
-257
-153
-82
-37
3
10
56
88
171
219
326
433
489
553
564
584
607
630
640
675
763
700
587
567
489
382
360
349
341
316
234
144
38
-74
-85
-98
-165
-148
-171
-244
-335
-446
-433
-452
-411
-443
-470
-460
-514
-604
-600
-534
-509
-415
-355
-293
-269
-311
-319
-319
-305
-288
-291
-280
-358
-408
-484
-516
-531
-536
-409
-375
-412
-433
-402
-438
-405
-254
-161
-73
-33
-34
46
74
82
172
277
342
373
435
480
487
522
615
659
723
792
804
791
703
650
676
682
644
632
545
406
288
160
119
85
42
26
-26
-100
-224
-319
-356
-329
-287
-250
-223
-215
-223
-306
-366
-328
-238
-230
-238
-187
-179
-222
-227
-201
-180
-204
-188
-142
-163
-173
-224
-247
-239
-214
-143
-104
-136
-151
-143
-157
-171
-196
-142
-63
-63
-89
-72
-30
-1
62
167
280
344
415
417
454
482
549
661
719
718
631
584
605
544
559
596
552
542
471
369
273
234
183
176
172
188
197
116
17
-100
-167
-190
-238
-218
-171
-226
-290
-346
-359
-327
-277
-217
-154
-156
-226
-253
-281
-285
-252
-204
-199
-176
-189
-269
-310
-288
-296
-329
-314
-381
-432
-487
-546
-581
-546
-468
-440
-422
-401
-423
-458
-396
-335
-207
-110
-50
25
18
30
83
116
210
325
378
366
332
256
241
273
313
374
416
461
435
375
316
289
282
303
323
298
231
134
71
-38
-101
-114
-125
-76
-117
-199
-250
-272
-279
-261
-214
-200
-192
-169
-221
-235
-219
-189
-162
-117
-65
12
37
25
-33
-51
10
23
50
75
120
71
35
32
40
58
83
87
31
2
-28
13
17
47
106
100
102
102
107
93
135
192
230
282
298
275
245
225
232
269
316
349
316
297
327
305
271
236
268
256
227
229
173
90
32
24
35
1
-20
-19
-77
-92
-156
-150
-112
-121
-115
-92
-119
-159
-154
-154
-153
-147
-83
-102
-138
-208
-254
-286
-274
-262
-198
-178
-184
-157
-207
-186
-200
-132
-70
-44
-46
-98
-149
-180
-159
-123
-81
-43
-7
-28
-48
-85
-78
-74
-30
46
114
128
183
203
179
164
183
251
230
204
170
136
60
21
-18
-57
-65
-75
-102
-125
-86
-141
-171
-143
-114
-147
-153
-220
-282
-232
-185
-200
-191
-186
-235
-238
-277
-301
-320
-329
-289
-196
-110
-76
-85
-117
-115
-102
-40
7
70
125
120
123
98
137
190
228
260
248
221
257
326
351
401
439
400
350
274
242
240
174
143
180
224
206
153
104
105
87
72
116
163
223
250
220
179
128
52
35
41
61
69
41
22
-44
-155
-166
-148
-137
-176
-253
-265
-244
-233
-188
-171
-205
-185
-170
-182
-178
-145
-145
-123
-136
-141
-159
-222
-241
-265
-252
-219
-145
-94
-28
28
-14
-9
22
71
107
153
240
265
196
147
124
107
116
110
126
85
19
45
73
80
143
228
325
384
426
447
474
445
407
403
404
406
349
354
262
162
105
38
-43
-142
-209
-231
-262
-300
-290
-283
-289
-265
-236
-263
-255
-311
-309
-277
-300
-325
-353
-395
-447
-443
-415
-373
-365
-375
-351
-318
-273
-229
-221
-184
-150
-84
-27
-10
1
-16
-32
-54
-74
-30
-46
-14
-29
-63
-78
-119
-116
-96
-32
31
60
178
206
217
283
309
339
320
356
344
343
328
307
306
285
276
283
285
229
246
206
194
212
202
173
138
124
96
80
82
59
21
-7
-52
-72
-126
-167
-209
-215
-242
-293
-330
-349
-319
-333
-292
-273
-279
-248
-208
-197
-180
-185
-167
-124
-92
-33
-3
33
-3
-25
-5
12
62
80
142
147
155
180
189
187
210
244
262
327
327
298
296
286
188
183
138
105
103
100
124
83
86
102
102
96
108
131
117
107
94
122
138
164
193
226
227
183
148
89
94
45
12
-15
-34
-60
-92
-85
-112
-109
-144
-184
-226
-238
-270
-322
-307
-306
-288
-277
-294
-321
-373
-375
-376
-366
-298
-250
-231
-228
-235
-245
-253
-240
-201
-139
-93
-30
60
62
52
67
72
71
63
81
65
78
79
65
69
66
52
61
75
84
79
117
102
58
82
110
122
153
162
193
202
199
228
192
188
176
160
130
104
103
46
-8
-15
-27
-65
-69
-77
-83
-71
-56
-34
-54
-72
-93
-133
-125
-130
-135
-125
-119
-148
-153
-137
-166
-175
-166
-184
-171
-162
-155
-111
-70
-51
-107
-108
-94
-113
-90
-107
-48
-4
12
65
97
114
123
129
133
212
213
232
264
263
248
221
224
182
146
151
138
135
107
122
115
97
119
131
107
103
108
125
117
118
105
111
116
120
117
101
91
81
97
67
80
63
62
77
84
69
47
72
86
53
17
-3
-15
-9
-44
-113
-104
-96
-121
-116
-156
-151
-169
-186
-175
-178
-167
-146
-156
-186
-177
-194
-184
-158
-148
-106
-76
-29
-11
-17
-24
-25
-65
-94
-92
-146
-149
-152
-156
-143
-133
-156
-106
-78
-106
-99
-95
-65
-54
-43
-19
16
10
-8
-11
-8
36
7
-1
-7
0
17
27
21
-21
-20
-36
-35
-38
4
59
86
92
102
110
122
85
51
20
29
83
75
57
47
56
52
23
11
20
56
80
86
130
154
106
83
93
89
80
79
72
90
89
100
111
73
31
-3
-36
-34
-7
48
75
100
126
102
127
123
84
75
100
51
46
58
40
11
-45
-102
-101
-109
-117
-85
-122
-139
-188
-224
-194
-195
-195
-182
-198
-227
-205
-181
-145
-103
-97
-56
0
-13
-1
6
18
46
69
78
99
118
115
110
123
114
96
115
124
136
138
133
108
125
135
135
162
169
142
145
138
136
143
158
150
115
80
96
104
78
78
53
38
3
-19
-31
-11
-50
-85
-84
-104
-119
-173
-209
-251
-237
-232
-217
-215
-218
-200
-235
-206
-211
-168
-160
-177
-155
-186
-172
-173
-182
-193
-154
-121
-78
-55
-67
-29
-12
26
75
79
79
50
7
13
5
5
48
68
107
126
73
51
12
12
24
66
119
118
130
143
139
162
172
193
250
267
269
333
306
287
270
194
150
132
166
133
108
30
-29
-84
-111
-82
-48
-27
-55
-83
-79
-110
-106
-97
-124
-131
-125
-133
-168
-225
-250
-276
-306
-282
-324
-384
-406
-399
-353
-327
-328
-320
-317
-255
-182
-149
-114
-102
-120
-82
-26
-31
-31
-17
21
0
-6
4
72
140
182
192
214
228
230
285
301
330
335
323
326
316
396
439
412
348
307
314
337
358
359
338
340
311
367
439
438
414
427
388
337
287
276
239
142
85
70
68
-7
-60
-115
-200
-258
-319
-339
-372
-372
-335
-341
-352
-349
-400
-407
-395
-416
-356
-320
-282
-263
-282
-279
-268
-240
-215
-176
-138
-145
-139
-148
-131
-117
-71
-43
-56
-57
-102
-131
-153
-206
-211
-190
-188
-174
-167
-184
-185
-139
-105
-84
-55
11
22
65
101
121
180
211
213
208
222
232
231
271
290
273
282
288
286
272
234
207
176
167
179
195
189
122
60
16
-15
-64
-81
-56
-65
-63
-89
-102
-79
-79
-106
-110
-90
-91
-105
-113
-103
-128
-135
-121
-134
-128
-118
-122
-118
-113
-151
-109
-78
-100
-103
-129
-112
-92
-99
-102
-102
-70
-62
-64
-59
-54
-53
17
57
88
125
153
206
205
197
230
244
262
295
279
247
247
233
229
199
185
180
163
173
182
179
206
166
156
191
164
170
156
106
77
52
24
19
12
13
0
9
-2
-42
-34
-31
-40
-30
-42
-48
-38
-44
-44
-68
-106
-98
-111
-135
-164
-183
-195
-195
-163
-180
-181
-180
-181
-214
-203
-194
-196
-175
-154
-142
-159
-138
-100
-123
-137
-98
-74
-102
-112
-112
-135
-100
-70
-57
-22
-21
4
32
46
66
69
86
99
118
102
119
100
68
38
40
102
101
161
180
171
168
138
104
109
107
68
74
36
8
1
9
20
-23
-33
-48
-53
-51
-54
-79
-69
-70
-101
-81
-76
-86
-97
-86
-82
-78
-69
-61
-67
-108
-128
-169
-198
-157
-127
-70
-37
-99
-129
-128
-122
-106
-108
-119
-141
-162
-151
-113
-112
-80
-68
-37
35
26
71
127
189
293
298
289
234
209
235
265
259
257
192
144
144
140
172
176
96
63
50
92
143
132
120
134
96
44
75
75
81
78
65
40
-29
-48
7
42
85
96
90
64
90
123
173
229
193
202
169
162
141
132
98
2
-48
-48
-31
-45
-65
-76
-108
-141
-166
-164
-182
-209
-210
-170
-122
-108
-70
-58
-86
-87
-61
-36
-65
-109
-96
-61
-58
-30
-44
-90
-133
-149
-150
-140
-144
-149
-174
-166
-115
-123
-112
-104
-112
-107
-88
-66
-65
-51
-77
-51
-61
-97
-69
-76
-76
-84
-96
-120
-109
-70
-16
28
47
44
36
73
78
59
63
88
86
88
64
34
39
7
15
-9
-9
-1
48
90
127
175
198
209
248
248
216
228
204
163
119
106
65
71
34
-37
-55
-79
-86
-98
-95
-75
-60
-42
-76
-91
-90
-49
-52
-73
-37
-45
-71
-63
-82
-61
-89
-102
-43
-34
-33
-70
-47
-41
-63
-55
-57
-63
-54
-66
-94
-103
-91
-74
-50
-31
-44
-50
-42
-28
7
5
4
35
69
118
168
181
200
206
187
189
188
166
138
148
163
155
122
130
137
106
85
56
52
16
10
22
-9
0
-30
-24
6
-10
21
31
61
81
85
85
95
106
69
89
59
63
84
64
65
53
42
5
-43
-37
-62
-100
-133
-154
-138
-123
-112
-124
-150
-171
-166
-172
-151
-140
-117
-144
-145
-114
-115
-106
-106
-110
-83
-63
-35
7
29
60
40
77
69
100
139
138
116
95
81
36
53
30
9
19
4
-5
19
43
32
10
18
48
84
86
82
90
107
96
98
126
102
61
27
13
-71
-162
-221
-250
-258
-255
-240
-245
-240
-238
-249
-220
-220
-200
-134
-145
-138
-89
-83
-40
-47
-103
-80
-66
-47
-55
-84
-109
-171
-164
-111
-107
-87
-51
-44
-10
12
31
80
99
97
121
112
95
79
64
85
88
39
23
3
31
114
154
155
118
98
125
146
207
250
290
280
301
317
335
338
274
257
229
198
166
201
209
175
171
165
146
133
115
110
116
123
115
87
79
95
115
46
2
-4
-87
-96
-126
-129
-130
-152
-176
-184
-158
-118
-116
-139
-141
-109
-115
-125
-144
-163
-130
-149
-144
-155
-168
-195
-227
-243
-215
-172
-134
-106
-111
-116
-93
-122
-80
-61
-83
-64
-69
-64
-56
-51
-52
-24
-30
-24
-21
13
57
77
72
109
138
157
132
135
173
142
126
86
104
90
83
66
8
-9
-22
-41
-45
0
33
36
75
73
8
9
-4
8
1
-23
-32
-76
-94
-115
-104
-93
-79
-48
-52
-29
-14
25
44
5
11
19
9
-15
-39
-58
-99
-132
-179
-189
-192
-203
-193
-177
-165
-172
-142
-128
-89
-61
-65
-53
-6
25
29
40
55
51
-3
4
34
70
104
91
129
112
103
72
45
48
40
62
54
54
62
73
54
6
-21
14
54
60
94
90
91
147
170
198
221
235
274
286
267
250
203
207
208
205
199
205
200
200
157
124
110
72
78
22
0
-8
-22
-46
-50
-42
-44
-28
-66
-80
-65
-84
-76
-73
-69
-66
-76
-67
-83
-77
-93
-70
-35
-32
-26
-48
-62
-89
-128
-142
-132
-128
-138
-150
-125
-139
-157
-166
-166
-122
-133
-147
-145
-186
-161
-132
-111
-68
-89
-63
-56
-52
-37
-40
-46
-20
20
54
69
50
64
56
20
11
1
-8
9
-24
-56
-62
-37
-5
23
62
113
115
101
100
110
85
90
86
114
118
91
93
98
95
93
82
39
-4
-49
-74
-147
-185
-205
-222
-235
-244
-231
-220
-233
-207
-218
-224
-211
-157
-99
-87
-43
-3
-36
-36
-30
-11
1
-58
-73
5
12
-45
19
71
48
5
-18
-17
67
56
83
120
104
55
185
286
89
55
40
3
197
296
30
-120
12
212
306
362
392
418
554
486
374
236
52
55
118
54
44
138
73
-38
66
21
-36
207
354
129
40
156
69
69
93
-57
-51
35
-16
-95
-139
-175
-106
-6
-107
-187
-155
-186
-169
-21
20
-16
-7
-47
-37
120
197
141
98
-17
-241
-365
-304
-208
-187
-164
-251
-411
-380
-277
-167
20
30
-88
-77
37
70
21
31
38
6
8
15
-14
31
45
-17
-63
-119
-113
-42
-92
-140
-134
-110
-100
-24
50
90
188
246
153
51
80
48
58
14
-111
-226
-262
-229
-218
-121
-110
-70
58
238
304
243
240
180
73
64
-3
-58
-37
-35
-177
-314
-301
-317
-171
-85
-158
-122
-32
-68
-30
39
17
76
89
-88
-32
121
0
-18
81
-137
-217
-84
-155
-169
-45
-77
-115
-20
-36
24
258
281
224
278
190
95
142
43
-48
28
45
34
110
117
79
167
127
81
155
110
117
199
174
96
177
169
151
250
134
29
83
18
-29
-4
12
23
161
253
134
33
32
89
124
40
-70
-35
-13
-59
-88
-38
23
121
144
145
125
108
100
72
-41
-138
-189
-229
-217
-248
-272
-246
-200
-178
-167
-130
-65
-24
51
23
45
130
158
116
63
63
71
66
-25
-104
-134
-155
-218
-250
-206
-163
-174
-157
-126
-77
41
60
58
87
39
-34
-42
-60
-118
-127
-129
-109
-137
-153
-129
-87
33
82
104
118
115
159
108
103
160
154
117
132
109
89
107
57
-19
-68
-112
-144
-121
-80
-18
-26
-47
-24
-27
-32
-42
-71
-60
-55
-85
-92
-85
-103
-98
-59
-59
-37
61
72
45
55
88
97
99
79
39
44
49
1
-56
-111
-204
-280
-318
-256
-207
-165
-63
26
12
19
126
124
85
166
196
105
29
-32
-61
-5
-44
-124
-70
-30
11
126
189
190
220
255
275
263
223
253
270
205
102
25
-40
-127
-122
-74
-116
-125
-137
-138
-5
53
134
150
104
119
152
174
203
182
61
-19
-51
10
26
27
30
-7
-1
-18
-15
-32
-27
17
69
54
59
58
1
-43
-22
-10
-20
-8
-31
-51
-57
-30
1
-36
-102
-73
-28
45
58
28
60
50
32
81
76
14
-40
-146
-153
-93
-40
-28
-47
-105
-169
-156
-151
-165
-165
-139
-176
-115
-57
-92
-75
-58
-44
-6
2
-44
43
47
-12
38
40
21
89
130
69
80
59
20
-10
-6
-17
-4
32
11
55
5
-134
-152
-133
-131
-100
-55
15
18
2
3
-19
-84
-119
-77
-113
-132
-55
-39
-70
-97
-89
-115
-95
-47
-42
-21
9
2
-36
-27
-2
-29
-60
-62
-75
-31
23
23
5
22
48
98
113
105
148
169
83
56
101
83
48
92
82
34
32
41
53
66
76
56
64
100
112
139
144
150
155
141
130
74
76
41
38
45
77
102
96
149
161
164
151
171
174
175
156
134
139
92
30
13
-34
-56
-19
-29
-57
-75
-117
-129
-109
-139
-147
-178
-161
-168
-140
-126
-108
-108
-76
-40
-56
-12
3
-26
-64
-68
-95
-103
-90
-57
-50
-1
-8
-46
-44
-34
-36
-78
-71
-87
-58
-67
-83
-49
21
-1
-25
-9
-68
-70
-56
-27
-63
-49
-61
-66
-21
-7
38
68
62
45
54
38
43
75
90
92
127
130
114
99
83
67
12
-5
-2
18
42
22
5
-8
13
23
2
9
-5
3
-11
-10
16
16
-20
-28
-36
-11
-4
-26
-34
-5
0
-48
-82
-81
-113
-123
-102
-123
-115
-83
-71
-80
-56
-33
-32
-25
-65
-91
-93
-77
-102
-105
-98
-81
-50
-10
-4
-12
-12
-18
-33
-3
26
14
16
25
22
15
24
49
82
104
120
80
95
126
108
126
146
121
92
102
83
115
121
86
111
85
95
103
82
95
59
14
3
-53
-57
-15
-23
-10
-6
-16
-8
-27
-57
-38
-18
-4
5
38
30
-7
-1
4
-9
-26
1
-18
9
52
27
18
14
3
2
-18
-3
-9
-28
-20
-43
-45
-48
-56
-56
-63
-55
-73
-70
-33
-50
-27
33
9
9
34
26
28
40
23
-14
18
35
38
20
35
68
87
50
40
99
89
72
102
118
119
125
130
96
91
70
27
3
-28
-51
-60
-33
-51
-35
-20
-59
-56
-59
-45
-41
-17
-20
-20
-4
-32
-64
-92
-105
-112
-86
-63
-78
-110
-120
-110
-119
-103
-111
-125
-102
-88
-68
-66
-64
-65
-70
-51
-54
-44
-4
-19
-60
-91
-100
-79
-57
-47
-58
-88
-71
-80
-79
-61
-68
-50
-47
-33
-14
-1
-1
-2
6
11
14
37
51
62
78
96
101
95
93
109
136
157
152
141
133
126
170
167
174
173
160
137
120
114
82
87
73
41
19
28
2
8
8
-4
-8
10
42
54
40
48
57
39
18
7
18
29
-11
-6
-15
-25
-26
-49
-32
-44
-27
-20
-1
-8
-37
-35
-38
-8
-7
-10
-11
-19
-45
-65
-71
-80
-75
-68
-61
-59
-35
-27
-37
-19
-14
-50
-41
-31
-26
-1
4
-12
-39
-74
-99
-82
-91
-92
-56
-45
-44
-34
-14
-3
21
37
34
19
40
46
42
52
60
37
19
32
48
88
74
70
97
87
77
67
55
33
25
23
33
20
-11
-26
-32
-64
-76
-62
-70
-91
-94
-81
-106
-96
-68
-63
-43
-36
-31
-16
-20
-33
-39
-48
-44
-51
-46
-21
-36
-56
-55
-56
-82
-62
-70
-46
-26
-3
16
32
59
51
52
57
33
30
25
15
-3
-6
15
6
54
78
104
102
78
88
98
89
80
76
57
25
19
7
-16
-10
-2
-1
2
18
3
-5
4
-7
9
29
8
32
75
76
88
91
77
69
40
28
9
-3
1
-17
-10
-14
-27
-8
8
23
-9
-32
-31
-39
-17
-23
-34
-35
-32
-34
-36
-34
-26
-10
-25
-36
-23
-13
-18
-22
-31
-39
-33
-26
2
31
34
42
46
21
15
40
31
22
2
-5
-2
16
14
12
23
-1
-2
-26
-18
-20
-2
26
9
2
-13
-3
6
16
17
11
-9
2
3
-3
-11
-15
-15
-39
-44
-35
-39
-43
-48
-48
-40
-35
-33
-21
-4
-6
17
27
2
-8
9
23
1
10
-12
-10
-9
-16
-10
-33
-27
-29
-31
-28
-30
-28
-15
-13
-23
7
23
11
15
9
7
-9
-23
-32
-43
-58
-52
-60
-43
-62
-79
-59
-49
-43
-27
-4
0
2
4
30
35
54
62
51
38
21
36
60
35
12
8
14
21
16
11
17
23
22
35
38
45
84
63
61
50
42
56
39
23
15
7
8
-4
10
19
16
47
71
57
56
40
4
14
12
-9
-7
-23
-45
-18
-5
-5
-15
-4
-9
-36
-25
-23
-18
-17
-13
-20
-9
-24
-40
-20
-32
-46
-41
-40
-47
-48
-21
-10
4
18
15
-3
10
9
11
8
18
23
4
-1
-8
-22
-22
-27
-42
-26
-21
-15
6
16
34
43
51
69
44
39
48
49
53
54
60
47
42
29
22
27
29
32
23
26
14
10
16
12
10
4
-16
-15
-7
-5
-8
-20
-25
-7
-19
-27
-26
-37
-18
-24
-33
-41
-56
-54
-49
-45
-41
-69
-72
-88
-74
-64
-74
-74
-60
-55
-59
-32
-51
-63
-60
-48
-44
-40
-21
-17
-14
-21
-15
-24
-25
-8
-5
11
14
39
59
50
44
38
42
36
44
42
22
11
-11
-3
-20
-34
-23
-16
-19
-15
-12
-7
-3
21
43
46
73
72
66
70
64
60
62
66
39
52
54
56
55
36
30
15
27
6
16
19
20
29
24
26
20
20
2
-12
-30
-44
-47
-46
-42
-48
-51
-34
-13
-11
2
0
12
18
28
29
47
66
52
59
38
31
36
18
16
16
10
13
12
43
29
9
10
11
14
15
16
25
29
9
8
-1
2
-16
-29
-23
-11
-7
-5
3
5
9
-3
-19
-7
-17
-3
-2
-22
-18
-29
-27
-28
-38
-33
-40
-41
-34
-28
-25
-20
-16
-15
-21
-21
-9
-14
-21
-25
-18
-34
-43
-37
-37
-40
-31
-25
-38
-45
-36
-36
-37
-43
-56
-46
-36
-47
-43
-40
-48
-62
-61
-71
-65
-56
-50
-42
-23
-18
-8
2
2
19
12
17
12
7
7
14
6
-4
3
6
5
11
23
21
32
37
42
50
54
53
50
59
45
49
43
23
28
28
33
29
26
36
38
29
43
51
58
54
50
54
43
34
28
21
8
3
-3
-7
-11
-10
-12
-19
-13
-14
-10
-12
-3
14
9
2
-1
1
-3
5
-3
-9
-11
-9
-5
-14
-5
7
8
17
22
25
34
31
27
25
19
16
21
24
24
20
12
17
11
12
22
18
14
19
23
24
26
21
23
15
11
11
0
-5
0
-8
-21
-13
-19
-22
-20
-21
-18
-24
-14
-17
-22
-14
-12
-12
-14
-13
-13
-22
-22
-20
-5
1
-10
5
9
-4
-8
-12
-18
-16
-23
-23
-11
-2
-6
-11
-20
-34
-32
-41
-35
-42
-34
-20
-10
-1
-8
-7
-2
-3
3
0
-4
-2
-1
-11
-22
-38
-48
-37
-36
-38
-38
-34
-30
-31
-22
-23
-27
-35
-56
-39
-42
-31
-20
-22
-21
-15
-14
-13
-9
-17
-11
-7
-7
3
13
23
36
42
50
40
33
24
21
12
18
13
-1
1
-10
2
2
-11
-20
-29
-12
-5
6
15
16
21
29
20
14
12
20
41
40
40
29
42
48
33
35
39
44
57
57
67
77
65
64
67
49
43
44
32
18
5
0
-9
-18
-14
-7
-7
-16
-23
-31
-18
-20
-13
2
2
19
18
25
13
5
8
1
9
3
2
10
11
2
-8
-12
-15
-10
0
5
14
22
20
27
32
22
24
22
23
15
12
8
-9
-11
-17
-28
-28
-35
-38
-45
-40
-35
-29
-24
-22
-26
-24
-13
-18
-16
-16
-14
-14
-7
-9
-12
-19
-26
-31
-36
-29
-35
-31
-39
-32
-22
-26
-22
-14
-19
-13
-13
-9
-16
-17
-17
-30
-34
-35
-35
-41
-37
-42
-48
-38
-33
-28
-24
-21
-9
3
5
11
14
28
37
33
39
34
29
30
17
1
-4
-4
5
5
5
5
5
3
2
13
17
16
18
29
28
31
34
34
21
14
13
11
9
-1
-1
-2
-11
-19
-15
-1
-5
7
20
22
28
25
27
21
20
21
22
22
17
13
20
11
8
1
2
12
8
5
13
4
2
-7
-14
-16
0
0
-1
-4
-13
-9
-9
-8
-11
-9
-15
-8
-7
-4
-8
1
13
7
9
16
20
23
24
19
22
20
21
22
25
24
26
27
32
25
25
27
12
7
0
-11
1
-3
-12
-1
1
-14
-23
-23
-15
-12
-10
-15
-18
-19
-15
-11
-27
-17
-10
-12
1
3
6
1
13
9
0
12
5
-1
0
-5
-8
-8
-6
-5
-12
-15
-14
-13
-29
-14
0
1
-3
-14
-11
-19
-18
-19
-18
-25
-23
-32
-29
-27
-28
-25
-31
-36
-33
-23
-26
-32
-32
-27
-37
-21
-16
-16
-18
-24
-22
-16
-13
-21
-10
-11
-6
-7
0
5
-2
3
8
9
12
23
29
37
29
30
23
15
18
17
14
4
-4
-5
2
-1
4
7
5
18
26
36
31
40
36
28
28
19
21
22
28
27
26
19
12
1
1
14
15
17
16
26
32
28
22
27
19
11
16
11
6
-4
-7
-21
-27
-32
-23
-16
-14
-4
0
3
16
28
39
30
39
53
49
51
49
46
40
25
18
24
18
10
2
-5
-9
-10
-11
-6
-18
-16
-13
-11
-12
-19
-17
-21
-22
-25
-25
-22
-18
-11
-9
-12
-16
-25
-24
-29
-23
-20
-22
-16
-9
-12
-11
-6
-8
-12
-11
-10
-14
-14
-17
-20
-35
-35
-33
-33
-29
-33
-31
-21
-18
-22
-26
-24
-20
-27
-17
-16
-15
-9
-15
-16
-12
-17
-30
-31
-32
-24
-27
-30
-23
-25
-28
-19
-13
-18
-17
-10
-9
-14
-16
-9
-13
-9
1
11
14
15
20
23
18
18
26
27
22
20
26
19
14
15
16
17
24
33
37
39
32
32
30
22
30
35
27
27
28
33
33
32
33
23
14
10
14
9
18
16
13
19
14
15
18
15
16
17
27
10
10
10
6
11
5
3
2
7
3
11
8
9
12
9
6
1
5
8
6
11
7
6
2
5
12
3
5
1
0
4
0
5
3
5
2
-3
-1
-8
-2
-4
-9
-6
-9
-16
-15
-13
-14
-9
-4
-10
-12
-10
-4
-12
-24
-22
-15
-19
-20
-18
-10
-9
-10
-2
-2
-7
-4
-5
-7
-3
1
5
5
6
7
12
9
7
7
0
0
-14
-7
-10
-16
-14
-18
-22
-26
-28
-32
-28
-34
-27
-32
-34
-25
-33
-36
-32
-29
-31
-27
-28
-25
-13
-12
-15
-17
-16
-12
-14
-13
-12
-10
-3
0
-11
-12
-12
-14
-8
-11
-9
-14
-7
0
0
2
4
7
3
4
0
3
12
13
13
11
16
20
24
24
30
35
34
32
32
37
35
32
23
14
13
12
1
1
7
-2
2
7
7
14
19
20
22
18
19
23
24
23
15
10
4
-8
0
8
4
7
6
7
6
13
14
23
25
21
28
28
25
28
27
19
15
11
2
2
-3
-10
-7
-11
-13
-14
1
3
-1
1
2
2
1
6
5
3
5
7
4
-2
-7
-7
-5
-8
-10
-11
-15
-22
-11
-2
-1
-7
-13
-4
-6
0
6
3
3
4
3
-2
-2
-4
-1
-6
-10
-8
-14
-15
-12
-23
-23
-19
-24
-28
-26
-27
-29
-21
-18
-15
-6
-6
-4
-8
-7
-3
1
3
4
9
11
10
-1
-10
-15
-11
-9
-8
-12
-2
-1
4
10
6
-3
-1
-1
-8
-12
-12
-9
-15
-21
-25
-35
-30
-30
-38
-32
-37
-34
-33
-28
-18
-16
-3
0
4
7
13
17
20
14
14
23
17
13
9
9
12
13
4
12
14
9
14
22
22
25
26
24
17
21
21
22
18
11
9
4
8
-4
-6
-17
-20
-15
-14
-9
-2
5
6
8
6
18
22
25
23
21
27
24
28
22
14
21
26
25
27
21
22
23
15
8
7
8
1
0
-5
-2
-1
-1
2
1
-2
2
0
-5
-8
-16
-12
-8
-3
-3
-6
1
-5
-1
-2
-4
-3
-4
-6
-14
-6
3
8
10
4
5
16
19
14
5
-4
-3
-1
0
5
4
-3
-12
-12
-13
-22
-14
-22
-27
-20
-22
-22
-25
-25
-25
-21
-16
-9
-6
-6
-3
-6
-11
-10
-14
-14
-12
-7
-4
-7
2
-2
0
5
4
7
6
2
1
-1
-6
-5
-7
-5
-4
-6
-13
-15
-19
-14
-18
-21
-18
-22
-17
-22
-28
-22
-22
-22
-16
-18
-8
-8
-7
-3
-1
7
10
7
10
12
13
13
15
17
19
11
13
18
18
24
23
19
21
24
24
26
27
31
29
29
22
21
17
1
-6
-9
-7
-5
0
1
0
6
14
15
15
15
17
24
17
14
13
5
6
8
5
4
-1
-9
-9
-8
-5
-5
-3
0
1
-1
-1
4
3
6
4
1
-2
-5
-2
-3
-13
-22
-21
-21
-23
-13
3
2
0
3
3
1
-4
-1
7
12
18
13
11
16
14
11
5
4
3
-1
-1
-8
-7
-4
0
0
0
-8
-7
-8
0
-3
-1
-3
-3
11
10
8
4
7
12
11
9
7
9
4
3
-2
-6
-12
-21
-18
-23
-27
-22
-23
-22
-18
-15
-14
-15
-15
-13
-11
-11
-6
-11
-16
-15
-10
-16
-14
-11
-11
-8
-4
-5
-4
-4
0
5
-1
-6
-4
0
-7
-10
-13
-13
-17
-15
-15
-9
-14
-22
-17
-21
-17
-11
-12
-7
1
3
2
8
8
11
14
13
17
16
16
15
19
18
17
21
18
16
16
17
13
14
15
10
4
-3
1
-5
-4
-4
-7
2
3
6
6
7
6
12
6
7
6
2
7
9
13
12
7
6
10
12
11
12
18
21
22
18
19
19
23
21
17
15
14
16
12
9
3
2
-2
-5
-1
0
-4
-4
-2
0
5
5
9
2
1
0
-1
-1
-5
-2
-1
-2
-9
-5
-9
-13
-7
-1
1
-1
-6
-7
-5
-5
-1
-7
-8
-9
-14
-12
-13
-16
-8
-13
-11
-10
-15
-17
-13
-15
-9
-4
-4
-3
1
1
1
0
-7
-4
-2
0
-3
-11
-9
-5
-1
1
-1
-3
0
-2
-7
-16
-17
-12
-9
-2
0
-2
-3
-6
-4
-7
-8
-10
-8
-10
-5
-5
-2
0
1
6
-1
2
1
5
1
0
4
-3
-7
-7
-12
-14
-16
-11
-10
-11
-8
-8
-9
-10
-6
-13
-15
-14
-10
-6
1
5
5
2
3
4
2
-5
-3
-6
-4
3
5
5
10
13
13
12
10
14
11
17
15
12
12
14
15
14
14
11
7
4
7
13
10
11
10
12
14
15
20
13
12
11
11
15
15
11
9
11
9
7
2
7
16
21
23
27
24
24
26
23
20
19
13
11
2
8
3
-5
-3
-6
-7
-16
-19
-19
-15
-10
-14
-14
-9
-2
5
-2
-9
-17
-19
-12
-12
-11
-9
-8
-18
-17
-15
-13
-9
-6
-1
4
7
13
18
16
23
28
25
21
18
19
10
0
-2
-13
-13
-20
-20
-19
-31
-32
-23
-21
-24
-24
-22
-24
-27
-23
-18
-18
-22
-25
-21
-23
-21
-20
-24
-28
-20
-15
-11
-8
-10
-7
-6
-3
5
7
11
17
15
11
3
0
-3
-4
-6
-5
-7
-5
-4
-10
-9
-14
-12
-11
-12
-4
-3
-3
2
4
9
9
17
20
10
15
14
7
3
4
1
-5
-3
-6
-3
-11
-15
-20
-16
-15
-9
-3
-3
0
6
9
9
14
16
19
15
13
13
16
20
19
24
24
20
23
24
28
29
31
31
27
27
26
29
22
8
6
7
-2
1
-3
-11
-9
-9
1
3
6
11
16
15
17
13
16
23
15
20
23
24
20
15
17
15
20
18
15
15
13
14
7
2
0
-3
-9
-15
-16
-14
-15
-17
-17
-21
-24
-20
-12
-15
-15
-10
-11
-5
-1
-1
1
3
1
2
1
-1
-1
-7
-7
-10
-12
-5
-11
-18
-17
-20
-29
-34
-36
-37
-33
-34
-33
-30
-25
-28
-24
-19
-22
-19
-9
-9
-8
-11
-9
-9
-3
-4
2
2
4
9
-3
0
1
4
0
-7
-1
-1
-6
-8
-16
-18
-15
-13
-21
-30
-24
-19
-23
-26
-21
-18
-12
-6
10
14
15
21
27
27
30
39
37
33
25
25
23
12
3
-2
2
3
4
-1
-13
-11
-13
-4
-3
6
8
9
11
8
12
8
12
16
18
16
20
19
21
16
11
12
12
15
17
20
23
25
21
16
20
18
17
14
8
0
-10
-12
-16
-14
-14
-3
3
1
6
13
21
20
16
24
32
29
28
28
31
39
30
18
9
2
-2
-3
-6
-13
-23
-24
-16
-17
-10
-8
-13
-14
-14
-7
-5
-2
-6
-6
-10
-16
-11
-3
2
4
9
9
11
10
6
9
11
6
5
9
5
1
-7
-9
-12
-17
-24
-38
-47
-48
-49
-52
-55
-59
-48
-35
-32
-25
-26
-21
-16
-12
-2
4
2
5
10
7
7
9
6
-1
-1
3
6
-1
-8
-16
-17
-12
-14
-6
-5
-8
-9
-16
-14
-13
-10
-9
-16
-16
-21
-21
-20
-15
-8
-3
6
10
22
27
29
38
30
34
33
31
37
31
27
20
11
10
11
-2
-7
-10
-18
-18
-23
-27
-20
-19
-15
-7
-1
3
1
4
4
9
16
28
31
33
39
34
33
34
37
33
35
34
31
33
27
20
15
2
-5
-6
-3
2
-3
-8
-9
-12
-15
-12
-12
-14
-8
-10
-11
-9
0
7
8
13
16
25
32
32
32
34
33
27
25
18
16
12
6
-2
-13
-18
-21
-32
-38
-36
-38
-40
-36
-32
-31
-22
-17
-13
-5
1
2
9
5
10
17
12
13
13
10
14
15
14
6
6
3
4
3
-4
-11
-17
-13
-13
-23
-27
-35
-36
-36
-37
-32
-33
-30
-26
-20
-16
-8
-4
3
5
10
16
18
22
21
19
16
8
8
6
0
-6
-6
-9
-18
-21
-18
-17
-14
-19
-19
-24
-21
-18
-22
-19
-18
-19
-12
-7
-3
-3
5
12
12
15
20
20
24
26
26
24
16
19
15
10
4
-3
-5
-13
-13
-17
-20
-21
-29
-29
-29
-28
-23
-14
-13
-7
-2
5
10
12
21
26
27
34
30
31
36
34
35
35
28
22
19
17
11
2
2
-5
0
-5
-6
-11
-9
-7
-9
-9
-14
-12
-7
-5
-2
0
3
2
2
14
17
19
22
24
30
33
41
46
40
37
34
31
28
25
17
18
12
0
-6
-12
-20
-31
-35
-28
-29
-33
-25
-22
-20
-11
-8
-11
-6
-6
4
12
5
4
8
13
14
14
10
10
9
9
11
12
11
4
2
1
-1
-6
-11
-12
-18
-18
-19
-29
-33
-30
-27
-27
-25
-23
-23
-17
-14
-12
-2
1
2
3
7
3
-3
-2
-5
-8
-8
-16
-25
-25
-26
-27
-30
-30
-28
-19
-19
-15
-10
-10
-10
-15
-11
-13
-15
-6
-2
-1
-4
-2
2
4
6
12
20
16
12
16
12
10
6
4
1
-1
3
5
1
-9
-13
-15
-14
-14
-10
-8
-11
-12
-6
-4
1
9
12
13
17
22
26
30
27
20
23
27
25
24
24
18
19
22
26
28
25
20
16
15
11
13
10
10
7
6
2
-1
-6
-2
-7
-5
-3
-3
6
4
9
3
3
1
5
11
11
12
12
7
8
7
1
2
-2
-2
-4
0
6
4
4
-3
-5
-6
0
-1
-5
-1
-3
0
-2
-2
4
0
7
8
6
5
6
8
8
7
4
2
-4
0
-4
-4
-2
-1
-2
-3
-3
-4
0
1
4
4
1
1
-6
-5
-11
-11
-6
-10
-7
-4
-3
-8
-4
-8
-8
-12
-15
-14
-18
-17
-17
-24
-26
-21
-26
-27
-27
-24
-22
-22
-17
-12
-11
-10
-9
-7
-5
-8
-6
-7
-7
-7
-2
-2
-4
-3
-2
-4
-7
-8
-10
-13
-12
-17
-14
-17
-15
-12
-15
-12
-13
-4
-8
-5
1
2
-2
-4
-3
-9
-8
-4
-4
-2
0
1
11
15
19
17
11
15
21
20
25
23
19
24
20
22
11
6
10
9
11
8
16
22
25
28
33
30
32
36
33
35
31
28
21
23
23
18
18
9
8
7
10
14
8
12
15
16
20
16
11
4
3
8
8
9
9
5
10
15
11
7
0
-4
2
7
10
11
7
6
-1
-6
-6
-13
-16
-19
-27
-31
-33
-35
-35
-36
-30
-34
-42
-39
-36
-35
-33
-26
-23
-16
-13
-12
-10
-9
-13
-14
-19
-12
-7
-8
-10
-13
-17
-20
-12
-15
-16
-15
-13
-10
-2
-4
0
-2
1
5
3
2
2
-1
-4
-4
-1
-1
5
5
0
4
13
13
13
11
11
12
14
16
16
8
3
2
-4
-7
-11
-12
-15
-18
-18
-21
-21
-19
-16
-18
-13
-2
1
9
13
14
20
21
16
12
14
14
14
11
11
13
10
10
4
4
3
0
0
-1
1
-6
0
0
3
4
3
4
0
3
1
-2
-6
-3
-8
-10
-7
0
5
6
9
18
19
15
26
27
31
31
32
32
30
29
25
21
12
11
6
5
-2
-9
-8
-14
-11
-8
-1
0
2
8
14
14
12
18
24
22
19
15
12
3
5
8
2
2
-3
-3
-1
2
-1
-2
-8
-10
-9
-7
-5
-11
-14
-8
-12
-13
-15
-17
-14
-11
-9
-14
-11
-11
-10
-8
-4
-6
-5
2
1
0
-3
-11
-6
-10
-18
-15
-18
-22
-21
-19
-22
-28
-23
-25
-25
-23
-20
-18
-16
-9
-5
-3
-3
-1
1
2
6
8
3
1
1
-2
-1
0
-3
-5
-9
-9
-9
-5
-5
-8
-7
-5
-3
-5
-1
1
-2
-6
-2
2
6
6
9
7
10
14
8
17
16
22
23
23
26
23
20
20
16
13
9
5
0
-9
-15
-20
-19
-22
-23
-25
-26
-21
-15
-13
-12
-8
2
7
14
16
15
15
12
16
18
15
19
19
14
13
12
12
6
0
0
0
2
3
7
10
8
9
9
3
1
2
4
5
5
6
7
8
9
6
4
12
11
15
17
22
25
22
20
19
17
11
6
4
-1
-11
-11
-15
-13
-15
-14
-11
-15
-12
-11
-12
0
11
15
17
8
13
15
12
11
6
2
2
5
-1
1
6
0
-2
-4
-7
-7
-10
-7
-9
-6
-7
-11
-15
-18
-19
-25
-28
-37
-39
-36
-29
-26
-26
-25
-22
-18
-15
-13
-8
-3
1
5
6
8
13
8
9
8
0
-1
-5
-14
-12
-15
-12
-10
-13
-13
-13
-10
-13
-7
-9
-10
-3
-1
-2
-1
2
8
10
9
5
1
2
4
11
10
10
10
12
10
8
10
13
10
14
15
18
12
2
-3
-6
-8
-12
-15
-12
-13
-13
-12
-14
-14
-11
0
3
7
4
8
11
9
13
14
18
17
19
13
10
15
9
1
0
4
-6
-5
2
3
3
1
1
0
3
9
13
10
13
19
20
16
11
6
7
10
15
15
15
15
15
16
17
18
10
13
14
18
21
20
15
8
3
6
4
-3
-5
-11
-12
-5
-7
-8
-7
-4
-1
3
7
8
9
16
13
4
5
-2
-2
0
0
-1
-7
-7
-9
-11
-12
-13
-15
-18
-21
-17
-20
-19
-19
-17
-12
-15
-17
-20
-17
-15
-16
-17
-13
-14
-16
-10
-7
-8
-2
-2
-11
-9
-9
-9
-8
-8
-5
-6
-2
-4
-9
-15
-14
-16
-16
-16
-23
-21
-19
-20
-17
-17
-14
-14
-13
-11
-5
-7
-3
0
3
5
1
2
6
6
9
15
16
16
17
16
20
26
22
24
17
19
15
14
6
-2
1
-2
-6
-13
-7
-9
-9
-4
-2
-2
-6
-3
0
4
5
2
0
4
5
3
7
8
11
11
16
12
11
10
10
14
12
12
13
14
14
13
18
14
13
9
8
8
5
8
15
10
6
5
0
-3
-2
-1
-1
-1
1
1
3
7
4
6
11
18
18
15
15
16
12
8
10
3
1
1
-3
-7
-10
-9
-4
-5
-2
7
3
-2
2
5
2
0
3
2
3
6
4
-3
-5
-10
-16
-15
-18
-19
-19
-18
-19
-17
-12
-7
-7
-6
-8
-15
-14
-8
-3
-1
0
-3
-1
-7
-8
-2
-4
-3
-3
-1
4
5
8
12
10
9
8
8
7
1
0
-2
-8
-11
-22
-26
-29
-33
-33
-29
-32
-31
-26
-25
-24
-21
-23
-23
-24
-19
-15
-9
-6
-5
-3
0
2
2
6
4
7
8
8
7
8
15
19
18
19
19
11
8
5
3
-1
-5
-1
-1
1
1
1
1
-1
-3
0
-3
4
4
7
10
13
18
20
15
14
13
5
10
11
9
9
9
9
7
11
12
16
15
10
15
18
15
18
20
20
13
13
9
8
9
7
6
7
9
9
12
15
15
15
14
10
9
6
7
7
5
1
1
-5
-8
-12
-12
-10
-12
-13
-11
-10
-7
-6
-6
-6
-6
-4
-6
-7
-4
-5
-3
-4
-6
-4
-5
-1
0
1
4
-1
-2
-5
-5
-8
-7
-10
-11
-7
-6
-9
-12
-11
-11
-12
-11
-11
-14
-10
-10
-8
-7
-16
-10
-6
1
3
3
7
11
10
3
2
-1
-4
-1
-1
-3
-1
-5
-7
-9
-8
-9
-11
-6
-9
-8
-8
-5
-3
-5
-2
-5
-2
-5
-1
0
-3
-2
-3
-2
-1
5
8
7
7
5
8
9
9
12
10
11
4
4
-2
-2
-8
-6
-3
-7
-12
-11
-13
-15
-7
-12
-12
-11
-6
-4
0
2
4
