16
12
13
11
14
14
13
10
8
11
15
12
13
16
18
23
25
26
21
12
5
3
0
2
6
1
-5
-14
-21
-20
-20
-18
-17
-18
-20
-20
-12
-8
-7
1
5
5
4
2
-4
-9
-16
-19
-20
-23
-18
-16
-18
-18
-18
-15
-9
-8
-2
1
0
2
0
4
1
3
2
6
1
-9
-17
-19
-27
-31
-32
-34
-34
-26
-18
-15
-14
-13
-8
-2
5
5
4
0
-2
-1
-1
-4
-6
-8
-6
-7
-3
-4
-5
-5
-6
0
-3
-3
3
2
1
4
3
9
7
6
4
-2
-9
-12
-13
-14
-12
-10
-3
-3
1
4
7
16
21
22
22
21
14
15
13
17
15
13
16
7
4
-4
-8
-5
-8
-4
-6
-8
-5
0
1
3
8
17
24
31
34
32
27
24
22
21
21
15
12
9
2
-3
1
-1
0
2
4
7
5
8
7
14
18
19
22
20
14
12
10
4
0
0
1
-1
-2
1
3
6
8
9
11
10
12
11
4
0
0
-4
-4
-5
-7
-8
-11
-18
-19
-24
-25
-20
-16
-12
-9
-9
-7
-7
-8
-4
-5
-3
0
-3
-4
-8
-9
-5
-5
-11
-12
-14
-14
-11
-14
-12
-9
-8
-4
-6
-5
-5
-7
-3
-7
-9
-10
-10
-9
-11
-14
-10
-9
-12
-12
-14
-12
-12
-9
-12
-19
-11
-9
-3
-5
3
1
-3
2
1
0
1
1
-6
-10
-8
-8
-4
2
0
0
-2
-4
-4
2
5
9
11
12
11
12
11
8
3
5
1
2
1
1
0
-3
-4
-7
-8
-6
0
-2
0
0
6
8
6
7
5
2
3
1
1
1
2
3
11
12
15
14
11
10
7
7
9
14
15
15
17
20
18
12
10
8
4
7
3
3
6
2
-1
2
6
4
5
6
7
12
13
14
18
18
18
14
11
3
-6
1
-2
0
-3
-4
0
-3
2
2
3
7
11
15
16
17
15
13
6
1
0
-4
-7
-10
-15
-14
-13
-16
-10
-7
-7
-9
-7
-7
-10
-7
-1
2
5
5
-1
-3
-8
-5
-2
-10
-13
-9
-7
-5
0
-4
-6
-13
-10
-5
-4
-1
-1
-7
-6
-5
-6
-6
-9
-14
-15
-20
-26
-24
-25
-21
-23
-18
-20
-24
-28
-27
-15
-8
-11
-10
-9
-14
-8
-3
-2
-1
-4
-4
-5
3
2
-2
-3
-6
-10
-10
-7
-7
-4
-1
4
6
9
12
13
13
15
16
13
5
4
6
4
7
7
9
3
4
6
5
7
8
5
0
1
0
2
10
12
13
13
14
12
9
6
2
7
6
11
9
10
12
10
10
11
14
11
13
14
17
18
16
20
21
23
25
22
27
24
20
17
14
7
7
4
1
-3
-4
-3
-4
0
3
2
3
8
2
4
2
-1
2
4
0
-4
-3
-7
-5
-3
0
0
-4
-9
-8
-4
-5
-4
-4
-10
-6
-5
-2
-1
-6
-1
-8
-9
-8
-13
-11
-13
-17
-11
-9
-11
-9
-6
-8
-5
-4
-6
-11
-14
-13
-7
-7
-8
-11
-11
-5
-1
2
0
-3
-5
-8
-11
-11
-8
-10
-11
-13
-7
-7
-9
-6
-12
-14
-13
-13
-14
-12
-11
-13
-14
-13
-11
-9
-7
-1
-2
1
-1
-1
0
-1
-3
-2
-7
-6
-3
-5
-4
-8
-6
-5
-4
-4
-11
-17
-16
-12
-7
-7
-6
-6
-2
3
8
9
11
16
17
17
19
19
17
16
11
9
8
8
6
7
6
4
5
6
5
2
-3
-1
0
3
7
11
15
17
27
31
33
33
28
19
12
8
10
11
12
18
16
16
13
15
22
22
23
22
19
22
24
22
25
21
12
4
1
0
-1
-4
-10
-9
-13
-13
-9
-9
-10
-6
4
3
2
6
11
6
6
5
-1
-6
-14
-10
-13
-12
-9
-5
-1
4
9
8
13
3
-4
-10
-11
-14
-17
-15
-13
-16
-20
-26
-32
-29
-29
-24
-18
-13
-12
-8
-12
-9
-3
0
-1
-2
1
2
1
-4
-14
-19
-16
-17
-18
-13
-9
-2
5
3
3
0
-4
-5
-3
3
4
-2
-10
-16
-18
-22
-23
-27
-25
-22
-20
-13
-11
-14
-13
-12
-9
-4
3
5
4
3
-1
-2
4
2
-4
-8
-12
-15
-12
-14
-16
-11
-8
-6
0
11
15
19
21
22
17
17
20
13
14
9
7
6
3
-2
-4
-5
-6
-8
-7
0
-2
6
9
14
18
25
31
36
38
36
33
29
28
27
16
8
5
4
3
4
5
4
2
9
11
15
21
16
22
24
27
23
21
25
20
23
22
20
15
8
3
2
0
-2
-1
1
3
1
4
5
7
9
6
7
5
3
7
-1
-7
-10
-14
-17
-21
-19
-19
-17
-16
-15
-13
-16
-19
-18
-14
-12
-15
-15
-14
-14
-11
-12
-13
-17
-18
-23
-25
-21
-21
-22
-21
-17
-15
-13
-8
-4
1
0
1
4
1
-5
-2
0
-3
-3
-2
-6
-6
-8
-4
-3
-4
-2
-6
-8
-6
-5
-4
-3
-4
-6
-5
-3
-3
-7
-6
-9
-10
-11
-17
-20
-19
-18
-12
-9
-3
-1
-1
1
1
2
3
4
4
4
6
6
7
7
2
3
2
3
1
2
5
5
8
11
9
9
7
3
8
12
12
14
11
9
9
7
5
0
-5
-9
-7
-7
-5
-2
1
3
7
7
6
10
9
9
7
13
12
15
17
14
9
9
11
12
12
12
14
15
15
16
17
17
19
24
25
20
17
13
14
12
13
14
7
0
-5
-8
-9
-8
-1
-1
2
6
6
9
6
6
7
1
-4
-5
-4
-2
-1
2
1
-1
-4
-1
-1
0
4
4
7
11
11
11
10
6
2
-3
-9
-17
-22
-23
-25
-27
-35
-32
-30
-25
-19
-17
-13
-18
-15
-9
-3
0
2
3
-4
-5
-7
-9
-13
-13
-16
-16
-12
-10
-9
-15
-19
-22
-20
-15
-13
-9
-5
-9
-6
-6
-4
-6
-9
-10
-11
-8
-10
-12
-11
-6
-9
-7
-4
-2
1
2
6
5
9
8
5
9
10
9
5
3
2
4
5
1
4
4
4
3
5
4
3
3
2
2
2
7
6
8
12
8
7
0
-4
-3
-3
-3
-1
1
5
6
4
6
6
6
3
6
10
7
9
12
10
12
10
13
14
15
16
18
13
16
11
10
9
7
8
8
4
2
1
1
2
7
11
16
19
19
21
21
20
19
14
12
10
10
10
1
3
-3
-7
-8
-8
-2
1
3
6
2
0
-1
-4
-2
3
-1
1
2
-2
0
-3
2
1
1
6
3
4
11
8
5
1
-6
-6
-9
-14
-11
-13
-19
-20
-22
-22
-20
-17
-14
-14
-17
-14
-13
-12
-9
-10
-10
-14
-11
-11
-8
-7
-10
-7
-9
-10
-9
-9
-5
-7
-10
-12
-13
-14
-17
-17
-19
-19
-15
-13
-14
-16
-13
-10
-13
-9
-5
-2
-1
1
4
2
5
1
3
-3
-2
-3
1
6
3
3
5
5
2
1
3
4
9
6
5
4
4
8
9
12
8
6
2
8
7
10
12
10
11
15
17
15
14
8
8
6
3
5
5
2
-1
-3
-7
-8
-9
-10
-10
-11
-4
-4
3
6
9
11
14
15
14
14
11
12
13
13
15
13
8
6
0
-5
-2
-2
0
6
6
10
13
14
14
14
15
15
16
13
11
5
6
0
-2
-7
-9
-5
-6
-3
-2
1
2
5
6
6
5
3
5
0
-4
-8
-10
-9
-3
-4
-1
-4
-3
3
5
8
11
10
7
9
4
5
7
0
-4
-10
-12
-17
-22
-21
-24
-23
-22
-23
-26
-19
-17
-12
-7
-2
0
2
3
-1
2
-7
-7
-8
-11
-13
-12
-12
-13
-10
-14
-14
-13
-12
-10
-6
-3
-1
2
5
6
3
2
3
7
4
1
0
-2
-5
-6
-8
-8
-5
-7
-4
0
-1
3
5
6
5
1
-1
-1
-2
0
1
0
3
-5
-5
-7
-7
-8
-5
-5
-8
-7
-5
-1
4
6
13
20
22
21
22
18
17
16
14
14
13
11
8
3
2
1
0
-2
-1
5
5
6
8
7
9
13
14
15
15
14
11
10
10
2
-6
-6
-12
-16
-12
-6
-5
-6
-1
4
4
11
17
18
21
21
20
19
13
9
8
2
1
-2
-4
-7
-8
-10
-12
-14
-10
-11
-10
-8
-5
0
1
1
1
1
2
-1
-7
-6
-9
-9
-10
-12
-14
-14
-12
-11
-6
-3
1
2
-2
1
2
4
1
3
0
0
0
0
1
-4
-3
-8
-9
-7
-6
-6
-6
-5
-3
-2
0
0
3
3
2
1
-2
-5
-4
-6
-9
-10
-14
-11
-13
-11
-7
-8
-5
-5
-4
-1
-3
-2
0
-4
-4
-3
0
0
-1
-2
-4
-3
-5
-7
-5
-5
-6
-4
-6
-3
1
3
9
10
9
7
1
1
3
1
1
-2
-6
-2
1
2
4
7
6
5
6
4
6
7
7
7
9
7
6
5
4
3
5
4
0
-3
-3
-4
-5
-7
-6
-3
-2
-1
-2
4
8
10
13
13
10
9
11
10
9
12
11
13
12
13
14
10
7
3
6
8
8
12
15
19
17
15
18
15
14
10
6
2
-6
-5
-7
-10
-12
-14
-19
-16
-14
-11
-4
-3
3
8
1
1
-4
-4
-4
-6
-4
-5
-9
-8
-7
-5
-2
-4
-6
-1
2
1
9
6
7
8
4
3
0
-2
-1
-4
-12
-14
-18
-17
-15
-15
-12
-12
-15
-14
-10
-6
-4
-4
-1
-1
2
1
4
4
-4
-4
-5
-5
-1
-1
-2
-5
-8
-10
-10
-10
-10
-9
-7
-5
3
7
8
8
7
4
2
2
1
-5
-6
-9
-13
-15
-13
-15
-13
-7
-6
-4
-1
2
3
1
2
-1
-1
0
4
3
0
0
2
1
-2
-1
0
-6
-5
-3
-3
2
5
8
8
8
9
9
11
10
5
4
2
-5
-7
-5
-5
-3
-2
-4
0
3
3
8
11
15
21
21
21
19
19
17
16
17
17
11
9
8
3
0
-5
-9
-10
-7
-4
-4
2
6
5
9
10
17
19
19
22
20
19
20
18
15
10
7
3
3
3
0
-5
-7
-10
-13
-9
-7
-6
-1
4
3
6
5
7
4
8
7
2
4
3
-4
-12
-13
-15
-12
-9
-10
-7
-4
0
3
-1
0
-5
-8
-4
-4
-5
-5
-8
-13
-17
-15
-17
-20
-20
-19
-19
-18
-17
-15
-11
-14
-10
-9
-5
3
1
5
2
-3
-6
-4
-9
-10
-12
-16
-11
-11
-11
-9
-7
-3
2
-1
-1
1
-3
-2
2
2
2
-1
0
2
5
0
-1
-5
-6
-5
-5
-5
-11
-4
-2
1
2
6
8
3
2
-1
-1
2
2
3
-5
-9
-9
-8
-5
-5
-4
-3
-3
-2
-3
0
-2
2
2
4
6
5
8
8
7
7
9
8
8
7
10
10
7
10
8
7
10
10
9
19
17
17
17
16
11
9
7
8
6
4
6
4
5
4
5
7
4
8
9
5
8
11
14
15
13
15
16
10
10
10
5
7
3
3
3
0
-1
-1
0
4
6
8
9
7
11
9
5
6
5
-2
-1
2
-1
-1
-3
-4
-6
-8
1
0
-2
6
7
8
3
2
1
0
-1
-5
-7
-10
-16
-22
-22
-24
-28
-29
-24
-20
-19
-16
-20
-18
-18
-11
-9
-10
-6
-2
-6
-6
-5
-9
-8
-11
-13
-14
-15
-10
-11
-9
-8
-7
-7
-6
-4
-6
-4
-4
-1
-6
-5
-5
-5
-5
-8
-7
-11
-10
-14
-17
-18
-12
-15
-12
-7
-7
-3
-1
6
7
8
7
8
4
8
11
9
5
1
3
0
0
2
1
-1
1
4
6
9
9
10
10
13
16
20
17
16
15
11
10
7
4
6
7
9
8
9
10
7
13
12
12
12
11
6
7
6
6
9
9
12
9
14
14
17
17
14
12
8
6
7
10
11
13
12
11
11
10
8
7
11
11
11
12
4
6
4
1
-3
-4
-4
-3
-1
-3
-9
-10
-7
-11
-12
-8
-5
-6
2
4
-1
1
1
1
0
-4
-8
-10
-16
-17
-19
-20
-15
-18
-16
-12
-10
-6
-4
0
-6
-4
-6
-6
-5
-7
-3
-7
-6
-8
-8
-10
-12
-10
-11
-12
-10
-12
-16
-16
-17
-15
-15
-17
-14
-11
-12
-10
-10
-10
-9
-7
-10
-10
-4
-3
-3
-3
-2
-3
0
1
5
7
3
2
1
-1
1
1
0
2
1
0
-1
-2
-5
-3
-1
4
2
-1
2
1
3
8
12
10
16
14
15
16
16
10
4
1
2
2
-2
-2
-5
-8
-8
-5
-8
-7
-2
0
4
9
11
9
10
10
10
8
7
7
5
9
7
10
7
7
6
1
3
6
7
7
9
11
13
12
11
9
7
10
11
9
7
5
12
17
13
12
9
8
5
9
16
20
23
23
22
19
22
21
18
15
14
13
11
9
7
1
-5
-11
-10
-12
-16
-12
-7
-8
-6
-4
-3
-1
-4
-4
-2
-7
-2
0
-4
-7
-7
-9
-8
-6
-12
-8
-9
-2
-1
0
3
0
1
-3
-4
-12
-18
-25
-31
-32
-33
-38
-38
-40
-41
-41
-40
-42
-39
-32
-28
-23
-18
-12
-10
-7
-4
-8
-9
-12
-19
-21
-23
-18
-14
-7
-7
-9
-4
-4
0
0
6
13
11
14
16
18
16
19
20
23
23
24
20
15
14
12
14
16
13
10
12
17
19
20
16
17
18
11
13
12
9
11
5
-1
-2
-5
-6
-3
-5
-7
-11
-12
-10
-7
-5
-3
-2
2
7
9
7
11
11
7
5
5
0
-1
-3
-4
-10
-14
-16
-16
-20
-20
-17
-15
-11
-9
-6
-3
1
8
15
24
30
35
37
38
34
33
36
33
26
19
20
20
24
28
31
29
26
28
31
38
48
55
55
55
57
58
56
51
47
39
31
29
20
12
1
-9
-13
-16
-12
-11
-13
-14
-14
-13
-21
-19
-24
-34
-35
-39
-42
-55
-62
-67
-70
-72
-66
-67
-64
-55
-48
-42
-36
-31
-34
-36
-35
-32
-28
-23
-30
-29
-33
-30
-35
-43
-39
-43
-45
-50
-47
-49
-47
-44
-43
-38
-37
-32
-27
-31
-29
-19
-19
-19
-15
-23
-25
-27
-23
-19
-18
-16
-16
-14
-13
-18
-14
-14
-12
-9
-12
-6
-7
-1
4
13
19
23
31
32
36
47
46
52
61
72
83
83
90
94
101
109
118
120
118
119
118
124
125
124
125
126
125
134
134
131
130
121
118
117
114
108
104
90
74
61
49
31
17
-1
-32
-51
-67
-85
-105
-129
-148
-169
-191
-194
-203
-216
-219
-229
-237
-238
-241
-244
-241
-232
-223
-214
-205
-184
-164
-151
-126
-115
-94
-69
-52
-22
-3
20
48
76
96
116
135
146
161
170
185
188
201
201
193
188
190
177
171
176
164
159
159
159
156
153
157
159
147
147
146
133
124
109
111
100
95
103
99
102
106
106
95
92
89
90
92
92
85
62
44
21
6
-10
-39
-72
-103
-141
-168
-195
-232
-264
-305
-339
-374
-409
-420
-448
-477
-502
-521
-539
-539
-543
-552
-557
-558
-545
-531
-512
-481
-438
-396
-354
-307
-261
-214
-162
-99
-35
43
110
168
228
290
347
400
445
476
512
538
571
588
606
611
621
625
613
607
596
585
582
565
539
507
469
434
398
371
341
320
282
249
218
208
205
188
155
118
121
155
158
139
120
99
92
94
124
146
135
92
38
-4
-19
-26
-46
-100
-170
-207
-227
-245
-293
-351
-416
-474
-545
-610
-655
-721
-800
-858
-901
-928
-943
-959
-992
-1004
-974
-917
-869
-858
-879
-868
-799
-683
-552
-431
-345
-267
-169
-42
107
273
420
521
609
711
820
918
1000
1046
1082
1127
1171
1188
1175
1146
1082
1047
1029
971
881
803
726
641
583
530
455
365
272
180
105
48
-12
-92
-162
-227
-272
-302
-332
-334
-342
-328
-305
-316
-333
-313
-307
-278
-216
-162
-163
-202
-183
-135
-51
86
174
169
105
93
120
157
193
189
131
63
21
-3
-33
-127
-223
-330
-459
-568
-649
-764
-893
-1035
-1127
-1189
-1287
-1367
-1433
-1475
-1471
-1415
-1363
-1333
-1310
-1274
-1187
-1056
-884
-704
-531
-366
-205
-18
233
465
650
841
1004
1167
1311
1446
1551
1644
1712
1789
1842
1819
1784
1753
1709
1655
1606
1545
1401
1262
1138
1026
927
805
673
553
470
359
218
66
-76
-182
-251
-253
-279
-362
-438
-498
-512
-499
-470
-420
-400
-415
-419
-353
-196
-46
19
40
19
46
247
460
552
495
428
376
356
415
466
445
302
124
-68
-91
-53
-95
-283
-570
-830
-994
-1069
-1241
-1522
-1774
-1938
-2028
-2070
-2107
-2182
-2251
-2284
-2240
-2138
-2020
-1905
-1811
-1708
-1548
-1285
-1053
-871
-662
-366
21
410
719
968
1228
1505
1833
2106
2326
2444
2409
2482
2646
2692
2646
2530
2363
2170
2106
2083
1906
1593
1295
1118
929
813
706
513
276
54
-94
-214
-403
-635
-902
-1135
-1146
-1064
-1082
-1204
-1310
-1389
-1217
-896
-720
-701
-716
-699
-589
-332
19
341
512
517
431
495
831
1184
1214
977
748
729
837
964
1061
1011
776
463
216
159
196
205
-56
-512
-963
-1180
-1269
-1550
-1971
-2386
-2654
-2828
-3006
-3195
-3364
-3434
-3487
-3448
-3293
-2972
-2677
-2503
-2360
-2103
-1676
-1191
-793
-384
51
541
1099
1499
1802
2209
2689
2969
3171
3447
3715
3785
3738
3686
3603
3469
3328
3188
2894
2684
2554
2315
1921
1552
1272
1003
741
375
51
-199
-290
-392
-635
-800
-949
-1106
-1238
-1178
-1072
-1111
-1133
-1091
-1091
-967
-674
-420
-355
-332
-215
-90
7
212
514
798
985
999
1029
1244
1769
2089
1847
1525
1464
1503
1602
1820
1891
1594
1119
703
518
491
523
225
-471
-1215
-1597
-1754
-2027
-2453
-3041
-3569
-3880
-3939
-4083
-4304
-4468
-4642
-4609
-4475
-4212
-3867
-3595
-3164
-2804
-2481
-2125
-1778
-1543
-1133
-361
427
874
1103
1398
1628
1955
2533
3080
3286
3316
3279
3193
3147
3146
3048
2765
2470
2386
2347
2270
1995
1571
1265
1269
1296
1152
917
573
311
217
366
345
148
-121
-273
-214
-28
220
220
-52
-380
-391
-197
-15
52
27
-17
-19
42
88
235
595
985
1185
1236
1525
1774
1715
1341
1114
1242
1479
1540
1452
1251
978
639
369
171
-39
25
-150
-667
-1443
-1857
-1822
-1908
-2308
-2921
-3363
-3655
-3722
-3783
-3922
-4093
-4378
-4574
-4644
-4442
-4173
-3735
-3357
-3304
-3070
-2441
-1748
-1577
-1598
-1134
-289
493
1128
1731
1896
1730
1889
2505
3167
3641
3956
3865
3506
3383
3654
3649
3251
3026
3069
3007
2788
2687
2470
2216
2179
2223
2082
1777
1473
1238
1079
1089
1096
832
500
182
-108
-315
-125
-57
-344
-560
-589
-545
-465
-272
-178
-268
-368
-298
-253
-118
347
874
852
655
1033
1736
1885
1074
67
-370
77
881
1437
1335
690
-368
-1119
-1002
-310
245
114
-799
-2148
-2868
-2599
-2103
-2398
-3536
-4379
-4416
-4086
-3852
-4037
-4590
-5118
-5162
-4790
-4355
-4055
-3931
-3857
-3737
-3369
-2380
-1479
-1565
-2134
-1995
-760
710
1516
1647
1332
1197
1621
2582
3642
4250
4246
4054
3921
3934
4231
4473
4234
3660
3470
3626
3645
3447
2924
2424
2317
2550
2672
2361
1948
1467
1136
1176
1291
1181
841
480
-11
-190
138
317
-104
-729
-854
-742
-631
-713
-858
-1016
-1159
-971
-770
-661
-462
-61
261
626
1215
1534
982
127
-103
336
1219
1753
1583
857
53
-280
-94
384
651
267
-494
-1053
-1385
-1387
-1287
-1718
-2716
-3428
-3672
-3582
-3565
-4049
-4734
-5276
-5371
-5156
-4910
-4749
-4748
-4586
-4139
-3737
-3425
-3081
-2677
-2363
-1642
-471
718
1238
1071
1200
1749
2589
3580
4344
4434
4052
3873
4266
4703
4836
4699
4420
4088
4023
4364
4312
3798
3399
3294
3406
3408
3135
2594
2024
1701
1589
1557
1406
851
13
-524
-603
-731
-883
-1013
-1372
-1994
-2181
-1911
-1818
-1984
-2080
-1818
-1604
-1602
-1542
-1595
-1950
-2095
-1271
-31
799
1296
1324
619
-270
-278
633
1696
2171
2028
1455
722
262
427
930
1191
914
251
-407
-993
-1346
-1477
-1815
-2588
-3373
-3745
-3952
-4165
-4480
-4934
-5385
-5536
-5400
-5164
-4977
-4959
-4826
-4484
-3698
-2812
-2443
-2492
-2653
-2378
-1395
197
1523
1870
1653
1525
1890
2685
3807
4822
5101
4755
4601
4902
5223
5296
5133
4758
4527
4518
4639
4572
3960
3229
2889
2961
2957
2693
2346
1817
1311
977
868
771
314
-417
-1042
-1059
-915
-819
-1085
-1633
-2121
-2232
-1943
-1713
-1756
-1880
-1759
-1578
-1732
-1637
-1262
-1542
-1727
-801
674
1917
2419
1845
286
-695
104
1863
2912
3033
2426
1035
76
453
1526
2220
1997
845
-369
-1011
-801
-523
-1143
-2499
-3522
-3757
-3609
-3449
-3850
-4851
-5704
-6009
-5847
-5471
-5179
-5312
-5587
-5427
-4629
-3345
-2437
-2445
-3105
-3218
-2044
-165
1408
1796
1590
1420
1781
2689
3845
4737
4948
4745
4717
4981
5204
5434
5414
4883
4583
4692
4703
4427
3876
3178
2765
2884
2803
2442
1896
1366
847
461
257
52
-215
-655
-1167
-1654
-1881
-1802
-1807
-2214
-2545
-2565
-2625
-2580
-2381
-2403
-2348
-1903
-1669
-1767
-1699
-1498
-1404
-1066
89
1752
3016
3115
2116
672
211
1367
3031
3686
3620
2856
1617
751
1065
1988
2409
1706
408
-409
-934
-933
-844
-1630
-3207
-4119
-4253
-4090
-3950
-4432
-5364
-6130
-6544
-6559
-5989
-5500
-5631
-5827
-5431
-4487
-3357
-2688
-2857
-3303
-3165
-1826
236
1658
2045
1897
1634
1825
2696
4176
5688
6288
5631
5011
5171
5581
6026
6188
5720
4958
4776
5012
5018
4488
3712
3273
3082
2908
3043
2913
2001
876
-52
-385
-79
81
-484
-1570
-2348
-2493
-2124
-1589
-1650
-2238
-2943
-3146
-2647
-1862
-1412
-1380
-1735
-2236
-2123
-1156
-355
-152
234
1435
2766
2895
2077
880
299
884
2413
3580
3601
2573
1260
559
959
1926
2686
2230
458
-1023
-1343
-847
-722
-1569
-3117
-4464
-4961
-4510
-3987
-4405
-5529
-6452
-6956
-6971
-6432
-5808
-5758
-5874
-5900
-5361
-3930
-2457
-2101
-2792
-2993
-2008
-179
1381
2322
2390
1841
1949
2930
4276
5597
6475
6346
5453
4956
5382
6229
6486
5988
5140
4309
4026
4219
4073
3315
2627
2123
1850
1791
1755
1186
188
-802
-1262
-1004
-556
-578
-1580
-2890
-3416
-2710
-1861
-1481
-1707
-2641
-3616
-3623
-2624
-1554
-1163
-1393
-1758
-1952
-1546
-559
458
815
1314
2684
3468
3087
2270
1630
1365
2024
3174
4296
4381
2744
947
400
966
1982
2491
1586
8
-1412
-1874
-1581
-1514
-2362
-3656
-4652
-5191
-4946
-4330
-4556
-5522
-6558
-7227
-7035
-6102
-5052
-4445
-4569
-4830
-4282
-3296
-2530
-2238
-2002
-1141
119
1426
2143
2510
2444
2405
3004
4323
5743
6388
6206
5438
4966
5249
5881
6340
6170
5480
4681
4217
4452
4594
3973
3175
2798
2427
2150
2218
1899
700
-570
-1005
-923
-848
-865
-1172
-2152
-3013
-2847
-2408
-2258
-2322
-2588
-3110
-3063
-2148
-1604
-1649
-1907
-2084
-1861
-1167
-373
242
1006
2125
3017
2727
1476
866
970
1523
2384
3085
3380
2347
808
-103
519
1453
1797
1459
323
-1042
-1674
-1463
-1621
-2422
-3374
-4052
-4543
-4840
-4789
-4913
-5387
-6092
-6684
-6982
-6799
-6123
-5584
-5167
-4911
-4350
-3060
-1903
-2101
-2906
-2637
-1127
595
1943
2747
2893
2415
2192
3022
4638
6177
6873
6699
5873
5225
5458
6258
6353
5730
4886
4132
3846
3909
3844
3246
2603
2330
1912
1523
1307
764
-146
-889
-1092
-868
-536
-658
-1489
-2615
-3047
-2491
-1887
-1803
-2092
-2556
-3111
-3161
-2398
-1535
-1241
-1471
-1740
-1737
-1508
-653
825
2464
3430
3010
1606
626
845
1710
2895
3727
3509
2361
1329
959
1467
2253
2384
1250
-46
-699
-679
-284
-658
-1863
-3329
-4221
-4317
-3860
-3793
-4706
-5649
-6113
-6104
-6107
-6321
-6333
-6322
-5921
-5160
-3909
-2284
-1370
-1813
-2922
-2824
-1315
969
2754
3512
3248
2537
2321
2990
4435
5948
6833
6810
5929
4889
4974
5576
5685
5364
4944
4184
3699
3711
3571
2996
2355
2314
2247
1774
1183
437
-291
-1198
-1568
-1407
-1234
-1492
-2604
-3631
-3842
-3272
-2544
-2079
-2195
-3089
-3527
-3415
-2905
-2261
-1774
-1579
-1882
-2135
-1601
-265
1496
3069
3133
1464
-162
279
1717
2961
3841
4196
3095
1353
619
1141
2413
3223
2727
1062
-610
-1200
-722
-640
-1280
-2523
-3778
-4467
-4348
-3930
-4198
-5156
-5937
-6395
-6502
-6145
-5752
-5808
-6116
-6035
-5444
-4170
-2455
-1459
-2034
-2947
-2517
-862
829
2051
3062
3109
2496
2522
3749
5177
6166
6691
6609
6101
5944
6450
6774
6415
5712
5052
4400
4020
4043
3833
3289
2721
2186
1578
1300
985
301
-309
-739
-1087
-1257
-1323
-1792
-2856
-3864
-3861
-2942
-2312
-2210
-2453
-2936
-3312
-3174
-2550
-2065
-1799
-1720
-1515
-1298
-1067
113
1983
3141
2754
1433
566
798
1932
3296
4211
4309
3224
1747
793
1492
2686
3255
2713
1294
-98
-776
-411
-491
-1401
-2718
-3836
-4346
-3988
-3675
-4276
-5368
-6137
-6581
-6615
-6156
-5634
-5696
-6104
-5972
-5418
-4265
-2600
-1414
-1686
-2300
-1766
-320
964
2062
3008
3005
2852
3405
4543
5449
5808
5894
5802
5737
5934
6243
6327
5922
5189
4471
3962
3740
3412
3165
3004
2314
1515
947
645
342
-183
-763
-1020
-1016
-1522
-2029
-2272
-2985
-3644
-3550
-2994
-2456
-2213
-2556
-3127
-3625
-3732
-2832
-1840
-1666
-1955
-2029
-1760
-518
1663
2439
1428
336
236
1033
2574
3713
4023
3410
2299
1554
2028
3194
3682
2868
1021
-233
-280
309
303
-480
-2105
-3697
-4343
-4197
-3685
-3650
-4359
-5329
-5902
-6217
-6246
-5784
-5593
-5636
-5478
-5070
-4367
-3222
-2480
-2591
-2586
-1834
-380
1043
1734
2361
2937
2945
2796
3624
5021
6176
6833
6696
6184
5550
5372
5928
6536
6336
5554
4726
3809
3126
2820
2793
2800
2379
1448
800
529
229
-274
-624
-1042
-1381
-1090
-1160
-1936
-2869
-3488
-3691
-3351
-2718
-2217
-2394
-3111
-3835
-4184
-3492
-2202
-1416
-1358
-1544
-1189
335
1961
1976
839
148
540
1609
3074
4217
4069
2547
1047
773
2364
4165
4648
3137
623
-769
-449
738
1042
61
-1960
-3730
-4236
-3795
-3295
-3774
-4771
-5697
-6229
-6234
-5905
-5602
-5911
-6244
-6160
-5238
-3867
-2994
-3125
-3891
-3594
-1915
202
1504
1892
2019
1938
2126
3189
4671
5839
6314
6100
5461
5321
5747
5906
5887
5842
5635
5181
5014
4853
4063
3287
3001
2990
2601
1976
1541
713
-168
-748
-1002
-1365
-1562
-1626
-1917
-2223
-2553
-2695
-3053
-3520
-3759
-3614
-3046
-2872
-3062
-3209
-3218
-3338
-3123
-1899
-110
1258
1030
-393
-1529
-1417
-218
1520
2953
3499
2726
1294
493
1030
2293
3563
3932
2752
1075
85
104
226
23
-642
-1634
-2354
-2544
-2599
-3291
-4492
-5188
-5197
-5099
-5050
-4927
-5155
-5558
-5801
-5480
-4234
-2719
-2089
-2700
-3154
-2821
-1657
-15
1342
2177
2223
1918
2287
3390
4337
5270
6070
6329
6066
5858
5916
5782
5463
5364
5476
5374
5173
4797
4222
3654
3285
3049
2640
2182
1617
1149
542
-33
-506
-678
-811
-1130
-1340
-1616
-1747
-1658
-1692
-2091
-2551
-2935
-3203
-3136
-3034
-3019
-2989
-2492
-1150
166
11
-1273
-2266
-2217
-1659
-372
1258
1852
970
-187
-535
118
1348
2459
2355
994
34
76
552
494
-200
-1229
-2153
-2776
-2548
-1998
-2350
-3431
-4391
-5091
-5362
-5125
-4475
-4398
-4944
-5564
-5599
-4701
-3484
-2631
-2538
-2901
-2770
-1762
-754
-39
777
1430
1782
2207
2790
3633
4549
5176
5415
5515
5759
5851
5897
5860
5659
5204
4673
4490
4400
4402
4520
4582
4036
2868
2176
2091
2126
1940
1592
925
62
-246
-164
-201
-861
-1578
-1970
-1978
-1696
-1348
-1370
-2290
-3178
-3637
-3599
-3014
-2224
-1134
-524
-980
-2170
-2838
-2628
-2094
-1199
-418
74
-269
-1087
-1553
-964
136
805
964
408
-616
-1031
-461
21
-550
-1568
-2209
-2275
-1927
-1692
-1989
-3212
-4126
-4039
-3416
-3152
-3257
-3825
-4511
-4453
-4037
-3168
-1967
-1351
-1904
-2467
-1649
-310
487
934
1705
2128
2134
2492
3320
3926
4232
4949
5554
5599
5323
5288
5438
5187
4984
5136
5060
4613
4410
4353
3940
3278
2919
2740
2757
2519
1930
1331
788
189
-169
265
436
-113
-804
-882
-618
-797
-1083
-895
-1000
-1544
-1756
-1533
-1149
-571
317
206
-1158
-2219
-2378
-2110
-1489
-452
-145
-1257
-2471
-3088
-3019
-2105
-1109
-1071
-2079
-2871
-2821
-2527
-2399
-2630
-3376
-4361
-4544
-3846
-3265
-3389
-3942
-4452
-4994
-5078
-4580
-4079
-3658
-3256
-3121
-3101
-3031
-2651
-2114
-1795
-1399
-474
573
1456
1914
2060
2321
2798
3430
4331
5321
5567
5363
5410
5491
5337
5464
5678
5458
5051
4804
4796
4790
4436
3986
3645
3092
2689
2506
2135
1507
868
140
-239
63
278
116
-206
-661
-1036
-1013
-703
-304
-87
-311
-617
-539
-584
-273
847
2001
2244
1482
302
-462
-592
-248
460
842
419
-485
-1466
-1990
-1750
-1322
-1293
-1765
-2318
-2873
-2957
-3034
-3805
-4831
-5296
-5255
-4992
-4629
-4759
-5630
-6449
-6582
-5855
-5122
-4982
-5092
-5119
-4841
-4357
-3640
-2900
-2240
-1887
-1449
-228
1002
1679
1924
2214
2784
3756
4857
5592
5937
5984
6075
6335
6661
6824
6904
6705
6221
5683
5517
5393
4985
4433
3971
3730
3420
3005
2452
1850
1295
936
649
86
-693
-1216
-1446
-1518
-1369
-1441
-1677
-1678
-1469
-1391
-1491
-1448
-1301
-1112
-241
1372
2502
2184
1070
83
32
971
2340
3370
3169
1539
-57
-633
-279
328
725
327
-1005
-2045
-2227
-2136
-2802
-3764
-4797
-5629
-6081
-5785
-5413
-6122
-7391
-8232
-8282
-7864
-7116
-6381
-6396
-6858
-6991
-6433
-5333
-4127
-3333
-3315
-3298
-2392
-921
500
1508
2211
2651
3133
4197
5524
6421
6976
7250
7104
7288
8002
8398
8180
7629
6929
6288
6285
6694
6668
5739
4557
3550
2722
2378
2329
2108
1306
255
-680
-1412
-1777
-1921
-2163
-2382
-2631
-2768
-2681
-2542
-2705
-2922
-3155
-2827
-1451
294
1588
1601
518
-512
-319
972
2768
4241
4651
3870
2593
1731
1862
2810
3419
3264
2299
1281
318
-248
-706
-1372
-2183
-3014
-3565
-3980
-4417
-5446
-6554
-7307
-7735
-7556
-7393
-7674
-8348
-8772
-8423
-7914
-7301
-6499
-5832
-6166
-6395
-5277
-3731
-2466
-1360
-157
483
906
1911
3194
4418
5389
6403
7206
7578
7621
7800
8166
8329
8597
8774
8623
8207
7644
7275
6932
6369
5694
4978
4478
3715
2679
1740
955
119
-760
-1022
-1350
-2372
-3625
-3938
-3802
-3974
-3987
-4094
-4604
-5210
-4567
-2768
-1327
-1154
-1718
-2173
-2263
-1487
111
1623
2336
2425
2006
1543
2082
3240
3830
3741
3219
2712
2383
2515
2539
1841
422
-858
-1493
-2018
-2234
-2449
-3368
-4792
-5938
-6466
-6712
-6825
-7251
-7789
-8112
-8150
-7964
-7781
-7851
-8279
-8214
-7362
-5837
-4407
-3876
-3670
-3173
-2433
-1381
251
1917
3083
3910
4635
5281
5796
6326
6923
7427
8041
8594
8944
8884
8473
7948
7698
7918
8035
7611
6592
5581
4662
3910
3337
2800
2074
1043
198
-445
-1308
-2205
-2653
-2809
-3423
-4111
-4525
-4715
-4511
-3668
-2881
-2977
-3754
-4197
-3802
-2988
-1671
-120
616
75
-428
-115
1131
2608
3576
3609
3003
2542
2806
3293
3355
3064
2276
1355
1004
900
572
-349
-1483
-2507
-3161
-3365
-3450
-3922
-5119
-6013
-6360
-6252
-6168
-6129
-6767
-7911
-8217
-7483
-6373
-5643
-5191
-5019
-4953
-4652
-3626
-2166
-1066
-31
1037
1857
2718
3711
4477
4845
5270
5957
6762
7688
8198
8241
7955
7510
7299
7347
7390
7118
6695
6078
5253
4437
3626
2982
2502
1979
1515
980
255
-745
-1687
-2672
-3532
-3898
-3601
-2901
-2482
-3034
-4356
-5561
-5841
-4911
-3413
-2169
-1741
-2082
-2827
-3014
-1971
-241
961
1370
1023
773
1090
1810
2524
2633
2317
1770
1324
1230
1210
856
205
-291
-619
-734
-1042
-1580
-2377
-3123
-3489
-3749
-3880
-4040
-4577
-5528
-6272
-6394
-5880
-5211
-4876
-4770
-4742
-4648
-4242
-3729
-3035
-2091
-1093
-285
317
976
1491
1797
2121
2972
4037
4872
5743
6161
6013
5761
5949
6392
6746
6924
6778
6362
5867
5153
4546
4307
4366
4360
3798
2738
1556
574
-148
-417
-507
-926
-1404
-1544
-1278
-1686
-2782
-3704
-4049
-4051
-3575
-2615
-2024
-2228
-2974
-3288
-3004
-2068
-884
-135
-303
-770
-929
-409
353
771
593
133
95
373
805
1255
1132
422
-231
-290
-193
-476
-722
-593
-744
-1228
-1420
-1715
-2488
-3374
-3623
-3147
-2471
-2100
-2385
-3173
-3898
-3671
-2770
-1893
-1494
-1366
-1263
-1044
-370
471
996
950
811
1021
1581
2427
3492
3985
3787
3589
3749
3926
4231
4721
4785
4330
4166
4335
4191
3656
3324
2990
2477
2161
2135
2067
1408
597
-550
-1556
-1805
-1162
-247
-323
-1460
-2995
-3814
-3816
-3061
-2155
-1789
-2104
-2935
-3308
-2950
-1872
-1122
-1182
-1841
-2174
-1855
-987
-270
-54
-448
-1257
-1463
-1032
-488
-336
-367
-512
-699
-738
-676
-668
-782
-713
-374
-151
-61
-511
-1368
-2108
-2281
-1729
-838
-112
-313
-1131
-1756
-1689
-1000
-46
707
824
590
113
-81
451
1168
1559
1810
1919
1845
2116
2808
3183
2960
2879
3105
3238
3194
3168
3194
2917
2636
2617
2729
2614
2377
1978
1588
1124
846
826
789
437
-375
-984
-1137
-745
-65
170
-594
-2061
-2934
-2734
-2143
-1727
-1527
-1806
-2984
-3577
-2706
-1283
-773
-984
-1567
-2188
-2212
-1319
-75
106
-670
-1585
-1990
-1853
-1072
-311
-401
-850
-1090
-1127
-1096
-950
-1102
-1289
-1046
-710
-459
-557
-901
-1342
-1598
-1190
-202
705
794
377
-23
-210
59
634
1472
2107
2322
2270
2018
1935
1859
2103
2647
3091
3262
3314
3467
3358
3004
2812
3074
3300
3258
3166
2948
2433
1799
1313
1185
1244
1352
1322
912
216
-507
-961
-1099
-1138
-1455
-1873
-1926
-1531
-1208
-1746
-2889
-3834
-3778
-3080
-2024
-1374
-1751
-2865
-3910
-4228
-3191
-1510
-792
-1262
-2496
-3247
-2884
-1790
-934
-687
-1276
-2033
-2172
-1772
-1207
-1090
-1265
-1269
-1038
-683
-609
-917
-1297
-1332
-1022
-360
125
126
-335
-1023
-1173
-571
424
1198
1410
1202
1019
1115
1407
1823
2153
2639
2978
3042
3096
3103
2859
2512
2839
3544
4006
4296
4607
4294
3539
3149
3166
3418
3740
3830
3598
2950
2088
1434
1247
1397
1673
1616
929
57
-805
-1285
-1230
-1094
-1408
-2018
-2204
-1755
-1460
-2001
-3038
-3809
-3942
-3352
-2318
-1773
-2255
-3610
-4693
-4628
-3300
-1832
-1399
-2061
-3279
-3986
-3597
-2337
-1355
-1281
-1942
-2471
-2618
-2292
-1612
-1261
-1375
-1473
-1338
-981
-761
-1076
-1577
-1415
-796
7
560
608
34
-579
-547
247
1385
2091
2321
2155
1728
1729
2201
2813
3272
3606
3582
3354
3279
3250
3250
3049
3182
3845
4440
4600
4528
4037
3232
2937
3355
3927
3965
3617
2985
2202
1464
1336
1619
1639
1379
908
458
-305
-970
-1188
-1363
-1713
-2082
-2131
-1941
-1534
-1725
-2624
-3668
-4209
-3883
-3254
-2678
-2500
-3052
-4212
-4897
-4706
-3592
-2572
-2458
-3041
-3872
-4461
-4197
-3185
-2682
-2878
-3336
-3792
-4017
-3602
-2956
-2641
-2431
-2301
-2178
-2142
-2187
-2141
-1621
-841
-428
-214
-167
-202
-437
-177
796
1824
2390
2572
2704
2764
3049
3515
3994
4231
4433
4940
5322
5179
4855
4776
4589
4530
5070
5630
5539
5144
4869
4317
3836
3873
4078
4051
3764
3383
2947
2178
1414
1024
787
953
1392
1066
97
-895
-1528
-1725
-1667
-1443
-1735
-2364
-2522
-1794
-1496
-2311
-3373
-3828
-3765
-3325
-2489
-2095
-2604
-3823
-4704
-4430
-3121
-2147
-2144
-3137
-4290
-4646
-4017
-2847
-2318
-2758
-3654
-4269
-4489
-4133
-3520
-3152
-3068
-3180
-3009
-2896
-3009
-3038
-2807
-2144
-1467
-778
-485
-602
-820
-780
-32
1145
2354
2996
3153
3078
3130
3496
3928
4421
5041
5613
5749
5569
5546
5620
5464
5526
5903
6152
6049
6113
6112
5398
4544
4236
4243
4284
4111
3753
3180
2163
1194
720
733
916
932
329
-817
-1757
-2281
-2264
-1912
-2038
-2879
-3654
-3743
-3127
-2313
-2215
-3150
-4297
-4661
-4193
-3303
-2695
-2675
-3438
-4487
-4622
-3613
-2386
-1972
-2410
-3430
-4170
-3986
-2941
-2155
-2327
-3048
-3763
-4126
-4025
-3502
-3242
-3377
-3631
-3584
-3329
-3450
-3729
-3702
-3282
-2455
-1842
-1511
-1532
-1903
-2077
-1448
-83
1284
2162
2303
2185
2296
2739
3433
4121
4784
5211
5503
5699
5902
6093
6054
5945
6002
6428
6753
7237
7457
6939
5765
4980
5052
5384
5501
5293
4672
3308
1983
1304
1134
1172
1326
1074
198
-853
-1656
-1994
-2105
-2274
-2706
-3351
-3811
-3643
-2907
-2516
-3286
-4277
-4769
-4595
-4106
-3408
-3013
-3264
-3867
-4211
-3910
-3025
-1961
-1484
-1971
-2857
-3199
-2785
-1868
-1230
-1308
-2134
-3040
-3467
-3342
-2875
-2554
-2528
-2964
-3205
-3314
-3532
-3542
-3410
-2990
-2740
-2606
-2310
-2161
-2333
-2542
-2199
-1273
-44
872
1281
1355
1205
1429
2098
3060
3885
4506
4984
5096
5167
5335
5567
5789
6115
6662
7170
7435
7219
6542
5747
5381
5548
5887
5984
5524
4476
3303
2374
2113
2301
2321
1956
1162
72
-978
-1782
-2081
-2183
-2490
-3038
-3663
-4058
-4293
-3887
-3224
-3356
-4197
-4907
-5070
-5006
-4620
-4149
-3782
-3897
-4295
-4344
-3745
-2807
-2180
-2307
-2939
-3261
-2872
-1882
-1094
-1074
-1976
-3137
-3545
-2906
-1844
-1246
-1378
-2207
-3107
-3417
-3054
-2605
-2487
-2266
-2065
-2032
-2201
-2191
-2310
-2695
-2489
-1436
121
1178
1116
677
301
582
1440
2813
3924
4302
4428
4439
4697
4923
5148
5337
5820
6463
7006
7404
7149
6336
5497
5476
6106
6538
6515
5827
4631
3497
2947
2947
2935
2544
1850
1095
359
-295
-939
-1404
-1651
-2195
-2776
-3073
-3547
-4146
-3849
-2951
-2893
-3694
-4431
-4767
-4873
-4536
-3607
-2709
-2756
-3579
-4080
-3512
-2411
-1717
-1822
-2363
-2663
-2415
-1434
-534
-641
-1605
-2607
-2857
-2268
-1367
-887
-1230
-2256
-3159
-3297
-2812
-2256
-2233
-2367
-2622
-2839
-2781
-2558
-2423
-2871
-2987
-2025
-629
202
143
-134
-358
-79
884
2238
3306
3725
3695
3578
3726
4286
4924
5298
5679
6103
6183
6170
6148
6012
5705
5758
6195
6291
5805
5061
4315
3783
3599
3509
3152
2535
1899
1218
519
-219
-795
-1314
-1688
-2018
-2633
-3558
-4272
-4499
-3711
-2304
-1846
-2747
-4331
-5403
-5532
-4473
-2933
-1835
-1932
-3108
-4126
-3938
-2576
-1461
-1447
-2017
-2298
-2032
-1211
-488
-683
-1819
-2636
-2536
-1634
-575
-387
-1301
-2566
-3288
-3093
-2211
-1699
-2181
-2663
-2850
-2865
-2644
-2419
-2419
-2837
-2902
-1968
-389
403
120
-299
-702
-404
808
2375
3088
3185
3202
3140
3448
4186
5118
5435
5420
5653
5797
5899
6157
6243
5851
5636
5733
5837
5484
4901
4444
4008
3637
3246
2805
2118
1465
1006
576
101
-436
-893
-1315
-1774
-2394
-3175
-3663
-3611
-2701
-1378
-1184
-2441
-4181
-5105
-4852
-3705
-2123
-1215
-1578
-2722
-3449
-3136
-1943
-802
-462
-965
-1342
-1149
-444
-5
-324
-1110
-1806
-1907
-1368
-496
-479
-1480
-2697
-3418
-3256
-2619
-2147
-2370
-2891
-3139
-3111
-2941
-2864
-2892
-3213
-3319
-2667
-1359
-465
-561
-952
-1281
-745
423
1801
2663
2782
2470
2384
3215
4245
4882
4864
4709
4714
5014
5615
6215
6234
5618
5122
5104
5267
5056
4435
3750
3161
2687
2284
2084
1717
729
-259
-503
-607
-1035
-1457
-1669
-2094
-2918
-3517
-3496
-3484
-3043
-1634
-774
-1756
-3637
-4501
-4368
-3535
-2104
-709
-403
-1472
-2821
-3267
-2217
-488
774
741
45
-316
-205
332
643
278
-675
-1294
-1040
-343
-278
-1189
-2450
-3454
-3693
-2767
-1623
-1643
-2544
-3467
-4026
-4149
-3529
-2681
-2616
-3186
-3325
-2350
-1273
-930
-918
-928
-662
121
1400
2125
2263
2263
2527
3410
4442
5264
5412
4897
4712
5045
5669
6392
6796
6210
5252
5012
5038
4997
4710
4340
3750
3056
2457
2049
1451
675
115
-153
-589
-1184
-1552
-2057
-2645
-3156
-3538
-3631
-3581
-3268
-2043
-1167
-1892
-3396
-4350
-4337
-3430
-2015
-713
-18
-828
-2437
-2925
-1704
129
1456
1492
674
-264
-489
243
934
896
295
-358
-895
-731
-429
-914
-1942
-2748
-2980
-2663
-2094
-2118
-2920
-4001
-4659
-4500
-3831
-3251
-2994
-3464
-3989
-3505
-2406
-1706
-1421
-1157
-734
-69
617
1165
1648
2038
2603
3514
4446
4889
4571
4237
4413
5000
5769
6375
6702
6081
5057
4693
4896
5059
4775
4172
3518
3084
2477
1750
1160
579
28
-132
-71
-578
-1723
-2743
-3307
-3581
-3697
-3535
-3464
-3771
-3358
-2228
-2076
-3199
-4251
-4361
-3769
-2409
-846
157
-406
-1996
-2682
-1807
165
1834
2149
1047
-179
-425
337
1421
1879
1207
62
-816
-863
-406
-300
-957
-1813
-2348
-2234
-1773
-1931
-2911
-3737
-3914
-3630
-3085
-2801
-3235
-4269
-4876
-4102
-2502
-1329
-1103
-1299
-1402
-1092
-205
907
1745
2196
2672
3588
4486
4786
4576
4157
4096
4869
6098
6898
6932
6101
5105
4804
5172
5628
5639
4908
3887
3340
3024
2550
1871
1022
220
-218
-44
-92
-918
-2297
-3238
-3639
-3739
-3528
-3440
-3874
-3996
-2824
-1873
-2508
-3881
-4550
-4262
-3241
-1726
-298
-129
-1462
-2835
-2829
-1094
1027
2071
1306
-153
-684
-54
1202
2052
1862
549
-801
-1191
-420
45
-585
-1374
-2157
-2441
-2100
-1850
-2696
-3990
-4353
-3887
-3231
-2855
-3048
-4026
-5253
-5227
-3489
-1685
-1032
-1221
-1741
-2029
-1181
244
1236
1848
2329
2680
3233
4018
4387
4008
3812
4574
5663
6334
6692
6476
5409
4724
5118
6005
6162
5395
4471
3784
3203
2675
2494
1974
949
390
513
303
-708
-1860
-2570
-2946
-3247
-3317
-3293
-3872
-4151
-3066
-2047
-2726
-4231
-4808
-4524
-3787
-2609
-1321
-861
-1846
-3021
-3005
-1577
286
1333
880
-294
-729
-188
1069
2070
1753
499
-642
-970
-399
256
85
-686
-1624
-2172
-1956
-1619
-2127
-3012
-3188
-2999
-2825
-2585
-2621
-3491
-4600
-4538
-2922
-1253
-872
-1333
-1803
-1922
-1255
25
1292
1943
2281
2758
3216
3623
3901
3920
4089
4660
5615
6306
6463
6200
5480
4998
5277
6040
6263
5664
4808
4211
3767
3236
2795
2137
1394
1038
1174
994
-4
-1304
-2101
-2369
-2462
-2480
-2743
-3456
-4033
-3401
-2052
-1911
-3143
-4341
-4736
-4449
-3494
-2127
-1144
-1608
-3023
-3625
-2745
-1007
297
322
-748
-1336
-961
158
1118
988
-102
-1273
-1742
-1175
-32
207
-667
-1677
-2452
-2623
-2018
-1676
-2213
-2693
-2691
-2678
-2603
-2669
-3107
-3907
-4211
-3054
-1399
-824
-1175
-1553
-1838
-1578
-418
929
1627
1914
2317
2626
2815
3249
3712
4020
4423
5208
5802
5764
5568
5242
4674
4730
5582
6023
5535
4577
3922
3580
3333
3037
2646
1991
1339
1040
778
-22
-962
-1471
-1645
-1865
-2083
-2438
-3246
-3957
-3478
-1649
-675
-1547
-3305
-4562
-4711
-3936
-2528
-1017
-584
-1847
-3327
-3267
-1810
-429
218
-212
-977
-1242
-340
692
636
-235
-1199
-1676
-1569
-463
245
-700
-2166
-3047
-3022
-2306
-1712
-1922
-2449
-2903
-2905
-2611
-2301
-2462
-2933
-3314
-2819
-1452
-445
-332
-779
-1160
-894
381
1692
2402
2543
2558
2816
3262
4031
4789
4693
4314
4673
5296
5493
5503
5480
5277
5074
5524
6096
5681
4391
3321
3171
3444
3478
3116
2233
850
-15
34
194
-124
-892
-1609
-2130
-2491
-2545
-2724
-3306
-3594
-2515
-990
-945
-2395
-4017
-4812
-4556
-3014
-1086
79
-669
-2545
-3849
-3412
-1424
288
542
-509
-1291
-1376
-664
-39
46
-582
-1574
-2131
-1597
-681
-1070
-2152
-3150
-3677
-3156
-2243
-1878
-2530
-3485
-3915
-3549
-2796
-2529
-2679
-3235
-3650
-3022
-1677
-683
-507
-735
-975
-329
854
1831
2393
2600
2807
3122
3810
4553
4818
4590
4556
5067
5531
5778
6022
5796
5294
5128
5457
5543
4961
4166
3765
3732
3397
2819
2207
1361
404
-16
74
-179
-835
-1470
-1975
-2465
-2898
-3046
-3258
-3602
-3158
-1655
-867
-1826
-3622
-4756
-4616
-3292
-1516
-165
-81
-1581
-3139
-3300
-1707
273
1300
860
-161
-833
-541
376
658
179
-620
-1363
-1568
-892
-590
-1369
-2465
-3166
-2937
-2303
-2092
-2617
-3543
-3996
-3716
-2627
-1897
-2206
-3173
-4036
-3919
-2716
-1244
-269
-184
-876
-1213
-338
947
1915
2691
3246
3657
3800
4436
5204
5182
4741
5190
5967
6027
6198
6264
5731
5256
5321
5632
5398
4604
3949
3681
3638
3197
2495
1512
682
191
-198
-310
-559
-1137
-2051
-2536
-2744
-3161
-3588
-3916
-3939
-3250
-1972
-1598
-2916
-4815
-5410
-4539
-3078
-1574
-500
-848
-2413
-3455
-2957
-1128
604
985
133
-771
-985
-136
695
808
294
-651
-1392
-1179
-337
-506
-1407
-2225
-2537
-2212
-1792
-1825
-2669
-3675
-3891
-3280
-2837
-2784
-3020
-3720
-4262
-3742
-2454
-1389
-1062
-1258
-1501
-995
-3
869
1531
2099
2827
3435
3848
4170
4421
4329
4483
5223
5882
6117
6130
6016
5710
5701
5997
5980
5372
4788
4591
4435
4151
3560
2602
1382
798
893
905
339
-550
-1680
-2602
-2832
-2721
-3005
-3767
-4308
-4124
-2939
-1807
-2092
-3806
-5421
-5608
-4421
-2710
-1402
-1119
-2050
-3379
-3799
-2397
-326
963
700
-313
-895
-372
888
1406
993
-10
-869
-1228
-490
428
75
-1102
-2109
-2123
-1622
-1170
-1392
-2562
-3224
-2840
-2118
-2005
-2337
-2808
-3569
-3711
-2678
-1398
-699
-788
-1289
-1520
-822
176
990
1399
1828
2534
3182
3712
4208
4424
4351
4698
5520
6114
6285
6108
5707
5511
5705
5872
5578
4958
4492
4455
4286
3777
3044
2062
1113
910
1154
1026
228
-819
-1749
-2334
-2368
-2364
-2917
-3893
-4474
-3869
-2611
-2016
-2887
-4729
-6113
-5950
-4514
-2867
-1734
-1776
-3120
-4250
-3903
-1949
-66
518
-203
-1306
-1652
-705
473
733
353
-391
-1260
-1259
-334
125
-570
-1637
-2041
-1736
-1102
-826
-1590
-2668
-3005
-2619
-2086
-1982
-2086
-2599
-3351
-3282
-2444
-1311
-820
-954
-1420
-1390
-707
-7
782
1441
2178
2597
2824
3345
3745
3843
4130
4934
5619
5845
5961
5851
5561
5530
5887
5842
5370
5151
5057
4769
4213
3659
2945
2014
1381
1425
1507
976
255
-552
-1334
-1765
-2023
-2413
-2997
-3506
-3749
-3368
-2251
-1792
-2881
-4767
-5776
-5151
-3834
-2532
-1644
-1636
-2761
-3880
-3766
-2105
-246
271
-421
-1252
-1428
-586
385
607
210
-598
-1344
-1230
-370
112
-254
-1015
-1724
-1617
-916
-528
-1264
-2345
-2319
-1923
-1751
-1724
-1649
-2261
-3148
-3082
-1933
-736
-318
-484
-1013
-1191
-560
584
1453
1956
2589
2975
3033
3198
3664
3906
3882
4303
5149
5514
5492
5404
5123
4726
4781
5019
4999
4900
4891
4657
3667
2614
2073
1648
1540
1773
1493
561
-456
-1184
-1785
-2047
-2084
-2331
-2990
-3564
-3576
-2868
-1949
-2016
-3260
-4922
-5424
-4267
-2952
-2208
-1914
-2176
-3278
-4055
-3244
-1367
-133
-171
-899
-1533
-1502
-675
113
215
-223
-907
-1356
-1341
-729
-615
-1225
-1855
-2003
-1562
-1190
-1496
-2485
-2976
-2701
-2016
-1832
-2006
-2317
-3058
-3595
-3283
-1909
-608
-262
-673
-1119
-1021
-380
840
1947
2599
3045
3253
3250
3398
3756
4143
4404
4941
5511
5749
5657
5343
5249
5248
5368
5454
5438
5256
4974
4614
3705
2848
2191
1710
1513
1512
1347
496
-673
-1610
-2016
-2121
-2188
-2427
-2848
-3567
-3970
-3365
-2159
-1767
-2833
-4474
-4972
-4249
-2997
-2042
-1354
-1449
-2680
-3696
-3016
-1037
374
407
-440
-1205
-1281
-296
690
809
193
-487
-1159
-1283
-402
198
-364
-1346
-1622
-1346
-1033
-1151
-2066
-2894
-2945
-2363
-1847
-1836
-2104
-2897
-3879
-3761
-2300
-807
-357
-512
-989
-1471
-1168
297
1751
2521
2888
2966
2788
3010
3727
4259
4517
5033
5580
5764
5640
5479
5241
4827
4931
5293
5570
5364
4860
3960
2980
2399
2201
2047
1756
1348
798
-109
-1100
-1675
-1804
-1820
-2112
-2532
-3093
-3740
-4059
-3355
-2224
-2239
-3733
-4885
-4652
-3941
-3249
-2353
-1334
-1651
-3029
-3701
-2496
-556
491
457
-680
-1880
-1606
93
1054
681
-112
-966
-1836
-1687
-367
174
-537
-1389
-1591
-1564
-1657
-1928
-2567
-2864
-2506
-1842
-1772
-2248
-2855
-3696
-4121
-3347
-1640
-448
-479
-1154
-1724
-1627
-728
753
1740
2195
2595
2899
2928
2990
3496
3801
4197
5206
6006
5959
5371
4941
4809
4930
5458
5925
5816
5090
4297
3606
2931
2510
2371
2325
2179
1817
1143
162
-916
-1772
-1978
-1804
-1689
-1989
-2706
-3594
-4229
-3440
-1969
-1712
-3075
-4630
-4834
-4211
-3114
-1828
-738
-1142
-2786
-3401
-2087
-149
905
635
-585
-1564
-1103
639
1643
1167
237
-766
-1534
-953
514
719
-465
-1514
-1745
-1591
-1315
-1290
-2261
-2934
-2443
-1530
-1606
-2349
-3038
-4008
-4464
-3247
-1145
-349
-1002
-1870
-2519
-2213
-761
1136
2030
2105
2297
2523
2511
2708
3304
3629
4020
4893
5641
5656
5111
4546
4298
4709
5624
6182
5769
4772
3894
3309
2939
2910
2853
2291
1569
1236
925
119
-775
-1504
-1940
-2228
-2200
-2182
-2865
-4024
-4407
-3264
-2012
-2198
-3460
-4359
-4701
-4452
-3338
-1833
-1041
-2001
-3478
-3569
-2011
-210
697
73
-1346
-1902
-914
687
1306
841
-169
-1263
-1812
-959
333
317
-657
-1415
-1697
-1505
-1098
-1349
-2390
-2864
-2387
-1671
-1560
-2021
-2849
-3977
-4254
-2990
-1112
-370
-675
-1375
-2127
-2024
-814
898
1798
2162
2401
2527
2501
2702
3406
3877
4451
5273
5792
5657
5072
4472
4164
4740
5728
6158
5791
4917
3887
3069
2732
2882
2944
2570
2083
1645
804
-295
-950
-1134
-1243
-1337
-1375
-1990
-3201
-4271
-4020
-2437
-1319
-1740
-3226
-4569
-4763
-3932
-2527
-1165
-758
-2067
-3624
-3502
-1744
154
729
-297
-1862
-2114
-594
1010
1282
641
-308
-1315
-1542
-148
1180
618
-851
-1723
-1690
-1396
-1164
-1625
-2464
-2645
-2070
-1400
-1613
-2478
-3407
-3894
-3533
-2117
-628
-388
-977
-2010
-2266
-1315
266
1486
1736
1854
2093
2229
2158
2641
3289
3608
4231
5193
5614
5029
4416
4204
4581
5406
6048
5947
5078
3994
3268
3007
2984
2947
2352
1516
1184
1151
520
-458
-1305
-1864
-1872
-1538
-1481
-2156
-3484
-4470
-3978
-2423
-1529
-2069
-3667
-5027
-4897
-3545
-2140
-1247
-1223
-2576
-3844
-3461
-1383
527
631
-641
-1699
-1696
-514
987
1337
577
-513
-1358
-1460
-308
618
-21
-1197
-1783
-1652
-1244
-1216
-2112
-3046
-2953
-2087
-1231
-1527
-2499
-3381
-3931
-3471
-1689
-88
64
-707
-1746
-1976
-1101
379
1777
2266
2342
2371
2458
2439
2805
3563
4047
4666
5558
5990
5241
4296
4026
4673
5731
6101
5697
4860
3788
2998
2816
2743
2567
2156
1669
1417
1005
108
-752
-1316
-1702
-1528
-1202
-1449
-2436
-3635
-4415
-3639
-1883
-1129
-2129
-3899
-4840
-4400
-3139
-1888
-859
-917
-2380
-3539
-2651
-394
1177
987
-599
-1695
-1155
426
1636
1572
573
-560
-1420
-1285
45
775
-37
-1218
-1762
-1616
-1366
-1449
-2065
-2722
-2941
-2332
-1655
-2073
-2886
-3540
-3704
-3213
-1902
-636
-525
-1242
-2071
-2035
-953
449
1441
1943
2320
2435
2329
2469
3280
3853
4277
4936
5449
5466
5027
4491
4378
4951
5644
5827
5243
4366
3642
3278
2888
2550
2176
1660
1287
1242
912
-125
-1377
-2292
-2413
-1837
-1564
-2105
-3261
-4434
-4784
-3660
-2164
-1762
-2955
-4733
-5243
-4329
-2809
-1611
-897
-1442
-2940
-3530
-2179
50
1079
234
-1012
-1520
-818
872
1915
1426
137
-870
-1290
-760
506
819
-160
-1188
-1450
-1021
-790
-1236
-2216
-2839
-2715
-1942
-1448
-2063
-2918
-3745
-3881
-3002
-1586
-622
-799
-1782
-2549
-1968
-548
1109
2044
2129
2103
2241
2350
2567
3276
3979
4418
5020
5597
5633
5137
4547
4646
5448
6116
5995
5476
4756
3962
3530
3390
3378
3199
2520
1867
1507
936
-37
-883
-1463
-1788
-1676
-1799
-2513
-3409
-4304
-4501
-3404
-2149
-2087
-3480
-4937
-4999
-3999
-2803
-1734
-1028
-1639
-3166
-3627
-2140
-13
808
90
-1064
-1448
-780
653
1486
932
49
-663
-1213
-610
883
1213
59
-1153
-1413
-978
-805
-1172
-1769
-2207
-2271
-1862
-1564
-1987
-2914
-3717
-3592
-2690
-1548
-842
-998
-1647
-2136
-1669
-346
1049
1650
1665
1746
1982
2184
2474
3242
3633
3967
4512
4965
5058
4677
4385
4495
5186
5741
5499
4884
4192
3656
3361
3190
2938
2349
1664
1220
1100
764
-75
-1081
-1865
-2146
-1935
-1968
-2589
-3614
-4555
-4658
-3700
-2339
-2235
-3870
-5398
-5338
-4089
-2798
-1924
-1532
-2270
-3689
-3943
-2193
39
750
-235
-1492
-1724
-768
728
1556
1221
324
-556
-902
-45
1275
1365
147
-748
-425
128
-63
-807
-1624
-1795
-1498
-936
-734
-1421
-2598
-3577
-3545
-2515
-1007
-224
-477
-1351
-1922
-1681
-550
975
1590
1579
1646
1922
2099
2391
2975
3484
3867
4519
5285
5326
4673
4217
4557
5360
5772
5530
5055
4547
3877
3510
3500
3414
2829
1990
1620
1529
1052
157
-676
-1267
-1487
-1430
-1618
-2246
-3174
-4135
-4331
-3219
-1866
-1987
-3628
-5242
-5304
-4147
-2818
-1902
-1673
-2429
-3787
-4025
-2398
-270
446
-550
-1705
-1834
-885
563
1208
760
-76
-821
-1071
-288
970
1030
35
-772
-734
-376
-384
-949
-1723
-1715
-1309
-810
-839
-1529
-2528
-3282
-3103
-1953
-529
-229
-767
-1555
-2005
-1517
-175
1103
1427
1330
1476
1819
1858
2102
2598
2972
3332
3889
4568
4550
3921
3649
4139
4921
5326
5042
4443
3948
3400
3119
3059
2812
2177
1465
1260
1333
860
-205
-1195
-1637
-1588
-1439
-1564
-2180
-3188
-3919
-3921
-3033
-1866
-1946
-3530
-5074
-5075
-3767
-2477
-1935
-1953
-2701
-3736
-3766
-2172
-229
306
-818
-1966
-1837
-501
961
1338
821
116
-494
-817
5
1229
1191
45
-589
-325
-3
-173
-794
-1557
-1615
-1130
-617
-602
-1302
-2217
-2990
-2781
-1536
-72
321
-230
-1042
-1710
-1368
-51
1368
1826
1646
1830
2034
1895
2161
2834
3304
3769
4511
5107
4855
4099
3806
4047
4779
5384
5253
4621
3928
3284
2679
2435
2496
2343
1841
1369
964
427
-395
-1167
-1624
-1575
-1267
-1304
-2024
-3196
-4039
-4082
-3088
-1828
-1786
-3379
-5017
-4946
-3729
-2757
-2125
-1795
-2350
-3372
-3593
-2217
-400
254
-367
-1343
-1336
-280
1078
1403
714
-5
-772
-1028
-54
1236
1014
-245
-1054
-935
-611
-648
-888
-1418
-1422
-1035
-742
-1155
-1843
-2455
-2946
-2650
-1732
-795
-471
-942
-1680
-2052
-1503
-70
1236
1395
1099
1404
1868
1785
1996
2753
3279
3689
4412
4770
4261
3615
3447
3988
4799
5302
4897
3891
3142
3007
3001
2757
2636
2267
1467
967
860
632
-176
-1059
-1609
-1540
-1128
-1218
-2102
-3270
-3965
-3955
-3086
-1744
-1344
-2886
-4937
-5286
-4011
-2577
-1696
-1493
-2090
-3133
-3435
-2128
-119
699
-14
-1051
-1217
-107
1309
1692
1097
387
-272
-536
229
1295
1260
204
-755
-950
-639
-578
-727
-1152
-1395
-1249
-907
-1036
-1788
-2539
-3023
-2621
-1611
-876
-786
-1118
-1636
-2062
-1522
-176
979
1298
1262
1522
1894
1959
2172
2843
3408
3957
4678
4842
4261
3683
3513
3947
4914
5620
5295
4245
3415
3083
2856
2811
2865
2615
1971
1447
1078
537
-212
-808
-1306
-1477
-1262
-1461
-2434
-3595
-4177
-4227
-3496
-2001
-1255
-2559
-4661
-5181
-4034
-2649
-1774
-1315
-1500
-2569
-3374
-2512
-542
690
266
-789
-1016
-300
687
1098
976
652
-76
-435
330
1269
990
-125
-800
-859
-615
-576
-742
-1413
-1958
-1765
-1146
-942
-1585
-2487
-3293
-3355
-2513
-1471
-923
-1136
-1797
-2381
-2186
-986
421
1151
1233
1287
1363
1403
1767
2393
2882
3523
4131
4246
3914
3549
3426
3786
4649
5328
5107
4174
3395
3037
3002
3136
3065
2514
1775
1257
902
481
-16
-415
-1034
-1287
-1226
-1518
-2346
-3206
-3624
-3928
-3671
-2165
-894
-1898
-4197
-4935
-3890
-2637
-1595
-867
-901
-1965
-2900
-2427
-477
1014
769
-319
-814
-189
747
1255
1239
933
161
-410
2
1054
1313
308
-505
-562
-256
-212
-547
-1107
-1578
-1485
-1170
-1175
-1678
-2381
-3142
-3271
-2408
-1369
-960
-1263
-1598
-1784
-1667
-774
545
1212
1131
1362
1816
1818
1806
2328
2984
3390
3885
4277
4026
3375
3058
3594
4471
5065
4837
4182
3575
3060
2785
2923
3112
2774
2109
1559
965
292
-172
-557
-998
-1124
-906
-1072
-2049
-3194
-3701
-3836
-3708
-2339
-857
-1552
-3735
-4680
-3735
-2601
-1915
-1389
-1079
-1702
-2707
-2749
-1219
373
491
-454
-945
-349
540
908
1020
984
350
-287
-18
776
861
131
-536
-734
-724
-953
-1267
-1733
-2077
-1740
-1428
-1594
-2193
-2716
-3233
-3362
-2659
-1843
-1556
-1789
-1961
-2036
-1906
-1140
125
933
735
853
1412
1554
1462
2054
3015
3564
3914
4126
4034
3530
3140
3634
4701
5230
4739
4000
3553
3144
2945
3009
2979
2494
1788
1372
1023
527
32
-399
-955
-1238
-951
-969
-1721
-2695
-3337
-3665
-3313
-1790
-470
-1224
-3366
-4375
-3441
-2157
-1329
-819
-803
-1526
-2250
-1941
-491
940
992
-92
-691
-17
962
1292
1086
881
420
-169
48
996
1193
199
-618
-688
-529
-624
-831
-1409
-1937
-1740
-1381
-1338
-1876
-2546
-3309
-3536
-2604
-1431
-1066
-1531
-1986
-2317
-2153
-1124
240
962
820
844
1309
1570
1622
2211
3052
3554
3841
4124
3951
3411
3134
3491
4427
5082
4860
4221
3574
2930
2725
3078
3187
2599
1770
1241
773
396
105
-182
-807
-1244
-883
-972
-1982
-3046
-3326
-3303
-2848
-1417
-426
-1771
-4110
-4677
-3474
-2142
-1343
-734
-997
-2220
-2943
-2137
-450
757
649
-579
-1238
-423
922
1234
655
417
-1
-621
-390
659
845
-476
-1381
-1134
-715
-940
-1328
-1849
-2442
-2279
-1494
-1204
-1958
-2960
-3621
-3774
-3006
-1681
-1051
-1522
-2208
-2369
-1971
-1127
-70
622
876
1127
1573
1929
1898
2132
2816
3453
3922
4134
3902
3315
2893
3329
4475
5290
5129
4393
3549
2846
2695
3115
3331
2932
2127
1592
1062
554
326
56
-698
-1077
-594
-783
-1967
-2747
-2659
-2643
-2140
-801
-133
-1675
-3861
-3821
-2226
-1147
-817
-483
-1021
-2344
-2658
-1262
488
1068
293
-855
-1123
-232
1022
1393
909
290
-331
-789
-350
654
486
-711
-1350
-1130
-772
-943
-1491
-2249
-2607
-2185
-1271
-1064
-2028
-3175
-3785
-3447
-2236
-947
-642
-1471
-2228
-2404
-1788
-652
147
362
366
644
1335
1747
1755
1911
2422
3258
3872
4055
3949
3551
3135
3495
4716
5466
4963
3945
3361
2964
2880
3337
3425
2628
1650
1235
1061
867
586
-23
-1029
-1405
-861
-672
-1567
-2640
-2900
-2345
-1472
-1049
-1534
-2954
-4128
-3779
-2341
-1373
-1052
-1313
-2511
-3397
-2501
-512
748
628
-516
-1563
-1385
75
1332
1298
366
-548
-1103
-1074
-49
571
-291
-1452
-1732
-1344
-1306
-1586
-2052
-2420
-2472
-1851
-963
-1047
-2135
-3388
-3658
-2846
-1343
-274
-676
-1756
-2213
-1731
-791
188
779
953
1015
1311
1961
2392
2229
2211
2969
3972
4467
4316
3858
3409
3290
3986
5183
5554
4638
3473
2894
2846
3016
3149
2809
1709
870
1014
1333
958
92
-695
-1220
-1299
-928
-892
-1698
-2800
-2887
-1675
-634
-1163
-2447
-3451
-3727
-2966
-1465
-605
-950
-2059
-3196
-3149
-1363
541
949
-99
-1325
-1755
-749
812
1443
930
-172
-932
-1098
-523
243
196
-832
-1738
-1565
-951
-945
-1868
-2628
-2415
-1961
-1543
-1297
-1537
-2657
-3765
-3606
-2208
-834
-484
-900
-1589
-2035
-1479
-342
317
547
1086
1696
1905
2046
2346
2389
2526
3407
4545
4726
4078
3469
3315
3705
4532
5383
5157
3938
3082
2996
3191
3117
2992
2601
1664
955
1222
1586
689
-453
-909
-998
-986
-1028
-1406
-2191
-2707
-2075
-1075
-1268
-2575
-3552
-3610
-3183
-2335
-1333
-1087
-2112
-3283
-3368
-2095
-407
394
-107
-1352
-2084
-1591
-346
548
532
-320
-1265
-1536
-1020
-395
-301
-621
-1199
-1650
-1466
-1009
-1261
-2124
-2448
-1974
-1281
-1037
-1259
-1962
-2742
-2968
-2339
-1197
-458
-468
-1093
-1528
-1326
-513
247
672
1159
1716
2231
2456
2516
2461
2523
3199
4148
4492
4179
3810
3461
3402
4005
4879
5151
4286
3028
2645
3148
3189
2712
2395
1876
964
652
1310
1362
340
-651
-793
-840
-1133
-1333
-1690
-2384
-2437
-1379
-867
-2045
-3455
-3647
-3330
-2807
-1652
-510
-1054
-2880
-3639
-2551
-842
184
203
-809
-1850
-1863
-922
66
488
109
-917
-1487
-1179
-448
-337
-830
-1043
-1061
-1111
-1010
-980
-1554
-2179
-2042
-1324
-1096
-1434
-1876
-2338
-2785
-2506
-1440
-769
-921
-1060
-857
-717
-335
341
877
1157
1696
2457
3057
3073
2644
2528
2963
3778
4492
4545
4058
3672
3668
4096
4639
4825
4474
3557
2812
2964
3569
3324
2455
1801
1296
980
1165
1230
456
-629
-1234
-1267
-1455
-1762
-1918
-2282
-2471
-1967
-1481
-2340
-3805
-4106
-3335
-2456
-1826
-1345
-1699
-3005
-3988
-3227
-1398
-285
-520
-1463
-2261
-2165
-1162
-338
-258
-664
-1358
-1818
-1528
-748
-496
-1073
-1565
-1473
-1251
-1064
-1099
-1651
-2208
-2262
-1484
-773
-916
-1585
-2345
-2632
-2231
-1223
-350
-284
-659
-904
-596
128
807
1055
1172
1651
2332
2824
3178
3178
2921
3037
3626
4307
4466
4082
3645
3565
3935
4452
4668
4239
3360
2784
2873
3212
3279
2880
2159
1326
940
1048
1070
578
-178
-623
-851
-1143
-1512
-1885
-2193
-2142
-1406
-878
-1644
-3101
-3908
-3580
-2607
-1535
-784
-1034
-2291
-3301
-3065
-1716
-467
-125
-680
-1494
-1853
-1313
-430
-187
-572
-968
-1294
-1389
-965
-435
-746
-1436
-1488
-1126
-960
-1134
-1618
-1886
-1870
-1684
-1204
-856
-1268
-2102
-2329
-1698
-834
-503
-647
-823
-663
-304
309
1092
1266
1046
1228
2051
2903
3225
2928
2598
2857
3379
3953
4254
4113
3812
3613
3750
4252
4536
4125
3253
2726
2947
3299
3122
2466
1671
929
570
901
1157
488
-658
-1292
-1425
-1527
-1688
-2071
-2549
-2670
-1956
-1193
-1734
-3396
-4329
-4043
-3301
-2313
-1415
-1440
-2740
-3899
-3645
-2246
-1001
-576
-938
-1832
-2138
-1457
-439
-67
-484
-1030
-1482
-1511
-961
-370
-686
-1548
-1911
-1489
-1050
-1011
-1475
-2086
-2169
-1759
-1103
-578
-781
-1669
-2394
-2120
-977
118
188
-425
-685
-357
240
977
1552
1652
1523
1840
2873
3697
3643
3108
3034
3560
4132
4306
4155
3914
3661
3783
4246
4748
4696
3775
2773
2673
3291
3437
2902
2139
1200
415
481
1081
817
-305
-1171
-1237
-1354
-1672
-1909
-2265
-2635
-2134
-806
-822
-2421
-3735
-3856
-3287
-2257
-1084
-756
-1887
-3343
-3537
-2358
-1057
-433
-696
-1613
-2128
-1556
-417
138
-177
-773
-1171
-1244
-833
-304
-579
-1413
-1936
-1669
-1028
-757
-1357
-2299
-2649
-2098
-1155
-660
-954
-1741
-2438
-2362
-1311
-30
197
-535
-923
-567
105
917
1532
1577
1305
1586
2589
3522
3636
3128
2921
3483
4354
4748
4532
3887
3385
3573
4359
5122
5051
3985
2677
2211
2727
3136
2776
1964
1057
195
-69
395
450
-538
-1656
-1854
-1629
-1699
-1979
-2424
-3184
-3320
-1969
-761
-1437
-3474
-4664
-4354
-3377
-2067
-1028
-1150
-2571
-3781
-3324
-1759
-656
-409
-943
-1711
-1894
-1113
65
219
-431
-1102
-1344
-1011
-512
-422
-1170
-1865
-1886
-1277
-693
-728
-1461
-2322
-2292
-1535
-728
-594
-1141
-1796
-2146
-1691
-588
131
-212
-636
-541
-153
432
1186
1570
1374
1499
2368
3441
3610
3146
2935
3085
3746
4616
4951
4423
3651
3413
3942
4818
5232
4719
3461
2672
2905
3384
3181
2410
1498
542
256
777
1088
307
-1016
-1873
-1906
-1731
-1700
-2004
-2766
-3294
-2456
-1145
-1329
-2932
-4100
-4135
-3503
-2305
-1156
-868
-2029
-3427
-3344
-1879
-492
-11
-487
-1394
-1791
-1066
226
692
104
-695
-1236
-1299
-709
-134
-579
-1421
-1656
-1179
-747
-699
-1206
-1991
-2221
-1686
-834
-513
-999
-1848
-2389
-2187
-1105
-53
-80
-693
-847
-533
36
743
1362
1399
1365
1997
2859
3128
2941
2838
3001
3565
4325
4672
4199
3399
3062
3564
4494
5094
4765
3455
2291
2129
2730
2996
2678
1929
910
114
146
453
24
-1094
-1756
-1800
-1836
-1917
-2066
-2816
-3761
-3442
-1889
-1149
-2222
-3823
-4496
-4206
-3289
-1927
-995
-1471
-2867
-3487
-2829
-1358
-240
-76
-810
-1409
-1209
-258
632
563
-34
-589
-935
-753
-142
-162
-1006
-1458
-1157
-682
-644
-1023
-1774
-2307
-2194
-1471
-688
-692
-1394
-2191
-2441
-1754
-585
-26
-218
-340
-374
-338
205
955
1411
1593
2119
2950
3304
2919
2654
2895
3429
4197
4753
4593
3900
3475
3570
4163
4932
4963
4015
2836
2413
2792
3179
2969
2243
1296
421
248
536
360
-408
-1149
-1355
-1369
-1496
-1691
-2207
-2952
-3244
-2330
-1251
-1470
-2854
-3913
-4017
-3385
-2233
-1295
-1017
-1839
-2921
-2969
-1671
-276
234
-145
-748
-905
-467
343
758
498
-81
-728
-949
-438
26
-510
-1226
-1300
-964
-830
-1028
-1450
-2033
-2218
-1801
-1274
-1124
-1423
-2107
-2648
-2499
-1533
-778
-1013
-1352
-1158
-880
-458
197
754
799
1028
1980
2868
3009
2702
2690
3050
3691
4354
4639
4174
3428
3198
3642
4421
4886
4368
3200
2504
2610
2899
2740
2314
1593
586
222
799
966
-80
-1237
-1752
-1712
-1625
-1532
-1649
-2587
-3647
-3325
-1848
-1033
-1722
-3159
-4124
-4085
-3093
-1803
-1180
-1610
-2515
-2931
-2524
-1339
-238
37
-499
-1063
-996
-205
428
347
-75
-400
-633
-599
-59
-9
-663
-1134
-1033
-644
-540
-897
-1562
-1989
-1931
-1267
-634
-825
-1545
-2102
-2139
-1697
-1004
-762
-950
-953
-916
-759
-187
319
497
675
1342
2382
2964
2853
2612
2811
3355
4202
4780
4689
4228
3648
3543
4224
5179
5163
4108
3126
2981
3401
3427
2929
2282
1325
376
442
1069
930
-55
-1094
-1531
-1519
-1363
-1394
-1906
-2848
-3393
-2853
-1587
-1262
-2175
-3452
-4063
-3617
-2350
-1196
-1030
-1658
-2410
-2456
-1773
-795
-90
47
-573
-951
-703
-55
533
490
24
-354
-510
-508
-385
-665
-1136
-1183
-936
-751
-925
-1456
-2074
-2380
-2109
-1454
-1178
-1490
-2073
-2587
-2694
-2191
-1624
-1412
-1319
-995
-776
-622
-426
-87
290
705
1490
2499
2798
2178
1974
2415
3073
3806
4258
4046
3416
3071
3399
4071
4571
4407
3706
2971
2781
3018
3038
2614
1957
1329
1044
1101
1051
487
-343
-1136
-1472
-1262
-1114
-1471
-2352
-3040
-3092
-2394
-1539
-1516
-2551
-3623
-3706
-2929
-1941
-1454
-1291
-1575
-2149
-2186
-1449
-391
60
-193
-476
-443
-229
157
495
446
253
-175
-527
-501
-325
-555
-961
-956
-770
-651
-831
-1266
-1848
-2018
-1674
-1393
-1416
-1659
-1889
-2225
-2302
-1823
-1340
-1100
-997
-827
-563
-366
-247
74
617
1341
2171
2818
2927
2667
2510
2771
3512
4328
4580
4144
3555
3477
3836
4311
4405
4071
3461
3104
3152
3200
2922
2297
1516
845
953
1258
998
109
-845
-1506
-1587
-1345
-1297
-1592
-2285
-2935
-2756
-1939
-1370
-1729
-2875
-3596
-3091
-1983
-1309
-1163
-1346
-1910
-2285
-1903
-909
-134
-45
-604
-988
-858
-265
267
241
41
-255
-676
-861
-593
-432
-712
-1085
-1005
-660
-701
-1201
-2003
-2497
-2179
-1533
-1120
-1534
-2266
-2663
-2868
-2669
-1940
-1245
-1228
-1521
-1363
-791
-432
-257
134
699
1355
2099
2592
2504
2266
2279
2696
3561
4244
4341
3866
3288
3251
3931
4508
4398
3932
3504
3292
3356
3353
2979
2345
1502
909
983
1274
919
-73
-1028
-1478
-1341
-1277
-1422
-1873
-2601
-3092
-2892
-1928
-1330
-1914
-3143
-3689
-3185
-2225
-1487
-1220
-1474
-1989
-2207
-1835
-859
-19
55
-412
-743
-622
-127
412
465
22
-324
-441
-415
-370
-301
-415
-744
-982
-703
-520
-932
-1684
-2025
-1732
-1438
-1344
-1563
-1907
-2306
-2549
-2297
-1800
-1282
-1035
-981
-829
-415
-167
-43
257
888
1798
2567
2779
2554
2339
2317
2964
3872
4373
4271
3777
3464
3515
3949
4281
4191
3823
3524
3604
3617
3154
2446
1945
1416
1079
1267
1392
838
-302
-1161
-1453
-1285
-1192
-1401
-1850
-2524
-2799
-2271
-1518
-1547
-2304
-3124
-3222
-2615
-1902
-1533
-1436
-1624
-2009
-2138
-1551
-502
-17
-226
-669
-780
-682
-244
354
430
-61
-559
-672
-481
-271
-397
-666
-1064
-1255
-1189
-1146
-1677
-2399
-2536
-2173
-1731
-1476
-1530
-2062
-2862
-3180
-2620
-1714
-1088
-1084
-1203
-1270
-1175
-915
-262
509
1121
1654
1989
2114
2082
2071
2229
2959
3768
4023
3736
3385
3380
3605
4063
4487
4528
4027
3418
3196
3094
2854
2674
2284
1708
1354
1250
1056
593
-85
-644
-845
-988
-1124
-1365
-1825
-2385
-2656
-2237
-1512
-1462
-2254
-3186
-3291
-2621
-1969
-1523
-1150
-1292
-2007
-2393
-1682
-444
138
33
-281
-704
-854
-214
582
731
410
-103
-491
-638
-358
-254
-667
-990
-900
-707
-1028
-1549
-2015
-2198
-1923
-1455
-1376
-1737
-2237
-2704
-2787
-2255
-1251
-737
-869
-1039
-950
-792
-543
67
737
1136
1526
2107
2412
2259
2091
2331
3028
3858
4287
4217
3691
3305
3584
4224
4555
4439
4058
3540
3083
2828
2806
2666
2022
1339
1094
1144
1098
586
-164
-766
-1090
-1103
-1070
-1150
-1495
-2130
-2633
-2540
-1731
-1437
-2164
-3129
-3240
-2755
-2282
-1872
-1511
-1531
-2023
-2245
-1734
-841
-415
-253
-432
-803
-780
-178
424
483
203
-136
-562
-836
-567
-329
-568
-926
-887
-767
-1134
-1610
-2029
-2237
-2101
-1722
-1481
-1695
-2186
-2714
-2951
-2579
-1837
-1187
-1001
-1102
-1189
-1244
-915
-220
549
1266
1858
2122
2038
1898
2060
2627
3402
4011
4251
4137
3715
3419
3597
4122
4500
4414
3993
3533
3087
2673
2584
2430
1959
1410
1142
1033
807
218
-638
-1191
-1316
-1217
-1232
-1473
-1885
-2437
-3002
-3009
-2224
-1472
-1794
-2589
-3040
-3008
-2498
-1605
-885
-918
-1533
-1877
-1653
-958
-45
505
141
-467
-548
5
613
770
569
82
-419
-537
-148
10
-284
-617
-756
-868
-1082
-1248
-1670
-2116
-1906
-1271
-953
-1418
-2092
-2642
-2799
-2395
-1548
-760
-669
-1013
-1339
-1387
-891
141
1025
1369
1589
1897
1954
1849
2137
2906
3518
3831
4105
4008
3532
3350
3697
4377
4890
4800
4168
3388
2808
2783
3076
2847
2205
1622
1036
644
489
337
-243
-1012
-1535
-1548
-1459
-1674
-2170
-2842
-3272
-3190
-2507
-1904
-1850
-2429
-3112
-3282
-2779
-1852
-1285
-1416
-1727
-1792
-1641
-1073
-280
100
-118
-387
-329
-38
392
701
533
13
-450
-435
-315
-460
-691
-730
-606
-836
-1263
-1602
-1758
-1937
-2021
-1720
-1494
-1890
-2618
-2897
-2667
-2338
-1992
-1521
-1078
-1046
-1074
-1047
-849
-353
451
1201
1540
1720
1831
1936
2060
2568
3342
3896
4062
3713
3246
3211
3680
4189
4466
4456
4108
3444
2794
2796
3048
2741
2102
1553
1169
864
584
319
-199
-796
-1008
-956
-1022
-1430
-1916
-2443
-2984
-3066
-2417
-1596
-1566
-2220
-2867
-3036
-2708
-2074
-1497
-1099
-1053
-1174
-1285
-964
-156
215
189
188
391
463
597
913
1145
779
81
-102
-47
-167
-339
-346
-511
-890
-1213
-1426
-1545
-1730
-1801
-1656
-1641
-1973
-2245
-2330
-2551
-2547
-2178
-1667
-1296
-1191
-1162
-1303
-1207
-667
190
1033
1736
2082
1914
1719
2105
2785
3353
3763
4127
4020
3363
3185
3771
4384
4430
4160
3774
3260
2889
2877
2883
2700
2172
1527
1104
809
516
167
-443
-1120
-1511
-1525
-1534
-2034
-2595
-2816
-3038
-3369
-3185
-2368
-1801
-2134
-2787
-2810
-2497
-2161
-1760
-1288
-880
-759
-949
-1038
-688
-169
156
273
545
766
701
638
789
722
332
100
162
179
103
-8
-379
-888
-1157
-1227
-1240
-1557
-1950
-1852
-1954
-2591
-3083
-2804
-2424
-2605
-2755
-2414
-1944
-1964
-1850
-1229
-724
-519
-56
679
1137
1429
1727
2107
2259
2530
3143
3546
3558
3538
3591
3412
3494
4246
4662
4253
3651
3284
3169
3266
3469
3170
2300
1547
1349
1099
708
433
-41
-986
-1642
-1372
-1157
-1534
-2091
-2436
-2840
-3196
-3035
-2453
-2021
-2006
-2099
-2297
-2292
-1963
-1586
-1397
-1058
-429
-245
-487
-647
-443
-129
142
411
658
586
334
541
786
637
397
271
148
19
-19
-156
-391
-818
-1008
-1095
-1293
-1621
-1788
-1873
-2197
-2501
-2670
-2516
-2379
-2482
-2372
-1972
-1615
-1266
-866
-713
-533
-56
527
1067
1519
1880
2023
2140
2467
2899
3228
3402
3594
3588
3463
3694
4150
4280
4051
3795
3470
3253
3027
2844
2704
2192
1560
1303
1064
434
-10
-267
-920
-1528
-1471
-1313
-1625
-2220
-2616
-2906
-3299
-3343
-2825
-2296
-2066
-1863
-1906
-2406
-2698
-2275
-1655
-1076
-475
-200
-565
-983
-618
46
363
618
1079
1025
514
503
827
825
535
379
335
93
-283
-429
-634
-1053
-1273
-1250
-1364
-1684
-2072
-2379
-2481
-2561
-2485
-2305
-2431
-2568
-2473
-2249
-2059
-1708
-1188
-889
-819
-532
9
601
1155
1553
1837
1985
2239
2747
3103
3265
3576
3734
3599
3670
3981
4107
3859
3651
3464
3227
3059
2962
2713
2260
1721
1405
1121
656
390
191
-374
-1023
-1281
-1255
-1386
-1841
-2216
-2342
-2663
-2988
-2722
-2183
-1778
-1587
-1745
-2118
-2530
-2435
-1673
-845
-304
-77
-231
-662
-622
26
749
1184
1336
1270
1003
924
1041
1138
1005
718
461
180
-71
-232
-525
-918
-1221
-1387
-1512
-1800
-2169
-2463
-2599
-2736
-2598
-2418
-2385
-2436
-2655
-2745
-2544
-2003
-1435
-1101
-941
-715
-360
78
631
1394
1988
2113
2195
2510
3009
3471
3790
3892
3838
3809
3834
4062
4160
3996
3843
3533
3056
2790
2605
2024
1465
1239
1190
871
466
220
-276
-932
-1321
-1258
-1177
-1433
-1772
-2199
-2681
-2992
-2920
-2491
-1949
-1495
-1475
-1984
-2651
-2617
-1819
-1026
-533
-300
-418
-780
-876
-417
286
895
1070
880
629
600
786
830
599
389
212
-101
-421
-446
-603
-1031
-1352
-1345
-1283
-1713
-2260
-2505
-2490
-2529
-2540
-2615
-2803
-2888
-2881
-2784
-2569
-2048
-1565
-1284
-1149
-894
-435
101
661
1168
1694
2086
2284
2499
2912
3426
3663
3691
3777
3947
4003
4015
3986
3985
4050
3810
3434
3125
2857
2539
2218
1874
1518
1159
746
359
-79
-595
-1016
-1206
-1308
-1520
-1810
-2216
-2700
-2999
-2953
-2602
-2115
-1690
-1485
-1698
-2331
-2542
-1938
-1135
-531
-200
-115
-297
-558
-293
356
930
1351
1477
1234
831
777
1069
1171
897
605
395
60
-287
-542
-745
-1031
-1287
-1423
-1624
-1949
-2261
-2357
-2461
-2646
-2644
-2575
-2733
-2855
-2746
-2536
-2338
-1938
-1257
-972
-1112
-910
-270
444
1105
1586
1839
1915
2225
2799
3250
3513
3699
3799
3613
3573
3850
4104
4091
4002
3831
3519
3098
2840
2630
2278
1893
1471
993
505
195
-133
-739
-1125
-1130
-1317
-1744
-2039
-2289
-2574
-2926
-3073
-2862
-2588
-2194
-1802
-1820
-2203
-2422
-2195
-1791
-1310
-625
-180
-278
-547
-595
-229
280
613
855
966
830
663
683
900
931
681
344
60
-261
-464
-732
-1101
-1236
-1213
-1333
-1736
-2133
-2440
-2628
-2797
-2824
-2705
-2718
-2748
-2735
-2684
-2456
-1959
-1422
-1163
-1057
-842
-490
106
945
1599
1886
1973
2279
2925
3291
3471
3682
3743
3734
3906
4219
4351
4248
4085
3910
3543
3147
2944
2687
2281
2065
2013
1750
1085
431
80
-304
-621
-789
-939
-1273
-1603
-1762
-2003
-2333
-2566
-2607
-2503
-2246
-1822
-1487
-1687
-2141
-2195
-1765
-1155
-590
-26
210
-111
-446
-249
413
898
1066
1132
1035
818
754
850
891
706
318
22
-102
-99
-369
-739
-860
-1048
-1453
-1805
-1838
-1831
-2104
-2579
-2855
-2898
-2847
-2564
-2259
-2376
-2671
-2454
-1994
-1594
-1035
-385
11
124
407
929
1545
1889
2151
2425
2462
2524
2907
3299
3269
3266
3471
3731
3866
3808
3501
2968
2719
2830
2911
2562
2078
1604
1003
489
294
140
-158
-596
-1110
-1578
-1782
-1713
-1781
-2090
-2571
-2904
-2951
-2933
-2792
-2379
-1826
-1434
-1515
-1797
-1958
-1844
-1466
-827
-190
69
-163
-468
-286
139
538
894
1130
1063
725
637
835
925
797
480
197
-54
-269
-496
-779
-1083
-1410
-1552
-1460
-1391
-1793
-2349
-2748
-2994
-2998
-2535
-1907
-1961
-2538
-2635
-2156
-1609
-1096
-427
15
72
198
690
1216
1640
2113
2569
2843
2971
3301
3457
3411
3391
3689
3923
4108
4231
4062
3570
3123
3029
2950
2764
2470
2062
1568
1151
857
506
245
91
-254
-773
-1384
-1593
-1512
-1658
-2008
-2263
-2408
-2495
-2420
-2179
-1788
-1531
-1430
-1495
-1603
-1426
-1036
-524
-22
238
200
79
12
144
468
796
924
872
731
549
493
636
588
356
18
-224
-310
-456
-683
-1006
-1318
-1556
-1641
-1683
-1926
-2420
-2750
-2743
-2754
-2739
-2576
-2434
-2665
-2912
-2532
-1812
-1362
-1209
-919
-550
-264
194
870
1486
1739
1895
2249
2607
2858
3185
3323
3133
3049
3207
3518
3734
3748
3649
3438
3041
2673
2492
2210
1903
1581
1281
884
352
-139
-461
-632
-938
-1199
-1422
-1611
-1869
-2208
-2435
-2630
-2825
-2818
-2497
-2140
-1809
-1599
-1705
-1964
-1990
-1502
-840
-406
-175
-121
-236
-291
-182
231
832
1299
1320
991
711
662
899
1090
1021
749
365
-120
-445
-546
-681
-858
-1112
-1322
-1442
-1561
-1798
-2245
-2668
-2786
-2526
-2160
-1920
-1995
-2338
-2519
-2136
-1335
-686
-299
-211
-188
1
491
1318
2000
2296
2454
2666
2795
2901
2951
3098
3186
3262
3559
3835
3911
3585
3168
3067
3021
2843
2644
2477
2074
1583
1199
828
424
16
-207
-493
-1011
-1398
-1525
-1614
-1838
-2144
-2339
-2397
-2469
-2400
-2150
-1844
-1529
-1234
-1181
-1427
-1568
-1385
-954
-480
-46
182
85
-202
-184
199
636
962
1168
1190
792
485
651
891
715
335
14
-237
-535
-731
-802
-1045
-1341
-1551
-1698
-1905
-2119
-2277
-2444
-2603
-2579
-2269
-2028
-2233
-2483
-2474
-2104
-1538
-1018
-678
-526
-417
-88
425
826
1272
1665
1920
2071
2338
2714
2972
3017
3068
3215
3342
3411
3287
3045
2900
2845
2723
2513
2180
1800
1396
979
614
308
34
-254
-368
-461
-806
-1204
-1405
-1459
-1643
-1898
-2069
-2243
-2348
-2344
-2006
-1654
-1462
-1393
-1622
-1720
-1528
-1067
-483
-102
89
128
213
365
567
921
1192
1256
1288
1222
846
725
889
833
542
122
-187
-386
-683
-978
-1061
-1143
-1317
-1414
-1434
-1577
-1746
-1801
-1960
-2281
-2400
-2216
-1999
-1934
-1927
-1752
-1432
-1151
-834
-439
-97
190
508
862
1278
1680
2085
2530
2723
2748
2800
2843
2982
3288
3579
3630
3494
3297
2958
2610
2333
2091
1960
1923
1676
1148
553
142
-88
-160
-100
-187
-580
-1237
-1603
-1542
-1411
-1413
-1616
-1922
-2204
-2265
-2070
-1767
-1430
-1154
-1194
-1405
-1415
-1218
-942
-609
-190
158
344
438
477
413
532
906
1267
1309
1116
886
667
543
307
93
-122
-319
-598
-891
-1033
-1175
-1327
-1409
-1512
-1855
-2221
-2312
-2249
-2319
-2385
-2296
-2174
-2124
-2139
-2129
-2070
-1698
-1137
-745
-549
-259
219
493
721
1145
1700
2135
2344
2412
2450
2483
2618
2785
2946
3014
3104
3151
2919
2645
2448
2205
1893
1726
1739
1580
1065
535
119
-107
-175
-246
-476
-940
-1162
-1316
-1397
-1478
-1663
-1921
-2245
-2341
-2192
-1913
-1685
-1472
-1288
-1241
-1136
-1011
-871
-621
-343
-56
207
336
333
306
437
711
1061
1407
1395
1087
823
782
827
774
645
376
-8
-304
-346
-423
-688
-924
-1180
-1373
-1587
-1626
-1728
-1925
-2100
-2029
-1818
-1852
-1888
-1796
-1613
-1434
-997
-491
-229
-89
302
731
998
1296
1734
1988
2096
2310
2544
2512
2410
2554
2790
2950
3026
3076
2897
2561
2258
2109
1949
1836
1735
1402
1008
721
401
64
-226
-388
-523
-880
-1214
-1367
-1459
-1559
-1660
-1774
-1927
-1948
-1928
-1872
-1639
-1342
-1049
-1091
-1228
-1256
-1170
-929
-666
-389
-174
-171
-121
32
169
387
651
839
851
701
482
385
441
542
506
369
77
-184
-420
-657
-873
-1011
-1032
-1226
-1527
-1672
-1747
-1821
-1872
-1806
-1711
-1663
-1675
-1707
-1695
-1549
-1248
-951
-602
-295
-70
141
450
787
1085
1325
1590
1930
2051
2025
2135
2185
2206
2475
2713
2669
2441
2199
2073
1925
1707
1621
1466
1089
664
496
275
-36
-175
-210
-342
-719
-1060
-1220
-1225
-1140
-1103
-1171
-1528
-1867
-1920
-1777
-1526
-1182
-1037
-1163
-1156
-939
-607
-370
-125
-34
-69
51
329
610
675
615
481
508
732
922
913
761
506
460
615
622
467
209
-29
-332
-539
-620
-744
-927
-1035
-1082
-1107
-1180
-1317
-1500
-1757
-1778
-1441
-1171
-1161
-1245
-1197
-1020
-788
-447
-83
179
397
700
962
1239
1558
1731
1815
1887
2015
2153
2171
2129
2227
2477
2607
2608
2461
2202
1873
1654
1551
1436
1248
1018
620
149
-10
30
-137
-471
-720
-894
-1079
-1151
-1176
-1317
-1558
-1750
-1795
-1718
-1497
-1319
-1303
-1365
-1272
-998
-719
-545
-430
-224
-183
-136
22
138
161
183
381
561
565
550
545
511
514
460
433
364
222
62
-151
-367
-517
-503
-569
-707
-855
-969
-1129
-1301
-1396
-1343
-1414
-1534
-1517
-1555
-1607
-1637
-1486
-1357
-1303
-1115
-836
-697
-546
-222
110
301
443
788
1042
1137
1241
1333
1356
1321
1528
1857
2027
2087
2058
1918
1795
1741
1613
1408
1298
1151
993
792
530
390
181
-141
-305
-409
-567
-630
-590
-587
-711
-937
-1161
-1294
-1254
-1061
-925
-879
-890
-826
-713
-626
-468
-255
-151
-206
-116
65
219
332
391
468
542
590
675
825
912
855
823
798
728
562
386
178
7
-87
-130
-238
-473
-545
-567
-720
-839
-855
-964
-1121
-1197
-1102
-1002
-1131
-1247
-1113
-942
-737
-484
-266
-255
-245
-115
-16
148
351
524
621
693
877
1030
1096
1167
1354
1565
1706
1773
1693
1610
1538
1465
1431
1402
1330
1069
751
504
387
307
131
-67
-209
-345
-417
-448
-436
-581
-808
-952
-965
-980
-1003
-972
-1009
-1024
-1016
-881
-723
-687
-648
-596
-469
-273
-7
266
212
64
150
361
410
342
305
299
227
212
305
341
135
-125
-226
-198
-269
-313
-336
-406
-472
-496
-429
-464
-607
-847
-1012
-1119
-1079
-1033
-1098
-1120
-1164
-1106
-968
-893
-884
-871
-688
-449
-269
-32
214
312
383
463
615
828
897
917
1016
1191
1299
1318
1337
1345
1364
1412
1422
1309
1216
1167
1092
1007
872
702
535
411
394
310
141
70
-33
-261
-468
-649
-754
-945
-1009
-938
-969
-1014
-1008
-973
-893
-658
-434
-341
-318
-298
-167
-6
175
264
285
282
299
490
720
732
619
484
350
372
490
500
394
216
101
73
91
133
161
90
-4
-131
-282
-440
-661
-762
-740
-780
-910
-1055
-1198
-1322
-1391
-1135
-897
-861
-779
-713
-634
-489
-236
9
199
391
569
579
557
664
701
766
945
1115
1140
1061
1054
1113
1103
1070
1116
1118
1049
1005
923
718
582
583
583
381
126
-35
-180
-346
-474
-466
-519
-695
-833
-867
-857
-886
-934
-903
-764
-634
-617
-608
-575
-450
-356
-260
-124
-9
66
18
91
177
304
393
320
301
387
494
420
307
288
308
232
213
262
274
173
42
-108
-176
-178
-261
-369
-575
-708
-781
-862
-875
-864
-961
-1063
-1117
-1021
-889
-874
-817
-790
-735
-647
-441
-252
-110
56
74
47
95
154
197
280
412
498
617
762
900
996
995
994
1006
1006
1015
1077
943
805
782
719
699
617
570
531
393
210
90
26
-82
-181
-235
-241
-231
-317
-424
-417
-441
-412
-369
-331
-328
-382
-356
-238
-165
-97
-100
-111
-61
20
167
238
261
308
470
504
557
642
593
499
404
460
498
410
358
328
223
177
161
83
-73
-183
-174
-247
-374
-387
-467
-674
-838
-834
-725
-669
-743
-780
-810
-775
-704
-683
-658
-582
-590
-594
-520
-427
-347
-252
-64
145
284
353
425
446
476
573
704
691
621
639
712
680
643
643
594
441
414
498
554
445
357
299
192
125
33
63
-3
-125
-325
-494
-551
-572
-589
-730
-823
-765
-654
-573
-546
-522
-455
-372
-248
-46
140
210
221
324
467
512
484
474
487
513
513
584
597
567
513
409
340
334
342
314
213
90
147
129
-48
-213
-317
-495
-603
-682
-742
-779
-894
-1052
-1179
-1190
-1204
-1236
-1187
-1077
-902
-796
-812
-806
-736
-612
-436
-301
-241
-112
22
159
229
314
415
346
340
487
617
675
634
607
653
655
675
701
666
667
664
603
555
521
451
339
259
207
126
12
-72
-77
-56
-3
-78
-207
-176
-137
-101
-71
13
165
253
262
309
449
544
579
641
722
770
866
899
845
826
787
725
672
749
896
947
821
737
653
502
458
473
473
346
219
46
-87
-188
-354
-524
-696
-800
-915
-1052
-1215
-1259
-1260
-1330
-1380
-1403
-1407
-1395
-1381
-1237
-1077
-913
-810
-801
-681
-548
-414
-341
-312
-127
13
3
96
263
341
313
370
486
562
590
566
564
519
426
378
299
176
118
80
-41
-124
-222
-318
-418
-521
-463
-415
-452
-541
-525
-461
-420
-404
-335
-216
-150
-107
-29
122
230
297
338
416
606
745
746
735
788
863
837
855
925
996
1051
1032
949
889
817
771
706
674
638
554
380
145
-22
-104
-238
-439
-532
-603
-691
-829
-918
-953
-1034
-1134
-1176
-1116
-1110
-1138
-1121
-1025
-987
-930
-832
-869
-861
-719
-547
-442
-320
-213
-93
-80
-26
107
203
293
346
502
578
630
648
636
558
504
548
508
436
326
229
175
97
26
-44
-155
-250
-249
-246
-284
-281
-231
-171
-139
-55
29
77
123
216
322
405
506
586
607
665
777
870
941
968
943
979
1059
1111
1159
1234
1313
1300
1191
1117
1097
1018
855
710
627
556
419
255
63
-138
-327
-483
-629
-777
-854
-881
-969
-1059
-1071
-1131
-1190
-1273
-1371
-1406
-1445
-1458
-1371
-1256
-1224
-1181
-1110
-991
-847
-789
-688
-523
-309
-118
7
118
148
240
311
325
390
398
317
264
224
204
201
75
-4
-36
-24
-85
-221
-320
-349
-347
-376
-370
-364
-387
-400
-416
-405
-394
-407
-426
-405
-310
-154
6
132
216
279
437
563
687
833
980
1088
1165
1304
1401
1403
1403
1359
1345
1401
1409
1396
1224
1152
1064
955
885
752
648
489
345
170
66
-26
-131
-301
-553
-743
-878
-974
-1041
-1056
-1053
-1151
-1281
-1303
-1315
-1366
-1364
-1391
-1339
-1232
-1119
-992
-924
-783
-631
-556
-478
-331
-210
-127
-73
-17
26
86
185
296
345
358
395
419
369
326
319
264
237
212
142
76
23
-19
-44
-108
-165
-177
-178
-188
-170
-201
-222
-224
-225
-185
-101
24
169
236
289
391
491
621
705
832
988
1101
1151
1189
1259
1308
1321
1324
1304
1300
1323
1283
1142
1036
1017
898
768
597
436
297
207
73
-38
-33
-186
-387
-533
-659
-779
-851
-935
-1039
-1125
-1188
-1303
-1354
-1297
-1248
-1279
-1267
-1170
-1093
-1021
-983
-928
-811
-737
-679
-605
-503
-413
-304
-260
-155
-12
28
27
-1
111
204
189
171
133
153
194
131
52
57
21
-86
-163
-233
-289
-361
-466
-551
-489
-419
-460
-469
-356
-264
-276
-260
-150
25
129
183
229
338
473
561
654
760
911
992
956
973
1092
1172
1153
1171
1198
1235
1201
1062
989
998
989
879
757
711
661
503
315
206
102
1
-145
-320
-403
-484
-584
-688
-775
-791
-830
-927
-957
-937
-894
-925
-945
-821
-694
-668
-665
-650
-603
-514
-468
-392
-283
-191
-128
-76
-13
65
141
152
223
371
464
436
396
424
415
378
326
250
154
95
-29
-128
-160
-196
-218
-266
-375
-390
-421
-517
-570
-537
-428
-348
-289
-217
-106
0
118
142
220
338
431
454
554
639
702
771
826
889
898
919
883
886
937
990
1004
981
968
876
733
547
404
326
227
141
1
-151
-258
-389
-485
-524
-541
-603
-741
-843
-857
-756
-779
-821
-834
-787
-820
-824
-793
-790
-779
-855
-848
-872
-786
-678
-618
-577
-449
-379
-283
-237
-149
-23
60
114
217
372
352
248
174
224
243
186
122
98
78
74
-17
-169
-174
-141
-185
-222
-221
-237
-267
-258
-280
-282
-237
-136
-129
-145
-58
26
73
81
174
289
296
367
529
672
787
853
890
959
1048
1078
1065
1073
1028
930
924
939
913
790
647
527
433
363
238
100
-97
-191
-293
-325
-345
-428
-474
-585
-661
-600
-500
-548
-609
-604
-605
-606
-600
-569
-476
-475
-442
-415
-383
-282
-257
-249
-126
-17
45
63
81
174
232
294
335
380
440
426
356
280
295
243
94
-41
-89
-136
-225
-302
-322
-239
-199
-287
-358
-293
-233
-279
-271
-198
-156
-173
-224
-231
-167
-136
-142
-155
-95
16
62
38
70
235
395
455
495
622
816
836
800
832
912
958
890
826
812
766
622
472
371
255
145
-12
-126
-157
-194
-285
-350
-365
-475
-611
-705
-736
-705
-745
-836
-871
-784
-785
-825
-828
-777
-667
-640
-649
-625
-493
-313
-275
-272
-174
-59
5
31
40
125
192
154
139
138
174
138
103
112
87
116
69
-43
-50
-62
-148
-229
-243
-195
-180
-227
-277
-271
-277
-338
-357
-351
-298
-326
-297
-197
-148
-102
-72
-35
-8
96
145
239
351
483
569
588
669
769
873
889
945
975
1024
1024
1023
1028
958
942
904
862
792
699
623
516
396
333
279
197
54
-84
-186
-293
-388
-430
-446
-486
-525
-588
-633
-585
-591
-615
-586
-518
-472
-439
-380
-322
-201
-139
-80
-43
-1
43
10
61
158
154
151
217
206
193
162
120
34
-55
-75
-178
-206
-184
-158
-171
-306
-337
-339
-371
-448
-497
-512
-535
-512
-535
-524
-503
-513
-554
-536
-461
-343
-271
-163
-43
55
166
195
230
368
499
482
445
482
588
626
609
631
654
674
672
665
716
707
625
551
498
512
521
439
309
233
168
42
-61
-177
-293
-371
-472
-554
-589
-562
-523
-569
-597
-576
-583
-556
-495
-400
-319
-308
-264
-202
-136
-112
-101
-53
-50
-80
-56
4
75
99
113
161
132
154
155
147
79
54
67
18
-56
-130
-138
-226
-337
-376
-421
-519
-585
-625
-614
-587
-593
-555
-501
-453
-382
-336
-272
-195
-150
-40
37
118
223
322
378
443
496
560
628
645
710
747
723
749
804
782
783
771
741
703
689
703
680
671
654
585
482
401
273
224
130
76
33
-33
-93
-197
-227
-195
-183
-231
-274
-312
-341
-368
-337
-283
-227
-225
-221
-177
-135
-78
-61
-59
-43
-81
-111
-60
-24
8
41
51
54
10
-3
-50
-113
-98
-60
-75
-127
-153
-213
-279
-341
-416
-425
-423
-467
-549
-577
-596
-654
-725
-696
-658
-617
-532
-514
-492
-439
-333
-275
-221
-72
-4
34
42
90
206
277
323
401
486
510
482
521
561
577
606
667
641
583
552
492
452
428
475
421
312
223
167
130
70
6
3
20
-51
-135
-163
-173
-189
-216
-196
-220
-253
-266
-253
-233
-170
-163
-186
-123
-78
2
48
71
65
80
91
93
92
124
157
139
130
128
118
57
-7
-48
-73
-118
-182
-223
-219
-262
-359
-387
-363
-366
-400
-493
-512
-519
-516
-472
-427
-390
-343
-291
-263
-150
-97
-81
-38
6
103
164
193
232
306
383
443
408
415
450
477
495
509
544
627
676
626
621
601
563
538
492
478
430
341
326
303
264
158
93
58
32
-24
-103
-180
-178
-148
-165
-149
-194
-186
-170
-223
-214
-149
-94
-60
-76
-44
21
-16
-75
-86
-69
-51
-92
-85
-49
-43
13
55
45
79
94
-11
-66
-101
-147
-189
-270
-292
-330
-421
-502
-543
-584
-610
-678
-688
-620
-569
-536
-558
-545
-483
-423
-368
-361
-302
-208
-227
-222
-99
31
60
31
92
191
271
340
405
458
519
593
598
554
563
599
563
423
371
395
323
271
223
216
192
67
8
-15
-44
-42
-46
-21
67
60
6
-48
-66
-59
-106
-151
-195
-115
-46
-110
-103
-86
-16
-3
-2
-15
54
128
137
149
202
285
270
240
298
337
321
251
175
145
54
-35
-106
-144
-147
-152
-221
-271
-283
-275
-310
-386
-389
-333
-325
-405
-406
-374
-361
-349
-390
-402
-379
-315
-308
-253
-164
-126
-97
-67
14
57
127
167
254
362
438
504
513
532
516
451
403
388
431
441
386
343
295
284
257
178
142
111
137
119
51
61
104
98
70
72
93
83
29
18
9
9
-16
-76
-78
-67
-82
-68
-64
-53
7
3
-17
34
69
127
176
159
192
239
217
178
161
166
144
64
19
3
21
-53
-154
-180
-236
-279
-357
-433
-413
-390
-431
-450
-435
-443
-425
-470
-505
-459
-424
-441
-478
-462
-442
-442
-422
-360
-247
-183
-148
-87
-11
73
104
119
132
204
260
240
234
286
327
294
237
229
259
182
80
7
40
68
0
-40
-40
-37
-78
-115
-148
-89
-54
-75
-110
-155
-115
-94
-134
-154
-82
-6
-29
-58
-25
19
53
49
47
82
141
140
113
188
275
290
245
257
302
308
277
274
306
319
231
167
157
167
146
106
69
84
71
6
-59
-82
-71
-84
-151
-160
-128
-129
-172
-178
-175
-148
-99
-143
-182
-157
-100
-80
-106
-4
92
79
76
81
143
185
197
252
287
310
344
307
302
317
313
294
269
222
232
239
153
110
92
61
-34
-72
-98
-75
-98
-166
-182
-206
-202
-224
-261
-237
-198
-199
-219
-213
-130
-91
-77
-45
6
84
97
103
146
207
235
170
130
116
153
86
-5
7
57
91
51
-3
64
118
76
11
22
44
38
-7
-34
-31
-91
-194
-292
-269
-235
-240
-319
-299
-250
-268
-327
-332
-256
-180
-196
-243
-185
-91
-49
-113
-143
-106
-73
-141
-199
-199
-126
-125
-165
-139
-70
-15
-22
-16
54
110
97
50
75
142
141
94
60
89
65
0
-99
-127
-53
-93
-216
-208
-179
-126
-184
-263
-233
-172
-159
-194
-145
-93
-51
-46
-43
-6
45
30
22
59
141
202
195
213
252
316
325
293
319
398
390
327
317
344
355
278
224
216
239
229
153
99
84
61
33
-6
28
65
59
31
0
30
26
3
-30
14
31
16
0
2
28
37
28
-40
-23
26
-1
-33
35
75
58
82
128
140
120
89
36
71
80
63
58
54
44
10
-28
-78
-73
-37
-26
-79
-88
-86
-71
-132
-202
-173
-185
-189
-192
-205
-216
-236
-257
-234
-222
-218
-186
-163
-122
-56
-21
-36
6
70
103
130
140
194
196
150
126
147
188
187
158
120
104
135
88
62
54
49
54
19
-23
-17
-14
-67
-98
-148
-131
-101
-117
-114
-102
-108
-144
-169
-159
-149
-163
-174
-132
-66
-34
-80
-79
-52
-9
-8
-30
21
79
76
40
20
65
66
30
37
61
70
8
-9
-33
-80
-66
-93
-109
-139
-138
-188
-236
-194
-182
-194
-226
-230
-204
-197
-231
-255
-221
-181
-190
-202
-148
-124
-84
-32
1
62
121
111
89
117
199
246
231
235
259
281
255
241
294
308
322
324
306
275
258
218
162
164
178
196
114
88
93
64
52
8
31
40
16
-16
-29
7
39
40
26
57
101
136
149
158
198
189
210
158
139
158
179
101
45
52
20
43
5
16
41
22
-29
-54
34
44
-27
-36
-21
-36
-33
-29
-91
-121
-144
-213
-308
-345
-350
-335
-347
-351
-314
-252
-237
-271
-249
-207
-196
-170
-135
-85
-86
-127
-129
-123
-77
-61
-86
-42
-12
-2
-1
31
128
165
121
100
178
230
218
154
142
154
156
89
47
31
5
-37
-130
-140
-112
-45
-18
-34
10
14
-16
-58
-40
5
-32
-98
-149
-103
-87
-78
-112
-142
-85
-99
-177
-149
-82
8
-20
-33
54
126
128
118
120
120
150
97
64
72
109
96
49
41
42
-6
-42
-46
7
53
58
50
46
35
43
62
44
23
17
-7
-42
-84
-54
-56
-153
-174
-150
-145
-164
-124
-78
10
40
32
82
155
192
191
208
238
204
176
154
144
179
171
139
78
42
30
29
-8
-30
36
57
53
100
116
121
115
79
99
89
89
67
25
17
-2
-66
-100
-92
-49
-50
-67
-61
-12
39
37
34
81
161
155
173
164
144
130
107
3
-38
-20
-24
-57
-119
-110
-86
-112
-169
-209
-177
-199
-196
-148
-110
-75
-82
-88
-49
-12
-13
-21
-13
23
29
-29
-85
-55
-37
-52
-150
-135
-59
-56
-148
-127
-63
-29
-47
-74
-43
27
77
32
25
60
98
67
-24
-42
10
4
-27
-69
-18
27
10
-34
-31
-34
-94
-144
-145
-121
-110
-160
-176
-159
-157
-170
-222
-229
-158
-123
-127
-85
-66
-14
12
7
-1
25
65
15
33
70
114
76
74
78
95
152
72
62
105
97
37
10
47
71
41
24
28
17
-13
-79
-99
-45
26
27
-1
-39
-51
-68
-112
-126
-97
-68
-60
-96
-68
2
19
27
73
143
178
161
152
188
229
253
286
314
300
299
265
250
234
246
279
228
186
135
168
161
99
108
138
134
141
156
136
107
53
65
90
109
92
70
82
50
-17
-91
-154
-153
-145
-155
-123
-74
-27
-39
-48
-95
-96
-50
-4
42
68
101
121
82
85
59
14
-29
-49
-87
-91
-78
-116
-112
-98
-58
-65
-91
-113
-136
-131
-165
-136
-149
-153
-187
-220
-218
-230
-260
-336
-353
-289
-228
-221
-197
-151
-128
-165
-181
-165
-124
-46
3
8
-16
-19
-20
21
71
102
118
78
81
83
137
191
155
111
98
95
83
31
36
25
-75
-130
-142
-149
-174
-232
-245
-208
-185
-170
-182
-83
-25
9
77
122
125
119
85
42
14
13
55
10
-32
-11
31
1
-89
-113
-51
-28
-43
-12
58
127
161
185
225
219
187
151
123
135
139
107
31
-31
-66
-117
-134
-188
-163
-104
-78
-43
39
72
68
110
152
149
135
132
98
103
101
79
63
85
87
52
26
17
46
46
75
109
137
173
151
165
240
291
311
216
156
118
82
57
51
84
64
7
-76
-122
-103
-94
-92
-82
-24
44
58
50
49
70
100
142
139
135
155
114
53
49
39
-7
-82
-137
-112
-81
-63
-10
-2
0
-46
-69
-73
-18
32
57
102
30
-2
-61
-99
-116
-164
-160
-128
-84
-82
-122
-156
-179
-235
-287
-301
-251
-152
-82
-59
-39
-49
-59
-101
-169
-171
-219
-227
-195
-192
-174
-123
-90
-102
-72
-79
-73
-32
-14
19
-12
-49
-51
-49
-34
-30
-17
22
-21
-66
-72
-47
-3
5
-23
-47
-63
-98
-141
-122
-89
-67
-57
-45
11
54
40
94
107
142
137
83
75
59
83
63
55
96
175
187
183
210
194
201
168
108
101
102
87
80
82
62
66
122
100
54
69
63
42
35
80
86
78
77
139
162
147
105
40
56
96
88
88
95
118
120
95
108
110
86
55
53
43
39
8
-32
-40
-45
-47
-44
-72
-93
-72
-98
-127
-75
-24
-45
-78
-84
-96
-70
-99
-122
-120
-115
-129
-117
-127
-133
-92
-134
-176
-173
-143
-139
-117
-88
-33
-20
-23
-36
-24
20
10
0
18
47
87
130
155
176
207
189
176
159
152
166
158
155
193
230
173
102
31
-15
-79
-97
-134
-156
-138
-123
-99
-93
-69
-31
-41
-35
10
41
62
32
-8
-26
-46
-60
-40
-39
-18
-24
-35
-14
31
40
-22
-62
-74
-65
-81
-153
-145
-79
-85
-86
-131
-131
-155
-214
-257
-267
-239
-193
-156
-110
-47
-20
-35
-12
1
9
34
-24
-41
-66
-57
-57
-19
47
66
54
26
20
28
32
34
44
23
19
47
54
81
116
133
106
47
63
83
92
92
115
146
108
69
31
11
28
64
64
40
49
66
80
86
116
120
114
94
83
66
72
89
76
60
98
75
114
149
123
146
128
129
126
108
127
110
77
57
16
0
-45
-46
-43
-55
-34
-18
-2
-14
-8
7
39
4
-30
-40
-95
-118
-152
-161
-141
-130
-119
-101
-97
-118
-83
-26
12
8
-30
-50
-94
-123
-98
-77
-29
11
41
53
26
16
-7
-16
-11
-35
-53
-30
-52
-72
-25
-11
1
0
13
21
-2
17
7
-36
-56
-26
-7
-5
-43
-39
-19
-26
-26
-45
-54
-39
-43
-79
-42
-5
-24
-14
-39
-41
-25
9
19
6
37
66
50
-10
-38
-12
-7
-10
-13
-5
9
16
-1
-6
18
-16
-115
-110
-99
-100
-86
-88
-88
-67
-28
-43
0
-8
-41
-92
-99
-60
-11
-14
-30
-53
-57
-42
-40
-55
-31
24
8
-18
-20
4
22
33
63
112
110
100
104
105
89
103
87
46
18
-8
-4
25
76
97
90
76
124
155
168
119
59
64
88
103
106
97
110
101
77
75
68
92
114
75
64
78
71
29
-38
-9
15
25
75
97
109
132
149
118
89
44
22
12
8
45
62
56
43
64
69
63
1
-57
-82
-151
-201
-220
-194
-135
-108
-54
-21
-36
-68
-83
-63
-37
-18
-21
-29
-41
-13
-21
-53
-43
-33
-5
-22
-50
-46
-22
-28
-25
-25
-1
36
30
10
3
3
4
14
-23
-66
-134
-193
-239
-197
-152
-109
-68
-32
3
-14
-20
-51
-51
-61
-97
-106
-105
-90
-90
-118
-118
-90
-83
-31
-18
-7
1
-34
-45
-17
23
39
0
-17
5
-2
-2
-15
-36
-15
16
-15
20
41
18
12
-13
-29
-36
-35
-50
-7
19
19
9
5
38
56
39
1
-9
4
1
13
60
107
112
55
-9
-14
36
65
72
77
106
122
89
104
156
198
193
131
95
90
66
12
-34
-13
-2
-4
11
70
130
138
114
102
98
97
60
18
28
67
96
99
90
83
70
39
24
32
75
39
-42
-91
-69
-65
-67
-49
-12
24
13
11
9
50
65
16
-30
-47
-49
-93
-133
-145
-84
-28
-42
-27
-7
6
19
14
-9
-24
-18
-45
-71
-27
-11
-10
-25
-22
12
-19
-89
-137
-155
-152
-149
-144
-93
-47
-21
-31
-36
-27
-24
-21
-6
40
74
101
108
76
82
96
94
83
88
97
83
56
22
0
-16
-37
-40
-30
-21
-34
-75
-110
-110
-89
-92
-108
-98
-93
-93
-107
-112
-95
-66
-74
-71
-21
2
-1
-19
-15
-8
-4
-42
-55
-51
-16
-27
-55
-17
-18
-32
-51
-49
-39
-31
-57
-79
-43
-8
-3
-39
-37
0
41
42
14
10
23
35
16
18
57
111
112
111
126
125
79
21
3
-16
-7
-7
3
44
61
62
70
72
61
40
0
-19
10
49
41
23
48
82
95
102
112
136
134
93
51
47
107
120
85
52
50
55
55
64
68
71
28
-10
3
24
29
18
-10
-25
-16
-33
-49
-44
6
19
5
4
-8
-17
-26
-37
-61
-33
-3
6
3
31
37
9
-9
-30
-33
-21
-27
-51
-58
-59
-55
-34
-25
-3
-2
-17
5
-4
-21
-12
-27
-34
-33
-17
-19
-43
-71
-80
-89
-101
-102
-65
-37
-44
-43
-51
-37
-11
15
40
24
-25
-20
-36
-25
-17
-8
-4
-21
-19
2
15
34
35
7
14
22
-6
-44
-94
-143
-128
-97
-70
-58
-57
-61
-76
-87
-84
-74
-50
-30
-11
-20
-18
13
24
30
20
5
-25
-26
-14
-5
-16
-44
-48
-37
-3
-1
-29
-58
-59
-21
31
54
61
83
84
81
83
98
110
99
79
45
34
29
43
80
87
69
77
98
104
116
110
104
117
108
75
60
39
28
23
21
18
17
-2
-6
-13
-36
-11
-27
-48
-27
-22
-20
-33
-25
-8
29
66
76
55
26
20
32
39
21
12
-8
-31
-38
-28
21
22
7
9
-2
-11
-26
-34
7
42
29
28
9
1
3
-3
-10
-22
-30
-37
-38
-42
-27
4
-12
-36
-59
-54
-20
-4
36
57
58
52
23
-4
-10
8
35
35
29
18
14
-6
-32
-44
-65
-105
-115
-85
-74
-56
-57
-61
-68
-57
-16
-2
14
1
-15
-41
-65
-39
-18
-5
-21
-20
-19
-27
-52
-70
-75
-75
-68
-50
-54
-35
12
27
21
19
9
16
48
46
56
59
39
17
-13
-25
-13
-23
-19
-17
-5
-2
-5
-6
-21
-50
-53
-36
-35
-64
-83
-76
-44
-26
-2
4
-15
-27
-44
-38
-41
-33
-18
4
10
28
52
84
87
97
89
63
49
44
32
30
39
25
28
39
41
58
72
80
58
35
37
26
36
63
66
78
83
67
45
28
23
28
21
14
22
14
1
7
7
-6
-25
-25
-12
0
-6
0
5
19
27
10
11
-7
6
6
15
18
18
24
14
8
23
34
27
21
4
4
12
8
-7
-13
-8
-7
10
2
-15
-24
-50
-57
-42
-29
-19
-23
-48
-49
-45
-22
1
11
9
19
22
24
31
32
23
6
7
15
20
10
7
-13
-26
-11
-42
-53
-42
-19
-1
5
17
-9
-17
-15
-20
-27
-18
-10
-14
-9
-26
-39
-62
-88
-76
-65
-64
-65
-67
-60
-52
-50
-38
-17
2
-6
-9
-12
7
21
9
-15
-27
-18
-7
-5
-20
-12
-16
-8
10
14
23
29
29
25
17
18
9
2
-13
-22
-59
-84
-91
-97
-71
-62
-62
-50
-37
-47
-44
-40
-38
-27
-17
-2
29
42
63
71
48
53
68
60
66
57
68
75
72
75
70
63
69
67
64
57
61
72
48
23
21
16
15
12
27
29
31
16
-8
-5
-14
-19
-14
-18
-25
-32
-35
-21
-4
5
18
4
6
23
36
36
28
38
29
11
10
19
33
46
47
33
27
31
27
20
41
53
57
40
36
28
12
7
6
21
24
11
1
13
6
23
27
17
34
17
16
-1
-17
-3
5
8
-7
-16
-27
-61
-68
-51
-49
-55
-57
-60
-61
-59
-76
-84
-79
-75
-63
-54
-37
-1
14
1
2
7
4
-10
-14
4
17
13
-4
-20
-17
-21
-31
-33
-31
-36
-65
-77
-82
-84
-87
-74
-63
-53
-38
-33
-21
-12
5
0
-8
-3
17
22
20
-10
-19
6
11
22
33
34
19
-2
-26
-37
-41
-35
-40
-28
-21
-26
-30
-30
-18
8
20
19
27
24
12
0
3
7
11
17
42
53
47
25
15
17
13
17
14
42
39
16
-7
-20
-13
8
18
24
47
52
48
40
21
12
11
18
27
18
30
39
51
48
59
53
21
6
-7
-1
-1
2
-3
-5
-21
-24
-17
-14
-5
0
0
15
24
4
6
14
15
25
39
60
75
73
56
45
27
37
49
38
48
52
55
44
57
62
46
30
8
17
38
40
14
7
-1
-10
-18
-31
-32
-34
-24
-16
-9
-8
-7
-9
0
6
2
-11
-34
-40
-36
-27
-28
-26
-24
-14
-17
-38
-44
-43
-57
-66
-77
-62
-44
-54
-37
-26
-7
-3
-1
-12
-38
-51
-65
-78
-66
-51
-57
-62
-44
-35
-44
-50
-55
-43
-32
-10
-10
-17
-13
-8
8
11
12
-3
-2
-9
-7
-8
-7
-5
-13
-3
0
3
17
17
9
10
18
12
18
24
14
16
-1
-14
-28
-34
-24
-35
-28
-22
-20
-17
-24
-26
-17
-25
-22
-25
-10
12
3
0
-11
-20
-24
-24
-28
-18
2
21
46
41
45
45
49
77
95
107
99
96
97
101
101
110
101
77
61
52
42
28
6
-2
7
6
-5
-15
-11
-16
-31
-25
-22
-14
1
7
6
15
19
13
17
20
24
17
12
5
3
5
11
17
24
31
15
7
-3
-7
5
11
27
41
41
25
24
25
27
39
30
16
19
39
25
3
4
12
4
-20
-40
-37
-24
-35
-42
-18
-9
-8
-16
-29
-29
-44
-59
-64
-61
-53
-65
-81
-91
-82
-74
-72
-70
-55
-30
-29
-34
-26
-1
8
-12
-18
-12
-6
-9
-3
-10
-4
8
2
-4
-15
-17
-16
-21
-8
3
-11
-14
-10
-4
-1
3
4
5
30
24
15
16
5
-6
-15
-37
-42
-37
-34
-31
-21
-14
-12
-17
-11
2
12
13
10
2
-4
-4
-10
0
0
14
20
12
17
10
-1
-7
-28
-26
-20
-19
-19
-10
6
10
8
12
14
7
16
12
19
30
41
52
49
34
26
32
26
27
37
51
55
51
54
53
40
27
19
18
16
8
4
-5
-5
4
9
13
14
3
14
21
30
34
37
30
29
31
30
28
20
41
53
50
41
31
22
3
-11
-7
0
3
2
-12
-5
4
5
7
13
14
1
-8
-14
-6
5
15
-2
-7
9
9
10
5
6
9
2
-18
-22
-15
-13
-12
-9
3
-10
-42
-69
-66
-51
-45
-60
-66
-55
-57
-52
-50
-49
-46
-47
-42
-37
-16
2
5
-7
5
30
27
11
-28
-28
-27
-31
-43
-27
-10
-26
-40
-44
-41
-36
-48
-46
-40
-30
-8
-8
-7
-9
-7
-18
-24
-22
-20
-31
-42
-36
-34
-20
-20
-12
6
15
18
20
29
39
44
50
47
48
56
55
45
39
26
16
-1
-12
10
7
7
-18
-23
-1
6
24
23
32
37
15
3
11
6
-15
-9
-13
-15
-4
12
23
30
53
46
37
28
23
22
24
23
29
49
46
29
16
28
30
1
-15
-23
-23
-27
-32
-26
-16
-12
0
12
32
57
69
62
65
66
66
37
21
23
30
29
8
-3
-22
-32
-39
-35
-21
-20
-28
-36
-23
-6
9
9
14
26
31
32
39
48
42
33
26
21
22
25
6
-12
-9
-15
-14
-20
-22
-18
-27
-27
-29
-18
-3
-12
-29
-13
-3
-6
-6
-4
-6
-9
-17
-22
-29
-30
-35
-55
-57
-34
-21
-25
-24
-22
-21
-43
-51
-37
-9
1
-14
-29
-30
-19
-21
-16
-27
-23
-9
-21
-31
-28
-20
-4
-7
-13
2
3
5
9
17
26
19
7
-4
-17
-23
-44
-49
-43
-53
-63
-59
-51
-41
-27
-24
-14
-7
-8
-9
-6
1
5
-10
-9
5
12
29
25
24
38
45
44
23
12
19
24
16
0
4
21
27
24
44
65
68
55
32
24
26
18
2
3
1
-2
-10
-24
-17
4
24
20
20
25
25
30
30
27
41
37
23
23
27
33
28
8
8
4
9
22
28
36
20
4
-7
2
19
17
22
35
38
37
34
21
17
12
8
13
24
26
31
27
23
22
10
4
2
1
9
8
-6
-12
-31
-41
-49
-43
-29
-35
-36
-32
-17
4
-4
-7
-6
9
2
-16
-14
-10
6
11
12
11
8
-1
-18
-30
-17
-10
-19
-48
-67
-67
-61
-62
-55
-46
-50
-53
-48
-29
-15
-15
-9
-6
-4
6
16
15
4
-2
-12
-21
-17
7
-4
-28
-46
-59
-61
-64
-71
-48
-18
-12
-3
5
2
-2
-14
-13
-4
9
14
4
-8
-12
-1
13
11
8
29
38
34
30
36
27
21
12
8
14
2
-8
-15
-18
-33
-43
-46
-45
-37
-18
-2
-3
-15
-10
25
59
62
63
62
61
65
53
52
48
39
36
26
27
30
26
12
-3
-3
2
8
7
8
16
17
18
24
27
36
40
37
40
29
10
1
3
0
-2
-7
-5
3
-6
-9
-13
-17
-4
9
17
14
12
6
3
13
27
46
49
39
21
13
10
3
4
8
2
-8
-3
-7
-18
-28
-38
-26
-14
-3
-8
-15
-9
-12
-33
-45
-35
-19
-11
-33
-29
-19
-19
-24
-19
2
23
5
-15
-14
-5
-8
-5
-3
6
6
-2
-26
-39
-30
-30
-40
-52
-54
-53
-53
-54
-41
-41
-28
2
11
19
33
40
56
52
46
38
20
23
24
11
2
-4
-19
-18
-25
-22
-10
-15
-39
-46
-37
-28
-21
-26
-1
16
25
15
8
16
19
9
-11
-3
7
-5
-24
-34
-30
-7
4
11
16
20
32
18
3
1
16
15
6
-4
6
6
-8
-19
-14
4
4
-2
-2
8
8
11
15
23
37
35
23
10
6
10
-7
-16
-19
-20
-25
-22
-15
-6
13
28
25
13
8
10
21
20
10
19
29
28
20
4
-14
-17
-17
-14
3
14
16
15
12
4
1
9
9
9
14
24
31
33
35
43
45
45
40
31
21
15
10
-8
-16
-24
-17
-11
-14
-9
2
8
-6
-23
-15
-7
-9
-1
-2
-5
-1
1
1
-10
-2
18
17
1
-13
-13
-15
-27
-23
-7
-3
-2
0
0
-7
-2
8
4
-4
-17
-21
-17
-20
-30
-31
-26
-19
-14
-9
-9
-15
-14
-24
-31
-24
-11
8
14
4
1
8
14
16
18
15
-1
-19
-36
-36
-33
-43
-56
-56
-52
-59
-61
-47
-28
-15
-6
1
7
6
2
-10
-9
-2
5
9
2
-10
3
14
9
0
2
17
27
30
39
53
55
38
21
21
11
-2
-14
-24
-30
-35
-41
-40
-35
-23
-15
-16
-15
-8
5
17
28
39
45
49
59
67
69
66
51
37
32
28
41
45
45
44
30
25
27
18
8
1
0
4
-6
-15
-13
-9
-5
-4
-4
-7
-9
-1
-6
-11
-3
10
12
7
9
30
29
17
15
22
27
29
24
18
17
4
-13
-32
-47
-42
-39
-45
-45
-40
-23
-29
-39
-31
-14
9
17
13
10
27
37
37
31
30
32
20
6
-12
-13
-17
-15
-13
-12
-19
-35
-48
-57
-51
-39
-27
-31
-32
-40
-28
-8
7
15
6
1
7
11
1
-4
-5
-6
-16
-22
-18
-3
3
-9
-18
-12
-4
-13
-20
-17
-1
2
-3
-15
-7
-2
-9
-22
-30
-15
3
2
-7
13
22
9
-17
-14
3
22
25
8
2
-1
-1
-1
-8
-20
-14
-10
-14
-36
-50
-43
-36
-26
-17
-12
4
16
2
6
20
32
32
23
13
3
-1
7
10
2
3
9
10
12
16
16
15
8
3
-2
-4
-9
1
10
22
27
24
24
12
10
16
31
43
41
35
22
13
22
23
32
46
39
33
31
24
30
30
31
36
45
53
45
33
31
26
23
14
4
5
7
7
7
8
11
8
-11
-16
-15
-7
-4
-4
-6
-9
-7
-9
-10
-26
-35
-35
-30
-32
-36
-34
-32
-29
-24
-22
-19
-15
-12
-10
-17
-12
-5
-1
-11
-11
-10
-1
-12
-17
-9
-12
-11
-20
-28
-32
-31
-26
-20
-19
-5
-2
-5
-15
-22
-26
-25
-21
-19
-8
-11
-15
-21
-16
-13
-24
-24
-28
-26
-20
-9
0
11
8
13
28
32
30
24
25
16
3
-3
-1
-1
-6
-1
-10
-17
-19
-30
-37
-30
-13
2
-10
-19
-17
-15
-9
0
8
18
16
6
-2
-5
8
14
10
4
1
-3
-1
2
14
15
23
33
32
27
14
14
8
1
-3
-4
-10
-16
-28
-29
-10
10
12
4
18
26
34
38
33
39
55
58
49
36
17
21
17
2
-2
13
22
15
-1
-4
10
28
24
2
7
24
31
30
22
30
35
29
29
30
28
19
-2
-24
-19
-10
-3
-12
-17
-3
-5
-12
-5
10
14
10
2
6
2
-4
-3
-6
-14
-20
-12
-16
-21
-16
-21
-27
-29
-23
-13
-18
-25
-22
-13
-14
-5
2
1
-7
-35
-44
-42
-26
-12
-21
-35
-24
-20
-36
-36
-33
-16
-17
-22
-20
-6
-4
-2
-5
2
8
13
2
-14
-6
4
9
-13
-18
-11
-8
-21
-21
-9
-3
-1
-7
-5
-4
4
5
7
10
18
19
28
25
15
18
11
11
0
6
5
-3
0
-14
-17
-14
-5
2
-2
3
20
31
23
7
10
13
10
0
-4
12
17
3
-26
-41
-34
-30
-26
-17
-6
14
6
-3
-2
6
21
9
-3
10
26
30
12
4
12
13
14
11
16
15
9
7
4
5
12
10
9
24
27
28
24
19
16
9
7
8
3
3
0
-2
-2
2
2
-2
3
17
24
23
23
14
13
4
8
17
20
13
3
9
22
20
14
6
5
0
-22
-27
-13
3
10
7
6
5
10
-1
-9
8
23
16
1
-8
-15
-15
-33
-31
-15
-2
-9
-32
-47
-52
-36
-22
-19
-15
-12
-21
-37
-38
-20
-3
0
-10
-10
-11
-19
-29
-27
-13
-3
7
1
-2
-3
3
-3
-8
4
12
7
-6
-9
-4
-4
-22
-20
5
16
13
1
-9
-10
-6
-5
-7
5
18
9
-3
3
18
24
12
-2
-5
-5
-17
-29
-19
-20
-24
-35
-39
-28
-29
-38
-30
-4
18
20
30
36
40
32
13
8
24
35
22
-1
-13
-9
-10
-14
-12
11
22
0
-19
-2
15
22
11
13
32
33
18
-3
-6
7
5
-15
-26
-20
-8
-10
-22
-22
-1
8
5
12
29
44
40
31
29
36
27
15
7
15
20
8
6
3
6
12
10
15
10
1
6
12
26
30
31
41
48
42
25
15
22
27
16
-16
-22
-17
-13
-23
-36
-32
-20
-17
-22
-14
3
16
0
-23
-17
1
10
12
0
7
17
6
-5
-11
4
11
-2
-7
-3
0
-1
-6
-10
-12
-10
0
5
14
21
2
-15
-30
-27
-25
-36
-39
-29
-25
-36
-39
-23
-8
-11
-15
-17
-12
-8
-18
-34
-30
-23
-12
-13
-11
3
4
-5
-14
-16
-7
-18
-44
-48
-28
-8
-4
-1
-2
-1
-7
-15
-12
5
9
7
15
24
28
21
18
7
-4
-10
-8
0
7
4
-6
-18
-22
-21
-12
-9
-3
6
11
-3
-7
3
12
1
-9
-2
4
-2
-18
-17
-14
-16
-19
-10
-4
14
23
23
16
11
17
22
31
42
44
37
21
4
1
12
22
31
31
30
35
41
40
26
21
25
21
19
19
23
10
1
8
27
39
38
40
11
-21
-23
6
21
22
9
-2
-2
1
5
5
5
8
13
1
-18
-12
15
19
7
-2
10
17
7
-4
7
29
28
6
-8
0
13
10
2
11
21
13
-9
-14
-8
-5
-17
-23
-23
-30
-40
-44
-41
-25
-12
-19
-38
-49
-33
-38
-42
-27
4
21
1
-17
-8
6
-2
-8
-11
-7
-4
-17
-35
-43
-38
-33
-34
-32
-27
-26
-17
-11
-7
-2
-8
-10
0
5
-7
-12
-12
-5
-9
-11
3
8
8
-4
-12
-6
-1
-2
-8
-11
-5
7
12
-1
-19
-19
-12
-17
-16
-8
-10
-25
-41
-27
-13
-17
-23
-13
6
24
25
23
30
32
26
11
3
3
-4
-19
-14
1
14
12
-8
-16
-6
8
21
20
26
59
68
52
41
37
41
34
33
40
36
12
-5
-12
3
8
2
6
18
19
4
0
16
38
33
30
34
43
49
27
11
14
12
11
-10
-25
-13
1
-3
-16
-12
-6
-2
-2
6
23
31
28
12
4
0
4
-5
-12
5
15
-1
-25
-23
1
5
-18
-19
-1
8
-3
-4
12
24
16
-12
-20
-6
6
4
-24
-36
-26
-23
-34
-36
-20
-14
-18
-20
-16
-7
-4
-11
-23
-21
-4
-3
-6
3
14
14
4
-13
-5
0
-20
-25
-24
-20
-28
-34
-17
8
13
-1
-16
-11
9
17
2
-1
13
13
-4
-9
5
14
13
-10
-20
-19
-19
-25
-39
-36
-20
-26
-37
-27
-8
-10
-30
-22
-12
7
9
-5
10
12
5
-4
0
8
5
1
-15
-11
-4
-11
-28
-26
-9
12
25
19
16
24
23
6
10
11
-2
-19
-23
-6
10
3
-1
6
17
13
3
8
24
37
26
9
6
27
24
2
8
28
35
28
12
5
10
17
2
-15
-4
14
27
28
24
28
36
32
20
30
23
6
-5
-5
0
-7
-12
-9
14
30
28
10
7
18
16
-3
-12
-2
14
17
7
11
17
14
7
2
6
7
19
14
-3
-20
-22
-10
-5
14
24
16
-1
-5
-4
-2
1
-7
-9
-5
9
8
3
-4
-8
-11
-10
-12
-3
-10
-33
-38
-33
-21
-27
-31
-22
-14
-16
-8
10
11
-7
-14
-5
-7
-15
-12
-8
-6
-5
-14
-23
-23
-15
-13
-11
-10
11
14
-11
-16
-1
5
-5
-26
-43
-38
-26
-31
-38
-22
-7
-8
-15
-15
-21
-24
-13
-13
-9
-2
-13
-23
-27
-16
-5
-8
3
3
-10
-20
-20
-11
1
-1
-14
-10
-10
-9
-9
-18
-7
12
21
3
3
6
6
18
22
24
27
31
24
16
6
21
31
26
31
29
16
15
32
42
41
36
29
26
21
14
17
22
24
23
10
4
9
1
-9
-7
0
1
1
1
1
8
7
9
20
35
37
20
5
20
27
14
-2
4
15
11
9
1
1
10
24
27
20
23
16
16
14
8
11
21
17
11
14
8
-2
-21
-23
-21
-22
-18
-21
-20
-16
-19
-3
8
0
-4
-11
-27
-35
-22
5
12
-2
-1
1
-8
-8
-15
-16
-21
-36
-38
-20
-22
-16
-8
-17
-6
-9
1
6
4
-8
-15
-16
-19
-27
-32
-19
-1
3
-10
-10
1
-7
-13
-20
-22
-29
-28
-20
-9
-4
3
14
3
3
-6
-13
-10
-9
-17
-27
-22
-19
-26
-34
-17
-1
5
-4
-18
-14
-5
13
10
-7
1
13
7
6
1
4
-6
-19
-2
16
12
-5
-11
-3
0
-1
-6
-6
7
11
5
-3
7
5
-1
1
2
11
3
3
3
-3
-6
1
4
10
13
9
9
7
16
24
23
34
47
33
25
30
24
22
5
-4
2
9
8
3
4
12
18
25
30
24
17
2
-4
2
2
1
21
26
26
20
23
25
32
39
40
31
17
13
6
2
0
3
9
12
-4
-12
6
27
29
31
26
7
-10
-1
2
0
4
-5
-12
-12
-8
1
0
3
13
16
0
-27
-26
0
1
-9
-2
-11
-18
-19
-20
-21
-22
-19
-31
-51
-39
-22
-20
-17
-20
-12
-9
-13
-23
-17
-15
-14
-9
-4
-3
-24
-28
-21
-13
-17
-27
-33
-26
-23
-31
-35
-14
3
-2
-18
-26
-26
-20
-14
-18
-22
-12
-4
-10
-21
-16
-5
-4
-19
-18
-7
-1
6
10
6
-5
-18
-29
-23
0
8
6
22
20
21
24
-2
-20
-3
-9
-33
-44
-43
-23
-3
14
27
35
36
31
18
17
16
19
31
22
14
-8
-22
-1
19
17
20
33
42
46
17
14
31
27
14
12
23
34
36
27
12
4
15
-3
-22
-25
-12
0
-8
6
22
35
33
21
2
2
12
3
-4
6
25
19
-4
-16
-12
1
8
-5
-3
18
35
48
40
15
16
30
31
41
47
39
34
22
11
9
15
23
28
18
5
1
-4
-5
-7
-16
-20
-20
-1
14
4
-10
-6
5
-3
-6
9
31
19
-14
-31
-33
-36
-44
-42
-38
-38
-37
-40
-31
-30
-26
-13
0
-4
-18
-30
-45
-38
-21
-31
-47
-31
-11
-11
-6
-1
-10
-16
-14
-14
-25
-19
6
-7
-29
-15
12
26
27
21
9
-7
-24
-33
-28
-22
-32
-40
-40
-42
-42
-35
-23
-19
-11
-20
-38
-36
-20
2
19
18
17
25
27
21
16
6
-13
-18
-19
-18
-15
-1
4
2
6
12
9
13
21
27
23
19
21
18
15
15
17
7
5
10
16
18
19
24
35
26
20
25
7
-4
8
13
10
13
11
10
17
34
38
38
30
19
2
-11
-4
-5
-14
-11
3
19
14
1
18
29
42
32
22
14
14
15
7
-1
-1
9
5
-2
11
18
18
17
18
20
14
11
6
-6
-12
-6
-9
0
11
14
-2
-14
-24
-24
-4
5
7
8
8
-5
-14
-13
-3
9
17
4
3
2
-1
-9
-14
-7
4
8
1
-6
-14
-9
-9
-6
1
-2
-13
-16
-25
-33
-27
-19
-11
-11
2
11
13
8
-5
-8
-17
-14
-19
-27
-32
-32
-13
-2
-7
-11
-22
-24
-4
-8
-25
-22
-17
-26
-41
-38
-17
-13
-20
-17
-11
-14
-15
-15
-8
-11
-2
9
9
-5
-11
-12
-7
3
20
37
23
3
-8
-13
-29
-29
-19
-13
-10
-13
-10
-10
-3
-4
-5
2
4
8
1
15
20
20
16
18
27
40
50
37
12
-13
-15
-21
-11
-3
10
19
32
41
33
31
32
28
20
8
2
20
26
15
-1
-6
2
-2
-5
-4
-4
11
12
-2
-17
-19
3
29
24
13
17
15
6
1
-1
5
0
-8
-19
-13
14
27
20
21
24
13
14
16
11
18
9
-1
-13
-17
-7
9
30
26
13
-4
-10
-12
-3
-9
-20
-16
-9
-8
-3
-2
14
21
14
12
1
5
7
-1
-6
-1
-12
-34
-39
-19
-9
-2
10
9
-2
-7
-17
-19
-23
-18
-2
-7
-14
-15
-4
-9
-16
-20
-13
-5
-12
-23
-25
-17
-19
-6
-3
-12
-12
-2
0
-2
-14
-24
-19
-18
-18
-16
-19
-19
-14
-13
-17
-8
1
-2
-10
-21
-22
-16
-14
-8
