8
8
7
7
8
7
8
6
8
5
5
7
6
7
7
8
8
12
12
14
13
16
15
10
10
10
13
12
14
17
13
14
17
16
16
13
17
17
17
21
21
19
16
17
19
15
15
13
11
11
11
9
7
6
8
7
6
9
9
9
7
6
2
0
-1
-1
3
2
5
4
4
4
1
2
-3
-1
-4
-4
-1
1
-3
-3
-4
-4
-8
-12
-8
-10
-11
-10
-10
-14
-14
-16
-17
-18
-17
-18
-17
-18
-22
-21
-22
-18
-18
-22
-18
-19
-19
-23
-22
-19
-20
-22
-23
-21
-20
-17
-18
-15
-16
-14
-10
-12
-11
-11
-10
-13
-11
-11
-12
-8
-8
-11
-10
-6
-8
-3
-3
-5
-3
-6
-6
-2
0
1
-1
0
3
0
1
4
2
3
3
1
6
4
2
3
1
2
2
-1
4
4
7
6
9
8
10
7
3
7
6
5
9
12
13
9
9
10
7
8
6
9
8
5
9
9
5
8
8
6
10
11
11
10
12
12
11
11
12
12
14
13
13
15
14
12
16
16
17
16
15
21
20
19
21
20
19
17
15
19
17
15
17
14
11
12
14
10
9
11
10
6
8
8
6
4
4
2
-2
-2
-1
-4
-4
1
-2
-4
-6
-5
-4
-6
-4
-3
-3
-7
-11
-10
-8
-6
-8
-7
-10
-14
-14
-15
-15
-14
-15
-13
-11
-11
-11
-13
-14
-13
-16
-17
-14
-18
-17
-15
-17
-18
-17
-20
-17
-18
-18
-17
-15
-14
-18
-18
-20
-17
-21
-17
-14
-14
-11
-12
-10
-12
-13
-12
-19
-15
-15
-17
-16
-17
-13
-14
-13
-11
-7
-4
-6
-6
-6
-6
-4
-6
-2
-4
-3
-3
0
2
0
5
6
5
8
5
8
10
7
9
6
7
10
9
8
7
8
11
10
11
11
11
13
13
14
17
16
13
15
12
12
12
13
10
12
9
12
11
13
14
12
12
13
15
14
13
11
13
16
14
11
13
13
13
15
14
12
13
8
10
12
10
13
13
15
10
15
16
14
16
13
12
8
13
13
10
11
8
7
5
7
8
5
1
0
3
1
-1
1
-1
-4
-2
-6
-6
-4
-3
0
-3
-3
-4
-5
-8
-10
-12
-12
-9
-7
-6
-9
-7
-7
-8
-13
-10
-10
-11
-13
-12
-10
-15
-16
-15
-16
-14
-14
-17
-15
-13
-11
-11
-12
-12
-12
-10
-11
-12
-11
-7
-8
-11
-10
-15
-11
-10
-11
-15
-10
-13
-9
-7
-8
-6
-10
-1
-6
-4
-2
-6
-6
-10
-11
-8
-11
-13
-11
-10
-10
-10
-8
-8
-11
-7
-8
-10
-6
-6
-7
-6
-11
-6
-7
-13
-9
-8
-7
-3
5
6
2
4
6
2
3
2
3
3
2
2
4
7
5
11
11
10
13
13
14
13
17
17
19
19
19
21
21
22
18
19
19
21
19
18
20
16
16
19
19
17
20
18
18
20
18
18
15
14
17
15
13
10
6
6
6
3
3
3
5
6
6
7
7
5
7
7
4
8
9
8
8
5
6
7
8
5
5
2
-1
1
3
-1
0
-1
2
1
1
4
1
-3
-6
-6
-13
-12
-13
-9
-10
-14
-11
-8
-12
-15
-14
-12
-15
-18
-15
-13
-15
-18
-16
-13
-17
-17
-14
-21
-20
-17
-19
-15
-14
-10
-15
-20
-12
-7
-12
-12
-9
-10
-11
-12
-11
-10
-10
-13
-11
-13
-13
-9
-12
-11
-12
-11
-10
-8
-9
-5
-5
-5
-5
-4
-3
-4
-4
-7
-6
-1
1
2
2
5
4
-2
0
3
-1
-1
-1
3
0
-1
5
3
3
5
3
2
2
4
3
3
0
2
2
1
1
3
2
0
0
4
4
1
9
10
7
10
9
13
13
12
14
13
12
18
17
18
20
16
18
17
19
19
14
16
14
11
13
14
17
17
14
19
21
16
21
20
21
19
13
14
17
12
16
15
12
13
12
17
12
8
12
13
13
8
6
6
2
-1
1
1
-2
-1
-2
-5
-12
-11
-6
-8
-10
-5
-6
-8
-8
-10
-10
-15
-16
-13
-16
-20
-17
-18
-19
-18
-17
-13
-15
-14
-14
-19
-17
-15
-16
-15
-17
-15
-14
-16
-11
-14
-14
-15
-14
-9
-12
-10
-10
-8
-10
-11
-11
-12
-11
-10
-8
-10
-9
-7
-9
-13
-7
-3
-8
-11
-6
-11
-16
-11
-6
-5
-12
-9
-10
-12
-11
-10
-8
-9
-11
-7
-9
-6
-2
-1
3
1
4
7
1
5
6
5
4
7
7
6
9
7
11
8
11
15
14
12
12
16
12
12
17
13
12
13
11
10
13
13
10
7
10
13
9
14
14
14
11
11
15
11
10
14
12
10
12
8
8
7
9
9
6
10
11
14
8
7
9
7
5
8
12
6
5
8
5
1
1
1
4
0
1
4
6
5
7
13
9
11
10
13
11
6
7
6
7
7
6
8
6
1
6
5
4
3
-1
-4
-11
-9
-11
-8
-9
-7
-11
-14
-8
-8
-9
-14
-14
-14
-17
-19
-20
-20
-22
-16
-19
-19
-18
-17
-15
-18
-15
-13
-14
-17
-12
-13
-13
-16
-13
-12
-13
-11
-15
-14
-15
-14
-11
-8
-13
-8
-7
-8
-9
-5
-1
-5
-4
-4
-1
-1
-1
1
0
-3
-3
-1
0
-1
0
1
-1
0
1
-3
-2
-2
3
2
5
9
8
7
2
1
-1
0
3
3
1
0
0
-3
-1
-2
1
4
3
3
3
2
3
0
4
6
6
5
4
1
2
0
1
3
1
4
4
2
5
5
6
9
11
11
10
9
10
9
9
8
8
5
4
11
10
11
13
10
14
10
10
12
9
12
11
14
12
11
14
14
15
13
12
13
11
13
9
12
11
14
11
8
11
12
12
7
12
13
7
9
9
6
3
4
3
3
1
3
3
-1
-6
0
3
1
-1
-4
-4
-6
-7
-4
-4
-3
-5
-7
-4
-11
-9
-7
-6
-6
-9
-11
-12
-13
-12
-14
-11
-13
-14
-10
-16
-16
-13
-20
-17
-17
-21
-17
-19
-17
-16
-23
-18
-16
-19
-17
-19
-17
-16
-12
-10
-14
-16
-14
-16
-15
-12
-13
-13
-14
-11
-9
-3
-5
-1
-5
-5
-4
-3
-2
-5
-7
-4
-1
2
0
-2
1
-1
1
4
7
5
4
5
5
3
4
4
3
3
2
2
7
8
5
2
2
3
4
8
1
6
4
5
7
8
8
11
10
5
11
5
9
7
8
6
7
8
6
8
5
10
10
11
11
9
9
9
10
12
13
11
10
12
14
10
8
12
15
11
13
15
12
11
10
14
12
14
16
13
17
12
12
15
16
11
11
13
7
10
7
9
2
3
6
6
6
1
4
1
-1
2
1
-1
-4
-1
-4
-7
-3
-3
-6
-3
-3
-4
-6
-4
-4
-4
-4
-5
-6
-10
-9
-9
-11
-10
-9
-6
-5
-5
-9
-10
-11
-14
-17
-19
-16
-14
-14
-13
-13
-14
-13
-14
-17
-15
-13
-14
-15
-16
-17
-19
-18
-19
-19
-16
-16
-16
-16
-14
-11
-11
-10
-10
-9
-8
-8
-6
-7
-5
-3
-9
-5
-8
-11
-6
-5
-3
-3
-1
0
-3
-5
-2
-5
-1
3
2
5
1
5
2
1
2
4
3
2
5
6
9
4
8
6
5
5
6
4
4
1
4
2
1
5
9
12
12
9
13
13
12
12
6
7
5
6
6
5
8
10
10
13
10
9
12
8
6
7
8
10
7
11
9
9
12
11
13
14
13
14
15
17
14
11
14
14
10
9
11
13
14
14
15
16
14
14
15
14
14
14
9
9
9
11
12
9
6
6
5
2
5
9
6
3
8
5
6
0
-2
0
-6
-3
-2
-4
-3
-6
-7
-10
-15
-14
-16
-20
-17
-15
-19
-21
-18
-16
-15
-13
-16
-19
-22
-21
-21
-22
-22
-23
-22
-23
-22
-22
-23
-21
-20
-18
-19
-17
-22
-19
-15
-17
-14
-13
-14
-13
-13
-15
-13
-12
-13
-13
-10
-8
-12
-11
-9
-15
-17
-12
-9
-12
-6
-1
-1
-1
0
0
-6
-6
-6
-1
-1
-1
5
2
2
5
7
9
8
9
10
11
14
13
9
11
10
9
12
10
16
17
14
15
16
16
11
13
13
12
12
14
16
12
15
12
9
12
12
12
12
15
17
14
15
21
18
16
17
16
14
12
11
16
12
9
10
10
11
13
11
15
12
11
13
10
10
11
10
13
10
11
9
4
6
-1
-3
-1
0
2
2
1
3
2
2
3
2
2
1
0
-2
0
-3
-1
-2
-1
-5
-4
-4
-8
-7
-8
-8
-11
-12
-13
-12
-10
-9
-9
-7
-8
-12
-12
-13
-12
-17
-13
-11
-12
-13
-13
-12
-13
-12
-11
-11
-11
-15
-12
-13
-14
-10
-14
-15
-15
-15
-13
-15
-12
-8
-12
-12
-9
-14
-12
-14
-17
-14
-15
-14
-15
-13
-16
-13
-11
-6
-6
-4
-4
-6
0
-2
-2
-3
-1
-3
-1
-2
1
-2
0
3
-2
4
6
7
7
4
4
2
4
1
2
2
6
2
2
5
1
9
4
9
11
7
8
6
7
5
7
9
9
9
9
10
12
5
5
9
7
8
9
12
11
9
9
9
11
13
10
10
10
9
11
10
9
9
7
10
14
12
10
10
12
11
9
13
12
11
10
11
11
13
10
10
10
9
9
9
10
9
12
10
11
9
13
15
11
9
9
7
7
8
10
4
1
6
6
1
0
0
-2
-4
-4
-2
-8
-12
-6
-6
-5
-7
-7
-4
-11
-12
-9
-14
-16
-15
-19
-19
-20
-15
-15
-14
-11
-11
-15
-9
-10
-10
-8
-9
-5
-10
-11
-9
-10
-9
-8
-8
-5
-11
-13
-12
-14
-17
-14
-12
-13
-13
-11
-10
-12
-7
-8
-10
-14
-12
-15
-16
-14
-14
-12
-14
-11
-9
-10
-13
-13
-9
-10
-9
-11
-8
-10
-11
-12
-9
-8
-6
-5
-6
-8
-4
-4
-6
-1
1
5
7
7
7
8
4
6
6
5
6
3
4
6
4
6
8
5
7
9
8
10
12
11
10
12
9
8
7
9
12
8
11
10
12
13
9
11
14
16
13
14
13
12
16
15
16
13
15
16
13
15
19
16
19
19
18
17
16
19
15
16
17
17
16
16
12
13
13
11
17
21
17
17
15
12
16
12
11
9
9
10
8
10
14
8
3
3
6
1
2
3
2
-1
0
-2
-6
-4
-7
-10
-12
-12
-8
-12
-11
-7
-12
-11
-13
-13
-13
-17
-14
-17
-16
-17
-15
-17
-20
-17
-17
-14
-18
-14
-15
-15
-13
-16
-16
-18
-17
-18
-18
-20
-20
-23
-20
-22
-21
-16
-18
-18
-19
-20
-20
-20
-26
-20
-20
-19
-19
-17
-17
-18
-14
-14
-16
-12
-14
-15
-12
-11
-9
-8
-6
-5
-5
-4
-4
0
-3
-2
0
-5
-4
-4
0
1
-1
3
3
4
9
7
3
1
2
2
3
3
6
8
9
11
14
12
10
11
13
14
12
15
17
18
17
18
21
19
17
20
21
18
18
19
20
20
18
22
21
16
21
21
17
19
16
13
13
13
18
14
14
16
17
17
16
17
18
12
9
12
13
11
12
11
9
9
9
8
6
8
9
9
10
9
7
8
2
3
-2
1
2
2
3
0
3
2
-1
0
-1
-3
-2
-6
-1
-3
-5
-2
-4
-6
-5
-2
-1
-4
-3
-4
-6
-11
-9
-9
-9
-5
-4
-6
-10
-7
-8
-17
-17
-16
-16
-15
-17
-15
-13
-17
-17
-14
-15
-16
-17
-18
-20
-19
-18
-19
-20
-24
-23
-22
-22
-20
-17
-19
-17
-17
-12
-13
-18
-15
-19
-18
-19
-18
-14
-17
-16
-11
-9
-13
-11
-8
-7
-11
-10
-7
-11
-12
-9
-6
-9
-5
-2
-5
-2
-2
-1
2
1
5
3
6
8
6
9
9
7
5
6
9
12
14
11
14
11
12
10
11
13
16
17
20
19
19
19
22
17
16
17
17
16
16
17
13
14
15
16
18
18
20
21
16
19
20
15
19
23
20
21
18
18
12
16
16
13
12
15
15
11
12
8
7
7
9
8
7
7
8
7
5
1
2
4
-1
-3
0
-1
-2
1
4
2
-3
-1
-2
-5
-3
-3
-4
-4
-2
-1
-7
-7
-10
-10
-11
-10
-9
-11
-8
-9
-9
-8
-9
-10
-12
-12
-13
-10
-11
-12
-12
-12
-13
-14
-14
-12
-8
-14
-12
-13
-14
-16
-16
-14
-12
-13
-11
-9
-14
-13
-15
-13
-14
-12
-10
-10
-12
-15
-12
-14
-13
-12
-10
-13
-10
-10
-5
-9
-5
-3
-9
-10
-8
-7
-11
-6
-3
-6
-6
-5
-7
-7
-6
-5
-4
-4
-5
-3
-4
-3
-2
3
0
2
4
5
6
5
3
4
3
3
6
4
3
8
8
4
6
9
10
6
9
12
10
7
6
10
6
5
10
11
10
7
10
9
13
12
14
17
17
16
16
18
14
15
15
14
15
15
18
17
17
15
12
16
21
17
17
14
12
14
19
18
13
10
11
13
9
12
13
11
11
13
11
9
4
8
4
-2
1
5
1
-1
1
-1
-2
-4
-1
-2
-6
-8
-7
-6
-7
-10
-8
-10
-14
-12
-12
-12
-10
-11
-10
-11
-15
-14
-12
-11
-7
-5
-7
-7
-7
-10
-10
-12
-14
-15
-14
-16
-16
-16
-15
-14
-16
-20
-16
-15
-18
-16
-18
-17
-19
-16
-18
-18
-17
-17
-11
-10
-9
-6
-6
-8
-8
-8
-6
-5
-3
-1
-4
-4
0
1
-1
0
4
4
1
2
4
1
-1
-2
-5
-9
-8
-4
-5
-6
-7
-4
-4
-5
-6
-4
-5
-4
1
3
1
5
7
3
7
4
5
6
3
7
8
4
10
11
10
13
13
14
12
11
14
9
11
12
13
18
16
15
14
16
16
16
15
18
12
10
12
9
14
15
14
15
16
10
10
13
12
15
12
13
17
12
11
8
7
8
10
16
13
11
7
8
9
9
7
9
4
-1
8
1
3
2
3
0
-2
4
7
6
3
9
7
5
9
5
-6
-11
-8
-9
-12
-6
-3
-11
-12
-6
-1
-3
-7
-3
-9
-17
-18
-16
-14
-19
-11
-8
-18
-11
-6
-17
-4
-2
-8
-11
-20
-18
-18
-16
-13
-12
-14
-19
-19
-16
-14
-17
-18
-19
-23
-14
-14
-20
-24
-26
-26
-27
-23
-30
-30
-26
-21
-22
-16
-9
-9
-17
-9
1
-13
-15
-5
3
-6
-9
5
4
-4
-1
3
-1
4
14
15
14
10
12
13
1
0
11
3
1
15
7
3
3
9
10
5
2
5
6
13
6
6
11
2
6
9
11
12
19
14
20
11
15
20
9
10
13
15
17
16
14
27
20
16
19
21
21
22
27
25
25
23
20
18
22
15
8
10
11
18
16
13
3
3
10
6
13
13
13
4
-7
-2
1
7
-1
-3
-5
-1
13
20
10
1
0
7
8
3
17
12
-3
-1
4
5
0
0
7
4
-1
6
-1
-6
6
10
-6
-14
-4
-9
-8
-10
-10
-19
-15
-8
-15
-20
-24
-21
-22
-6
-2
-16
-34
-23
-23
-13
-19
-22
-25
-28
-26
-29
-20
-16
-24
-25
-23
-30
-26
-12
-6
-26
-12
-20
-27
-23
-15
-17
-26
-25
-19
-21
-38
-31
-34
-36
-28
-22
-30
-30
-18
-16
-15
-13
-21
-29
-29
-27
-14
-15
-20
-6
12
-8
-19
-2
7
-6
-4
17
8
-5
16
22
4
11
29
30
19
31
45
30
19
28
33
38
31
61
62
31
47
31
40
30
48
63
47
40
52
60
33
45
147
270
205
61
-41
-124
-124
56
305
195
-82
-103
-172
-265
-77
111
14
-170
-97
-155
-383
-294
-161
-178
-68
142
67
-208
-228
-79
12
189
363
260
43
3
123
298
417
491
445
238
48
48
225
330
366
452
284
-63
-152
-81
-50
34
228
126
-250
-371
-357
-432
-315
-73
-99
-256
-274
-354
-599
-494
-192
-145
-106
-46
-266
-464
-300
-74
5
123
175
-35
-132
-16
81
167
258
273
180
163
166
81
100
193
219
252
236
83
-87
-112
-41
-23
40
49
-120
-245
-291
-275
-221
-154
-119
-235
-321
-335
-376
-346
-249
-158
-121
-161
-203
-234
-216
-104
7
114
119
63
56
78
147
248
344
385
341
312
296
264
318
414
507
523
570
664
488
344
413
430
417
478
575
423
183
202
126
-12
60
137
4
-220
-244
-354
-650
-650
-495
-556
-629
-571
-710
-933
-763
-379
-352
-563
-573
-632
-756
-417
72
99
-95
-124
-141
-280
-117
330
391
280
305
192
-61
-198
-13
170
217
349
262
-37
-284
-249
52
185
194
187
35
-139
-75
196
261
253
378
371
231
241
337
330
363
620
987
1338
1471
1104
657
617
834
1212
1731
1849
1105
495
564
460
405
746
814
163
-321
-330
-928
-1615
-1507
-1310
-1380
-1275
-1361
-2263
-3038
-2740
-2167
-1834
-1427
-1589
-2481
-2704
-2070
-1511
-1151
-730
-723
-977
-338
813
745
-43
118
429
689
1713
2714
2210
543
546
1609
1112
1241
2292
1777
362
280
1169
-151
-1222
174
269
-449
-2
206
-1294
-2402
-1000
-6
-421
-358
-558
-1472
-1469
-141
756
328
-246
-257
-297
301
1495
2185
2121
1337
1934
3232
2802
2618
2842
2805
2864
3375
4682
3544
1457
2242
2582
1843
1899
1955
567
-1953
-1575
-963
-2903
-3522
-3331
-4431
-5133
-4462
-4433
-6123
-6893
-5582
-5147
-5027
-4055
-4667
-5715
-4997
-3120
-1892
-1872
-1120
-160
706
2285
2266
1214
1001
1841
4077
6090
6324
4437
2060
2242
3658
4327
5809
5427
2773
1298
1283
880
-617
-495
388
-592
-543
-402
-2913
-4775
-3872
-1798
-838
-974
-1654
-3908
-4872
-2346
61
514
-172
-709
-858
-520
1462
3480
3831
3329
3619
5456
6157
5351
5329
5040
4998
6250
7805
7916
5275
3293
3710
3422
3193
3580
2370
-424
-2657
-2634
-3196
-4863
-4958
-5370
-6761
-6985
-6798
-7842
-9385
-9011
-7454
-7167
-6608
-5813
-7121
-7938
-6027
-3444
-2552
-2205
748
2296
-23
-687
669
964
1472
5510
9718
5572
617
3166
3309
1089
5169
9662
5432
-798
2131
3059
-2859
-1043
3638
979
-2025
114
-161
-6436
-6982
-1389
-96
-1071
-1095
-3353
-6364
-5818
-1706
1763
1637
-577
-2521
-1839
151
1220
4030
6064
4476
4584
7195
6947
3897
4064
7235
7885
8042
10132
7731
2274
2231
4977
5131
4461
4172
1807
-2927
-3889
-2687
-4307
-5157
-5157
-5956
-6982
-7847
-8434
-10172
-10359
-7731
-6178
-5824
-6269
-8099
-8842
-7369
-3939
-1133
147
857
-232
-811
406
1420
3111
5167
6682
6319
4782
4566
3009
2296
5637
7102
5925
5037
3172
44
-1434
792
1217
-406
529
-379
-4203
-5128
-3975
-3951
-3170
-929
-919
-3943
-4889
-3524
-2761
-739
1749
1537
-52
-504
247
1607
3828
5618
5980
6304
7294
7740
7041
6515
6691
7309
8326
9308
9193
6473
3830
3811
3947
3769
3546
2613
19
-3265
-3948
-4351
-6274
-6929
-6856
-7243
-8016
-8595
-9291
-11049
-10821
-8413
-7151
-6485
-6491
-7862
-8347
-6308
-3140
-1679
-96
1923
126
-2031
368
3043
3521
5008
7929
6058
1400
3581
6007
2899
3907
7584
5463
424
837
2483
-1877
-2829
1118
-15
-2969
-2770
-2846
-5531
-6713
-3604
-1638
-2519
-2915
-3783
-4620
-3703
-1566
1001
1640
542
-1
706
2104
3362
5326
6551
5884
6364
8790
9345
7342
6841
7745
7670
8350
10356
9865
5911
3966
5108
4415
2889
3023
2395
-777
-3637
-3372
-4371
-7504
-8048
-7180
-7470
-8464
-8849
-9592
-11714
-11385
-8620
-6939
-6796
-7497
-8046
-7290
-5161
-2167
429
1442
269
-1814
-1227
1662
3776
5886
7760
6468
3012
2557
5014
4907
4570
6804
6183
2819
1498
1197
-752
-1960
99
915
-644
-1213
-2965
-5605
-5639
-3384
-1584
-1329
-1794
-3638
-5361
-3435
-564
342
1084
1928
1167
13
1671
4381
5225
6137
8506
9548
7797
6438
7161
7384
7495
9925
12004
9776
5819
4984
5193
3813
4040
5570
3331
-1527
-3337
-3399
-5952
-7455
-6158
-6469
-8799
-9570
-9543
-11542
-12831
-11107
-9403
-9072
-8487
-8260
-9361
-9416
-6862
-3888
-2267
-615
2091
2246
-547
-614
2001
3618
5232
9274
10472
4068
878
5164
5376
3582
7421
9232
2607
-1844
2432
1921
-3865
-2211
1081
-1884
-4796
-3414
-3881
-8189
-7671
-2641
-1335
-3618
-5654
-6136
-4992
-3471
-895
2288
2067
-1227
-1611
2514
4812
4067
7204
11354
9209
5804
7146
8768
6809
7790
13377
13540
7501
5335
6715
4680
3089
6542
7692
1604
-3180
-2426
-4175
-8095
-6865
-4515
-6614
-9748
-10100
-10995
-13903
-13017
-9525
-8401
-8615
-9328
-10383
-10232
-8176
-5251
-3323
-702
1764
774
89
1328
1217
1692
5565
10566
9896
5239
5529
5324
2516
5550
10461
9230
3361
1732
2628
-1088
-1896
1185
327
-2492
-3986
-4349
-6015
-7685
-6121
-4110
-3359
-4278
-6741
-7169
-5845
-4823
-1922
1375
1498
-1277
-2104
1184
3283
4545
8594
11501
9589
6187
6495
8389
8327
10287
14436
14018
8733
6127
7114
6117
5180
8014
8478
3064
-1288
-2094
-4491
-7302
-6223
-4194
-5662
-9014
-10933
-12772
-14437
-13230
-10239
-8337
-8983
-10883
-11797
-11289
-8656
-4856
-2562
-1411
-1028
-1900
-2317
-136
3208
4738
5641
8033
7537
3675
3914
6589
6165
6464
9650
9551
3175
-242
1784
992
186
2639
2333
-2896
-7376
-6881
-6195
-6286
-3992
-3079
-5446
-8194
-9078
-7906
-6028
-4203
-2526
-1486
-1378
-2457
-2249
676
3105
4645
7389
10205
9528
6692
6649
8448
9506
11333
14457
14468
9454
6339
7794
8064
7586
9494
9247
3814
-1307
-1849
-2816
-5348
-4958
-3954
-6076
-9426
-11230
-12700
-14320
-13379
-10738
-9374
-9604
-11090
-12939
-12521
-9590
-6576
-3842
-621
208
-2660
-3776
-1200
782
2913
7492
9993
6419
2602
4017
4948
4544
8152
11595
8772
3776
2485
1614
-816
605
3680
2937
-355
-3794
-6379
-7809
-6646
-3467
-1394
-2480
-6687
-9743
-8872
-6544
-3952
-1218
-511
-2561
-3989
-2085
832
3298
6344
9160
9389
7045
5911
7295
9109
10990
13843
15404
12288
8158
7764
7998
7418
9039
11025
7935
1973
-619
-2436
-5431
-5321
-3123
-3742
-7171
-10226
-12348
-14309
-14115
-11870
-10218
-10001
-11046
-12442
-12273
-10161
-7348
-5488
-4412
-3501
-3575
-3595
-1494
2137
3807
3952
6186
6716
3870
3757
6809
8018
7024
8766
9981
5135
1018
2481
3919
2633
2455
3217
-128
-5645
-6571
-4299
-4214
-5342
-4991
-5120
-7696
-9604
-8020
-6252
-6276
-5454
-3137
-2574
-4120
-3617
-787
1408
3602
7435
9644
7114
4339
5763
8743
10415
13118
15931
12981
7836
7674
9224
8440
8542
10774
9428
3621
996
351
-2808
-4867
-3376
-2239
-5243
-9275
-10953
-13250
-14662
-12401
-9462
-9235
-11800
-13632
-13009
-11761
-9261
-5398
-2048
-1448
-4247
-5401
-3542
-1623
2073
7290
9470
5863
1717
3078
4330
4970
9565
11856
8799
5341
4145
2306
-139
1970
4435
3369
2330
-511
-5650
-8285
-6058
-2462
-1269
-1954
-5459
-10986
-12103
-8002
-4330
-2783
-2401
-3865
-6218
-5599
-1587
1682
3368
6097
8277
6903
4665
5442
7822
9477
12174
15967
14974
9392
7176
8443
8888
9587
11627
11051
5180
327
-65
-1464
-3493
-2909
-1775
-3962
-8988
-11447
-12137
-13853
-13334
-10543
-8962
-10853
-14102
-13457
-10725
-9325
-7617
-4603
-2621
-4275
-5021
-1132
897
-472
2394
7862
6833
2941
5063
7378
4256
5444
11526
10223
4304
3644
4670
2285
1867
4824
3530
-806
-2540
-3530
-4990
-5202
-4603
-4768
-5381
-6507
-9013
-10097
-9092
-8648
-7270
-4363
-3919
-6103
-6326
-3581
-1181
888
4835
7802
6461
3827
4542
7600
9604
11726
15208
15007
10304
8351
10050
10050
9366
11360
11788
6958
2575
1541
-620
-3278
-2753
-1275
-3131
-7581
-10792
-12385
-13188
-12132
-10443
-9840
-11096
-13838
-14179
-10732
-7656
-7047
-6215
-4249
-4388
-5102
-1936
1537
1241
1553
5496
7014
4282
4355
7177
6891
6577
9923
11114
7167
4037
4156
3770
3300
4660
4266
791
-2220
-3976
-4784
-4406
-3911
-4580
-6101
-7442
-9191
-10308
-9180
-7996
-7664
-6441
-5308
-5679
-6032
-3915
-754
925
3519
6824
6358
3915
4680
7914
10067
11713
15056
15222
10726
9316
11186
11099
10301
11846
12589
8007
3196
2408
360
-2714
-2599
-776
-2065
-7160
-10577
-11585
-13012
-12860
-10428
-9021
-11041
-14435
-13960
-10512
-9014
-8687
-6569
-4165
-4888
-5204
-857
1267
-1131
770
6705
7130
3583
5206
7748
5149
5994
11675
11404
5848
4384
5974
4399
2981
4797
4204
153
-2051
-2103
-3532
-5835
-6202
-4984
-4891
-6886
-9147
-10328
-11022
-11187
-8645
-4730
-4774
-7547
-7488
-4722
-2770
-710
4394
7468
4091
1478
4351
7190
7750
11057
16252
14156
8587
9837
11964
9363
8953
13066
13116
6696
3783
3981
-385
-3821
-1161
1155
-2223
-7483
-9859
-12037
-13737
-11545
-8715
-9197
-12131
-14962
-14299
-10547
-7739
-7559
-7250
-5871
-6138
-6015
-1420
2084
-73
151
5691
6990
3436
4474
8059
6861
6213
11032
12070
6381
3707
5603
6039
5027
5769
5207
1017
-1864
-2191
-2466
-3340
-4701
-5374
-5626
-6746
-8672
-10102
-10069
-10061
-9436
-7053
-6225
-7581
-7586
-4463
-1100
1194
3816
4554
2508
2507
6168
9650
11513
13801
14440
11670
10848
12715
13039
12468
13253
13516
10407
6910
5291
2788
428
482
622
-952
-4415
-7870
-10449
-12030
-11718
-10599
-10350
-11476
-13266
-13805
-13114
-12053
-10345
-8506
-7152
-6168
-5359
-5085
-4170
-1296
1615
3598
5150
5502
4597
4120
6123
9055
10018
9712
9009
7994
6617
5837
6617
6679
4975
3619
2999
882
-2946
-4530
-3674
-3823
-4335
-4964
-7448
-11162
-12758
-10623
-8187
-7622
-8333
-9583
-9141
-6962
-3942
356
2669
1122
-721
943
5005
7136
9101
13001
12742
9373
10437
13290
12427
10895
13504
14649
9800
7124
7700
4471
742
2231
4343
747
-4559
-6034
-7925
-10633
-9432
-7278
-8669
-12177
-13814
-12481
-11800
-11971
-10533
-8588
-8361
-9120
-7111
-4328
-5273
-4616
673
3344
1743
2436
5384
4412
3657
8208
10462
7706
7086
8964
8493
6829
7595
8034
5837
4388
4311
2974
276
-1673
-2395
-2516
-3215
-4902
-6929
-8824
-10379
-10591
-8871
-7849
-9605
-10830
-8763
-6419
-4626
-1412
281
-2154
-3361
592
4790
6412
9216
10981
8607
8015
11159
12914
12537
13082
13732
11827
9893
9434
7495
5131
4716
4711
3777
972
-2634
-5355
-6475
-6145
-6386
-7407
-9297
-11879
-12608
-11197
-9738
-9829
-10925
-10595
-9526
-8462
-7317
-5948
-4231
-3780
-2377
928
2055
1585
2383
4387
6226
6922
7584
7895
7601
7704
8403
10049
10047
7191
5383
5487
4599
3034
2854
2868
60
-3258
-3967
-4578
-6548
-7693
-7088
-7400
-9912
-11525
-10522
-9039
-8058
-5909
-3022
-3844
-6704
-5705
-1891
991
3120
6372
7411
4555
4416
7766
9952
10953
12474
13475
10823
7528
7539
7367
6664
7429
8244
6664
1945
-1862
-3192
-3944
-3156
-2138
-3303
-6502
-10177
-11418
-10465
-9111
-8262
-8648
-9318
-10095
-11074
-9919
-6772
-4815
-4291
-3126
-1570
-1774
-1947
880
4135
4866
5099
6399
6740
5207
5480
9033
10896
9642
8804
8549
6017
2878
3815
6172
5024
2581
1529
-824
-5077
-6579
-4358
-4105
-6465
-7428
-7739
-9375
-10098
-7176
-4521
-6102
-7654
-6583
-5492
-4299
-1755
1992
3044
1325
2128
4354
5379
6132
8478
11008
9228
6817
7826
7652
5924
6690
9429
8768
4280
2167
1653
-710
-1474
332
238
-3228
-5840
-5914
-6591
-7726
-7310
-6648
-7206
-8272
-8400
-8545
-8826
-7487
-5410
-3461
-2851
-3012
-2468
-2051
-558
2115
4053
4948
4637
4735
5447
6155
7830
9309
9721
8881
7490
6880
5640
4848
5934
6394
4732
1782
-221
-1304
-2749
-2765
-2358
-4361
-6844
-6949
-4762
-3913
-6052
-7929
-8606
-8260
-6022
-2813
-708
-2109
-5156
-3746
-168
1160
2331
4022
4432
3022
2898
5002
4031
1843
3947
7156
7408
5016
2939
1424
-311
1490
4775
3705
15
-2985
-4217
-3402
-1698
-910
-2838
-5007
-5722
-6846
-7066
-5363
-4818
-5822
-4895
-3234
-4814
-6287
-3946
-1762
-1110
933
2374
551
-601
1515
4422
6604
8075
8137
6662
5643
5228
5439
7436
8789
7412
6021
4890
2169
-570
715
3200
1487
-475
-306
-2380
-5085
-3564
-1689
-4125
-6591
-4978
-4308
-6045
-4496
-2211
-4292
-5718
-3267
-1882
-2848
-2077
105
-438
-1541
-470
-96
-1025
-929
953
2813
2821
1539
807
939
1210
1411
2821
3711
1572
-616
305
1346
147
-189
1053
44
-2633
-2658
-1016
-1650
-3136
-2406
-1893
-3461
-3912
-2187
-1570
-2709
-2553
-1103
-627
-794
-46
1318
1806
1920
4105
6319
5547
3998
4377
5274
5514
6625
7882
6173
3248
3382
4431
3468
2917
3703
3309
2740
3851
3224
-1229
-4024
-2500
-766
-45
927
58
-4397
-6883
-4292
-2685
-3582
-3188
-2367
-3900
-6013
-5467
-5588
-7581
-6471
-2600
-809
-2688
-5372
-6235
-6126
-3839
723
3227
1641
-2042
-3537
-1103
2007
3707
4202
3712
1703
-371
545
2720
2563
2050
3280
3472
902
-1038
-761
-899
-905
944
1922
-288
-2906
-3533
-2445
-169
1885
1865
659
238
-238
-309
1759
3984
3410
2711
3761
3613
1634
1393
3116
3464
3568
5517
6812
5672
3531
1611
527
1172
3262
4480
4435
3135
-356
-2598
-1236
-241
-948
-857
-742
-3352
-6331
-6032
-6245
-8498
-8078
-5619
-5166
-6892
-8507
-9275
-9952
-8602
-5167
-3398
-3755
-4893
-5548
-4334
-1971
273
1479
1846
2198
1702
1307
2060
3305
4792
5872
6509
5975
3808
2527
3369
4772
5183
4474
3365
1198
-766
53
2196
3102
2294
935
-236
-1156
-1099
392
1310
1158
872
374
-16
-15
2
255
790
2007
3365
3876
4850
4997
2718
1020
2243
4654
5424
5630
6576
4199
558
1649
4152
3838
2582
2782
1654
-2586
-4473
-3409
-4527
-6304
-5837
-4688
-5846
-9065
-10283
-10014
-10029
-9141
-7865
-7320
-8409
-10304
-9084
-5951
-4296
-4148
-3344
-1342
-1464
-2328
-235
2021
2045
2648
5559
7084
4490
3255
5597
6742
6263
6923
7910
5810
2434
3127
5756
5968
5019
4568
3530
920
-614
1031
2740
2119
935
265
-952
-2988
-3555
-1823
-975
-1823
-1024
812
1289
716
100
-443
-1005
599
3992
5152
4534
3634
1766
1534
3544
5155
5091
4199
3926
2634
275
-577
-1334
-2669
-3139
-2405
-1848
-4396
-7897
-8824
-8779
-8254
-7321
-6944
-7871
-10240
-11149
-9400
-7514
-6758
-6804
-5848
-4521
-4979
-4793
-2594
-1265
-1229
777
4080
4054
1884
2973
5407
5577
6194
7974
7409
4694
4240
6741
8333
8274
8215
7324
5449
4055
3939
4548
4565
3768
2877
2263
1205
-768
-2404
-2363
-2047
-1999
-1090
93
159
-1754
-3739
-4002
-2928
-723
1531
2799
2798
472
-990
1212
3347
3652
4033
4927
4191
1768
1499
2009
-300
-1391
678
2129
267
-3177
-4955
-6181
-6718
-4560
-2713
-4067
-7535
-10085
-9515
-7829
-6530
-5943
-6470
-6670
-6934
-7212
-6226
-4989
-3978
-2649
-244
1392
-361
-1444
641
2818
4438
6177
6991
5145
2869
4041
6903
8611
9167
8989
8567
7129
5416
5540
6620
7188
6430
5689
4894
1715
-1357
-963
496
115
-529
271
219
-1909
-3454
-3831
-4868
-5201
-2551
255
385
-1120
-2810
-3016
-1477
440
2605
3432
2180
410
-151
773
544
-162
780
1442
1409
522
-1222
-2937
-4521
-3525
-1446
-1834
-3182
-5154
-7304
-7541
-5729
-3839
-4526
-6088
-5917
-6648
-7732
-6392
-4396
-3925
-3630
-1648
-928
-2992
-3063
-241
1506
2316
3504
3578
1957
1403
3906
7035
8108
7833
7367
6960
6501
6426
7528
8587
7977
6666
6550
5926
3263
1592
2289
2503
1249
1024
1577
441
-876
-1128
-2391
-4493
-4919
-2973
-1348
-1194
-1470
-3055
-4538
-3673
-1840
-121
969
820
-531
-1496
-1183
-1460
-2083
-963
301
538
444
-330
-2215
-3997
-3119
-968
-527
-963
-1970
-4482
-6081
-4499
-2358
-2661
-3493
-2610
-3149
-5781
-5594
-3556
-3298
-2947
-249
1187
-2079
-3881
-920
583
534
2605
3982
1769
-371
2218
5096
4710
5365
7064
7023
5938
5431
6016
6440
6467
7331
8124
7066
3929
1433
2081
3367
3163
3039
3406
2347
570
18
-1108
-3512
-3916
-1228
804
158
-1390
-3708
-5624
-4439
-1842
53
470
-792
-2436
-3191
-2398
-2647
-3995
-3117
-1552
-1344
-1016
-1923
-4731
-6546
-4205
-718
-446
-1301
-2463
-5553
-6693
-3507
-491
-1330
-2717
-2034
-2933
-4933
-3686
-976
-908
-1357
231
667
-1501
-2109
129
1571
1438
1740
1983
876
188
1683
3787
4438
4156
4275
4908
4709
3633
3700
5553
6202
5507
5833
5283
2622
990
2516
4111
3317
2711
3095
2385
2045
2069
346
-2072
-2153
77
1159
1256
1028
-2007
-4603
-2477
133
59
-445
-470
-2085
-4251
-3217
-2304
-4646
-5412
-3165
-1722
-2447
-4215
-5594
-6839
-6065
-3139
-1587
-1954
-3788
-6261
-6034
-3227
-1147
-1484
-1987
-1170
-1851
-3009
-1344
678
208
-151
2036
3111
848
256
2457
2788
1914
2836
3930
2604
1073
2369
4054
3852
3628
4357
4759
4086
3229
3475
4457
4581
4013
4224
4112
2156
771
1607
2602
2440
2327
2552
2195
2301
2586
1239
-507
-707
322
1534
2545
2525
7
-2402
-1197
512
530
897
770
-1192
-3438
-3283
-2725
-4648
-5917
-4845
-3424
-3489
-5146
-6678
-7913
-8355
-6316
-3680
-3010
-4843
-7765
-8053
-5382
-2893
-1928
-1793
-2041
-3412
-4113
-1649
967
1209
1516
2682
2343
1133
1866
3354
3302
3814
5180
4732
3347
2755
2400
2795
4331
5251
4715
4486
4340
2701
1535
3121
4341
3084
2870
3415
1658
-604
-212
1169
854
372
976
935
1291
2401
1451
-510
-1179
-390
1108
2793
3972
2336
-710
-501
1011
1129
1851
2259
813
-1473
-2060
-1582
-3522
-5606
-4755
-3413
-2983
-4336
-6862
-8803
-9829
-8103
-4909
-3340
-4733
-8551
-10225
-7695
-4766
-2959
-1916
-2054
-3658
-4639
-2527
304
1068
1994
3583
3712
2893
2552
3304
4163
5130
6555
7044
6204
4587
3461
4419
5812
5947
5973
6127
5711
4045
2771
3161
3348
2911
3303
3551
1736
-954
-1813
-648
224
329
-192
-1141
-1453
-478
1496
1779
-373
-1850
-1241
624
2355
3459
3459
1300
231
1912
2869
2282
1762
1681
756
-470
-589
-2241
-5262
-5213
-3051
-2255
-3980
-6823
-9099
-10206
-8603
-5424
-4519
-6563
-9451
-10494
-8309
-5056
-3010
-2800
-3910
-5164
-5213
-3115
-145
1757
2714
2944
2606
2491
2598
3190
4790
6577
7196
6867
6347
5266
4039
4265
6074
7416
7906
7821
6118
3234
1357
2087
3864
4689
4276
2281
-576
-2406
-2559
-1538
-782
-1207
-2173
-2679
-1769
136
437
-1350
-2760
-2366
-1156
625
2848
3509
1342
-284
1551
2813
1811
2063
3215
2335
522
438
-213
-3431
-4911
-2763
-1242
-2358
-5052
-7319
-8853
-8961
-6808
-4840
-5516
-8237
-10590
-9567
-6675
-5088
-4624
-4370
-4284
-4670
-3730
-1309
-271
-267
753
2487
3561
3286
3404
4228
4749
5521
6593
7568
7470
6300
5621
5926
6369
6868
7773
8378
7037
4287
2556
2939
3878
4122
4098
3133
142
-2629
-2733
-1479
-1372
-2214
-2446
-2275
-2318
-1336
58
-1170
-3808
-3821
-1122
1424
2468
3079
2466
346
504
2485
3267
3189
3010
3010
2315
1042
-192
-2135
-3307
-2715
-1775
-1350
-3365
-6954
-8628
-8007
-6651
-5773
-5730
-6853
-9514
-10358
-7462
-4989
-4926
-4744
-3631
-4226
-5056
-2437
320
-58
287
2981
3653
2067
2746
4702
4334
4479
7195
8349
7175
6173
5534
4880
5843
8207
9289
8580
6549
3269
1550
3501
5394
4842
3968
2370
-1256
-3603
-2217
-968
-2543
-3089
-2283
-3483
-4679
-2291
155
-1815
-4616
-3435
-1393
-1199
310
3302
3338
219
140
2870
2643
1473
3156
4840
2960
653
832
-368
-3792
-3898
-976
-99
-2832
-5680
-6985
-8208
-8394
-6547
-4720
-5605
-8638
-10174
-8003
-5768
-5795
-5692
-4058
-3558
-4404
-2732
-28
-785
-1907
856
3970
3553
2568
3699
3867
3345
5418
8139
7897
5874
5012
5349
6295
7530
7954
7361
6569
5012
3188
3459
4682
3784
2280
2264
1516
-1444
-3313
-2364
-2278
-3333
-2641
-2300
-4318
-4780
-1497
-4
-2411
-3573
-2146
-1550
-813
2595
5075
2681
167
1817
3243
2779
3730
5708
5094
2549
1613
941
-1824
-3327
-1450
527
-127
-3339
-6055
-7592
-8331
-7170
-4807
-4020
-6472
-9807
-9018
-5910
-5465
-5826
-4219
-2829
-3995
-4367
-1184
313
-1466
-442
3282
3794
1503
1919
4324
4064
4074
7159
8167
5308
3734
5007
6121
6328
7567
8311
6629
4821
3485
2737
3463
3971
3134
2043
769
-1526
-3670
-3156
-1646
-2263
-3357
-3819
-4950
-5641
-3839
-574
40
-2526
-3796
-2747
-1453
384
3224
4678
2382
609
2609
3850
3247
4342
5669
4555
2478
1908
874
-1912
-2617
-819
58
-808
-3278
-6094
-7816
-7667
-6310
-5107
-4653
-5949
-8496
-8263
-6044
-5675
-5933
-3967
-2203
-3253
-3426
-1003
-745
-2351
-418
3075
2819
1306
2932
4327
2903
3471
6464
6552
4528
4597
5453
4992
5453
7046
6935
5612
4462
3020
2156
2747
3036
2005
834
-175
-2015
-3140
-2293
-2513
-4071
-4461
-4200
-4573
-4178
-1112
804
-2065
-4329
-2863
-1338
-94
2472
4936
3341
48
1784
4405
3704
4065
5694
5524
3302
2366
2880
453
-2033
-974
429
905
-941
-4309
-6309
-7116
-6305
-4584
-3495
-3667
-6806
-8820
-6493
-4718
-5155
-4891
-2426
-784
-2448
-2616
-681
-1725
-2648
899
4917
3800
605
2145
3895
2344
3868
7545
6846
3142
3000
6095
6178
4891
5988
6110
4607
3317
2713
2603
1752
933
792
687
-45
-2549
-4213
-3317
-3349
-4333
-4157
-3825
-4663
-4189
-654
718
-2681
-4380
-2290
-419
763
3292
5009
2363
208
2807
4572
3779
3975
5096
4737
3423
3163
1841
-1651
-2596
-174
1433
957
-1898
-5624
-7841
-7179
-4683
-2938
-2729
-4593
-8065
-8257
-5099
-4017
-4527
-3462
-1978
-2604
-3254
-1465
-928
-2566
-1567
1548
2602
1667
1842
3130
2724
2423
4331
5415
4015
3280
4840
6041
5250
5084
5502
4454
3155
2697
2511
2086
1724
1320
324
-885
-2096
-3594
-3691
-2980
-3394
-4527
-4882
-4243
-3605
-1682
506
-1214
-4425
-3677
-1052
603
2319
4389
3275
115
1260
3928
3672
3544
5047
5510
4129
3326
2455
-712
-2250
-34
1872
2276
644
-3471
-6998
-6715
-3866
-2216
-1797
-1918
-5357
-8483
-6248
-3006
-3078
-3373
-1192
-633
-3119
-3357
-1092
-1235
-1881
753
3696
2955
805
1425
2620
2128
2690
5352
6289
4233
2906
4072
4740
4205
5279
6762
5326
2020
396
1122
1785
1592
1984
959
-2242
-4640
-4179
-2566
-2864
-3743
-3869
-4346
-4255
-2123
161
-708
-3691
-4023
-1630
566
1953
3165
2880
574
561
3332
4223
3205
3252
4465
4409
3170
2470
560
-2175
-2015
709
2508
834
-2887
-5579
-6111
-4527
-2626
-1901
-2479
-4966
-7165
-5690
-3111
-3071
-4265
-2920
-799
-1569
-2494
-1427
-1703
-3069
-857
3716
4160
1050
529
1795
1245
1918
5164
6332
3974
2408
3561
4127
3799
4530
5243
4651
2861
1188
999
1540
1516
1091
598
-897
-3727
-4876
-3128
-2255
-3113
-3736
-4290
-4838
-3737
-467
787
-2250
-4335
-2894
-801
1003
2781
3613
1614
17
2472
4159
3239
2978
3862
4280
3736
3249
1838
-1739
-3065
-619
1915
2156
-804
-4279
-6103
-5702
-3494
-1816
-1669
-3235
-5941
-6012
-3656
-2801
-3314
-2652
-785
-905
-2557
-2090
-1247
-1909
-535
2974
4251
1818
116
1514
2493
2893
4670
6186
5296
2812
2543
4394
4904
4701
5311
5840
3971
861
331
1609
1824
1439
1124
-328
-3342
-4977
-3270
-1817
-2749
-4108
-4800
-4965
-3957
-944
1100
-1290
-4521
-4132
-1696
738
2783
3943
2672
464
1395
3310
3279
3279
4084
4844
4612
3502
1829
-1058
-2599
-1035
1571
2876
622
-3672
-6060
-6016
-4499
-2500
-1492
-2676
-5693
-6568
-4382
-3163
-3722
-3772
-2477
-1804
-2095
-1695
-1444
-2049
-1490
962
3474
2964
647
601
2259
3357
4153
5523
5736
3195
2066
4434
5743
4801
4550
5363
4729
2282
1354
1542
844
677
1028
440
-1808
-4367
-4724
-3734
-3016
-3022
-4274
-5372
-5124
-3218
-488
-174
-2844
-4755
-3589
-696
1503
2745
3201
1311
255
2749
4538
3817
3330
4350
5013
4045
3270
1649
-1768
-2385
108
2602
2222
-1477
-4875
-6458
-5658
-3250
-2139
-2636
-4574
-6634
-5433
-3365
-3618
-4968
-4835
-2656
-1394
-970
-788
-2110
-3039
-1873
1282
3863
3017
1189
1434
2956
3561
4054
5400
5113
3454
4127
6163
5988
4211
4053
5220
4790
3413
2652
1940
906
376
400
-75
-1748
-3555
-3864
-3144
-3050
-4298
-5405
-4658
-2835
-791
36
-2190
-4849
-4751
-1960
1602
3541
3501
1341
-276
1723
3978
4222
4290
4541
4482
3947
3756
2306
-1414
-2314
523
2732
2821
-117
-4231
-6872
-6248
-2864
-1175
-2143
-4064
-6635
-6607
-4036
-2991
-4136
-5268
-3916
-1864
-1398
-1140
-1593
-3158
-2760
169
3102
3104
1075
1057
2715
3730
4369
5039
4950
3472
3409
5980
6806
5010
4092
4673
4981
3849
2637
2247
1232
480
572
439
-759
-3124
-4230
-3308
-2663
-3289
-4798
-5372
-4453
-2896
-355
95
-3163
-5600
-4319
-846
1794
3032
3097
978
99
2452
3956
3818
3694
4394
4812
4163
3367
906
-2233
-1779
1165
3130
2224
-1580
-5400
-7263
-5677
-2597
-1740
-2937
-5213
-7010
-6113
-4499
-4365
-5018
-5033
-3650
-2198
-1630
-2205
-3590
-3317
-1367
780
2728
2723
982
707
2724
4257
4220
4915
5350
3858
4045
6199
6455
5124
5146
6163
5333
3533
2632
1669
1110
1305
1088
405
-1187
-3239
-4141
-3303
-2539
-3929
-5222
-4370
-3328
-1866
240
-804
-4633
-5901
-2721
1030
2490
3480
2973
243
521
3559
4876
4330
4189
5377
5279
3943
2951
639
-1318
-138
2506
3979
1668
-2886
-5915
-6258
-3914
-1920
-1976
-3322
-6098
-7357
-5468
-3923
-4750
-6267
-5179
-2579
-1689
-2080
-2949
-3915
-4141
-2342
1708
3487
1352
196
1794
3020
2994
4209
5660
4349
3861
6228
7090
5187
3945
4915
5760
5289
4499
2782
1091
949
1328
1553
980
-1232
-3757
-4118
-2818
-2913
-4664
-4925
-4101
-3369
-1243
290
-2314
-6013
-5348
-1044
1723
2376
3063
1487
-910
757
4199
4883
3639
3970
5325
4576
3148
2171
17
-1279
377
3277
3669
-158
-4773
-6697
-5570
-3091
-1708
-1812
-4012
-7734
-8021
-4642
-3326
-5492
-6564
-4494
-3173
-3690
-2824
-2550
-4701
-4623
-594
2583
1795
506
1255
1792
2188
4083
5037
4249
3728
4842
6542
6694
5458
4494
4917
6129
5908
4287
2996
1461
568
1235
1968
709
-2219
-3404
-2998
-3106
-3422
-4018
-4822
-5010
-3323
-87
307
-2973
-5466
-4535
-1585
877
2712
3788
1818
-573
1569
4826
4640
3551
5033
6731
5057
3274
3197
981
-1421
823
4820
4461
-458
-4234
-5335
-5384
-3492
-583
-564
-4186
-8039
-7708
-4794
-4305
-5589
-5438
-4034
-3649
-3967
-2990
-3258
-5250
-4175
-296
1973
1496
488
356
824
2530
4522
4783
4470
4380
4467
5785
7192
6265
4261
4629
6340
5560
3734
3357
2538
935
889
1817
797
-2052
-3360
-3009
-3165
-3825
-4450
-4925
-4831
-3297
-543
-274
-3492
-5404
-4129
-1513
780
2595
3450
1045
-713
2170
4354
3583
3819
5608
5667
3742
3656
3468
-211
-1526
2017
4572
3119
-698
-3555
-5355
-5746
-2791
-99
-1454
-5359
-8087
-6648
-4349
-4785
-5786
-5843
-5130
-4311
-3599
-3012
-4343
-5768
-3905
-531
1616
1208
-542
-712
600
2372
4095
4567
4146
3401
3970
6395
6898
5087
3951
4973
6689
5778
3826
2926
1279
266
1297
2809
1788
-2162
-3915
-3148
-3346
-3621
-3572
-3736
-3897
-2617
-47
-939
-4469
-5208
-3118
-516
1694
3360
2873
-185
-381
3085
4372
4062
4883
5849
5109
3693
3616
2199
-557
174
3594
4882
2512
-1642
-4430
-5120
-3871
-959
393
-1751
-5903
-8404
-6016
-3212
-3775
-4949
-5178
-5095
-5292
-4273
-2156
-2956
-4824
-3310
-624
401
-17
-66
873
1823
2914
3782
3952
3992
3347
4402
7293
7304
4611
3658
5638
6153
4282
4321
4667
2025
283
1577
2531
314
-2525
-2555
-2369
-3522
-4048
-3932
-4030
-4103
-2415
270
-932
-4807
-5587
-3313
-938
980
3105
3314
65
-765
2204
3901
4101
5046
6300
5643
3392
2480
1552
-166
774
3565
5031
2466
-2471
-4786
-4441
-3036
-950
162
-1694
-6474
-8819
-5183
-2760
-5051
-6687
-5061
-3979
-5468
-4842
-2337
-4514
-7161
-3125
1678
630
-2244
-782
975
-447
1477
5734
4966
1623
2437
5999
6381
4464
4963
5618
5218
5318
4975
4017
2148
962
1812
2888
2517
-606
-3551
-3172
-2887
-3385
-2932
-3234
-5176
-5632
-1865
917
-2136
-5210
-4495
-3335
-1982
1492
4667
2542
-1470
89
3904
4080
3709
5485
6384
4570
3677
4449
2554
-399
784
4328
5397
2586
-1303
-3438
-4413
-3536
-508
1012
-1929
-6600
-6973
-4029
-4085
-5902
-5639
-4941
-5449
-4760
-2750
-3891
-6428
-5261
-2255
-534
433
268
-1330
-1312
1505
3587
3371
3416
3434
3195
5013
7433
6783
4129
4528
6698
6474
4890
3824
2313
1195
2024
3358
2560
-517
-3004
-3644
-2799
-2164
-3070
-4372
-4529
-3252
-1201
-634
-2777
-5468
-5675
-2725
860
2887
2727
86
-1432
842
3799
5018
5049
4976
4848
4482
4607
3765
1305
240
2083
4818
5227
1644
-2366
-4127
-3667
-1462
581
248
-3793
-8093
-6851
-3254
-3469
-5852
-6424
-5133
-5052
-5020
-3094
-4020
-7205
-5891
-1113
1195
-705
-1901
-777
-544
824
3944
4763
2862
1677
3953
6763
6365
4848
4115
4942
6313
6070
5007
3295
1129
904
2629
3810
1817
-2195
-3816
-3314
-2842
-2726
-3411
-4848
-5803
-3864
-158
-534
-4768
-6613
-4988
-2316
721
3356
2607
-1281
-1973
2136
4908
4637
4571
4952
4619
4493
4965
3700
535
-89
3017
5754
5012
675
-3347
-4572
-3379
-737
1232
-197
-5092
-8643
-6398
-2920
-3594
-5740
-6031
-5528
-6060
-5364
-2847
-3581
-6380
-4980
-900
555
-1076
-1388
336
438
1182
4114
4930
2832
1796
4633
7391
6527
5561
5727
5684
5561
5212
5033
4202
2465
1953
2420
2423
594
-2114
-2589
-2157
-3111
-3608
-3731
-4791
-5462
-3311
-36
-1264
-5228
-5932
-4217
-2328
719
3502
2838
-389
-543
2777
4331
4500
5413
5902
5576
5284
4994
3328
765
889
3704
5756
5037
801
-3285
-4092
-3032
-1178
332
-680
-4918
-8722
-6778
-2944
-4079
-6834
-6103
-4667
-5731
-6016
-3116
-3251
-7401
-5857
550
1136
-2448
-1661
1414
263
-232
4806
6034
1278
1116
5976
7891
5283
4402
5894
5080
4486
5540
5357
3494
1122
919
2748
2849
529
-2397
-3087
-2694
-3822
-3883
-3350
-5352
-7084
-4682
-26
60
-4671
-6144
-4205
-3167
-925
3364
4787
716
-1613
2802
5368
3494
4349
7113
7025
4937
5016
5018
998
-894
3034
6221
4997
682
-2792
-4570
-5110
-2656
514
-530
-5330
-8888
-7457
-4456
-4916
-6104
-5745
-6314
-7420
-6002
-3009
-3037
-5745
-4903
-1503
-1057
-1153
461
1310
847
1605
3887
4003
2675
3803
5773
7195
7526
6211
4983
4811
5720
5936
5251
4688
2726
592
1180
2267
1255
-1108
-2450
-2944
-4435
-5135
-4380
-5071
-6225
-4554
-628
445
-3456
-6251
-5153
-3373
-615
3787
5781
2576
-644
1660
4887
4822
5948
8425
8294
5990
5187
5059
2295
306
2979
6034
5547
1884
-2172
-4442
-5044
-2847
105
-339
-4515
-8862
-9343
-6650
-4810
-4549
-5155
-6513
-7726
-8029
-6417
-3922
-3204
-3767
-2589
-425
-1044
-2751
-578
2738
2638
2605
5029
4956
2359
3292
7008
7450
5553
5924
6640
5192
4024
4233
4085
3207
2278
1743
1391
463
-1811
-3217
-2449
-2843
-5086
-5687
-5251
-6664
-6531
-1620
1761
-2020
-6150
-5249
-3641
-2415
2073
6345
4335
289
1439
4329
4278
5134
8070
8969
6979
5497
4840
2549
440
1570
4672
5948
3089
-1853
-4737
-5370
-4444
-2197
-682
-3342
-8605
-9959
-7094
-5866
-6111
-5230
-5188
-7385
-8246
-6245
-4919
-4744
-3380
-1508
-683
-792
-1275
-944
964
3078
3867
4712
5876
4875
3667
5435
7224
6036
5437
7357
7650
5044
3627
3454
2553
1995
2759
2898
900
-1703
-3486
-3817
-3447
-4116
-5303
-5640
-6307
-7203
-5515
-1133
515
-2387
-4563
-3635
-2647
-1430
2635
6335
4942
2106
3439
5538
4936
5766
9282
10046
6863
5356
5769
3561
673
1995
5207
5003
1564
-1424
-3487
-5472
-5407
-2927
-1903
-5012
-8681
-8975
-7526
-7260
-7146
-6538
-7077
-8187
-7292
-5083
-4217
-4455
-4092
-2565
-670
245
456
1161
2049
2521
3350
5658
6887
5728
5382
6661
7019
6056
6300
7371
6440
4686
4103
3292
2144
1495
1557
1503
328
-1534
-3732
-4909
-4958
-5648
-6362
-6077
-6448
-7167
-5540
-1631
-338
-3177
-4922
-3708
-2465
-274
4090
6719
4816
2397
4155
6417
6361
7556
9615
9106
6957
6237
6102
3746
1108
2018
4135
3991
1303
-2149
-4597
-5908
-5594
-4030
-3594
-6046
-9525
-10393
-8551
-7334
-7513
-7419
-7358
-7981
-8029
-6480
-4674
-4304
-3929
-1742
310
-69
-753
642
2613
3237
4440
6991
7354
5203
4776
6659
7360
6792
7130
7759
6072
3737
3160
3035
2387
1774
1683
1059
-998
-3229
-4596
-5002
-5084
-5725
-6128
-5912
-6473
-7321
-5689
-1332
390
-2475
-4033
-2670
-1956
-362
4524
8303
6081
2681
4584
7197
6747
7619
10258
10177
7097
6363
7233
4594
1127
2162
4796
4430
1271
-1648
-3971
-6603
-7015
-4483
-3302
-6098
-9779
-10500
-9220
-8802
-7728
-6419
-7372
-8824
-8165
-6278
-5122
-3949
-2204
-1821
-1189
1014
1309
323
2169
5050
5642
6238
8360
7442
4183
5264
8705
8425
6819
7053
6540
3832
2571
3791
3560
1617
275
-148
-779
-2691
-4986
-5712
-5774
-6459
-6863
-5917
-5953
-8051
-7278
-2044
784
-1702
-4023
-2953
-1958
-868
4095
8740
6744
2539
4314
8105
7617
7092
9838
10585
7440
6366
7713
5209
733
1241
4643
4706
1180
-1984
-4507
-7360
-7669
-4841
-3239
-5938
-10249
-11541
-9957
-8698
-8012
-7486
-8082
-9494
-8664
-5425
-3744
-4053
-3945
-3064
-1066
1086
1876
1636
2308
4378
5447
6534
8353
7135
4498
5886
9184
8575
5493
5329
5987
3925
3455
4894
3341
-520
-2059
-507
-278
-2494
-4582
-6387
-7287
-7068
-6375
-5623
-6364
-8189
-7721
-3407
918
1
-3362
-3728
-2292
-257
4051
8530
8115
3971
4052
8307
8997
7966
9684
10836
8737
7283
8427
6817
2099
1110
3978
4782
2402
-1269
-4496
-6998
-7333
-4937
-3450
-5387
-9309
-12048
-11134
-8924
-7624
-6816
-7233
-8439
-8579
-7174
-5329
-4342
-2929
-1291
-368
1184
1603
511
1506
4588
6990
7798
8489
8085
4987
4321
7623
8626
7082
6727
7035
4960
2137
2346
2884
1353
295
198
-895
-3636
-6381
-6709
-5781
-5446
-6141
-6832
-7042
-7903
-7612
-3434
1134
323
-3532
-3730
-1231
-131
2370
7461
8941
5058
4470
8828
9249
6455
7986
11342
10081
7369
8074
7115
1980
75
3415
5360
2578
-1710
-4250
-6172
-7230
-6168
-4456
-5284
-9394
-12216
-10107
-7649
-8702
-10027
-8951
-8098
-8081
-5925
-3227
-4243
-6302
-4437
-99
2430
2261
1842
2244
3230
4653
6901
8828
7581
4800
5625
8685
8435
5756
4980
5494
4380
3780
4584
2980
-1359
-3342
-1367
19
-2079
-5047
-6702
-7774
-7660
-6560
-5701
-6433
-8565
-8328
-4402
-143
280
-2511
-3635
-2190
-350
2878
7095
8447
5962
4878
8193
9664
7655
8020
10749
11048
9178
8882
8079
3403
266
2917
5417
3496
-629
-3656
-5736
-7350
-6623
-4502
-5116
-8769
-11606
-10996
-9212
-8918
-8482
-7743
-8353
-8950
-7941
-6048
-4607
-3579
-2120
-787
857
1718
768
1638
5127
6854
6559
7700
8188
5344
4227
8064
9860
7030
5904
6827
5125
2524
2840
3473
1158
-999
-573
-970
-3273
-5240
-5782
-5673
-5975
-6577
-6807
-6999
-7704
-7461
-4242
-49
-30
-3074
-3926
-2361
-497
2481
7209
9210
5847
3818
6654
8270
7331
8635
11511
10791
7787
7658
7310
3139
934
3681
5603
3272
-796
-3273
-5623
-7311
-5810
-3684
-4701
-8648
-11537
-10711
-9186
-8886
-8272
-7832
-8543
-8948
-7328
-5425
-5192
-4796
-3010
-952
1146
2121
1094
1119
3589
5635
6219
7552
7919
5039
4105
7803
9416
6302
4637
5783
5008
2942
3542
3759
191
-2815
-1798
-499
-2136
-4684
-5930
-6654
-7404
-7171
-6070
-6008
-7658
-8072
-4565
-154
-306
-3556
-4298
-2413
-614
2466
7260
8588
4601
2929
6824
8957
7686
8652
11045
10017
7326
7561
7290
3264
1278
4214
5882
3197
-972
-3420
-5161
-6286
-4986
-3200
-4677
-8884
-11427
-10068
-8233
-8297
-7736
-6777
-7826
-8831
-7452
-5730
-5095
-3578
-882
62
104
1012
712
1160
4654
7456
6916
6065
6402
5499
4783
7747
9476
6751
4981
5641
5249
3176
2544
2877
1179
-459
-229
-900
-2988
-5183
-6259
-5632
-4933
-5416
-6566
-7273
-7313
-6722
-3444
379
-658
-4379
-4931
-1939
866
3447
6881
7232
3693
3036
6644
8767
8380
8861
10177
9208
7177
6937
6137
3156
2083
4120
5358
2909
-1360
-3939
-5086
-5173
-4015
-3193
-4817
-8634
-11040
-9321
-6964
-7191
-8192
-8017
-7631
-7966
-7128
-4621
-4025
-5167
-3377
502
1541
185
590
2638
3348
4133
6668
7462
5300
4209
6140
7985
7132
5487
5151
4963
4552
4271
3741
2291
-386
-1732
-658
-141
-2131
-4794
-5923
-5994
-6106
-5755
-5251
-6397
-7733
-6407
-2363
-119
-2370
-5116
-4481
-2164
317
3801
6469
4766
1296
3005
7257
7979
7258
8136
8697
7408
6883
7426
5227
1620
2146
5036
5350
2335
-1477
-4224
-5488
-4502
-2453
-2791
-5603
-8842
-10136
-8391
-6451
-6872
-7962
-7539
-6850
-7416
-6998
-4567
-3997
-4517
-1883
1225
489
-978
900
3265
3802
5065
6784
5791
4279
5194
7041
7687
6964
5821
5203
5374
5545
4274
2747
2289
1109
108
479
-71
-2988
-5415
-4690
-3599
-4656
-5263
-5347
-6838
-7462
-4212
222
-585
-4501
-5010
-3271
-2020
987
5531
6144
2094
1297
4829
6166
6037
7800
9054
7293
5901
6939
6249
2807
1670
4059
5932
4481
820
-2177
-4403
-5218
-3277
-992
-2317
-6637
-9413
-8425
-6854
-6259
-6096
-6549
-7422
-7751
-6575
-4691
-3792
-4305
-4116
-1658
387
-276
-175
1805
2495
2697
4637
6454
5141
3843
5272
6789
6766
6315
5574
4687
4258
4233
3854
3093
2254
461
-660
-56
-677
-3373
-4768
-4071
-4296
-5553
-5418
-5225
-6710
-6203
-2329
93
-2446
-5629
-5047
-3030
-1194
2286
5400
3770
195
1178
4896
5846
5801
7249
7723
5770
5041
6081
4595
1476
1763
4970
6077
2785
-1130
-3182
-4319
-3875
-1575
-521
-3696
-8369
-8997
-6517
-5400
-5475
-5397
-6037
-7301
-7279
-5574
-4174
-4108
-4035
-2723
-198
557
-988
-453
1924
2712
3131
5648
7014
4263
2695
5340
6657
5396
5517
6367
5272
3474
3527
3874
2833
1628
963
457
-141
-1714
-3583
-3588
-3096
-4138
-5200
-4755
-5009
-6516
-4743
-141
-2
-4155
-5393
-3116
-2217
-1056
3611
5980
2013
-258
3161
5109
4239
5678
8474
7284
4164
4786
5586
2530
894
3602
6201
4490
570
-1539
-3092
-4153
-2708
-138
-643
-5126
-8158
-6427
-4783
-5749
-5978
-4820
-5530
-7037
-5509
-3243
-3932
-5038
-2961
-269
-186
-501
398
781
1113
2623
4645
5264
4400
4093
4607
5206
5561
5270
5293
5401
4676
3862
3006
2390
1830
1170
1142
690
-844
-2710
-3855
-3357
-3214
-4167
-4590
-4793
-5657
-5791
-2833
243
-1479
-4741
-4644
-3067
-2120
504
4258
4201
872
1035
3691
3865
3742
5779
7138
5733
4660
4992
3533
796
1116
3730
4938
3390
-223
-3268
-4472
-3838
-2189
-1105
-2273
-5699
-8354
-6989
-4817
-4624
-4786
-4640
-5340
-6660
-6129
-3630
-2592
-3161
-2437
-664
-69
-962
-254
1993
2416
2348
4162
5752
4566
2838
3709
5026
4643
5108
6280
5419
3087
1823
2565
3048
2416
1762
665
-740
-2021
-2773
-2660
-2800
-3815
-4439
-4220
-4013
-4169
-2984
-360
-493
-3319
-4154
-2709
-1608
-156
3161
4562
1958
960
3081
3762
3530
5057
6898
5896
3919
3876
3241
971
806
3123
4802
3407
-18
-2493
-3917
-3921
-2184
-436
-915
-4326
-7149
-6118
-4587
-5005
-4902
-3493
-3549
-5957
-6024
-3248
-2914
-3961
-1713
1077
-155
-1860
243
2195
1430
2353
5058
5213
3637
3638
4502
4152
3738
4973
5962
5444
3998
2269
1422
1691
2239
2488
2025
426
-2110
-3555
-2800
-2293
-3009
-3463
-3467
-4078
-4728
-3167
-343
-197
-2634
-3951
-3004
-1724
-654
1955
3849
1892
374
2383
3719
2917
3298
5374
5311
3326
3272
3431
1036
-645
1285
3900
3396
189
-2208
-3587
-4481
-3660
-1535
-894
-3713
-6923
-6049
-4274
-5211
-5840
-3960
-2711
-4343
-5069
-2935
-2657
-4483
-2988
675
1135
-782
1
2318
1505
819
3458
5314
4233
3575
4530
4329
2416
2451
4626
5701
4851
3001
1492
809
645
1439
2511
1755
-965
-3137
-3183
-2862
-3480
-3448
-2812
-3189
-3829
-2560
-90
-138
-2461
-3335
-2106
-886
333
2541
3662
1380
43
2634
4455
3661
4046
5626
4729
2674
3070
3579
1263
-339
1269
2869
2322
564
-1396
-3403
-4404
-3144
-1490
-1341
-3091
-5724
-6180
-4517
-4198
-4897
-4214
-2860
-3560
-4981
-3508
-1712
-2654
-2390
455
1521
-481
-798
2307
3487
2181
2942
4834
4227
2902
3975
5591
3981
2143
3876
5597
4426
2327
1636
1446
532
845
2459
1768
-1259
-3301
-2825
-2016
-2751
-3468
-3109
-3255
-4006
-3253
-201
1437
-1231
-3800
-2736
-895
-395
1505
4519
3156
-581
939
4707
4013
2677
4972
5897
2744
1705
3824
2316
-1477
-679
2585
2640
74
-1624
-3083
-4899
-4623
-2479
-1651
-3269
-6042
-6975
-5011
-3912
-4855
-4870
-3578
-3546
-4751
-4095
-2169
-2392
-2769
-777
1152
620
-526
635
2782
3106
2769
3631
4751
4128
2914
4034
5125
3057
1993
4331
5539
2869
427
1167
1389
151
926
2077
207
-2868
-3657
-2366
-2473
-3678
-3601
-2883
-3084
-3334
-1187
1565
334
-3068
-3059
-318
774
1140
3779
4351
637
114
4092
5264
3424
4150
5807
3727
1314
2703
3051
-92
-1253
1378
2699
268
-2180
-2973
-4272
-4958
-3206
-1382
-2489
-5961
-7109
-4508
-2993
-4217
-4638
-3562
-4110
-5368
-3129
26
-1132
-2855
-598
1591
489
-39
2423
3806
2793
3389
5176
4605
2870
3344
5267
5419
3854
3336
4056
3961
2605
1815
1958
1286
-157
-36
1069
88
-2434
-3073
-2164
-2768
-4232
-3836
-2479
-2949
-3462
-781
1834
32
-2958
-2389
-182
290
1352
4554
4463
619
393
3804
4453
3086
4512
6312
3718
956
2226
2393
-372
-943
1437
2242
-314
-2678
-3459
-4627
-4776
-3366
-2323
-3128
-5848
-7475
-5994
-4158
-4326
-5080
-4213
-3076
-4014
-4031
-1826
-1287
-2476
-1637
1624
2574
66
231
3455
3764
2567
4221
5916
3686
1747
4704
6446
3310
1780
3748
4115
2051
1231
1941
880
-1027
-650
495
0
-2130
-3756
-3298
-3040
-4055
-4381
-3086
-2671
-3768
-1852
1944
812
-3316
-2944
244
709
1145
5100
5709
603
-128
4453
5215
3129
5100
7680
4421
984
2554
2820
-464
-748
2351
2776
-505
-3015
-3647
-4793
-4836
-2973
-1933
-3465
-6576
-7644
-5365
-3575
-4452
-5137
-4074
-3872
-5360
-4427
-1120
-954
-2610
-938
2075
1480
-614
1320
4362
3697
3251
5411
5762
2975
2278
5590
6998
4593
3379
4717
4633
2152
1158
2365
1777
-563
-634
1057
286
-2935
-3850
-2236
-2683
-4495
-3923
-2521
-3381
-3704
-116
2090
-1278
-4162
-1995
609
664
2505
5655
3523
-764
1233
5266
4230
2735
5658
7269
3452
1274
3000
1602
-1652
245
4149
2867
-1910
-3518
-3609
-5196
-4677
-1263
-616
-4675
-7898
-6479
-4375
-5217
-5645
-3827
-2733
-4144
-4869
-2963
-2573
-4385
-2555
2062
2833
76
-368
1776
1797
1846
5036
6805
4446
2486
3878
5095
3969
3475
4602
4921
4022
2614
1354
423
-82
307
1029
747
-1210
-3626
-4067
-2980
-2900
-3517
-3408
-3591
-4483
-2941
760
713
-3273
-3980
-767
459
632
3517
4471
438
-613
3951
5556
2499
2452
5851
5354
2555
3027
3165
-740
-2585
1491
4693
1634
-2650
-3565
-4184
-5399
-3799
-434
-1239
-6342
-8417
-5144
-3008
-4393
-4956
-3434
-3752
-5605
-4291
-1066
-1383
-3649
-2006
1911
2005
-480
434
3335
3187
2561
5217
6877
3781
1362
4435
6930
5007
3690
5110
4959
2164
1438
2857
2129
132
431
1109
-467
-2765
-3054
-2152
-2755
-3638
-3575
-3616
-4239
-3616
-658
1028
-1195
-3676
-2889
-690
660
2406
4397
2796
-205
1208
4555
4614
3188
4134
5337
3932
3178
3897
1846
-1626
-1080
2863
3938
547
-2556
-3595
-4785
-4928
-2247
-72
-2802
-7260
-6827
-3541
-3798
-6066
-5200
-2955
-3703
-4601
-1985
-1110
-4652
-4974
520
3516
823
-102
2342
1997
468
3742
7335
5159
2264
4075
6237
4827
3744
4829
5106
3783
2963
2817
1687
6
-129
1152
1382
-870
-3757
-4036
-2830
-2933
-3509
-3251
-3885
-5802
-4561
84
979
-3011
-4433
-1750
-502
-191
3125
4814
470
-1812
2792
5676
3480
2929
4930
3996
1942
3640
4577
562
-2294
64
2877
2187
-292
-2346
-4178
-5221
-4055
-1771
-1352
-4294
-7325
-6367
-3853
-3526
-4361
-4169
-4024
-5267
-5069
-2146
-1108
-2567
-2373
43
1410
269
330
2604
3291
2769
4167
6143
5024
2455
3238
5858
5839
4966
5604
5577
3390
1430
2112
2864
1658
903
841
-268
-2322
-3494
-2642
-1975
-2859
-3763
-4086
-4692
-4586
-2129
469
-628
-3450
-3326
-1494
-340
1552
3796
2935
478
1113
3598
3850
3422
4517
4913
3664
3228
3617
2028
-370
-161
1962
2590
1098
-1123
-3129
-4100
-3865
-2769
-1733
-2537
-5186
-6313
-4720
-3602
-4648
-5307
-4106
-3569
-4276
-3228
-1327
-1909
-3327
-1748
1380
1422
317
1904
3595
2737
2464
4787
5793
3796
3627
6118
6428
4767
4467
5340
4749
2969
2545
2543
1510
807
698
371
-749
-2785
-3876
-3360
-2814
-3394
-4401
-4345
-4828
-5724
-3435
-146
-932
-3901
-3849
-1458
-641
194
3178
3476
359
298
3322
4281
3260
4086
5431
3847
2349
3102
2635
351
-326
1122
2194
705
-1733
-3220
-4138
-4394
-3583
-2062
-2156
-5325
-7248
-5315
-3855
-4834
-5431
-4206
-4175
-5460
-3832
-1069
-1854
-3552
-1758
886
708
438
2627
3521
2136
2793
5258
5395
3882
4567
6421
6184
5337
5795
5758
4638
3887
3732
2971
1655
1179
1144
477
-718
-1836
-2767
-3508
-3658
-3283
-3624
-4541
-4196
-2320
-1169
-2398
-3674
-3241
-2704
-1593
1487
3808
1779
-1113
651
3391
2932
2996
5194
5096
2425
2407
4229
2350
-871
263
3101
2814
304
-1113
-2342
-4134
-3992
-1550
-291
-2659
-6093
-6502
-4458
-3634
-4270
-4121
-3696
-4961
-5591
-3089
-1145
-2573
-3728
-1320
978
57
-12
2319
2831
1702
3170
5859
5065
2611
3464
5918
6353
6235
6573
5854
4038
3027
3897
4328
3171
1737
839
479
-424
-1583
-2079
-2513
-3241
-3388
-3222
-3202
-3031
-2254
-2129
-3674
-4534
-3286
-1990
-885
1073
1985
-86
-1551
557
2498
2217
2676
4170
3576
1855
2178
2939
877
-1158
196
2358
1794
-338
-1677
-2860
-4226
-3825
-1510
-856
-3686
-6666
-5726
-3445
-3917
-4872
-3659
-3508
-5800
-5606
-2073
-1433
-4038
-3230
123
160
-1270
249
2419
2070
1947
4128
5269
3784
2681
3971
5889
6135
5702
6368
6466
4678
3186
4015
4726
3111
1980
2471
1602
-1076
-2285
-1595
-1748
-2806
-2822
-2767
-4035
-4520
-2561
-809
-2403
-4882
-4647
-3036
-1782
397
2351
793
-1778
-510
2425
2744
2424
3572
3556
2153
2615
3859
2048
-919
-605
1885
2527
1099
-661
-2550
-4169
-3717
-1168
206
-1842
-5251
-6047
-4349
-3759
-4228
-3437
-3036
-4579
-4821
-2315
-1488
-3729
-4024
-1171
425
26
443
1554
1343
1220
2987
5003
5023
3888
3819
4914
5776
5924
6497
7095
5866
3939
3661
4330
4154
3481
3291
2378
229
-1534
-1662
-1216
-1428
-2146
-2589
-3106
-3778
-2945
-1342
-2118
-4494
-4720
-3031
-1935
-499
1290
196
-2239
-880
2121
2206
1561
2757
2957
1381
1932
3495
1675
-1224
-628
1432
1570
258
-886
-2312
-3914
-3558
-1610
-644
-2312
-5196
-5795
-3992
-3230
-4020
-3913
-3443
-4846
-5713
-3000
-883
-2738
-3969
-1809
-217
-1125
-644
1590
1723
864
2383
4549
4121
2839
3412
4530
4976
6057
7377
7286
5738
3921
3139
3692
4639
4494
3379
2123
375
-1453
-1559
-694
-1054
-2409
-3104
-3069
-2469
-1344
-1755
-3872
-4997
-4135
-3031
-1565
830
570
-2667
-2819
429
1525
551
1543
2985
1413
388
2698
2823
-1089
-2415
844
2831
859
-879
-1052
-2803
-4234
-2126
650
-524
-4462
-5507
-3127
-1827
-2780
-3467
-3484
-4680
-5811
-3433
17
-836
-3837
-3266
-926
-1149
-1447
1006
2351
906
1315
3840
4032
2285
2570
4656
5742
6087
6619
6651
5892
5134
4955
5318
5562
4741
3502
3230
2856
1108
-278
-251
-338
-1208
-1525
-1629
-2495
-2236
-667
-1241
-3636
-4108
-3375
-3410
-1899
1272
725
-2942
-2594
282
268
-144
2074
2876
209
-392
2271
1938
-1718
-1961
1059
2022
266
-721
-1106
-3229
-4407
-1935
697
-751
-4632
-5451
-3088
-2542
-3440
-2850
-2342
-4394
-5958
-3518
-934
-2232
-3633
-2047
-843
-1709
-1592
464
1217
487
1372
3201
3437
2711
2725
3862
4972
5429
5873
6341
6082
4756
3817
4621
5482
4836
3861
3423
2397
380
-768
-32
401
-658
-1610
-1831
-2778
-3536
-2045
-690
-2096
-3939
-3834
-3234
-2837
-1072
570
-860
-2301
-888
186
-318
235
1930
1793
597
1396
1768
-566
-2007
-391
1551
1371
33
-805
-2398
-3819
-2807
-826
-438
-2719
-4730
-3950
-2831
-3156
-3431
-2995
-3412
-5027
-4739
-2286
-1877
-3143
-2663
-1134
-1047
-1653
-668
919
1113
1225
2531
3626
3410
2737
3143
4600
5673
6333
6953
6997
5847
4279
4299
5706
6171
5192
4174
3195
1569
-79
-59
720
307
-880
-1478
-1143
-999
-1689
-2667
-3214
-3246
-3102
-2528
-897
-72
-1988
-3124
-1113
95
-941
-519
1708
1493
-462
417
1879
-97
-1972
-207
1865
985
-608
-442
-930
-2393
-1919
-117
-157
-2662
-4607
-3760
-1630
-1265
-2194
-2663
-3343
-4728
-4572
-2303
-1332
-2973
-3531
-1929
-1142
-1653
-1577
-708
-177
368
1788
2814
2189
1057
1192
3206
5261
5722
5570
5393
4579
3870
4400
5892
6071
4552
3872
3814
2575
979
923
1179
219
-416
89
-599
-1962
-1535
-1118
-2232
-2999
-2371
-2442
-2971
-1504
-367
-2009
-2462
-763
-947
-2131
-731
1357
501
-729
300
151
-2327
-2506
18
1011
-135
-896
-1041
-2130
-2886
-1583
41
-395
-2690
-4092
-2874
-1850
-2415
-2440
-1778
-2774
-4404
-3204
-1320
-2529
-3769
-2074
-836
-1606
-1329
-123
-646
-1126
575
2244
2119
1936
2145
2262
3071
4636
5485
5472
5605
5152
4149
4550
5731
5366
4585
4709
4266
2410
1336
1664
1566
780
392
357
42
-16
-53
-1217
-2642
-2626
-2043
-1819
-979
-54
-1441
-3173
-1959
-594
-1266
-1462
164
392
-1047
-761
348
-1061
-2951
-1441
1184
1059
-697
-1312
-1691
-2697
-2026
581
1331
-1178
-3966
-3656
-1944
-1419
-1149
-481
-1300
-3678
-4235
-2188
-1025
-1874
-1790
-899
-1313
-2406
-2040
-765
-346
23
1286
1886
1196
451
813
2305
3636
4214
4714
5028
4294
3198
3593
5129
5471
4858
4607
4154
2758
1584
1925
2334
1492
564
223
-424
-668
319
925
-694
-2634
-2885
-2686
-2407
-904
297
-1370
-3089
-2129
-1338
-2151
-1595
225
-32
-1490
-1049
-686
-2864
-3749
-1358
582
-35
-1070
-1573
-2870
-3721
-1874
490
462
-1494
-3342
-3269
-2126
-1565
-1210
-982
-1888
-3526
-3293
-1020
-992
-2491
-1723
-564
-1579
-2084
-579
-425
-1629
-191
2273
1775
695
1202
1403
1355
3179
5344
4966
3865
4069
3856
3508
4608
5516
4759
4001
3928
3219
2002
1760
2012
1478
1219
1237
599
70
230
16
-920
-1484
-1456
-1723
-1743
-670
-477
-1718
-2043
-1177
-1412
-2118
-1274
-150
-667
-1337
-859
-1217
-2635
-2525
-705
316
-318
-1355
-2015
-2447
-1917
-504
130
-378
-1757
-2802
-2128
-342
237
-1108
-2038
-2055
-2419
-2084
-225
409
-1407
-2210
-833
-384
-1256
-782
291
15
115
1400
1547
472
263
1443
2744
3857
4463
3764
2948
3147
3526
3835
4851
5186
3697
2616
3270
3245
1910
1749
2600
1880
387
195
293
-251
-132
532
-62
-1676
-2308
-2111
-1627
-586
-242
-1427
-2269
-2049
-2127
-2269
-1199
-170
-945
-1594
-1256
-1839
-3658
-3527
-1259
118
-392
-1493
-2475
-3640
-3539
-1489
275
82
-1556
-3114
-2727
-1150
-337
-604
-931
-1236
-2152
-2192
-421
-127
-1881
-1872
51
134
-1131
-862
-248
-829
-284
1850
2328
786
-97
468
1432
2703
3984
4252
3444
2706
2335
2605
3764
4353
3584
3106
3348
2713
1376
1202
1600
1303
1049
1561
908
-690
-681
380
140
-948
-879
-844
-1636
-1200
193
-492
-2042
-1623
-854
-1593
-1611
-191
-301
-1692
-1373
-880
-2453
-3253
-1600
-339
-1005
-1395
-1391
-2539
-3030
-1343
47
-278
-1191
-1992
-2129
-1084
-73
-343
-1060
-1145
-1338
-1313
-153
364
-795
-1635
-786
125
-134
-230
234
229
203
968
1675
1287
437
550
2140
3648
3961
3587
3346
2858
2335
3051
4245
4051
2986
3104
3551
2548
1450
1630
1602
906
1165
1896
922
-427
190
770
-621
-1428
-639
-753
-1456
-437
751
-1171
-3038
-1962
-1090
-1839
-1264
291
-590
-2838
-2650
-1478
-2515
-3233
-1638
-346
-1260
-2436
-2415
-2454
-2929
-2099
-381
-187
-1514
-2533
-1862
-751
-653
-552
-347
-542
-964
-1011
-382
285
-119
-833
-620
231
-4
-1100
-272
1435
929
98
1105
1482
-284
-745
1871
3293
2101
2150
3358
2580
876
1556
3423
3298
2075
2350
2890
1587
242
845
1991
1378
184
541
810
-950
-1785
642
2233
53
-1937
-940
-613
-1874
-377
2382
633
-3065
-2436
-80
-992
-1712
638
1007
-2141
-2906
-690
-1136
-3436
-2463
181
-288
-2323
-2361
-2049
-3022
-2776
-204
1039
-1092
-3102
-2254
-614
-646
-914
89
82
-1708
-1685
572
739
-1378
-1286
892
828
-827
-178
1289
482
-49
1950
3006
928
-533
925
2539
2748
3303
4015
3113
1651
1718
2983
3314
2591
2381
2815
2580
1442
761
904
708
477
1277
1781
213
-1429
-369
1306
708
-530
-404
-737
-1756
-656
1805
993
-2093
-2352
-719
-744
-1001
332
290
-1969
-2570
-776
-383
-2193
-2629
-1226
-715
-1396
-1574
-1656
-2621
-3036
-1464
148
-522
-2190
-2437
-1256
-416
-293
-118
-221
-1077
-1510
-261
988
-49
-1539
-791
439
-217
-692
719
1194
-151
113
1833
1262
-650
-144
1780
2324
2337
2724
2158
886
887
2184
2909
2700
2113
1332
1015
1269
1219
826
658
663
394
205
137
-762
-1324
51
1704
1345
-417
-1417
-1556
-1383
87
1825
913
-1779
-2419
-901
-234
-511
-51
-153
-1619
-1764
-340
-710
-2675
-2894
-1176
-367
-937
-1424
-2204
-3334
-2817
-621
691
-404
-2309
-2490
-1221
-221
-150
-136
-462
-1302
-1053
548
824
-891
-1424
-236
450
318
746
908
-21
-86
1193
1659
852
367
691
1540
2737
3219
2416
1469
1386
1617
2061
2933
3038
1641
832
1449
1474
495
360
1254
1050
208
316
368
-761
-978
1054
2366
907
-832
-716
-479
-518
649
1873
571
-1507
-1021
455
206
-628
-98
411
-381
-738
-310
-1104
-2748
-2526
-241
783
-665
-2016
-2237
-2485
-2414
-755
781
-599
-2867
-2474
-681
-360
-685
-16
162
-1105
-1674
-561
-256
-1317
-882
880
914
-484
-758
-202
-422
-34
1736
2234
540
-556
106
855
1574
2623
2730
1614
841
848
1021
1533
1978
1732
1296
1162
564
-421
-268
625
784
408
366
-63
-1426
-1637
325
1790
971
-165
-294
-747
-1611
-540
1499
1046
-699
-515
335
-866
-1937
-286
1110
-6
-760
-201
-1201
-3350
-2770
98
633
-899
-1308
-1312
-2702
-3177
-839
757
-613
-1815
-833
-191
-1138
-1310
-225
-193
-1079
-560
473
-310
-1666
-1130
328
477
174
487
295
-520
-163
1284
1439
331
37
933
1552
1831
2379
1960
631
241
1471
2375
1839
1314
1256
709
199
673
1376
903
171
569
891
140
-549
-426
-202
295
1455
2098
780
-944
-1217
-740
151
1640
1977
309
-997
-509
-112
-380
563
1414
528
-504
-246
-372
-1916
-2003
-112
716
29
-616
-1342
-2460
-2569
-741
752
66
-1083
-1536
-1339
-1029
-796
-581
-677
-869
-715
-424
-518
-976
-1094
-319
504
573
-92
-740
-594
151
993
1221
861
321
-2
557
1909
2370
1291
618
1342
1791
1300
1253
1508
700
-149
737
1771
835
-570
-387
276
96
-59
242
-207
-1433
-1108
894
1807
429
-1139
-1247
-993
-580
736
1724
402
-1507
-1167
247
198
-133
512
446
-451
-630
-177
-858
-1954
-1118
493
414
-690
-1279
-1780
-2244
-1485
161
449
-937
-1699
-1208
-966
-1138
-629
-102
-679
-1323
-858
-497
-1047
-1125
-316
36
-323
-421
-112
-176
-51
570
874
546
83
138
676
1253
1445
1318
1206
1054
620
509
1025
1321
886
674
1039
694
-148
-39
592
418
108
468
356
-731
-1188
-428
204
758
1332
968
-468
-1267
-592
186
843
1568
1151
12
-96
620
656
399
870
1048
492
397
770
96
-842
-549
359
608
243
-301
-1090
-1530
-976
21
365
-90
-900
-1289
-1137
-786
-665
-616
-515
-753
-1138
-1137
-1016
-1207
-948
-79
260
-189
-441
-344
-262
122
686
733
402
140
342
841
1360
1501
1148
914
867
672
722
888
745
616
844
1084
565
-71
-274
-228
15
411
421
-134
-691
-890
-625
234
1086
804
-374
-791
-550
-328
129
1159
1447
565
92
317
258
-95
326
1219
1231
462
81
-226
-972
-1062
148
1058
215
-988
-1175
-1201
-1389
-882
3
-458
-1893
-1997
-1043
-902
-1425
-1256
-909
-1514
-1972
-1343
-917
-1366
-1353
-478
-212
-672
-690
-361
-399
-319
303
618
286
0
332
754
860
1016
1099
746
450
708
1116
787
332
645
761
202
44
407
133
-542
-68
740
-21
-1015
-557
-213
-735
-29
1571
1215
-622
-789
141
-97
-1
1836
2377
514
-305
869
1129
319
1296
2628
1526
220
821
1167
-63
-382
967
1436
406
-24
88
-685
-1444
-893
139
-32
-901
-1050
-963
-1410
-1761
-1344
-894
-1318
-1644
-965
-743
-1574
-1740
-697
-227
-584
-244
169
-606
-1023
114
828
295
63
608
696
691
1222
1375
672
302
890
1245
1064
918
721
452
478
671
655
261
-53
-99
-64
98
104
-319
-625
-517
71
670
814
312
-378
-360
256
737
1063
1246
797
533
1097
1569
1126
744
1032
1138
965
1198
1132
175
-365
177
607
434
120
-522
-1437
-1673
-959
-442
-641
-1100
-1826
-2305
-2042
-1733
-1853
-2042
-1908
-1798
-1921
-1917
-1868
-1974
-1761
-1055
-516
-516
-962
-1065
-740
-324
119
299
259
210
496
945
1191
1014
619
589
947
1230
1045
719
514
415
588
929
934
219
-448
-308
196
342
43
-337
-640
-601
-167
536
817
318
-339
-213
536
801
696
902
1244
1107
1177
1542
1273
596
707
1589
1973
1561
1266
951
357
235
808
1023
222
-584
-609
-453
-588
-585
-664
-1165
-1720
-1540
-973
-1054
-1499
-1731
-1796
-1904
-1792
-1423
-1340
-1471
-1198
-811
-746
-778
-737
-680
-518
-37
246
159
45
280
616
918
1223
1179
799
707
1020
1184
1117
1077
973
612
683
952
605
63
119
321
216
128
186
-173
-767
-568
61
335
313
268
256
95
8
287
726
1027
1125
1207
1309
1191
823
671
1121
1477
1410
1480
1505
913
158
264
630
246
-243
-131
-124
-686
-1084
-938
-988
-1600
-1663
-1321
-1509
-2159
-2362
-1883
-1755
-2158
-2096
-1757
-1968
-2233
-1706
-951
-1024
-1324
-1085
-827
-870
-615
-90
82
12
264
671
834
928
909
751
834
1062
1071
1136
1223
1021
582
650
944
555
127
347
580
210
-72
-112
-262
-472
-244
162
219
-45
-255
-42
365
462
324
521
710
697
930
1429
1348
623
549
1340
1637
1456
1560
1520
621
105
798
1092
381
-17
185
-131
-724
-703
-612
-1117
-1448
-1002
-991
-1675
-1956
-1792
-1825
-1926
-1605
-1362
-1738
-2047
-1648
-1193
-1102
-1083
-874
-800
-901
-702
-174
-19
-142
196
635
682
597
795
958
840
1105
1496
1473
1124
1014
1179
1106
957
961
866
686
508
347
227
84
52
83
99
-12
-98
-183
-128
67
266
454
444
458
526
534
751
1057
1165
1182
1186
1306
1340
1314
1445
1421
1146
954
914
1043
925
426
147
60
-154
-342
-270
-376
-968
-1494
-1356
-1214
-1481
-1549
-1647
-2062
-2422
-2177
-1833
-2064
-2128
-1892
-1895
-1902
-1600
-1367
-1401
-1271
-896
-686
-482
-221
-88
-122
79
481
568
585
713
857
856
899
1177
1248
927
693
774
704
522
440
432
332
187
215
133
-143
-348
-250
-16
65
-20
-65
-208
-276
30
368
523
484
484
613
675
1001
1250
1051
1022
1214
1365
1163
1048
1068
833
748
983
926
329
-136
-174
-94
-166
-250
-543
-1076
-1377
-1321
-1296
-1449
-1638
-1790
-1861
-1863
-1789
-1919
-1976
-1729
-1418
-1304
-1210
-1155
-1351
-1238
-592
65
181
-91
-75
135
353
659
1070
1343
986
822
1301
1479
1126
1065
1461
1430
1138
1199
1167
629
333
641
822
546
303
72
-5
37
96
82
29
-111
-270
1
321
232
89
294
441
398
526
747
663
659
988
1112
916
901
894
631
640
957
960
583
371
414
191
-84
6
-149
-515
-671
-565
-626
-868
-1077
-1283
-1538
-1597
-1438
-1272
-1327
-1604
-1614
-1537
-1482
-1498
-1454
-1237
-967
-696
-367
-283
-505
-474
-138
245
530
608
509
419
565
771
892
943
1003
985
872
798
784
689
543
578
715
643
375
166
31
11
51
103
-18
-261
-377
-364
-322
-298
-262
-197
-168
-217
-170
-38
0
40
208
484
398
275
415
519
420
410
573
378
11
72
319
204
-22
-87
-264
-630
-594
-236
-315
-868
-1131
-1103
-1295
-1398
-1057
-974
-1368
-1415
-1120
-1169
-1386
-1153
-837
-887
-795
-403
-243
-449
-330
142
321
265
391
676
663
638
960
1217
1116
982
1071
1062
932
1036
1222
1134
947
838
784
652
553
577
534
385
182
52
-79
-181
-128
49
66
-64
-86
-87
-158
-133
139
326
356
383
398
277
215
437
633
647
648
746
635
400
417
614
661
595
569
462
107
-163
-43
21
-151
-311
-455
-748
-958
-980
-838
-841
-955
-1099
-1252
-1251
-1191
-997
-867
-864
-883
-890
-798
-619
-443
-270
-134
20
57
70
126
170
253
446
697
800
617
547
647
683
713
740
819
733
508
388
379
227
117
193
214
16
-325
-376
-217
-323
-440
-376
-331
-528
-675
-427
-289
-406
-308
-41
-40
-150
56
291
260
293
544
620
436
476
559
596
669
752
625
400
293
243
153
137
194
-71
-365
-532
-598
-637
-684
-651
-749
-982
-1043
-968
-1107
-1230
-1195
-1083
-1006
-950
-860
-850
-933
-803
-474
-356
-324
-289
-218
-206
-72
298
597
575
488
575
563
484
582
832
865
640
602
634
501
368
353
382
220
141
268
221
3
-175
-158
-139
-137
47
257
142
-69
-47
107
158
217
400
569
509
561
803
849
697
685
948
1063
1018
1081
1035
731
673
869
863
695
580
440
191
41
25
-96
-206
-206
-330
-549
-662
-752
-866
-915
-861
-841
-1002
-947
-833
-874
-872
-740
-604
-688
-774
-594
-474
-514
-475
-340
-178
-224
-117
119
54
-9
102
187
228
238
258
264
84
55
165
62
-4
-44
23
-28
-192
-164
-188
-376
-332
-163
-89
-212
-286
-180
-163
-92
151
370
312
214
296
423
401
523
870
932
841
823
908
844
820
936
953
786
561
489
418
278
237
204
76
-102
-253
-331
-405
-454
-529
-645
-721
-804
-985
-1082
-1018
-942
-926
-931
-887
-951
-1077
-981
-749
-625
-626
-634
-537
-545
-456
-115
68
-20
-99
20
30
-38
44
231
234
75
113
162
-54
-164
-8
113
8
-118
-61
-140
-266
-198
21
65
-69
-72
-25
-11
11
244
427
456
460
499
577
661
838
1092
1226
1222
1200
1119
1048
1125
1278
1355
1297
1173
994
782
785
863
840
672
457
384
256
127
163
60
-172
-258
-313
-447
-610
-628
-593
-657
-613
-532
-652
-932
-951
-769
-698
-703
-670
-594
-662
-598
-437
-422
-553
-538
-340
-213
-231
-264
-297
-446
-394
-262
-245
-305
-417
-458
-470
-414
-379
-385
-446
-430
-402
-396
-333
-304
-380
-435
-297
-91
-64
-60
77
41
34
268
561
699
799
921
902
754
774
1045
1148
1171
1169
1181
1014
754
825
922
819
690
613
495
311
258
322
361
197
28
-59
-181
-368
-474
-409
-393
-444
-462
-434
-706
-982
-890
-691
-621
-609
-583
-736
-856
-765
-563
-531
-544
-510
-530
-502
-495
-534
-598
-506
-443
-496
-584
-661
-752
-826
-635
-424
-465
-599
-733
-793
-835
-641
-375
-277
-341
-401
-337
-214
-92
74
217
293
303
402
603
710
784
938
1102
1094
1054
1190
1261
1242
1326
1445
1442
1295
1296
1306
1110
1023
1158
1168
954
866
907
751
489
455
523
415
246
211
144
2
-74
26
-57
-272
-347
-297
-242
-226
-252
-254
-346
-423
-462
-383
-325
-368
-386
-406
-364
-478
-509
-527
-551
-554
-665
-707
-716
-864
-866
-754
-625
-723
-984
-953
-940
-919
-780
-657
-736
-867
-830
-667
-560
-488
-286
-204
-205
-143
101
278
239
333
511
588
627
735
846
857
888
983
973
997
994
910
927
984
971
872
817
830
779
705
718
724
568
439
445
432
277
173
223
107
-60
-75
-80
-189
-324
-260
-148
-231
-390
-370
-390
-469
-483
-385
-433
-619
-631
-617
-714
-767
-727
-768
-820
-822
-846
-954
-1055
-1081
-1063
-1033
-1073
-1113
-1109
-1068
-1093
-1037
-882
-802
-807
-756
-678
-615
-594
-395
-211
-172
-46
147
303
292
318
485
610
678
758
844
792
746
802
950
1040
986
1011
1043
991
957
940
905
838
853
923
890
768
717
704
642
630
612
615
561
578
541
482
450
417
406
439
516
418
345
302
228
187
193
258
156
93
-17
-102
-96
-204
-211
-290
-407
-513
-587
-714
-734
-784
-906
-894
-913
-965
-1057
-1036
-995
-1044
-1046
-944
-947
-946
-861
-695
-603
-604
-485
-358
-299
-210
-48
36
55
78
208
325
375
408
472
522
538
620
671
600
539
556
584
681
705
729
649
577
538
517
543
589
579
514
456
462
487
420
484
568
488
388
449
446
377
279
344
376
233
209
145
68
-10
-39
-18
-93
-231
-366
-435
-524
-623
-711
-769
-834
-937
-959
-1002
-1141
-1234
-1266
-1232
-1238
-1265
-1189
-1174
-1188
-1124
-1044
-983
-913
-790
-693
-695
-667
-490
-424
-351
-253
-92
33
48
141
208
248
245
299
446
427
379
439
522
462
496
590
522
458
510
589
511
432
487
643
692
694
693
687
628
626
787
932
903
848
902
895
798
782
890
939
848
823
864
706
482
512
529
456
398
348
229
-45
-195
-176
-185
-253
-342
-401
-602
-838
-896
-863
-893
-966
-909
-943
-1035
-1041
-1002
-948
-974
-866
-752
-705
-653
-613
-518
-461
-383
-235
-135
-146
-78
39
111
110
126
141
173
230
260
299
263
274
263
263
248
182
155
226
247
234
254
250
308
351
357
402
445
399
478
570
638
654
632
711
739
702
778
754
688
669
683
746
655
605
556
478
343
265
238
89
-98
-141
-196
-324
-468
-540
-573
-753
-847
-876
-933
-1043
-1089
-977
-1077
-1173
-1159
-1080
-1088
-1098
-965
-936
-911
-852
-731
-595
-565
-520
-419
-346
-309
-241
-89
-19
15
11
50
82
12
29
15
25
-29
20
69
-3
22
-13
23
30
6
38
82
179
233
208
243
290
333
394
489
557
631
696
747
768
755
822
862
904
937
918
860
827
823
865
814
710
680
618
494
389
347
251
95
8
-57
-138
-267
-358
-394
-437
-531
-513
-519
-579
-621
-642
-575
-526
-553
-586
-549
-544
-484
-333
-172
-174
-193
-154
-120
-49
2
96
95
35
22
46
47
-2
-5
47
85
-1
-53
-121
-205
-205
-171
-139
-198
-254
-245
-190
-133
-80
-33
19
82
122
233
283
316
342
480
538
545
662
683
730
697
727
721
699
702
680
676
554
480
430
372
287
216
157
38
-106
-188
-247
-356
-422
-492
-561
-686
-774
-751
-721
-696
-718
-726
-714
-715
-740
-659
-580
-617
-515
-401
-336
-321
-303
-244
-217
-208
-121
-93
-82
-72
-63
-74
-102
-61
-64
-106
-133
-173
-266
-290
-274
-318
-375
-354
-304
-366
-376
-278
-294
-369
-283
-153
-105
-80
-2
123
117
154
297
446
528
566
646
665
650
657
777
817
822
821
761
717
646
616
587
545
465
418
346
242
156
104
100
54
-25
-135
-288
-311
-333
-353
-351
-350
-340
-332
-336
-305
-241
-276
-174
-117
-62
-3
8
60
91
129
235
337
291
250
261
286
275
207
234
232
86
80
113
66
-38
-120
-94
-125
-179
-175
-192
-223
-262
-252
-188
-204
-227
-146
-98
-91
-71
61
196
148
225
352
356
311
350
423
414
409
487
495
447
393
366
356
290
231
139
88
80
-1
-90
-150
-199
-278
-289
-337
-428
-482
-526
-464
-496
-515
-458
-470
-480
-426
-325
-322
-338
-300
-231
-201
-129
-92
-46
10
27
69
74
69
41
38
67
9
-25
-9
-73
-173
-170
-131
-194
-281
-279
-264
-337
-350
-363
-364
-437
-425
-382
-329
-310
-275
-199
-147
-122
-49
100
136
160
173
238
322
307
405
465
423
410
401
440
377
381
391
321
228
187
160
105
45
-37
-25
-90
-191
-195
-261
-345
-380
-389
-382
-394
-392
-315
-276
-274
-210
-212
-131
-104
-57
4
7
35
119
250
280
266
321
333
288
373
452
462
432
439
401
341
282
247
286
195
191
185
86
20
-45
-19
-35
-68
-72
-96
-151
-153
-114
-61
-46
7
63
68
136
159
187
229
278
307
330
347
323
331
340
354
450
419
394
369
311
291
240
216
137
16
-33
-69
-130
-157
-227
-222
-218
-294
-303
-346
-360
-351
-274
-271
-280
-280
-297
-207
-176
-77
-77
-85
-26
5
23
60
104
98
70
76
143
111
97
74
59
31
-21
20
-6
-103
-160
-182
-201
-279
-317
-343
-419
-443
-419
-412
-402
-385
-389
-376
-285
-222
-194
-159
-165
-99
-64
5
37
59
86
83
80
130
126
117
182
157
157
168
88
14
-17
-34
-34
-74
-155
-215
-270
-314
-366
-376
-386
-361
-356
-331
-308
-322
-314
-301
-243
-242
-162
-83
-8
22
46
118
134
149
215
288
346
367
395
409
378
359
397
405
403
420
373
320
286
238
208
190
167
97
39
12
-83
-75
-97
-63
-34
-31
17
-23
3
36
40
43
116
140
154
155
163
269
257
288
273
242
266
282
277
294
285
219
201
167
117
92
95
81
24
-54
-89
-168
-222
-228
-226
-212
-221
-251
-254
-240
-228
-199
-190
-156
-109
-59
22
13
30
40
51
141
177
217
235
226
241
197
169
179
201
183
198
187
144
108
26
-20
-22
-36
-83
-89
-128
-172
-230
-275
-279
-263
-284
-297
-260
-251
-303
-297
-248
-183
-107
-58
-29
-53
-80
-68
-22
2
25
16
26
16
18
13
-21
-40
-73
-53
-92
-163
-171
-178
-199
-199
-270
-290
-379
-412
-401
-436
-414
-367
-384
-365
-388
-343
-266
-275
-201
-160
-134
-40
17
90
107
161
209
218
241
290
320
308
391
355
347
336
303
325
328
342
318
320
294
233
191
178
169
114
91
56
26
-3
22
16
5
34
61
77
46
56
63
122
169
174
173
163
159
154
178
211
258
175
183
137
62
74
73
91
12
0
-20
-117
-184
-177
-149
-202
-261
-293
-311
-325
-340
-280
-210
-237
-262
-213
-224
-203
-120
-74
-38
4
68
74
75
150
237
246
234
295
317
309
304
313
325
306
302
319
279
221
162
138
142
115
66
34
-8
-47
-17
-50
-111
-158
-180
-184
-176
-112
-94
-83
-61
-72
-75
-55
-18
39
55
42
40
59
64
57
83
62
53
30
-4
-39
-80
-100
-162
-215
-211
-273
-333
-336
-355
-393
-402
-356
-381
-430
-444
-449
-432
-390
-356
-336
-362
-354
-301
-228
-193
-162
-146
-81
-30
24
103
132
174
156
160
184
154
156
147
161
183
193
177
185
158
110
116
147
150
57
31
-9
-51
-55
-66
-71
-69
-41
-39
-38
21
58
66
79
86
118
143
201
227
249
265
284
284
270
297
285
303
285
252
238
185
167
132
107
95
60
62
9
-30
-45
-84
-92
-105
-169
-165
-234
-234
-189
-176
-128
-147
-179
-176
-117
-72
-39
-4
24
33
70
138
154
150
187
204
198
209
244
225
250
230
218
196
150
137
106
101
25
31
46
53
9
-66
-50
-46
-65
-45
-47
-85
-67
-63
-41
6
8
39
31
26
66
94
82
132
186
190
173
162
157
131
112
88
98
96
36
-27
-9
-39
-121
-111
-114
-147
-170
-193
-235
-297
-333
-338
-360
-391
-378
-365
-384
-381
-357
-306
-284
-296
-278
-252
-234
-196
-167
-127
-98
-73
4
12
-30
-8
-17
1
29
54
20
-52
-61
-82
-97
-119
-110
-103
-120
-143
-145
-151
-157
-173
-171
-170
-180
-180
-166
-146
-105
-65
-43
-30
-32
0
50
78
62
150
159
183
215
243
272
243
276
277
288
261
274
231
230
219
190
198
158
126
98
92
50
72
59
33
8
-10
-11
-36
0
31
22
40
81
88
94
123
130
137
159
165
202
161
164
171
185
183
161
174
182
212
234
206
106
80
69
20
12
26
10
14
5
-40
-26
-52
-54
-21
-65
-88
-71
-77
-66
-32
-12
28
29
43
61
80
104
107
157
193
215
228
214
218
221
190
217
198
181
184
147
59
70
28
-47
-53
-108
-124
-111
-116
-196
-214
-238
-230
-244
-222
-236
-248
-259
-253
-230
-221
-251
-280
-227
-212
-186
-157
-163
-151
-149
-135
-122
-129
-102
-121
-165
-146
-122
-126
-150
-161
-158
-162
-202
-243
-229
-234
-269
-265
-262
-291
-326
-303
-262
-291
-249
-232
-202
-167
-156
-122
-96
-69
-30
20
9
50
78
124
166
191
207
226
216
220
252
241
229
239
252
233
193
200
151
141
141
123
145
85
72
69
65
40
30
55
44
20
24
14
28
58
39
49
45
84
117
129
173
159
205
201
165
169
165
162
152
149
155
140
108
80
37
35
-26
-32
-58
-72
-98
-96
-117
-144
-113
-138
-161
-176
-148
-132
-79
-76
-76
-36
-2
20
30
53
94
144
115
170
172
172
207
211
233
220
258
221
192
205
234
221
190
182
164
148
127
107
116
71
16
-5
-16
-28
-57
-39
-19
-35
-50
4
-29
-6
-8
25
39
4
46
22
22
-4
-8
-23
-69
-15
-32
-75
-52
-73
-88
-112
-107
-107
-161
-179
-189
-218
-283
-310
-321
-341
-350
-370
-353
-338
-333
-340
-359
-315
-260
-253
-222
-223
-196
-189
-177
-153
-123
-83
-51
-34
5
23
24
56
73
51
36
65
32
51
75
78
66
19
17
14
-23
-19
6
-3
17
-15
10
25
-48
-15
-32
-26
20
12
13
35
30
71
95
96
145
164
167
149
158
188
178
177
176
148
160
178
148
138
131
124
102
64
51
16
-15
-4
-29
-39
-51
-70
-62
-77
-127
-81
-70
-81
-101
-91
-74
-72
-37
8
19
5
16
88
71
68
129
124
142
174
222
173
181
225
212
212
228
236
221
200
206
205
179
151
109
85
56
61
35
51
79
30
0
-29
-13
36
-3
44
60
38
29
13
57
38
48
36
32
26
29
51
73
66
41
59
55
37
58
17
-6
-8
-54
-58
-92
-131
-149
-195
-210
-201
-249
-276
-292
-301
-259
-263
-259
-293
-317
-299
-280
-284
-257
-222
-196
-170
-200
-160
-168
-167
-112
-90
-90
-63
-109
-60
-40
-38
-38
-48
-25
-71
-71
-57
-69
-64
-50
-44
-76
-79
-54
-103
-97
-59
-48
-45
-33
2
-14
6
47
44
58
63
94
117
131
148
147
146
131
131
146
155
135
120
131
113
105
84
96
56
64
100
36
39
39
17
6
-11
-35
-51
-59
-10
-22
-50
-32
-16
5
-25
-6
7
39
23
46
76
97
127
142
155
119
162
173
184
163
184
209
158
177
183
180
155
137
138
121
100
106
98
50
27
43
55
50
46
48
43
39
24
1
26
33
55
76
92
98
60
42
57
86
103
103
109
87
83
54
21
32
-2
-14
7
3
-39
-73
-80
-103
-110
-106
-107
-127
-134
-160
-184
-192
-181
-141
-144
-156
-157
-138
-140
-111
-102
-121
-92
-90
-72
-89
-101
-62
-55
-53
-27
-26
-40
-89
-93
-41
-79
-59
-57
-37
-94
-108
-90
-99
-123
-125
-97
-136
-148
-169
-123
-151
-127
-107
-116
-102
-60
-59
-90
-90
-83
-70
-81
-41
-18
-32
-18
-10
5
20
-9
-16
-1
20
3
31
28
44
21
23
6
-32
-17
-56
-56
-51
-40
-54
-38
-66
-75
-111
-82
-43
-53
-51
-46
-19
-28
-3
-9
23
31
41
95
97
126
141
157
184
156
178
177
142
160
191
195
219
204
203
207
163
192
156
139
151
135
82
87
84
85
63
65
77
63
117
132
83
123
98
77
129
132
136
117
120
139
152
161
181
138
139
131
163
138
88
72
68
52
40
34
21
7
-8
-15
-54
-89
-61
-45
-74
-79
-103
-69
-138
-144
-118
-115
-99
-82
-57
-44
-62
-74
-25
-42
-21
19
14
-11
-10
26
48
10
20
22
13
13
-32
-25
-41
-54
-32
-66
-92
-74
-128
-155
-132
-130
-132
-151
-176
-182
-187
-204
-182
-185
-109
-135
-124
-88
-122
-124
-122
-96
-112
-70
-70
-66
-82
-88
-62
-98
-80
-35
-45
-64
-84
-80
-100
-133
-132
-130
-122
-91
-100
-108
-121
-120
-101
-126
-120
-101
-117
-152
-145
-117
-74
-83
-44
-24
-37
-29
-14
25
53
65
74
99
91
101
100
92
89
104
118
127
97
112
122
91
87
59
106
99
90
107
52
29
54
51
44
40
47
47
51
58
83
113
83
94
103
113
134
154
157
180
196
207
224
205
223
210
213
225
225
218
201
208
171
145
154
126
107
107
80
93
34
27
40
24
3
-6
9
9
-2
-3
16
28
34
24
18
-14
8
36
54
60
63
41
43
40
42
47
38
49
50
53
23
1
-17
-41
-74
-78
-87
-101
-123
-138
-153
-165
-165
-176
-166
-191
-231
-222
-189
-186
-179
-167
-162
-124
-131
-97
-77
-118
-86
-62
-49
-57
-35
-35
-57
-58
-75
-69
-61
-65
-73
-64
-62
-99
-112
-105
-126
-198
-203
-183
-192
-161
-171
-171
-153
-159
-131
-131
-162
-128
-109
-101
-89
-45
-19
-27
8
20
29
49
65
96
107
120
108
113
113
118
132
133
150
134
98
64
76
47
45
54
23
18
4
-14
-29
-16
-34
-20
-51
-57
-47
-32
4
-37
-50
-16
23
22
48
70
96
93
77
95
85
79
78
76
65
100
119
105
71
76
76
52
39
38
35
41
35
49
38
28
54
48
62
58
106
69
79
94
95
108
110
108
116
163
159
146
142
188
196
187
196
218
184
184
191
172
153
135
111
125
94
66
88
39
15
12
3
-44
-74
-21
-52
-97
-100
-110
-130
-163
-143
-105
-135
-135
-141
-132
-149
-146
-119
-149
-146
-117
-77
-86
-103
-82
-73
-64
-77
-107
-126
-114
-136
-132
-123
-132
-129
-148
-150
-178
-165
-158
-179
-145
-163
-163
-176
-161
-156
-137
-112
-86
-63
-58
-43
-16
-17
-30
35
43
77
91
125
134
105
118
129
104
124
140
139
129
79
91
71
58
87
61
21
20
24
31
-11
-6
-3
-50
-48
-42
-64
-96
-72
-59
-78
-67
-44
-26
-31
-39
-28
-22
-33
-21
-8
-2
1
-6
36
31
-1
-23
-13
-7
-5
-4
-20
-15
-56
-55
-48
-64
-66
-68
-70
-87
-106
-105
-96
-89
-61
-28
-3
3
1
41
58
50
95
103
122
150
179
206
201
215
224
213
217
245
223
254
252
228
218
215
198
179
194
183
147
115
130
105
72
57
50
42
40
33
18
15
-24
-18
-14
-15
-3
-14
1
7
-2
-3
-12
-20
-27
-16
-15
-1
-8
-31
-8
-13
-47
-10
-47
-90
-91
-115
-138
-159
-168
-160
-156
-161
-149
-164
-163
-176
-193
-181
-196
-193
-156
-170
-170
-138
-130
-117
-93
-76
-52
-58
-39
-37
-39
-28
-32
-24
-7
0
8
31
38
23
29
43
12
28
6
5
19
26
9
-5
3
9
20
12
-6
-57
-52
-40
-32
-44
-41
-53
-34
-18
-3
12
6
14
-7
16
5
11
14
1
36
42
20
0
0
-18
-41
-54
-36
-20
-39
-58
-38
-43
-85
-83
-74
-86
-71
-82
-80
-53
-79
-56
-43
-54
-43
-13
-8
16
29
50
71
71
82
106
103
122
144
144
158
155
202
183
161
179
173
167
151
168
174
163
147
137
114
119
89
77
102
95
84
85
84
89
80
82
94
68
49
58
71
75
84
65
88
83
57
63
67
76
51
55
55
33
14
32
18
-12
-31
-27
-52
-82
-73
-78
-92
-108
-92
-108
-133
-140
-152
-157
-154
-141
-125
-132
-134
-151
-112
-107
-130
-76
-60
-78
-68
-52
-23
-43
-18
8
18
25
25
33
42
38
41
17
5
7
-29
-20
-24
-34
-46
-70
-65
-82
-68
-73
-85
-71
-88
-112
-108
-108
-117
-80
-82
-86
-79
-86
-74
-59
-43
-29
-54
-50
-59
-46
-50
-32
-22
-34
-19
-10
-27
-15
1
-34
-34
-49
-57
-62
-72
-59
-63
-57
-56
-37
-51
-59
-61
-53
-43
-41
-30
-18
-15
-10
3
8
4
42
47
47
86
113
104
107
121
119
118
113
117
121
114
139
167
139
144
147
146
141
130
138
124
112
82
97
80
75
71
59
85
73
71
57
47
46
58
43
39
69
72
57
66
73
57
67
69
48
62
70
46
50
45
41
33
28
12
7
-7
-31
-30
-18
-51
-61
-53
-60
-61
-74
-49
-69
-92
-81
-61
-55
-54
-34
-19
-38
-54
-52
-40
-30
-24
23
24
16
27
35
31
22
31
33
21
15
30
11
4
-9
-3
-1
-19
-19
-21
-31
-47
-64
-62
-51
-73
-59
-70
-64
-54
-77
-66
-70
-76
-69
-86
-88
-76
-76
-52
-40
-65
-29
-25
-40
-20
-22
-39
-47
-41
-35
-42
-61
-37
-53
-77
-73
-82
-73
-71
-81
-74
-78
-88
-64
-63
-56
-64
-67
-50
-45
-59
-33
-45
-48
-30
-42
-15
-33
-9
13
7
15
31
23
20
29
25
44
38
59
76
51
49
32
17
2
10
14
0
7
25
15
18
18
29
27
41
53
56
73
62
74
71
65
74
79
94
116
118
121
141
139
123
121
120
128
116
118
123
102
87
84
84
84
69
52
56
45
44
32
43
42
25
30
16
6
1
12
7
5
-12
-14
-1
5
-12
-4
9
1
12
3
5
9
9
13
-6
0
14
7
-6
-20
-9
-17
-24
-28
-39
-32
-46
-54
-53
-58
-61
-65
-74
-70
-74
-68
-68
-68
-67
-58
-47
-45
-19
-39
-55
-43
-40
-45
-41
-28
-39
-32
-15
-34
-16
-15
-33
-48
-53
-32
-46
-56
-39
-28
-34
-25
-40
-60
-60
-66
-68
-58
-63
-62
-61
-62
-54
-44
-18
-42
-45
-43
-19
-19
-15
-6
-24
-27
-23
-10
-9
-1
-3
8
11
7
23
26
15
10
-5
-1
2
3
3
-4
4
-11
-11
-11
-8
-8
1
-9
-6
-2
-4
9
-1
13
19
26
27
15
19
32
28
42
44
30
39
51
50
36
43
59
64
58
74
63
54
69
53
66
63
55
57
60
56
45
36
33
47
36
33
52
44
47
48
49
54
62
57
54
71
60
40
31
42
59
35
51
58
49
47
26
27
30
38
40
37
35
29
15
12
-2
-11
-15
-30
-32
-32
-36
-44
-58
-59
-61
-64
-59
-65
-64
-66
-66
-47
-38
-37
-34
-30
-29
-33
-15
-21
-30
-23
-33
-32
-46
-48
-38
-42
-50
-37
-44
-59
-55
-69
-64
-54
-55
-60
-71
-60
-72
-72
-66
-67
-53
-53
-57
-43
-37
-37
-24
-19
-10
-19
-7
2
5
16
17
29
37
34
25
35
24
23
33
29
30
29
12
5
-6
2
-1
-18
-13
-8
-4
-6
-5
9
-11
-11
-12
-11
-11
-26
-24
-21
-24
-17
9
4
4
10
21
25
20
33
33
12
20
32
38
26
28
28
20
9
13
33
26
12
2
24
16
9
-1
-10
-12
-8
-5
-3
-7
0
12
-14
7
22
24
-2
9
28
26
31
47
61
48
64
66
60
52
60
65
50
51
60
61
61
61
58
59
56
51
46
37
32
30
17
19
12
14
7
-1
17
16
7
-1
2
7
9
20
14
4
8
9
10
0
10
3
-1
-4
-6
-5
-7
-5
-17
-33
-36
-42
-43
-44
-46
-49
-51
-43
-53
-59
-63
-74
-91
-100
-94
-80
-79
-79
-64
-73
-67
-62
-55
-43
-44
-29
-30
-26
-18
-16
-10
-7
-6
3
-4
13
20
7
0
-5
4
0
-1
-7
-2
-13
-4
-13
-19
-10
-24
-37
-40
-37
-26
-30
-26
-10
-13
-2
-9
-14
-15
-24
-21
-14
-7
4
5
11
12
15
19
12
9
7
0
-7
-5
-15
-11
-8
-7
-2
1
-2
-7
-6
-4
-15
-24
-20
-19
-16
-16
-18
-9
-14
4
4
0
9
13
25
32
42
45
36
56
74
60
68
79
83
79
83
87
86
67
75
76
68
63
57
63
62
52
49
58
49
35
27
39
21
19
24
24
19
22
24
27
37
32
34
25
34
34
31
36
33
27
40
47
50
50
46
46
26
29
33
17
17
9
0
0
-9
-20
-24
-27
-50
-48
-46
-52
-62
-55
-60
-68
-71
-79
-74
-92
-90
-85
-75
-69
-70
-60
-69
-62
-53
-48
-49
-50
-42
-38
-32
-23
-33
-20
-24
-33
-33
-35
-41
-48
-34
-27
-34
-38
-30
-42
-42
-40
-37
-39
-34
-25
-39
-37
-29
-40
-36
-31
-20
-21
-20
-10
-14
-18
-20
-9
-7
-12
-14
-10
-10
-12
-3
0
-1
1
1
0
-4
8
9
2
-1
1
-1
-14
-5
-4
-8
-2
-1
20
9
7
12
8
23
17
20
26
26
46
47
41
48
45
46
43
48
56
60
63
52
61
62
57
60
54
55
38
40
39
35
26
36
39
24
42
27
20
18
17
28
33
42
33
38
30
18
22
21
12
25
37
33
27
28
29
27
27
27
34
23
34
28
20
17
5
9
14
13
12
9
-3
-1
-6
-17
-16
-11
-15
-13
-18
-20
-16
-23
-18
-16
-11
-18
-26
-13
-33
-30
-23
-18
-15
-19
-20
-15
-14
-21
-9
-5
-1
-10
-8
-8
-27
-29
-32
-35
-39
-27
-30
-26
-28
-31
-23
-33
-29
-21
-22
-31
-26
-29
-32
-29
-29
-22
-35
-33
-23
-20
-25
-26
-25
-34
-30
-31
-34
-23
-34
-25
-30
-35
-29
-33
-29
-21
-29
-39
-31
-38
-33
-37
-34
-27
-34
-31
-28
-36
-34
-17
-25
-29
-25
-27
-22
-11
-5
10
11
2
15
21
28
26
27
25
32
32
35
37
18
21
30
33
41
43
43
36
40
44
29
44
34
29
29
31
37
34
35
32
30
36
36
33
34
24
22
30
41
42
42
38
33
36
38
37
47
45
37
34
29
29
26
20
16
18
22
27
23
26
19
11
10
6
8
7
11
-9
-7
-7
-10
-16
-26
-16
-19
-12
-1
-2
-5
2
-14
-5
2
-3
-4
-6
-1
0
-12
-5
10
-3
-3
-1
-7
-3
-9
-8
-7
-6
-5
-16
-10
-16
-13
-22
-25
-22
-17
-11
-19
-14
-16
-15
-20
-20
-19
-20
-20
-14
-14
-22
-23
-17
-21
-19
-11
-16
-12
-18
-21
-28
-28
-21
-31
-23
-27
-31
-30
-24
-29
-32
-29
-34
-30
-35
-29
-36
-38
-34
-42
-26
-23
-30
-27
-14
-15
-11
-3
-6
-4
-5
4
-2
-1
9
0
1
-5
-1
3
-1
6
3
3
6
5
3
8
2
0
-2
1
0
4
-2
1
13
13
9
10
4
6
10
6
18
24
23
19
21
29
23
27
41
35
36
39
47
49
39
47
47
36
40
45
44
34
34
30
27
30
19
24
26
24
18
24
22
18
14
13
15
16
18
16
18
8
16
14
13
25
27
24
18
23
14
19
16
15
10
1
6
4
5
2
-7
-9
-7
-15
-11
-17
-18
-20
-22
-11
-24
-25
-18
-27
-21
-17
-21
-21
-24
-19
-14
-17
-18
-11
-13
-9
-9
-13
-6
-6
0
-5
-5
0
-2
-6
-10
-10
-12
-14
-18
-18
-22
-23
-16
-20
-23
-25
-23
-26
-37
-30
-33
-33
-28
-36
-36
-37
-46
-42
-47
-41
-31
-31
-32
-32
-36
-29
-24
-26
-14
-10
-9
-11
-15
-16
-14
-12
-16
-19
-10
-5
-18
-14
-10
-9
-13
-7
-2
-7
-5
-2
-3
-2
-1
1
9
-6
-3
10
12
16
17
11
12
13
22
31
33
34
36
42
46
39
36
35
35
44
32
36
35
29
31
40
37
33
32
33
29
24
28
26
14
14
15
13
10
17
23
15
10
10
21
11
7
9
11
10
9
17
17
8
16
22
29
34
33
37
32
21
31
27
19
21
19
16
8
13
14
4
6
6
7
15
-7
-6
0
-5
-9
0
-2
-6
-3
-6
-10
-11
-10
-4
-12
-16
-2
-1
-10
-8
-19
-5
-3
-2
-1
-7
-1
-4
-5
-11
-13
-12
-12
-24
-30
-32
-29
-32
-32
-35
-33
-35
-39
-33
-41
-44
-47
-43
-43
-46
-49
-43
-43
-40
-30
-28
-30
-22
-19
-24
-27
-22
-11
-10
-9
-14
-17
-12
-14
-21
-18
-21
-14
-14
-7
-3
-10
-6
-6
-16
-16
-22
-24
-21
-24
-13
-18
-21
-16
-15
-17
-15
-14
-12
-3
-5
-3
-4
-1
3
-1
3
15
8
16
17
17
27
14
11
14
18
18
16
18
26
19
30
32
26
32
25
28
35
28
40
38
37
41
37
45
38
37
40
41
40
48
51
48
42
37
49
40
36
33
32
28
23
25
25
24
21
30
23
24
19
16
10
10
6
3
-1
-2
-3
-1
3
1
4
-1
-5
-7
-12
-4
4
5
10
2
0
-6
-7
1
-1
-5
-7
-8
-7
-13
-15
-6
-15
-18
-17
-16
-10
-14
-11
-8
-18
-13
-19
-24
-17
-14
-12
-7
-11
-3
-4
-11
-14
-6
-10
-16
-16
-18
-16
-15
-13
-17
-15
-14
-6
-8
-11
-5
-7
-13
-14
-15
-23
-29
-30
-24
-32
-30
-32
-37
-35
-41
-39
-33
-35
-33
-26
-31
-30
-32
-30
-26
-25
-17
-11
-15
-15
-9
-10
-9
-12
-8
-3
-1
-1
0
5
3
9
8
6
4
7
4
4
10
9
6
1
4
1
-1
-6
-4
-4
-3
0
-1
-3
3
1
-1
-1
7
11
8
9
12
13
9
11
15
13
16
21
21
23
22
19
19
19
22
15
11
17
16
15
19
22
18
12
17
20
21
21
21
22
21
18
20
25
23
20
24
27
21
26
24
27
28
26
24
23
24
24
26
17
14
23
11
17
17
18
20
8
13
11
2
10
8
5
2
-4
-3
-3
-3
-5
-12
-1
-4
-8
6
0
2
6
7
7
11
2
-1
3
2
-1
-8
3
-5
-11
-12
-15
-10
-18
-15
-10
-12
-13
-3
-14
-12
-8
-13
-19
-23
-14
-22
-23
-16
-24
-25
-24
-26
-24
-24
-24
-21
-22
-24
-23
-21
-26
-34
-34
-28
-26
-20
-18
-18
-17
-13
-18
-17
-19
-23
-19
-27
-25
-16
-27
-19
-26
-27
-29
-28
-14
-24
-23
-21
-22
-20
-19
-18
-23
-23
-15
-12
-9
-8
-5
-7
-7
-12
-10
-3
-13
-11
-5
-1
-1
-1
9
7
6
16
15
12
23
13
10
13
10
20
19
21
20
12
13
17
21
25
30
26
23
29
30
35
36
37
42
46
41
35
31
33
33
33
36
36
32
28
32
30
29
32
30
33
28
30
29
31
25
17
21
21
21
26
17
21
10
12
17
13
18
14
15
16
18
18
21
10
15
10
9
6
5
5
-8
-10
-8
-9
-16
-12
-13
-16
-22
-19
-14
-23
-26
-17
-20
-26
-21
-27
-28
-35
-33
-24
-34
-29
-25
-28
-31
-37
-21
-25
-30
-27
-24
-30
-30
-19
-22
-19
-28
-21
-23
-19
-22
-19
-13
-14
-17
-16
-16
-18
-9
-12
-13
-10
-10
-10
-7
-3
-2
-4
-8
-9
-6
-10
-8
-11
-15
-15
-15
-13
-16
-16
-13
-17
-18
-17
-15
-12
-10
-7
-5
-4
-6
-8
-5
-2
-4
-4
-2
-3
-2
0
0
2
1
-3
-4
-3
6
11
6
8
13
13
13
13
10
14
10
15
19
13
21
22
17
20
22
20
21
26
27
26
26
24
25
23
24
29
29
32
30
31
26
31
29
33
34
29
31
25
29
28
21
16
16
18
14
13
17
18
16
5
11
15
11
8
11
11
9
16
13
8
6
5
1
0
-1
-3
-2
-9
-5
-2
0
-6
-3
-3
-7
-3
-2
-8
-9
-11
-9
-9
-14
-10
-14
-18
-19
-17
-18
-11
-14
-11
-14
-19
-17
-23
-17
-15
-19
-13
-13
-15
-10
-10
-7
-17
-23
-13
-20
-25
-26
-18
-23
-23
-17
-17
-20
-24
-17
-22
-29
-25
-22
-32
-30
-30
-19
-23
-24
-20
-21
-22
-27
-25
-26
-23
-26
-23
-15
-17
-16
-12
-15
-12
-8
-8
-6
-2
-5
-7
-2
-2
-3
2
0
3
2
2
4
5
4
3
9
5
14
18
18
18
8
15
18
13
20
14
12
18
20
23
21
22
27
18
20
19
17
22
17
23
26
17
19
22
17
18
17
16
18
14
23
25
21
21
22
23
16
13
15
21
18
16
24
23
18
25
26
24
29
28
28
23
23
27
17
14
12
15
17
6
12
17
6
3
6
10
8
6
9
3
3
-1
-4
-1
-3
-2
-8
-8
-5
-7
-13
-9
-8
-9
-12
-16
-11
-8
-9
-9
-6
-10
-18
-25
-19
-20
-23
-22
-17
-16
-15
-10
-18
-18
-19
-19
-16
-20
-21
-22
-17
-26
-27
-19
-19
-25
-17
-18
-23
-18
-20
-12
-18
-14
-13
-21
-19
-16
-18
-19
-20
-10
-11
-16
-16
-16
-13
-20
-18
-11
-15
-18
-17
-13
-18
-21
-13
-12
-10
-10
-9
-7
-2
-4
-3
-2
-6
-6
-5
-6
-9
-5
-5
-10
-13
-1
0
3
8
5
6
-2
1
4
4
3
11
10
9
10
17
16
12
15
14
13
13
15
16
15
14
18
19
18
19
22
24
21
23
24
22
21
16
19
18
18
24
22
20
22
17
15
23
20
13
19
21
17
12
15
20
14
16
18
17
16
18
11
11
8
9
5
5
12
12
2
2
0
6
9
0
7
3
4
8
4
5
4
-2
-2
-6
-8
1
5
-1
1
5
5
3
2
5
2
-5
-3
2
-1
-5
-6
-7
-11
-8
-3
-10
-13
-4
-7
-7
-9
-5
-5
-17
-10
-10
-23
-15
-14
-18
-21
-21
-19
-19
-17
-16
-18
-26
-21
-17
-18
-25
-25
-26
-24
-27
-26
-18
-18
-19
-16
-13
-21
-16
-12
-14
-10
-6
-13
-13
-11
-15
-13
-15
-9
-4
-6
-1
1
-2
-6
-5
-4
-4
3
2
7
6
2
2
-4
-3
-3
3
5
0
5
3
6
4
4
1
4
2
4
5
4
6
6
4
6
5
3
9
6
7
12
11
6
-2
3
0
-5
-6
1
3
-2
1
1
2
-1
0
8
12
13
19
18
15
17
12
9
7
6
14
18
11
13
15
14
16
15
19
13
15
19
20
21
21
20
17
17
14
18
13
11
17
14
10
12
14
11
9
10
10
10
12
10
14
8
12
15
13
13
12
15
13
11
7
11
4
2
4
-1
3
-2
-3
-4
-5
-6
-5
-1
2
3
-3
-1
-2
-8
-9
-11
-12
-14
-17
-17
-23
-23
-20
-24
-22
-19
-18
-16
-19
-21
-26
-24
-19
-21
-22
-22
-19
-24
-25
-24
-21
-20
-24
-26
-31
-27
-27
-27
-24
-24
-26
-22
-23
-22
-23
-22
-24
-23
-17
-11
-14
-23
-16
-13
-13
-11
-9
-6
-9
-8
-4
-4
-3
2
4
4
6
10
13
8
17
16
18
18
14
17
13
12
14
20
19
16
17
15
12
13
15
15
18
20
16
15
19
17
13
13
14
12
10
14
15
17
19
16
20
22
17
18
18
16
16
14
12
14
7
13
17
18
19
21
13
10
13
5
7
8
7
11
10
11
12
8
9
9
8
7
5
6
1
-2
6
4
-2
-3
0
0
-7
-4
-1
-2
-7
-2
0
3
-4
-6
-2
-10
-11
-10
-5
-7
-4
-4
-6
-3
-1
0
-5
-2
-4
-10
-9
-9
-9
-4
-9
-6
-6
-11
-5
-9
-4
-5
-6
-4
-7
-10
-8
-2
-8
-10
-10
-12
-12
-12
-10
-15
-15
-15
-14
-14
-17
-15
-18
-19
-16
-13
-17
-19
-18
-21
-23
-20
-16
-15
-21
-22
-20
-22
-21
-20
-14
-16
-17
-14
-15
-17
-15
-13
-12
-12
-11
-8
-11
-3
3
1
3
3
0
-1
-2
3
6
10
10
6
10
6
7
8
9
9
12
11
14
17
13
12
19
18
23
18
25
27
19
19
19
19
20
21
22
20
20
22
20
20
20
20
16
13
13
21
21
15
15
18
17
11
10
15
10
8
10
13
3
3
5
4
5
4
5
2
4
9
6
-3
1
5
5
7
7
8
5
-2
8
6
8
5
3
7
3
4
13
13
5
6
9
9
4
8
5
-4
-5
0
-1
2
-3
-6
-6
-8
-3
-5
-6
-7
-6
-3
-4
-9
-5
-10
-11
-17
-19
-15
-20
-24
-26
-23
-21
-26
-22
-17
-21
-28
-27
-25
-28
-30
-23
-25
-27
-23
-24
-28
-30
-23
-23
-24
-20
-16
-21
-20
-18
-16
-15
-14
-8
-7
-5
-2
-1
-4
-3
1
0
-1
3
3
11
10
5
11
10
5
4
8
11
10
10
11
9
5
7
8
6
3
7
6
7
10
9
9
1
6
2
1
5
4
0
2
7
1
-2
1
2
-1
0
1
4
4
-3
2
2
-1
1
0
2
5
10
11
10
7
11
9
13
13
8
10
11
8
12
17
15
16
16
20
20
21
20
20
21
20
21
26
27
25
26
25
22
18
23
14
14
16
10
14
9
9
8
2
4
5
0
3
2
8
3
5
6
1
-2
-1
0
-7
-7
-10
-6
-8
-8
-10
-6
-4
-10
-8
-4
-4
-6
-8
-9
-10
-14
-12
-10
-9
-8
-7
-4
-6
-9
-12
-14
-11
-18
-18
-12
-12
-16
-17
-21
-19
-17
-18
-15
-16
-13
-9
-16
-15
-12
-16
-14
-19
-14
-15
-14
-20
-20
-20
-22
-20
-17
-17
-14
-12
-13
-9
-12
-6
-7
-6
-4
-3
-1
-1
-1
-1
1
-5
-3
-1
2
0
-5
6
-3
-2
2
2
-4
-2
-2
-2
0
1
6
-1
0
2
2
4
5
3
4
3
4
7
7
6
5
7
7
4
4
6
10
8
9
14
13
11
14
16
14
17
17
16
9
8
13
12
7
14
16
14
10
14
22
17
18
22
21
22
15
19
20
15
13
17
14
13
17
14
11
9
12
9
6
3
7
4
1
5
-2
-2
-1
-2
2
3
3
-1
1
10
6
6
8
2
0
-5
-1
-2
-5
-2
-3
-6
-3
-4
-5
-11
-11
-14
-13
-12
-11
-9
-9
-13
-10
-6
-9
-13
-11
-9
-11
-9
-7
-11
-14
-17
-15
-9
-11
-11
-7
-6
-2
-6
-2
-4
-5
-5
-4
-4
-6
-8
-4
-7
-9
-3
-5
-9
-10
-10
-4
-11
-8
-6
-9
-7
-9
-6
-6
-11
-11
-5
-6
-5
-6
-8
-5
-8
-2
-2
-10
-6
-9
-8
-12
-14
-9
-8
-6
-8
-2
-6
-5
-8
-11
-5
-8
-7
-5
-9
-9
-9
-6
-4
-5
-2
-1
-4
-4
3
8
4
3
6
6
5
5
8
8
5
9
12
12
11
16
19
16
16
18
17
10
14
12
13
18
18
20
22
15
18
22
12
11
19
15
12
15
16
14
6
7
12
7
12
16
8
8
12
13
7
9
10
10
7
12
14
11
9
7
10
2
-1
7
8
1
6
11
8
10
14
13
11
7
7
8
1
1
7
0
-3
-1
-1
-6
-9
-3
-7
-5
-10
-13
-13
-14
-17
-15
-13
-14
-12
-13
-18
-21
-25
-27
-22
-19
-15
-21
-20
-19
-17
-20
-20
-19
-20
-19
-17
-10
-14
-11
-12
-10
-14
-13
-10
-13
-15
-12
-10
-10
-10
-12
-8
-3
-8
-4
-2
0
-2
-5
2
-2
-2
0
-3
1
-1
-3
1
0
-1
2
1
2
0
-2
2
2
-2
-6
1
1
-2
-6
-6
-4
-5
-3
1
-1
1
1
1
2
2
6
6
1
3
6
3
1
3
7
5
4
7
9
6
5
7
7
9
11
9
9
12
13
6
10
13
15
12
10
11
17
15
18
18
15
17
17
22
18
20
22
21
18
24
20
18
15
17
17
15
16
17
14
10
8
12
13
7
4
4
5
2
-1
-5
-2
-5
-8
-5
-8
-5
-2
-7
-3
-2
-2
-3
-5
-4
0
-6
-7
-6
-8
-8
-8
-9
-5
-7
-6
-7
-7
-6
2
1
-6
-4
-10
-12
-15
-8
-5
-12
-12
-9
-13
-11
-6
-9
-11
-11
-5
-8
-13
-11
-13
-18
-22
-17
-15
-13
-12
-13
-17
-19
-10
-10
-14
-13
-8
-10
-14
-7
-12
-11
-13
-12
-11
-12
-10
-10
-8
-10
-11
-6
-6
-8
-9
-6
-7
-7
-5
-6
-2
-3
-1
-2
0
1
-2
1
0
-5
-2
2
1
1
0
2
