42
47
39
39
42
53
54
50
51
45
43
46
41
38
50
57
51
48
50
52
59
57
52
40
44
34
29
31
22
15
28
31
37
32
35
41
34
35
30
30
19
22
14
10
11
11
6
0
0
1
-5
-1
1
1
2
-5
-2
-12
-21
-26
-28
-26
-36
-26
-20
-23
-17
-24
-31
-34
-35
-35
-31
-28
-18
-24
-23
-27
-31
-38
-44
-41
-32
-30
-30
-34
-27
-23
-28
-27
-30
-30
-32
-32
-30
-34
-25
-29
-32
-32
-31
-29
-25
-15
-21
-23
-18
-18
-12
-12
-9
-6
-9
-17
-20
-16
-22
-22
-13
-13
-18
-21
-20
-20
-16
-18
-20
-24
-31
-21
-7
-1
2
7
9
2
-5
-8
-12
-13
-18
-11
-4
-4
-3
-6
4
-7
-4
3
8
7
15
15
14
12
16
25
15
16
17
17
12
14
18
14
13
23
27
23
20
26
36
32
38
35
32
37
30
38
33
31
30
24
33
35
36
38
40
34
35
28
26
38
40
37
36
37
37
33
33
37
37
35
32
26
17
7
9
5
9
9
5
4
-14
-11
-2
3
6
3
14
11
-7
-10
-12
-14
-21
-22
-19
-25
-18
-13
-12
-8
-16
-15
-9
-17
-14
-12
-11
-17
-27
-27
-30
-27
-20
-10
-21
-21
-20
-14
-20
-28
-22
-31
-32
-29
-29
-21
-15
-26
-25
-21
-17
-14
-17
-16
-11
-9
-11
-9
-12
-10
-12
-13
-12
-6
-6
-11
-13
-14
-17
-20
-23
-22
-19
-20
-14
-15
-14
-19
-21
-18
-15
-1
-3
0
4
-4
-4
-6
-2
-2
-12
-5
-12
-12
-13
-9
-2
-3
0
-7
-6
-5
-3
-6
-6
0
6
3
5
1
-7
-5
3
7
11
18
8
11
9
7
7
0
1
9
19
19
18
22
20
13
12
18
21
23
25
30
29
25
29
30
24
28
24
23
25
31
29
30
18
24
38
27
35
38
35
33
33
29
27
25
26
24
26
27
24
22
22
24
15
6
5
2
4
1
-3
-2
-5
-8
-10
-7
-3
-4
-11
-7
-9
-14
-16
-12
-16
-24
-22
-16
-18
-24
-19
-18
-22
-23
-17
-23
-21
-14
-16
-11
-11
-9
-8
-10
-17
-12
-4
-12
-13
-7
-5
-9
-14
-14
-10
-10
-9
-7
-5
-6
-10
-4
-4
-10
-15
-17
-10
-8
0
-3
-10
-8
-6
-12
-16
-14
-15
-12
-15
-12
-6
-2
-9
-3
3
-3
-3
-2
0
0
-10
-8
-6
-12
-13
-11
-8
-14
-11
-15
-17
-20
-19
-16
-16
-15
-15
-11
-17
-20
-13
-18
-17
-13
-19
-19
-22
-18
-18
-18
-17
-15
-13
-10
-4
-6
2
1
6
10
6
5
3
11
7
12
15
16
17
17
17
11
16
18
19
21
20
16
14
22
23
21
28
29
29
25
25
20
21
24
22
18
23
25
24
33
40
37
33
29
24
25
21
21
25
26
22
29
24
25
22
19
18
17
27
19
17
15
15
19
11
7
9
7
4
-2
5
8
-2
4
5
-2
-4
-4
1
2
-1
6
6
3
5
2
-2
-5
-10
-12
-16
-12
-18
-23
-16
-18
-24
-21
-20
-20
-22
-21
-15
-14
-14
-15
-12
-12
-15
-11
-12
-17
-21
-6
-6
-12
-9
-8
-6
-7
-8
-10
-8
-9
-17
-22
-17
-13
-15
-15
-19
-20
-23
-26
-21
-23
-19
-24
-29
-25
-33
-35
-34
-37
-29
-26
-34
-39
-30
-33
-40
-33
-27
-18
-21
-22
-19
-22
-25
-18
-21
-18
-19
-14
-11
-10
3
0
-2
7
9
8
8
8
13
15
22
19
18
15
18
16
19
24
27
32
19
21
26
26
28
26
23
21
13
14
21
19
15
20
26
30
28
28
28
17
15
12
14
17
20
22
23
25
28
26
23
23
23
32
32
34
35
26
21
23
26
30
23
23
22
21
23
25
21
15
13
8
12
17
13
8
7
6
4
5
5
-5
-16
-17
-16
-10
-5
-8
-11
-11
-15
-11
-10
-15
-20
-19
-14
-17
-14
-14
-17
-18
-15
-11
-18
-21
-17
-20
-17
-23
-19
-13
-18
-21
-23
-18
-16
-17
-14
-16
-13
-10
-9
-7
-7
-5
-8
-6
-11
-13
-6
-16
-12
-4
1
0
-5
-7
-8
-11
-8
-4
-8
-15
-18
-15
-5
-10
-7
-4
-10
-11
-12
-13
-20
-22
-19
-13
-10
-10
-12
-16
-15
-12
-7
-11
-7
-2
-2
-8
-8
-9
-8
-10
-15
-16
-15
-12
-13
-14
-15
-13
-8
-2
2
7
3
-1
-1
4
16
8
2
8
17
13
13
14
16
17
12
23
28
26
26
26
24
22
23
28
31
32
29
26
18
23
25
15
15
19
23
18
18
14
11
7
10
15
22
21
9
9
15
15
14
12
9
0
-1
-2
-4
-4
-5
-3
-4
-3
-3
-3
-5
-1
-2
-6
-8
-1
3
3
8
2
4
3
-1
-7
-10
-1
4
2
7
3
4
2
7
10
13
12
7
13
14
7
1
3
-2
-7
-2
3
5
-2
-2
-5
-7
-5
-6
-7
-14
-11
-13
-12
-9
-12
-14
-14
-15
-16
-12
-14
-11
-16
-18
-14
-18
-18
-8
-7
-20
-15
-15
-11
-16
-12
-13
-14
-15
-10
-9
-14
-14
-8
-9
-12
-10
-13
-15
-14
-5
-7
-9
-8
-11
-10
-14
-21
-16
-12
-10
-10
-5
-3
-6
-10
-11
-10
-8
-8
-9
-7
-9
-9
-8
-6
-5
0
-2
-2
-1
-1
0
2
-2
-1
4
7
8
14
16
12
16
14
10
6
11
13
11
14
12
9
8
10
11
16
18
13
12
12
13
15
13
12
17
18
17
15
19
16
22
22
19
19
16
16
13
21
25
28
24
20
17
14
14
16
20
14
17
19
17
18
15
14
12
18
18
15
18
11
8
5
7
4
10
11
6
5
2
3
1
1
1
7
3
1
0
-3
-5
-12
-15
-16
-19
-19
-13
-11
-7
-15
-10
-13
-14
-15
-19
-12
-15
-14
-16
-17
-19
-22
-23
-19
-14
-17
-19
-21
-22
-23
-23
-24
-16
-19
-25
-29
-29
-27
-18
-16
-24
-27
-27
-17
-21
-17
-14
-23
-31
-29
-26
-19
-15
-18
-25
-32
-34
-33
-19
-10
-16
-25
-30
-24
-15
-10
0
-4
-14
-8
-5
7
9
9
8
7
10
16
21
19
26
26
21
25
27
25
32
31
26
28
23
23
25
29
31
22
24
23
25
24
17
14
15
19
20
17
14
8
5
4
5
7
7
6
4
2
-2
6
8
2
5
2
0
3
9
14
10
10
5
13
9
10
9
2
7
12
13
11
13
12
14
11
10
10
7
19
19
19
17
16
15
12
11
7
9
11
14
16
13
13
8
8
8
2
7
2
4
5
0
-1
-6
2
2
0
-4
-4
-5
-9
-7
-11
-7
-7
-10
-12
-12
-16
-13
-11
-18
-23
-19
-22
-18
-16
-19
-18
-22
-25
-21
-21
-25
-22
-21
-20
-23
-22
-24
-28
-24
-24
-25
-27
-21
-23
-26
-23
-19
-15
-19
-16
-17
-16
-18
-14
-15
-11
-9
-12
-10
-12
-13
-12
-9
-5
-5
-7
-6
-6
-4
-4
-5
-1
7
3
7
12
9
7
2
1
-2
0
-1
2
6
1
5
4
2
5
8
16
18
23
18
12
16
15
17
19
17
16
19
14
12
16
21
16
17
16
15
15
17
15
11
7
9
16
16
12
7
8
6
4
7
6
2
1
1
-1
-5
4
6
4
2
3
0
0
4
7
9
7
8
10
6
3
2
4
5
7
12
16
22
22
20
14
13
18
22
15
16
18
21
22
18
13
13
6
8
11
11
10
6
4
1
-1
-3
-3
-3
-1
-4
-9
-10
-9
-14
-12
-10
-11
-11
-11
-16
-17
-15
-20
-21
-18
-12
-16
-15
-13
-11
-11
-14
-12
-15
-11
-12
-12
-13
-14
-12
-11
-15
-15
-17
-18
-14
-13
-12
-18
-15
-14
-17
-13
-15
-14
-13
-16
-9
-13
-19
-21
-18
-20
-19
-10
-14
-15
-19
-13
-13
-16
-12
-14
-7
-7
-10
-4
-5
-7
-2
1
5
2
3
2
1
1
3
3
1
1
2
1
3
7
7
9
14
15
13
18
15
16
17
18
17
13
18
20
19
15
17
15
17
13
6
7
8
7
11
17
14
9
2
0
-2
2
6
7
4
1
-3
-1
0
4
-1
-8
-2
4
2
3
-1
-2
1
0
5
2
3
3
6
5
3
-1
-3
-1
6
9
11
12
8
9
6
12
12
14
15
15
24
18
24
23
18
19
18
14
15
17
17
15
10
17
14
13
12
10
7
6
9
6
9
4
4
1
0
-5
-12
-10
-9
-6
-4
-14
-20
-13
-11
-13
-17
-14
-15
-16
-14
-11
-17
-17
-19
-19
-14
-9
-16
-13
-12
-9
-12
-13
-10
-13
-11
-19
-16
-11
-12
-14
-16
-14
-15
-18
-12
-14
-17
-20
-19
-18
-20
-12
-11
-13
-18
-19
-14
-14
-11
-6
-8
-14
-9
-8
-9
-10
-7
-4
-3
-3
-4
2
0
4
4
5
7
7
7
7
6
8
6
8
8
9
9
8
9
13
9
8
6
8
6
6
7
10
11
7
1
2
3
-4
-4
-6
-8
-2
1
0
2
-2
5
9
8
7
1
1
1
3
8
4
3
3
4
7
5
6
7
10
12
15
19
19
17
18
16
14
18
21
15
13
12
14
13
16
18
18
19
12
13
13
12
16
17
15
17
17
18
20
15
17
16
14
12
14
6
6
6
3
2
3
6
-1
-8
-8
-4
-7
-8
-5
-1
-8
-8
-10
-11
-18
-20
-22
-19
-21
-21
-12
-19
-19
-19
-20
-21
-24
-20
-15
-9
-12
-14
-15
-18
-17
-15
-17
-20
-21
-18
-20
-23
-21
-23
-20
-18
-17
-16
-10
-9
-7
-12
-10
-7
-8
-12
-13
-10
-11
-9
-8
-10
-12
-13
-9
-10
-13
-9
-9
-6
-3
-4
-7
-7
-5
-1
-6
-7
-4
-4
1
-1
-1
0
3
4
7
11
13
10
15
17
15
17
17
17
18
10
10
17
18
21
20
25
21
19
19
23
22
18
18
11
15
8
8
12
16
16
12
14
13
13
8
11
10
11
13
9
2
3
14
13
6
6
12
10
7
7
8
10
6
8
8
5
8
4
5
9
8
7
9
11
8
4
5
7
9
10
8
3
2
-5
-7
-3
-7
-5
-7
-6
-9
-7
-4
-7
-7
-12
-13
-11
-6
-4
-8
-7
-10
-9
-9
-14
-14
-11
-11
-13
-8
-11
-7
-9
-3
-5
-7
-5
-6
-6
-11
-10
-12
-6
-9
-8
-9
-12
-8
-6
-5
-4
-6
-3
-4
-9
-8
-4
-6
-4
-6
-10
-6
-7
-6
-8
-10
-16
-14
-13
-15
-11
-8
-8
-13
-13
-15
-15
-10
-2
-6
-12
-15
-16
-13
-14
-13
-12
-12
-12
-14
-10
-3
-6
-3
-1
-1
-1
0
2
3
3
3
6
2
1
-2
1
3
2
4
5
3
5
11
10
10
13
14
13
15
14
12
11
12
9
11
13
15
15
13
15
13
13
12
15
15
13
11
16
17
15
14
16
18
19
19
17
18
16
15
17
19
17
11
10
14
12
7
7
12
11
17
13
9
13
13
12
8
12
15
11
7
7
6
6
3
3
2
-2
1
-2
-3
-1
0
0
-5
-2
-6
-2
-4
-6
-4
-11
-11
-12
-12
-9
-12
-14
-14
-11
-12
-14
-11
-12
-12
-14
-9
-8
-9
-12
-9
-14
-16
-13
-13
-8
-8
-11
-11
-5
-6
-10
-7
-15
-15
-9
-10
-14
-14
-10
-16
-16
-14
-16
-10
-8
-5
-8
-10
-8
-9
-5
-7
-8
-6
-12
-11
-5
-8
-12
-9
-6
-7
-4
-3
-2
-7
-3
-1
-2
2
-2
-1
-4
-9
-9
-6
-6
-6
-3
-1
-2
-4
-2
-7
-9
-9
-7
-2
-1
0
4
4
2
0
3
3
2
7
8
5
6
7
3
1
-3
1
6
5
5
7
6
2
1
6
10
13
15
15
17
14
15
12
12
15
16
14
17
15
10
11
18
18
15
19
16
23
28
24
21
21
21
18
21
20
15
16
17
17
17
23
25
18
14
15
16
14
18
17
12
16
13
12
8
4
2
2
1
2
3
2
1
0
-1
0
-2
-5
-6
-10
-10
-9
-11
-18
-18
-18
-22
-24
-16
-17
-24
-23
-15
-7
-13
-16
-20
-23
-15
-11
-15
-28
-30
-16
-9
-13
-16
-18
-23
-21
-17
-16
-17
-11
-18
-26
-23
-18
-15
-16
-20
-30
-35
-23
-13
-13
-18
-30
-30
-25
-20
-16
-19
-27
-27
-18
-5
-2
-2
-2
-3
-1
3
14
16
20
15
21
27
22
29
32
30
33
31
30
36
38
39
29
27
28
25
33
30
18
15
17
11
15
12
2
-7
-14
-11
-16
-27
-33
-36
-38
-32
-28
-36
-39
-37
-38
-43
-42
-34
-36
-38
-34
-34
-29
-25
-20
-13
-17
-19
-9
-6
-4
-1
3
9
10
19
22
25
31
37
36
36
35
40
38
35
41
47
48
43
49
54
56
55
55
59
62
59
63
69
71
80
84
85
85
89
87
85
88
86
83
77
77
70
63
66
59
51
43
27
15
6
0
-13
-27
-44
-65
-72
-90
-112
-124
-134
-149
-164
-170
-175
-185
-192
-194
-194
-189
-187
-188
-181
-175
-171
-162
-150
-142
-135
-119
-103
-84
-64
-50
-31
-21
-8
12
29
38
57
76
88
104
126
138
145
148
157
179
190
204
206
198
193
197
203
212
208
191
174
164
164
168
164
147
120
97
81
71
58
45
13
-18
-32
-68
-96
-113
-136
-170
-208
-232
-241
-249
-267
-288
-293
-295
-302
-299
-287
-292
-290
-268
-238
-227
-226
-224
-218
-193
-157
-128
-112
-103
-84
-44
-13
12
38
67
93
120
158
185
195
212
229
244
263
286
300
302
307
320
326
323
335
349
339
319
314
316
316
319
308
282
260
246
236
214
190
163
128
90
61
47
26
-1
-31
-72
-107
-139
-159
-186
-224
-266
-306
-328
-344
-354
-365
-390
-402
-397
-389
-388
-382
-363
-369
-362
-332
-314
-301
-276
-269
-263
-240
-208
-169
-144
-122
-93
-72
-59
0
41
58
71
103
147
180
226
250
253
267
297
327
357
366
363
375
364
362
375
368
364
356
352
334
311
322
325
307
300
247
195
172
167
146
98
62
25
-28
-77
-95
-131
-164
-171
-201
-271
-342
-373
-375
-384
-407
-448
-501
-528
-512
-472
-454
-451
-461
-483
-465
-424
-383
-329
-316
-320
-321
-306
-257
-180
-122
-117
-137
-137
-83
4
84
107
90
99
142
218
292
324
320
316
338
395
461
501
501
485
456
457
499
525
535
509
475
466
457
471
486
474
443
400
345
321
324
307
282
225
135
66
34
21
6
-60
-140
-212
-291
-336
-366
-403
-467
-519
-548
-574
-585
-586
-587
-609
-624
-609
-580
-579
-575
-563
-550
-516
-490
-479
-466
-446
-402
-332
-277
-257
-232
-180
-129
-54
17
65
107
171
233
295
347
407
444
488
563
609
666
713
708
695
716
766
813
809
792
771
750
776
805
828
793
703
637
596
563
527
476
374
218
89
41
11
-56
-130
-257
-436
-560
-591
-608
-693
-812
-928
-1011
-1039
-1040
-1044
-1082
-1144
-1189
-1204
-1164
-1058
-1020
-1053
-1035
-1007
-955
-871
-763
-697
-663
-617
-540
-433
-312
-178
-89
-40
28
150
316
452
544
588
613
697
809
914
1016
1086
1095
1129
1190
1195
1224
1264
1266
1231
1185
1139
1104
1126
1121
1045
959
871
753
713
677
572
451
311
148
11
-63
-121
-212
-377
-576
-756
-889
-972
-982
-1011
-1187
-1368
-1422
-1374
-1296
-1295
-1330
-1348
-1370
-1326
-1171
-1049
-1026
-1038
-1028
-1023
-1003
-835
-636
-535
-520
-491
-393
-224
-16
203
295
294
377
536
707
893
979
937
928
1031
1270
1478
1527
1392
1280
1300
1470
1651
1674
1546
1409
1350
1377
1470
1552
1472
1200
997
917
900
906
880
651
325
49
-82
-68
-51
-216
-521
-832
-1112
-1181
-1125
-1154
-1395
-1686
-1887
-1912
-1810
-1668
-1678
-1911
-2107
-2040
-1828
-1596
-1495
-1579
-1697
-1696
-1486
-1225
-1078
-1076
-1066
-981
-761
-526
-278
-147
-95
22
173
413
644
851
982
947
934
1109
1376
1600
1754
1783
1638
1589
1748
1951
2107
2184
2066
1816
1751
1903
2104
2085
1898
1617
1274
1143
1225
1262
1139
827
386
38
-26
53
-37
-294
-772
-1314
-1610
-1528
-1382
-1546
-1981
-2466
-2704
-2577
-2320
-2234
-2425
-2793
-3074
-2917
-2462
-2066
-1992
-2300
-2514
-2437
-2041
-1535
-1255
-1314
-1481
-1382
-991
-464
-21
207
220
166
416
978
1494
1695
1703
1607
1688
2114
2637
3027
2995
2602
2323
2543
2992
3364
3382
3019
2626
2509
2811
3173
3182
2855
2311
1903
1788
1979
2049
1804
1276
577
201
245
310
83
-434
-1061
-1494
-1774
-1793
-1788
-2147
-2608
-3073
-3187
-2987
-2853
-2826
-3080
-3398
-3508
-3279
-2826
-2584
-2648
-2942
-3031
-2757
-2308
-1871
-1798
-1940
-1911
-1622
-1024
-480
-378
-339
-60
364
818
1257
1548
1549
1502
1781
2184
2466
2734
2964
2940
2809
2832
3011
3180
3213
3147
2981
2864
2805
2917
3015
2917
2733
2479
2159
1900
1862
1825
1560
1114
642
322
238
207
-179
-873
-1368
-1627
-1799
-1916
-2125
-2546
-3113
-3377
-3174
-2954
-3008
-3304
-3720
-3901
-3739
-3204
-2736
-2803
-3236
-3624
-3421
-2888
-2309
-1984
-2249
-2607
-2456
-1735
-974
-571
-587
-728
-532
92
837
1330
1409
1137
1093
1502
2223
2901
3021
2686
2393
2431
2902
3483
3610
3260
2928
2858
2914
3117
3344
3319
3016
2562
2220
2280
2435
2478
2196
1513
1039
850
811
680
331
-156
-697
-1090
-1326
-1262
-1336
-1816
-2416
-2691
-2552
-2340
-2399
-2808
-3263
-3443
-3225
-2688
-2356
-2573
-3033
-3358
-3232
-2626
-2054
-1890
-2099
-2398
-2087
-1270
-656
-708
-880
-767
-330
370
923
1149
1012
885
1115
1552
2072
2418
2469
2394
2253
2353
2769
3091
3124
3064
2913
2818
2884
2996
3026
2958
2797
2433
2130
2174
2204
1984
1749
1620
1498
1120
604
233
9
-63
-325
-725
-1177
-1741
-1917
-1972
-2040
-2199
-2358
-2694
-3171
-3221
-2982
-2756
-2778
-2962
-3197
-3319
-3152
-2809
-2551
-2581
-2737
-2764
-2589
-2146
-1498
-1260
-1594
-1715
-1289
-604
19
387
302
46
125
681
1406
1668
1472
1328
1504
1923
2448
2704
2529
2301
2306
2522
2711
2740
2703
2604
2494
2528
2614
2548
2384
2159
1874
1645
2056
2326
1572
684
336
239
230
303
46
-641
-1344
-1598
-1570
-1409
-1476
-1915
-2581
-3010
-2852
-2502
-2415
-2615
-2984
-3339
-3336
-2948
-2538
-2319
-2377
-2690
-2860
-2540
-1813
-1223
-1215
-1510
-1555
-1026
-236
390
582
352
100
382
1168
1818
2000
1671
1412
1658
2276
2903
3062
2779
2473
2653
2999
3215
3344
3235
2835
2546
2775
3084
3034
2709
2277
1801
1980
2442
2250
1477
761
504
495
475
252
-216
-835
-1399
-1502
-1384
-1410
-1789
-2462
-3018
-3022
-2678
-2405
-2574
-3121
-3527
-3580
-3290
-2901
-2643
-2816
-3123
-3193
-2856
-2180
-1681
-1728
-2050
-1941
-1346
-745
-342
-145
-193
-109
239
725
1276
1469
1419
1246
1270
1819
2431
2539
2321
2317
2472
2667
3081
3204
2616
2253
2568
2872
2890
2767
2524
2023
1776
2152
2448
2188
1607
942
496
480
707
529
-109
-780
-1352
-1652
-1534
-1302
-1351
-1977
-2825
-3220
-3003
-2332
-1948
-2541
-3578
-4087
-3509
-2577
-2221
-2584
-3266
-3665
-3327
-2237
-1254
-1355
-2188
-2485
-1943
-962
-71
181
-341
-841
-400
746
1342
1217
1045
861
915
1626
2430
2485
2127
2011
2110
2338
2911
3322
3044
2534
2534
2892
3016
3068
2886
2452
2380
2516
2363
2013
1867
1892
1556
981
700
636
433
-5
-446
-626
-786
-1092
-1311
-1634
-1931
-1988
-2037
-2203
-2434
-2617
-2714
-2796
-2788
-2592
-2476
-2783
-3110
-2945
-2318
-1907
-1928
-2032
-1929
-1569
-1199
-570
-247
-490
-609
-410
256
867
982
783
633
848
1315
1844
2031
1841
1757
1967
2307
2479
2489
2454
2402
2471
2609
2654
2565
2380
2289
2562
2656
2217
1623
1379
1584
1575
1250
871
335
-11
-10
0
-284
-840
-1246
-1537
-1676
-1742
-1837
-1989
-2285
-2544
-2765
-2812
-2714
-2664
-2608
-2612
-2738
-2901
-2787
-2338
-2110
-2237
-2193
-1964
-1672
-1302
-830
-660
-774
-614
-282
76
324
432
596
738
705
907
1389
1604
1485
1487
1630
1773
2080
2261
2038
1795
1888
2120
2088
2108
2206
2238
2297
2078
1708
1551
1543
1538
1299
986
785
475
86
-151
5
-118
-602
-1028
-1406
-1596
-1563
-1545
-1741
-2090
-2351
-2466
-2539
-2490
-2277
-2130
-2373
-2685
-2607
-2093
-1574
-1526
-1806
-1936
-1550
-996
-690
-581
-667
-660
-397
-78
243
472
463
486
692
937
1238
1385
1248
1330
1620
1805
1934
2048
2071
2068
2141
2303
2319
2197
2167
2092
2306
2566
2426
1953
1586
1618
1697
1656
1279
968
663
405
246
271
120
-474
-1083
-1424
-1329
-1276
-1333
-1584
-2166
-2417
-2298
-2288
-2298
-2172
-2317
-2615
-2611
-2272
-1787
-1572
-1710
-1952
-1869
-1259
-554
-347
-519
-686
-655
-154
373
584
577
430
244
489
1197
1782
1534
915
936
1483
1896
1960
1830
1518
1487
1778
2048
1937
1812
1854
1795
1836
1817
1808
1696
1303
1036
1039
1117
886
423
33
-246
-193
-106
-386
-1129
-1511
-1538
-1695
-1828
-1776
-1911
-2522
-2784
-2658
-2442
-2257
-2169
-2407
-2720
-2633
-2032
-1371
-1342
-1692
-1688
-1347
-1024
-595
-196
-238
-499
-413
88
746
970
610
302
412
972
1648
1730
1276
984
1328
1713
1770
1841
1676
1381
1429
1804
2035
1911
1565
1410
1623
1784
1836
1540
899
648
986
1267
953
477
106
-267
-395
-84
45
-647
-1505
-1713
-1668
-1627
-1478
-1547
-2208
-2898
-2889
-2302
-2001
-2021
-2027
-2269
-2502
-2157
-1307
-735
-968
-1435
-1250
-694
-133
368
522
68
-244
277
1019
1315
1333
1265
952
761
1208
2041
2252
1762
1368
1451
1771
1998
2230
1999
1482
1413
1644
1822
1847
1841
1991
1765
1184
1019
1073
1028
992
960
653
22
-229
-184
-276
-319
-410
-1034
-1865
-2071
-1607
-1365
-1633
-1959
-2391
-2744
-2726
-2255
-2106
-2295
-2290
-2309
-2394
-2090
-1271
-761
-1062
-1520
-1229
-518
52
406
523
296
84
283
1076
1635
1620
1323
876
786
1467
2391
2438
1722
1310
1576
1826
2020
2219
1981
1405
1084
1263
1583
1722
1746
1609
1113
645
587
782
791
407
144
-91
-486
-785
-870
-777
-835
-1101
-1672
-2353
-2583
-2307
-1977
-1839
-2310
-3022
-3246
-3000
-2496
-2070
-2075
-2513
-2843
-2639
-1694
-845
-793
-1253
-1529
-1016
-142
527
860
684
327
190
712
1679
2041
1686
1192
1103
1528
2300
2755
2488
1890
1643
1854
2195
2487
2493
2150
1665
1471
1503
1739
2004
2031
1666
916
509
660
1050
1170
540
-177
-611
-688
-583
-564
-632
-1112
-1703
-2219
-2321
-2039
-1916
-2011
-2363
-2820
-2986
-2778
-2369
-2097
-2057
-2199
-2488
-2518
-1948
-958
-597
-981
-1207
-967
-366
370
954
919
440
307
820
1714
2179
1867
1464
1322
1433
1997
2593
2667
2239
1830
1765
1859
2309
2733
2584
1913
1530
1761
1887
1850
2142
2110
1241
580
793
931
860
819
371
-405
-925
-726
-633
-746
-850
-1294
-2223
-2730
-2425
-2016
-1984
-2206
-2637
-3228
-3485
-3087
-2437
-2147
-2208
-2548
-2800
-2464
-1356
-574
-839
-1328
-1238
-566
203
811
962
518
208
473
1150
1790
1881
1444
1168
1207
1391
2063
2379
1909
1378
1473
1789
1897
2041
1916
1561
1241
1375
1491
1307
1472
1764
1249
325
195
351
331
311
221
-129
-809
-1089
-1039
-1006
-801
-1120
-2060
-2852
-2688
-2045
-1930
-2063
-2553
-3138
-3221
-2887
-2154
-1639
-1711
-2116
-2357
-2071
-1120
9
-77
-753
-744
-90
573
1090
1580
1292
670
828
1613
2268
2326
1970
1608
1440
1670
2355
2624
2167
1722
1664
1728
1714
1956
2122
1717
1300
1216
1410
1324
1307
1648
1308
491
256
389
185
132
197
-149
-912
-1391
-1247
-949
-941
-1190
-1886
-2723
-2785
-2296
-1961
-1829
-2153
-2830
-3090
-2779
-2093
-1419
-1387
-1923
-2254
-1825
-799
257
431
-205
-437
208
972
1596
1963
1707
1238
1150
1843
2672
2805
2230
1699
1712
1922
2458
2577
2006
1528
1454
1572
1513
1439
1412
1183
772
585
685
821
904
976
263
-529
-452
-161
-207
-622
-819
-972
-1594
-1859
-1687
-1564
-1669
-1894
-2538
-3247
-3082
-2422
-2420
-2606
-2766
-3145
-3284
-3000
-2312
-1728
-1606
-1934
-1901
-1521
-557
333
397
-39
59
891
1463
1873
2105
2018
1851
1876
2227
2763
2848
2473
2257
2156
2125
2636
2962
2420
1788
1683
1822
1886
1816
1557
1040
697
836
897
659
536
341
-84
-396
-387
-543
-901
-1247
-1436
-1481
-1587
-1890
-2265
-2345
-2347
-2352
-2575
-3070
-3195
-3029
-2912
-2702
-2745
-3026
-3293
-3202
-2615
-1806
-1397
-1664
-1776
-1268
-416
388
570
475
832
1473
1890
2535
2935
2583
2562
2934
3247
3481
3631
3219
2886
3105
3346
3333
3035
2804
2619
2524
2444
2385
2216
1663
1239
1322
1354
1048
918
607
-66
-317
-155
-180
-657
-1315
-1608
-1768
-1847
-1895
-2074
-2444
-3031
-3253
-3151
-3086
-3288
-3446
-3715
-4034
-3862
-3264
-3123
-3471
-3569
-3230
-2471
-2005
-1872
-1606
-1260
-803
-249
307
740
1185
1567
1742
2230
2782
2928
2939
3140
3366
3443
3645
3794
3646
3411
3407
3494
3467
3271
3042
2877
2729
2579
2415
2086
1662
1423
1318
1092
1026
815
207
-305
-520
-643
-952
-1278
-1606
-2123
-2434
-2505
-2636
-2849
-3354
-3750
-3803
-3914
-4015
-3928
-3963
-4306
-4486
-4227
-4051
-4034
-3917
-3555
-3071
-2740
-2441
-2030
-1474
-1112
-531
149
491
801
1351
2038
2496
2748
2810
2829
3187
3752
4009
3977
3829
3760
3984
4078
3990
3892
3815
3588
3189
3001
3016
3032
2757
2318
1991
1722
1576
1414
882
333
2
-225
-429
-841
-1255
-1579
-1899
-2236
-2584
-2626
-2734
-3249
-3892
-4197
-4112
-3943
-3985
-4393
-4750
-4701
-4363
-4120
-3899
-3772
-3786
-3483
-2870
-2334
-1714
-1024
-664
-414
170
1093
1854
2208
2412
2716
3037
3403
3869
4093
4112
4035
4198
4443
4465
4379
4379
4248
3945
3927
3943
3757
3506
3335
3060
2602
2392
2442
2133
1413
969
808
374
-82
-374
-693
-1204
-1748
-2084
-2287
-2516
-2807
-3185
-3740
-4214
-4379
-4319
-4429
-4645
-4776
-4974
-5155
-5078
-4815
-4681
-4481
-4241
-3912
-3391
-2837
-2363
-1944
-1370
-735
-137
363
831
1471
2088
2478
2897
3261
3302
3544
4000
4278
4425
4524
4559
4455
4294
4526
4649
4366
4075
3969
3829
3537
3355
3255
2915
2386
1980
1650
1342
1197
687
-88
-504
-648
-856
-1316
-1915
-2397
-2616
-2899
-3176
-3458
-3804
-4274
-4656
-4953
-5077
-5008
-5039
-5245
-5542
-5431
-5088
-4779
-4547
-4236
-3789
-3442
-3013
-2266
-1487
-1085
-745
-46
631
1231
1883
2393
2712
2974
3489
3838
4077
4410
4639
4786
4807
4948
5031
5031
5029
4924
4745
4580
4473
4150
3718
3557
3514
3194
2647
2148
1844
1645
1243
753
250
-256
-579
-949
-1256
-1753
-2321
-2814
-3273
-3635
-3869
-4100
-4619
-5100
-5268
-5309
-5430
-5580
-5742
-5726
-5587
-5382
-5045
-4595
-4265
-3898
-3504
-2992
-2292
-1606
-918
-396
83
617
1399
2057
2577
3073
3384
3687
4059
4463
4798
4992
5074
5145
5327
5342
5266
5310
5295
5147
4911
4758
4481
4234
4089
3810
3321
2759
2347
2055
1716
1213
666
53
-585
-982
-1291
-1681
-2131
-2653
-3232
-3800
-4028
-4183
-4564
-5086
-5467
-5697
-5795
-5808
-5945
-6112
-6152
-5976
-5685
-5296
-4912
-4511
-4159
-3741
-3076
-2209
-1547
-1107
-400
297
797
1389
2005
2483
2873
3386
3814
4223
4512
4627
5038
5426
5540
5517
5362
5218
5332
5528
5281
4928
4730
4577
4184
3905
3835
3489
2916
2491
1999
1478
1133
754
306
-455
-1082
-1359
-1586
-2137
-2943
-3419
-3741
-4175
-4511
-4896
-5245
-5598
-6063
-6247
-6208
-6174
-6246
-6342
-6316
-5896
-5182
-4741
-4546
-4248
-3595
-2801
-2169
-1610
-989
-333
284
839
1504
2115
2712
3164
3525
3928
4306
4659
4851
5062
5492
5859
5814
5649
5594
5673
5800
5654
5303
4974
4758
4684
4326
3887
3555
3165
2710
2139
1693
1310
976
490
-185
-766
-1300
-1642
-2181
-2802
-3374
-3880
-4236
-4655
-5154
-5487
-5688
-5969
-6214
-6316
-6330
-6273
-6205
-5992
-5652
-5131
-4734
-4543
-4096
-3370
-2683
-2164
-1504
-900
-301
428
1163
1732
2069
2435
2884
3463
3999
4364
4623
4767
5080
5459
5529
5533
5494
5489
5549
5482
5258
5019
4829
4586
4439
4124
3702
3264
2803
2442
2098
1682
1045
392
-150
-582
-963
-1447
-1841
-2326
-3025
-3601
-3862
-4234
-4746
-5192
-5641
-5943
-6186
-6344
-6345
-6348
-6349
-6211
-5817
-5334
-5061
-4624
-4091
-3595
-2823
-2189
-1754
-1150
-536
36
747
1396
1681
2118
2750
3277
3611
3927
4200
4400
4671
4811
5189
5519
5418
5358
5392
5348
5199
5160
5005
4633
4326
4221
4015
3540
3149
2605
2200
1883
1350
621
148
-154
-670
-1269
-1874
-2179
-2574
-3339
-4003
-4296
-4484
-5004
-5484
-5648
-5786
-5941
-6139
-6269
-6369
-6121
-5553
-5224
-5025
-4666
-4098
-3473
-2911
-2311
-1598
-1098
-677
12
662
1169
1884
2278
2422
2921
3573
4140
4357
4555
4718
4972
5286
5502
5615
5577
5618
5377
5044
4957
4946
4845
4560
4326
4105
3814
3396
2870
2441
2089
1653
1147
589
-40
-428
-804
-1297
-1993
-2646
-3230
-3799
-4081
-4259
-4634
-5128
-5579
-5861
-5866
-5973
-6197
-6268
-6060
-5829
-5599
-5320
-4855
-4350
-3893
-3394
-2714
-2080
-1636
-927
-120
446
875
1357
1911
2514
3067
3400
3474
3723
4354
4800
4906
4921
5099
5308
5478
5449
5327
5249
4927
4707
4534
4423
4361
4074
3952
3515
2572
2170
2045
1650
1032
557
223
-554
-1291
-1678
-2037
-2379
-2929
-3497
-4167
-4826
-4942
-4938
-5161
-5578
-6068
-6489
-6786
-6503
-5895
-5502
-5486
-5675
-5658
-5057
-3732
-2650
-2546
-2686
-2186
-1313
-411
634
1198
1114
1124
1694
2655
3590
4080
4061
3865
3867
4648
5688
5886
5299
4909
5138
5324
5353
5449
5312
4966
4649
4493
4097
4141
4560
3677
2369
1847
1820
1561
1152
818
196
-671
-1547
-2083
-2190
-2221
-2624
-3529
-4663
-5239
-5189
-4974
-4908
-5384
-6313
-6964
-6786
-5958
-5121
-4859
-5151
-5637
-5546
-4326
-2641
-2007
-2500
-2708
-2027
-745
565
1468
1517
1161
1388
2423
3722
4386
4392
4104
3877
4336
5346
6176
6001
5426
5227
5252
5478
5790
5755
5106
4394
4213
4271
4384
4747
4187
2639
1724
1847
1865
1450
1018
439
-628
-1661
-2178
-2178
-2113
-2684
-3756
-4880
-5493
-5443
-4997
-4824
-5338
-6303
-7041
-7109
-6396
-5500
-5069
-5368
-6081
-6204
-4963
-3111
-2237
-2564
-3060
-2744
-1522
-178
1005
1445
1013
867
1639
3074
4147
4237
3805
3417
3727
4916
5841
5777
5054
4733
5023
5169
5328
5415
5068
4698
4384
4006
4065
4704
4629
2961
1597
1628
2064
1865
1076
132
-613
-1328
-2078
-2228
-2071
-2319
-3497
-4824
-5358
-5296
-4882
-4643
-5308
-6404
-6933
-6767
-6276
-5491
-4856
-5097
-5862
-6050
-4923
-3006
-2015
-2458
-3026
-2569
-1223
226
1175
1185
823
1069
1927
3017
3977
4273
3958
3593
3933
5042
6077
5935
5069
4710
4881
5473
5967
5712
4988
4437
4377
4460
4497
4790
4417
3031
1812
1772
2187
2105
1321
258
-763
-1590
-1801
-1615
-1739
-2418
-3522
-4789
-5454
-5117
-4463
-4421
-5289
-6454
-6915
-6554
-5944
-5157
-4604
-5046
-5792
-5601
-4347
-2647
-1771
-2104
-2651
-2367
-1121
412
1463
1518
1023
993
1721
3174
4519
4694
3850
3469
4097
5071
5820
5613
4931
4614
4879
5270
5493
5504
4979
4234
3997
4127
4305
4519
3927
2419
1508
1671
1926
1616
904
-195
-1297
-1857
-1977
-1923
-2157
-2869
-4111
-5326
-5508
-4970
-4620
-4986
-5767
-6535
-6978
-6645
-5841
-5306
-5093
-5332
-5777
-5583
-4380
-2761
-1970
-2346
-2861
-2433
-1010
334
1248
1423
1047
970
1739
3166
4255
4448
3780
3366
4099
5290
5927
5610
4806
4627
4892
5255
5368
5264
4703
3902
3755
4170
4481
4399
3527
2003
1369
1836
2060
1300
319
-636
-1583
-1983
-1908
-1867
-2356
-3426
-4574
-5311
-5317
-5005
-4923
-5332
-5911
-6264
-6363
-6228
-5759
-5048
-4756
-4881
-4990
-4659
-3778
-2504
-1597
-1489
-1624
-1432
-439
891
1828
2140
1930
1905
2481
3575
4515
4732
4722
4624
4595
5024
5607
5902
5655
5130
4894
4956
5290
5365
4708
3936
3944
4256
4019
3509
3074
2285
1824
1809
1512
739
-116
-912
-1808
-2296
-2284
-2198
-2853
-4183
-5134
-5313
-5340
-5427
-5707
-5833
-5830
-6165
-6502
-6510
-6084
-5500
-5055
-4707
-4701
-4527
-3704
-2694
-2082
-1602
-1124
-768
-250
575
1736
2496
2549
2468
2887
3766
4588
5020
5089
5074
5057
5226
5475
5717
5713
5508
5321
5006
4840
4896
4931
4423
3871
3808
3644
3182
2544
1706
1188
1138
784
-171
-1007
-1652
-2414
-2752
-2800
-3029
-3763
-4873
-5693
-5956
-5787
-5762
-6040
-6290
-6544
-6685
-6624
-6388
-5993
-5564
-5144
-4831
-4597
-4082
-3164
-2365
-1946
-1585
-829
-156
363
1276
2233
2679
2647
3028
3610
4184
4969
5463
5518
5435
5560
5761
5832
5965
6155
6015
5523
5012
4916
4894
4783
4619
4373
3875
3200
2799
2352
1704
1414
1352
629
-627
-1425
-1816
-2367
-2852
-3146
-3542
-4272
-5223
-5787
-5853
-5920
-6151
-6429
-6679
-6703
-6640
-6540
-6387
-6049
-5582
-5197
-4802
-4470
-4126
-3416
-2406
-1652
-1302
-618
104
715
1756
2541
2834
2922
3426
4194
4665
5212
5617
5899
5967
5728
5850
6046
6325
6559
6243
5622
5223
5248
5200
4940
4748
4542
4032
3492
3049
2530
2025
1573
1084
226
-866
-1597
-1969
-2491
-2934
-3267
-3817
-4716
-5699
-6077
-5988
-6071
-6366
-6575
-6712
-6833
-6909
-6858
-6593
-6108
-5571
-5115
-4771
-4606
-4103
-3175
-2095
-1498
-1182
-567
139
795
1734
2537
2841
2920
3115
3800
4780
5746
6146
5901
5415
5222
5648
6233
6535
6438
5931
5286
4951
5098
5184
5198
5000
4076
2930
2567
2799
2579
1873
1184
425
-463
-1397
-1855
-2144
-2723
-3336
-4035
-4704
-5320
-5602
-5803
-6385
-6829
-6997
-6853
-6667
-6799
-7005
-7047
-6926
-6468
-5492
-4680
-4517
-4647
-4364
-3244
-2057
-1476
-988
-290
274
860
1906
2786
3075
3263
3601
4106
4912
5897
6446
6205
5609
5480
6008
6628
6745
6612
6336
5712
5157
5149
5506
5524
5092
4210
3348
3074
2839
2425
1973
1384
608
-460
-1491
-2011
-2239
-2545
-3224
-4099
-4799
-5382
-5806
-6042
-6218
-6549
-6880
-6789
-6756
-6979
-6932
-6726
-6475
-6003
-5218
-4606
-4293
-4177
-3690
-2553
-1589
-1181
-806
-166
563
1460
2382
2904
3116
3226
3657
4428
5456
6309
6469
6114
5686
5763
6401
6898
6743
6382
6060
5525
5144
5273
5487
5501
4903
3827
3097
2900
2679
2242
1755
930
-114
-1094
-1723
-2123
-2578
-3196
-4121
-4883
-5437
-5728
-5920
-6307
-6823
-7235
-7143
-6740
-6523
-6857
-7140
-6979
-6590
-5761
-4782
-4408
-4456
-4369
-3636
-2327
-1286
-728
-354
-78
444
1686
3041
3377
3096
3185
3879
4852
5847
6598
6462
5721
5344
5758
6475
6846
6751
6303
5541
5022
5083
5382
5427
5100
4230
3182
2750
2741
2443
1727
1057
317
-865
-1786
-2171
-2402
-2829
-3825
-4712
-5325
-5671
-6026
-6347
-6665
-7222
-7454
-7107
-6722
-6697
-6881
-7134
-7060
-6341
-5235
-4310
-4159
-4479
-4235
-2964
-1614
-894
-545
-211
308
1061
2342
3390
3621
3603
3769
4395
5449
6409
6959
6540
5742
5626
6346
7089
7156
6831
6323
5865
5532
5499
5616
5670
5158
3975
3083
2923
2681
2197
1651
993
-63
-1245
-2055
-2363
-2372
-2868
-4091
-5194
-5805
-6089
-5983
-6071
-6780
-7474
-7473
-7091
-6973
-6850
-6819
-6920
-6740
-6023
-4867
-4027
-4094
-4334
-3581
-2230
-1056
-444
-44
376
837
1795
2964
3651
3818
3836
4183
5040
6143
6978
7061
6304
5786
6273
7048
7280
6908
6756
6311
5713
5393
5455
5610
5402
4645
3570
3025
2837
2500
1882
1149
274
-731
-1780
-2628
-2959
-3045
-3677
-4909
-5996
-6498
-6616
-6745
-7064
-7588
-7880
-7726
-7494
-7364
-7332
-7418
-7210
-6703
-5941
-4947
-4210
-4414
-4535
-3380
-1804
-970
-620
-111
398
1097
2201
3333
3925
3882
3841
4660
5923
6759
7181
6926
6196
6064
6917
7607
7386
6945
6582
6147
5911
5837
5933
5856
5149
4169
3504
3265
2897
2291
1606
916
-152
-1323
-2198
-2708
-2923
-3393
-4349
-5577
-6472
-6735
-6642
-6910
-7576
-8017
-8017
-7965
-7815
-7411
-7302
-7574
-7493
-6655
-5488
-4626
-4311
-4458
-4167
-2895
-1446
-705
-387
19
684
1644
2766
3618
3851
3967
4340
5088
6289
7314
7373
6523
6019
6469
7403
7806
7471
6947
6579
6478
6374
6356
6363
6035
5188
4284
3847
3622
3086
2190
1389
717
-214
-1236
-2066
-2614
-3029
-3691
-4812
-5876
-6438
-6455
-6587
-7113
-7736
-8046
-8031
-7875
-7617
-7482
-7583
-7603
-7029
-6043
-5206
-4699
-4572
-4483
-3683
-2165
-1030
-686
-334
274
1059
2134
3239
3845
3836
3902
4640
5896
6976
7176
6771
6231
6426
7236
7917
7835
7215
6722
6306
6224
6578
6700
6137
5168
4195
3883
3894
3469
2556
1543
789
-38
-842
-1687
-2514
-3054
-3650
-4615
-5699
-6368
-6626
-7118
-7780
-8202
-8304
-8174
-8247
-8089
-7997
-8181
-8142
-7609
-6652
-5779
-5324
-5192
-4927
-4102
-2827
-1564
-912
-691
-269
593
1737
2708
3410
3785
3795
4042
5193
6704
7504
7127
6227
6019
6842
7777
8008
7642
7101
6631
6355
6463
6784
6749
5941
4789
4090
4156
4174
3513
2392
1289
274
-662
-1363
-1973
-2527
-3202
-4125
-5376
-6237
-6438
-6539
-7059
-7935
-8322
-8162
-7946
-7834
-7857
-8105
-8248
-7766
-6884
-5975
-5378
-5107
-5134
-4758
-3506
-1894
-966
-770
-534
28
1122
2358
3301
3782
3846
4062
5113
6470
7361
7247
6532
6361
6907
7708
8068
7869
7540
6926
6522
6790
7204
7203
6275
5055
4591
4792
4795
4091
2913
1793
817
-9
-895
-1672
-2149
-2690
-3793
-5137
-6069
-6341
-6468
-6974
-7754
-8262
-8245
-8112
-8050
-7997
-8030
-8239
-8195
-7457
-6248
-5300
-5198
-5539
-5101
-3857
-2405
-1334
-966
-753
-208
913
2090
2850
3431
3676
3843
4508
5946
7320
7395
6420
5869
6513
7698
8316
8039
7453
6694
6278
6628
7275
7381
6423
4974
3951
4121
4688
4446
3293
1640
326
-366
-891
-1483
-2097
-2863
-4097
-5434
-6157
-6261
-6319
-6941
-7957
-8662
-8641
-8292
-8288
-8205
-8024
-8364
-8651
-8027
-6634
-5488
-5185
-5437
-5327
-4431
-2995
-1573
-774
-555
-437
233
1487
2744
3584
3803
3669
4128
5488
7036
7557
6894
6159
6338
7400
8247
8298
7844
7157
6398
6381
7167
7658
7018
5632
4432
4184
4789
4878
3816
2164
775
-52
-472
-882
-1592
-2531
-3757
-5030
-5798
-5901
-6046
-6860
-7980
-8619
-8479
-8087
-8005
-8063
-8126
-8368
-8375
-7743
-6663
-5735
-5298
-5340
-5344
-4610
-3108
-1704
-1083
-843
-443
382
1525
2628
3381
3782
3950
4442
5553
6958
7652
7211
6512
6370
7246
8263
8549
8131
7425
6710
6608
7385
8003
7517
6057
4796
4433
4854
5108
4476
3147
1436
132
-352
-456
-1037
-2057
-3249
-4710
-5752
-5880
-5757
-6432
-7721
-8579
-8692
-8385
-8157
-8182
-8214
-8610
-8935
-8408
-7129
-5981
-5563
-5623
-5793
-5270
-3836
-2222
-1499
-1369
-1028
-333
689
1972
3158
3611
3438
3616
4814
6421
7290
7137
6407
6051
6613
7780
8436
8185
7544
6719
6284
6823
7689
7723
6486
4865
4062
4429
4874
4546
3321
1630
211
-348
-499
-1026
-2029
-3099
-4373
-5644
-6036
-5913
-6281
-7428
-8482
-8864
-8606
-8202
-8180
-8273
-8501
-8919
-8674
-7645
-6414
-5673
-5470
-5578
-5467
-4362
-2647
-1522
-1220
-1006
-430
528
1667
2764
3555
3789
3673
4307
5884
7271
7520
6919
6346
6566
7577
8437
8406
7873
7252
6743
6869
7538
7875
7107
5787
4795
4710
5172
5016
4046
2541
1061
274
-122
-658
-1554
-2459
-3562
-5009
-5733
-5600
-5775
-6792
-7877
-8372
-8429
-8179
-8048
-8091
-8172
-8604
-8711
-8013
-6786
-5732
-5260
-5370
-5585
-4868
-3264
-1832
-1172
-988
-681
39
1145
2433
3366
3710
3487
3749
5172
6830
7675
7269
6250
5883
6691
8015
8606
8238
7427
6500
6298
7008
7858
7658
6325
4945
4345
4748
5176
4607
3224
1635
333
-343
-635
-1055
-1799
-3112
-4654
-5747
-6018
-5879
-6214
-7305
-8404
-8748
-8475
-8225
-8124
-8168
-8408
-8863
-8757
-7703
-6386
-5529
-5452
-5843
-5704
-4404
-2616
-1458
-1181
-1026
-561
369
1659
2914
3520
3385
3252
4088
5920
7347
7373
6420
5621
6077
7441
8414
8362
7581
6778
6341
6632
7515
7963
7038
5294
4221
4456
5260
5261
3995
2070
644
23
-202
-576
-1348
-2363
-3809
-5151
-5778
-5703
-5725
-6637
-7974
-8762
-8623
-8125
-7801
-7759
-8101
-8550
-8709
-8122
-6862
-5641
-5123
-5453
-5821
-5189
-3417
-1670
-1051
-1022
-854
-204
959
2387
3438
3642
3257
3414
4774
6633
7622
7046
5971
5678
6574
7947
8537
8135
7357
6609
6341
6877
7828
7810
6529
4995
4340
4798
5299
4873
3485
1796
563
-20
-299
-709
-1396
-2612
-4212
-5463
-5922
-5656
-5784
-6853
-8176
-8760
-8395
-7934
-7690
-7718
-8141
-8666
-8592
-7709
-6274
-5194
-5172
-5693
-5756
-4520
-2715
-1474
-1135
-1042
-675
216
1450
2646
3381
3386
3167
3805
5524
7158
7493
6473
5620
5989
7244
8181
8094
7535
6979
6519
6472
7134
7800
7275
5836
4685
4537
5149
5385
4439
2727
1190
305
-114
-483
-1030
-1885
-3127
-4775
-5948
-5941
-5449
-5948
-7446
-8581
-8678
-8203
-7816
-7579
-7707
-8322
-8866
-8364
-6992
-5652
-5152
-5489
-5917
-5658
-4081
-2110
-1221
-1230
-1130
-367
680
1903
2986
3410
3215
3111
4233
6157
7322
7037
5966
5485
6320
7664
8248
7758
7230
6902
6557
6624
7311
7633
6754
5279
4392
4698
5352
5139
3739
2023
905
314
-94
-624
-1384
-2321
-3740
-5251
-6000
-5699
-5473
-6406
-8019
-8832
-8434
-7852
-7587
-7562
-7869
-8446
-8642
-7942
-6477
-5257
-5039
-5593
-5926
-5114
-3148
-1544
-1208
-1402
-1101
-80
1203
2371
3173
3362
3158
3665
5132
6745
7357
6718
5786
5838
6772
7874
8173
7651
7204
6855
6729
7075
7705
7551
6292
5016
4713
4992
5386
4918
3462
1846
643
117
-290
-687
-1262
-2445
-4233
-5615
-5900
-5366
-5319
-6593
-8234
-8854
-8466
-7947
-7529
-7371
-7810
-8527
-8635
-7627
-5938
-4796
-4968
-5790
-6007
-4800
-2736
-1266
-1132
-1269
-664
185
1198
2406
3481
3549
3254
3987
5426
6888
7445
6593
5692
5969
7213
8152
8072
7602
7093
6746
6579
6870
7467
7346
6129
4935
4539
4852
5111
4504
2992
1302
323
-233
-718
-1142
-1676
-3013
-4848
-6207
-6260
-5672
-5908
-7226
-8623
-9016
-8624
-8103
-7604
-7537
-8181
-8800
-8610
-7421
-5907
-4917
-5055
-5774
-5820
-4541
-2435
-1179
-1139
-1107
-405
466
1413
2693
3581
3518
3440
4397
5868
6850
6964
6444
6014
6427
7456
8159
8009
7593
7150
6823
6775
7235
7733
6975
5531
4726
4793
5045
4899
4082
2466
830
-2
-388
-738
-1228
-2122
-3706
-5396
-6219
-5913
-5459
-6142
-7684
-8832
-8821
-8436
-7989
-7424
-7505
-8324
-8829
-8253
-6715
-5340
-4875
-5136
-5483
-5084
-3561
-1781
-846
-732
-577
93
947
2173
3497
4055
3789
4072
5233
6631
7332
7082
6496
6435
7178
8018
8274
8057
7679
7149
6775
7006
7683
7584
6356
5110
4708
4911
5139
4754
3471
1695
388
-126
-471
-993
-1718
-2950
-4695
-6165
-6414
-5688
-5739
-7056
-8537
-9114
-8820
-8317
-7757
-7436
-7887
-8742
-8884
-7824
-6269
-5183
-4995
-5557
-5741
-4804
-2891
-1181
-722
-796
-453
227
1247
2637
3883
4104
3893
4374
5552
6852
7303
6839
6388
6594
7353
8149
8287
7988
7520
7128
6924
7141
7650
7254
5917
4817
4538
4694
4792
4109
2590
919
-140
-691
-1055
-1453
-2372
-3841
-5514
-6599
-6499
-5951
-6396
-7838
-9085
-9287
-8788
-8184
-7656
-7645
-8409
-8960
-8576
-7219
-5762
-5067
-5184
-5674
-5583
-4063
-1958
-843
-838
-863
-195
813
2157
3479
4100
3921
4057
5034
6436
7387
7277
6842
6677
7026
7869
8520
8502
7991
7349
7023
7167
7753
7763
6677
5353
4789
4787
4847
4584
3469
1818
343
-391
-763
-1147
-1706
-2954
-4675
-6209
-6675
-6140
-5930
-6880
-8354
-9141
-9107
-8703
-8016
-7555
-7798
-8595
-8947
-8087
-6368
-4994
-4735
-5202
-5547
-4881
-3005
-1068
-364
-525
-236
533
1460
2798
4084
4532
4234
4538
5983
7492
7776
7162
6897
7182
7618
8164
8526
8258
7591
7054
7031
7511
7859
7139
5728
4695
4519
4843
4994
4172
2339
591
-453
-968
-1212
-1512
-2386
-4057
-5847
-6893
-6596
-5962
-6510
-8002
-9207
-9468
-9079
-8297
-7552
-7583
-8401
-9034
-8596
-7154
-5625
-4853
-4901
-5457
-5409
-4002
-1887
-465
-393
-487
54
1020
2273
3723
4565
4494
4408
5252
6674
7570
7487
7030
7055
7440
7859
8261
8423
7919
7243
7025
7328
7567
7177
6178
5173
4685
4615
4638
4180
2938
1219
-52
-773
-1338
-1710
-2236
-3439
-5319
-6781
-7068
-6613
-6553
-7512
-8695
-9341
-9489
-9096
-8153
-7599
-7907
-8576
-8752
-7899
-6358
-5026
-4762
-5188
-5342
-4547
-2851
-1081
-165
-55
-7
534
1733
3196
4301
4649
4637
5060
6130
7287
7661
7424
7283
7522
7848
8056
8378
8370
7860
7406
7413
7688
7585
6871
5932
5135
4813
4825
4601
3646
2155
811
-148
-894
-1457
-1829
-2668
-4224
-5892
-6766
-6664
-6379
-6756
-7897
-8942
-9367
-9154
-8354
-7607
-7628
-8229
-8784
-8414
-7060
-5392
-4512
-4860
-5406
-5102
-3515
-1561
-321
-111
-194
268
1404
2741
4018
4684
4643
4613
5476
7049
7938
7699
7149
7185
7695
8137
8417
8399
7882
7235
6953
7475
7854
7183
6050
5108
4546
4430
4518
4155
2789
1027
-296
-1076
-1659
-2077
-2492
-3669
-5524
-7092
-7324
-6831
-6850
-7615
-8620
-9351
-9693
-9298
-8285
-7651
-7893
-8675
-9027
-8166
-6471
-4892
-4463
-4977
-5361
-4586
-2723
-969
-46
86
95
652
1864
3384
4592
4984
4770
4938
6287
7680
7876
7554
7405
7693
8100
8297
8484
8270
7804
7461
7455
7747
7496
6571
5567
4857
4630
4737
4456
3248
1509
142
-592
-1184
-1784
-2353
-3268
-4819
-6427
-7119
-6890
-6783
-7261
-8218
-9173
-9637
-9297
-8445
-7860
-7823
-8357
-8764
-8326
-7044
-5476
-4495
-4690
-5343
-4879
-3158
-1276
-204
28
111
556
1559
2936
4313
4969
4775
4939
6061
7549
8070
7709
7344
7338
7792
8427
8843
8569
7852
7360
7311
7664
7871
7256
6055
4916
4517
4747
4946
4173
2342
626
-378
-894
-1366
-1829
-2548
-3972
-5880
-7196
-7066
-6475
-6734
-7880
-9128
-9727
-9596
-8902
-7998
-7630
-8197
-8911
-8790
-7688
-6092
-4633
-4350
-5233
-5575
-4296
-2060
-450
57
-7
71
828
2232
3828
4764
4836
4703
5292
6810
7972
7991
7536
7290
7499
8062
8608
8803
8275
7607
7258
7348
7788
7593
6603
5350
4649
4630
4831
4499
3153
1271
-110
-697
-1172
-1711
-2340
-3454
-5184
-6803
-7380
-6996
-6841
-7570
-8749
-9569
-9771
-9393
-8566
-7890
-8017
-8729
-9072
-8505
-7104
-5470
-4515
-4818
-5515
-5133
-3324
-1256
-279
-115
-30
341
1230
2856
4401
4808
4567
4741
5851
7308
7921
7680
7359
7315
7745
8311
8728
8519
7834
7382
7340
7600
7694
7078
5908
4842
4520
4723
4774
4090
2384
594
-442
-848
-1288
-1825
-2610
-4088
-5999
-7136
-7056
-6567
-6802
-7963
-9092
-9630
-9668
-8975
-7915
-7578
-8204
-8883
-8682
-7599
-6031
-4664
-4331
-4988
-5461
-4477
-2172
-373
104
-47
116
764
1999
3800
4961
4890
4657
5339
6832
7918
8062
7840
7649
7709
8062
8655
8940
8473
7837
7549
7713
7951
7762
6856
5649
4966
4902
5032
4656
3512
1800
170
-764
-1119
-1468
-2075
-3173
-4908
-6584
-7219
-6951
-6784
-7339
-8405
-9238
-9649
-9511
-8690
-7747
-7676
-8417
-8992
-8621
-7291
-5566
-4434
-4607
-5350
-5362
-3831
-1728
-246
131
7
196
863
2320
4100
5097
5000
4745
5483
6811
7544
7701
7720
7614
7615
7803
8260
8302
7979
7756
7530
7505
7436
6827
5835
5197
5024
4823
4498
3807
2359
595
-487
-772
-1226
-2046
-3070
-4272
-5776
-6993
-7173
-6952
-7266
-8281
-9102
-9456
-9576
-9175
-8367
-7820
-8136
-8766
-8675
-7838
-6545
-5254
-4574
-4753
-5234
-4699
-2743
-738
123
124
205
684
1621
3195
4585
4955
4797
5148
6354
7327
7593
7713
7692
7478
7498
8144
8651
8275
7653
7523
7673
7754
7430
6493
5424
5061
5223
5099
4591
3496
1730
82
-614
-762
-1126
-2097
-3521
-5155
-6497
-6829
-6657
-6713
-7451
-8585
-9273
-9394
-9215
-8618
-7950
-7715
-8113
-8423
-7982
-6945
-5616
-4730
-4401
-4584
-4595
-3652
-1840
-198
397
440
746
1375
2365
3951
5107
5259
5246
5948
6938
7435
7689
8006
8047
7822
7951
8456
8450
8031
7767
7720
7813
7522
6832
5982
5312
5151
5081
4740
3990
2447
628
-520
-720
-887
-1685
-3064
-4586
-6056
-7022
-7064
-6767
-7147
-8297
-9265
-9583
-9458
-8992
-8332
-8008
-8234
-8732
-8493
-7577
-6517
-5489
-4796
-4727
-4936
-4423
-2963
-1290
-245
35
186
710
1554
2849
4242
4988
5041
5469
6369
6921
7219
7644
8008
7809
7562
7950
8328
7982
7627
7649
7772
7591
7033
6248
5408
5130
5112
4835
4235
3048
1466
39
-766
-954
-1280
-2326
-3972
-5566
-6639
-6920
-6872
-7088
-7929
-8876
-9302
-9523
-9300
-8667
-8038
-7914
-8386
-8413
-7872
-7052
-6000
-5072
-4514
-4464
-4471
-3712
-2239
-741
180
519
849
1341
2354
3786
4977
5391
5584
6236
6756
6960
7414
8130
8396
7958
7838
8447
8429
8027
7929
8046
7998
7423
6768
6081
5522
5424
5322
4826
3731
2380
964
-245
-720
-864
-1410
-2941
-4703
-6107
-6669
-6591
-6700
-7313
-8334
-9023
-9369
-9439
-8886
-8277
-8181
-8451
-8508
-8020
-7317
-6510
-5556
-4818
-4570
-4496
-4034
-2948
-1467
-157
469
760
1083
1701
2855
4165
5182
5743
6119
6403
6589
7054
7917
8392
8120
7773
7896
8034
7961
8110
8274
8213
7625
6712
5989
5573
5533
5492
5009
4035
2749
1454
205
-668
-947
-1314
-2585
-4501
-5868
-6432
-6627
-6894
-7480
-8276
-8956
-9345
-9534
-9210
-8598
-8324
-8417
-8636
-8408
-7828
-6999
-6129
-5479
-4951
-4605
-4175
-3480
-2390
-979
125
536
773
1366
2437
3517
4615
5448
5980
6350
6415
6636
7346
8214
8412
8050
7945
8064
7963
7977
8144
8265
7842
6983
6155
5626
5496
5505
5303
4438
3161
1799
565
-256
-594
-865
-1889
-3816
-5451
-6286
-6455
-6654
-7183
-7930
-8708
-9135
-9367
-9196
-8747
-8454
-8354
-8416
-8285
-7732
-7129
-6449
-5698
-4967
-4475
-4187
-3735
-2862
-1533
-157
474
742
1250
2103
3139
4341
5437
6018
6297
6322
6452
7160
8190
8591
8113
7699
7940
8041
8051
8186
8355
8098
7164
6400
6018
5871
5639
5404
4818
3633
2441
1273
78
-625
-823
-1427
-3146
-5046
-6095
-6294
-6454
-7032
-7619
-8203
-8841
-9318
-9283
-8698
-8384
-8342
-8295
-8222
-7818
-7282
-6573
-5842
-5093
-4341
-3937
-3703
-3278
-2073
-442
488
671
1114
1928
2666
3854
5343
6181
6274
6130
6265
6992
8066
8761
8485
7759
7610
7847
8187
8491
8497
8103
7078
6212
5984
5990
5740
5216
4479
3361
2285
1521
549
-596
-1177
-1687
-3066
-4828
-5887
-6227
-6583
-7290
-7979
-8489
-8858
-9353
-9530
-9015
-8708
-8672
-8367
-8058
-7807
-7382
-6815
-6293
-5636
-4589
-3751
-3616
-3577
-2723
-1070
256
711
1121
1819
2348
3336
4912
6180
6428
6094
6096
6603
7721
8695
8822
8126
7374
7357
7931
8393
8525
8286
7264
6027
5680
6102
6055
5438
4692
3433
2249
1634
919
-228
-1142
-1740
-3062
-4770
-5691
-5924
-6405
-7378
-8114
-8279
-8574
-9087
-9349
-8968
-8805
-8948
-8549
-8015
-7728
-7524
-6940
-6424
-5977
-4857
-3610
-3281
-3464
-2940
-1423
51
797
1371
2096
2499
3229
4890
6405
6615
6168
6278
6888
7656
8465
8936
8506
7588
7401
8144
8814
8928
8542
7448
6121
5859
6585
6575
5640
4644
3516
2435
1812
1340
287
-971
-1954
-3076
-4380
-5144
-5487
-6165
-7434
-8350
-8241
-8205
-8783
-9270
-8973
-8817
-9020
-8585
-7760
-7545
-7555
-6999
-6450
-6106
-5042
-3531
-3060
-3492
-3105
-1489
-89
568
1335
2266
2630
3069
4593
6153
6398
6073
6390
6948
7475
8177
8846
8683
7610
7300
8154
8862
8669
8041
7180
6022
5627
6305
6485
5426
4147
3167
2143
1306
916
180
-1179
-2479
-3614
-4600
-5301
-5861
-6542
-7556
-8357
-8314
-8285
-8987
-9484
-9067
-8758
-8932
-8422
-7746
-7778
-7815
-7072
-6145
-5709
-4942
-4024
-3670
-3608
-2754
-1208
-319
43
811
2064
2866
3404
4743
5794
5649
5623
6344
7210
7572
7957
8440
8092
7415
7733
8508
8661
8263
7626
6918
6127
6033
6540
6336
5122
3856
3199
2474
1648
1158
318
-1172
-2599
-3565
-4168
-4744
-5722
-6765
-7741
-8161
-7801
-7800
-8682
-9321
-8946
-8581
-8397
-7694
-7278
-7634
-7757
-7021
-6018
-5176
-4214
-3741
-3815
-3509
-2213
-612
128
463
1218
2194
3099
4150
5574
6064
5485
5726
6841
7657
7878
8232
8562
7897
7462
8070
8825
8889
8261
7538
6668
6080
6433
6894
6394
4973
3705
3095
2171
1356
1025
312
-1229
-3053
-4127
-4371
-4822
-5871
-6981
-7705
-7973
-8078
-8236
-8798
-9144
-8838
-8528
-8183
-7700
-7637
-7948
-7746
-6769
-5792
-4910
-4207
-4276
-4347
-3146
-1391
-424
-293
86
1111
2294
3519
4685
5419
5129
4777
5674
7139
7814
7757
7801
7595
6989
7526
8784
8911
7958
7184
6738
6224
6239
6625
6326
5176
3807
3090
2652
1900
1087
204
-932
-2340
-3497
-4033
-4435
-5362
-6585
-7547
-7843
-7726
-7839
-8354
-9008
-9281
-8961
-8397
-7795
-7429
-7685
-7964
-7532
-6390
-5123
-4185
-3935
-4400
-4200
-2554
-833
-95
30
314
1208
2578
4030
5148
5260
4751
4804
6091
7523
7922
7805
7582
7003
6933
8043
9110
8820
7584
6733
6377
6413
6779
7006
6183
4565
3452
3075
2703
2014
1211
76
-1480
-2797
-3393
-3521
-4088
-5464
-6826
-7572
-7561
-7355
-7452
-8029
-8771
-9014
-8612
-7765
-6975
-6951
-7549
-7930
-7219
-5692
-4333
-3601
-3837
-4387
-3690
-1802
-257
404
594
721
1484
3136
4858
5584
5193
4718
5067
6371
7661
8140
8082
7376
6591
7003
8441
9150
8355
7144
6167
5890
6317
6849
6686
5433
3794
2899
2532
2241
1704
757
-691
-2410
-3569
-3653
-3527
-4503
-6147
-7248
-7529
-7552
-7469
-7446
-8004
-8846
-8969
-8256
-7491
-7118
-7168
-7523
-7608
-6917
-5386
-3945
-3609
-4218
-4159
-2828
-1348
-238
529
819
985
1926
3657
4859
4914
4611
4737
5579
6700
7429
7766
7446
6506
6521
7770
8779
8390
7405
6471
5711
5874
6616
6637
5492
4070
3130
2603
2175
1790
1075
-239
-1760
-2991
-3590
-3584
-4071
-5360
-6713
-7210
-7058
-7300
-7635
-7802
-8178
-8706
-8401
-7480
-7059
-7185
-7357
-7219
-6726
-5788
-4413
-3607
-4012
-4211
-2981
-1545
-898
-182
695
1046
1475
2938
4424
4717
4510
4673
5316
6280
7048
7440
7610
6945
6306
7022
8435
8477
7495
6832
6165
5752
6111
6794
6234
4736
3695
3133
2470
2084
1715
780
-754
-2211
-3002
-3274
-3657
-4578
-5665
-6466
-6731
-6826
-7044
-7305
-7498
-7779
-7914
-7440
-6817
-6814
-7040
-6996
-6519
-5687
-4784
-3920
-3792
-4148
-3468
-1808
-826
-679
-10
896
1468
2501
4040
4560
4144
4183
4909
5830
6660
7089
6962
6465
6112
6615
7809
8396
7456
6381
5959
5837
5953
6356
6249
4801
3334
2912
2587
2048
1503
669
-658
-1937
-2755
-3055
-3301
-4209
-5473
-6246
-6263
-6393
-6784
-7143
-7413
-7697
-7748
-7273
-6725
-6759
-7054
-7136
-6762
-5869
-4749
-3923
-3881
-4270
-3833
-2221
-895
-506
-264
350
1022
2076
3656
4476
3925
3493
4061
5144
6152
6788
6892
6287
5633
6008
7368
8282
7643
6361
5614
5319
5486
6092
6214
4953
3240
2630
2496
2052
1756
974
-430
-1956
-2780
-2815
-2890
-3663
-5133
-6248
-6225
-5896
-6153
-6653
-6978
-7381
-7693
-7122
-6166
-6015
-6561
-6807
-6576
-5912
-4800
-3584
-3219
-3923
-4032
-2622
-982
-364
-74
474
757
1409
2987
4219
4090
3569
3848
4754
5770
6564
6917
6535
5628
5526
6739
8034
7791
6525
5589
5221
5333
5865
6355
5445
3571
2704
2652
2208
1825
1487
160
-1569
-2559
-2605
-2654
-3274
-4512
-5686
-5944
-5663
-5771
-6173
-6676
-7065
-7076
-6594
-5787
-5574
-6131
-6644
-6350
-5451
-4495
-3628
-3197
-3699
-3964
-2740
-1075
-422
-341
249
903
1562
2926
3888
3534
3282
3866
4711
5491
6066
6288
5852
5412
5634
6612
7494
7091
5923
5175
5136
5510
5821
5724
4831
3360
2588
2553
2247
1576
921
-196
-1705
-2480
-2434
-2453
-3275
-4653
-5640
-5659
-5379
-5486
-5942
-6436
-6897
-6986
-6321
-5524
-5507
-6124
-6451
-6332
-5694
-4518
-3573
-3351
-3876
-4028
-2802
-1365
-595
-282
108
646
1449
2827
3505
3187
3011
3539
4520
5266
5681
5764
5360
5038
5331
6381
7156
6646
5638
5005
4956
5440
5710
5311
4243
3048
2510
2457
2099
1298
623
-309
-1653
-2370
-2278
-2443
-3408
-4567
-5219
-5160
-4967
-5074
-5568
-6059
-6359
-6427
-5831
-5119
-5082
-5674
-6032
-5918
-5292
-4079
-3157
-3207
-3633
-3581
-2559
-1026
-86
20
26
539
1726
3058
3463
3133
3017
3416
4241
5221
5905
5787
5099
4905
5444
6508
7174
6671
5470
4562
4686
5599
6019
5409
4048
2748
2279
2480
2525
1727
446
-888
-1967
-2219
-1685
-1775
-3158
-4750
-5367
-4885
-4473
-4575
-5029
-5912
-6409
-6184
-5210
-4327
-4691
-5526
-5885
-5780
-5123
-3670
-2585
-3055
-3938
-3676
-2342
-1144
-298
139
58
280
1542
3009
3342
3041
3001
3284
3826
4794
5779
5726
4874
4445
5061
6108
6619
6100
5192
4532
4402
5016
5550
5103
3686
2549
2258
2263
2112
1621
297
-1410
-2359
-2304
-1794
-2142
-3381
-4859
-5631
-5006
-4309
-4377
-4997
-5938
-6385
-6201
-5154
-4095
-4421
-5512
-5972
-5603
-4752
-3358
-2394
-2967
-4106
-3750
-2183
-932
-242
39
82
384
1597
2963
3286
2895
2807
3078
3727
4661
5306
5146
4502
4254
4868
6110
6449
5591
4531
4105
4410
5036
5385
4695
3160
2046
2061
2446
2212
1485
12
-1793
-2714
-2284
-1523
-2090
-3563
-4958
-5505
-4875
-4107
-4001
-4714
-5668
-6173
-5902
-4628
-3608
-4021
-5107
-5587
-5154
-4076
-2691
-1953
-2522
-3481
-3108
-1565
-275
339
465
419
748
2032
3320
3276
2838
2946
3329
3987
4906
5412
4868
4195
4257
5179
6287
6290
5302
4274
3976
4437
5235
5549
4322
2499
1694
2100
2576
2408
1454
-464
-2200
-2705
-1850
-1194
-2127
-3808
-5107
-5309
-4540
-3666
-3635
-4753
-5867
-6047
-5450
-4117
-3162
-3614
-4861
-5435
-4761
-3555
-2228
-1625
-2385
-3469
-3191
-1580
-110
436
248
129
675
1763
2795
3048
2746
2507
2787
3662
4583
4955
4456
3803
3800
4708
5908
5905
4727
3621
3447
4063
4757
4801
3703
1851
971
1631
2340
2146
921
-963
-2696
-3096
-1945
-1238
-2400
-4309
-5506
-5254
-4282
-3552
-3567
-4719
-5949
-6013
-4936
-3516
-2953
-3637
-4797
-5198
-4418
-2818
-1578
-1649
-2591
-3322
-2739
-1202
191
668
245
144
839
2017
2775
2895
2776
2567
2711
3515
4690
4974
4120
3549
3828
4718
5651
5569
4519
3472
3403
4097
4857
4844
3480
1749
1123
1722
2273
2146
928
-1178
-2806
-2818
-1681
-1218
-2436
-4365
-5399
-4956
-3911
-3154
-3229
-4354
-5619
-5607
-4251
-2822
-2491
-3378
-4553
-4864
-3956
-2354
-1099
-1267
-2452
-3159
-2304
-732
493
842
390
337
1134
2197
2808
2802
2588
2400
2794
3658
4453
4552
3794
3300
3607
4592
5400
5176
4119
3152
3263
4025
4592
4346
3005
1291
780
1652
2177
1699
411
-1490
-2952
-2733
-1577
-1352
-2638
-4456
-5258
-4618
-3494
-2850
-3111
-4269
-5415
-5184
-3703
-2502
-2347
-3180
-4280
-4372
-3319
-1805
-916
-1135
-2149
-2744
-1809
-275
795
880
477
617
1277
2142
2633
2640
2464
2299
2631
3521
4232
3985
3269
3039
3374
4301
4960
4491
3429
2680
2906
3685
4122
3607
2135
758
562
1306
1781
1208
-375
-2123
-3100
-2598
-1499
-1579
-3004
-4709
-5240
-4375
-3406
-2917
-3378
-4561
-5371
-4873
-3308
-2318
-2408
-3337
-4284
-4239
-3106
-1542
-805
-1240
-2159
-2466
-1555
-119
794
840
498
829
1751
2429
2723
2554
2333
2307
2701
3658
4194
3765
3018
2877
3400
4404
4852
4115
2917
2408
2945
3649
4122
3550
1869
521
625
1461
1824
1133
-489
-2278
-3009
-2062
-966
-1274
-2972
-4717
-5078
-3996
-2862
-2461
-3057
-4418
-5127
-4355
-2552
-1540
-1978
-3185
-4130
-3840
-2321
-726
-303
-1054
-2108
-2158
-933
590
1310
988
587
1054
2026
2739
2919
2587
2231
2186
2773
3796
4166
3502
2817
2757
3308
4240
4609
3862
2598
2176
2706
3470
3829
3074
1474
301
519
1395
1730
987
-811
-2576
-3021
-2173
-1284
-1608
-3133
-4559
-4902
-3926
-2755
-2399
-3120
-4369
-4944
-4143
-2592
-1643
-1930
-3084
-3860
-3574
-2242
-764
-367
-1129
-1986
-1905
-834
543
1171
840
570
998
1867
2463
2437
2166
1897
1999
2497
3267
3541
2879
2295
2422
3087
3773
3951
3221
2136
1857
2416
2996
3193
2603
1182
203
522
1252
1340
513
-1034
-2460
-2848
-2085
-1365
-1773
-3161
-4451
-4432
-3480
-2662
-2458
-3180
-4256
-4607
-3692
-2252
-1530
-1910
-2955
-3509
-3071
-1866
-485
-79
-944
-1907
-1637
-347
923
1323
896
592
984
1978
2823
2813
2184
1753
1982
2616
3380
3715
3134
2283
2033
2869
4005
4129
3217
2120
1785
2163
2857
3327
2781
1307
238
438
1272
1408
512
-848
-2160
-2719
-2212
-1341
-1669
-3158
-4326
-4209
-3358
-2621
-2462
-3100
-4085
-4417
-3504
-2032
-1368
-1949
-2901
-3211
-2778
-1640
-406
-105
-921
-1759
-1404
-162
906
1144
812
713
1234
2212
2852
2675
2091
1724
2104
2880
3530
3530
2803
2163
2196
2960
4038
4113
3073
2070
1970
2578
3179
3408
2747
1324
338
577
1424
1596
642
-1016
-2289
-2566
-1924
-1163
-1556
-3089
-4425
-4306
-3272
-2480
-2288
-3006
-4082
-4487
-3708
-2068
-1173
-1868
-3146
-3627
-3167
-1890
-401
-39
-1087
-2110
-1791
-484
697
1043
602
294
636
1622
2646
2651
1720
1094
1439
2310
2996
3227
2783
1973
1665
2452
3665
3922
3058
1967
1619
1912
2584
3149
2782
1270
98
174
851
1011
406
-666
-1993
-2670
-2422
-1587
-1651
-2977
-4138
-4122
-3323
-2667
-2499
-2865
-3592
-4106
-3603
-2252
-1321
-1802
-2661
-2969
-2654
-1646
-441
-117
-945
-1715
-1325
-118
753
884
694
589
920
1896
2858
2793
1748
1212
1806
2780
3384
3444
2894
2165
1934
2621
3922
4208
3219
2128
1837
2206
2749
3299
3074
1712
391
397
985
1210
670
-408
-1675
-2438
-2175
-1452
-1356
-2515
-3864
-4084
-3305
-2573
-2338
-2595
-3251
-3924
-3661
-2436
-1289
-1446
-2319
-2756
-2681
-1978
-687
110
-537
-1483
-1463
-527
354
754
758
571
693
1442
2576
2727
1862
1326
1669
2418
2955
3270
3002
2330
1875
2301
3428
4017
3383
2346
1879
2018
2415
2929
3047
2003
732
345
713
985
656
-153
-1271
-2136
-2398
-1931
-1585
-2269
-3418
-3957
-3585
-3103
-2819
-2808
-3189
-3708
-3843
-3151
-2120
-1867
-2388
-2755
-2778
-2375
-1454
-638
-811
-1574
-1754
-967
-158
142
319
394
442
824
1954
2536
1886
1165
1334
2118
2814
3175
3083
2472
1798
1935
2947
4023
3911
2860
2049
1814
2099
2769
3319
2731
1348
527
660
909
854
493
-406
-1573
-2238
-2103
-1595
-1692
-2630
-3461
-3553
-3244
-2930
-2634
-2717
-3209
-3509
-3285
-2469
-1817
-1963
-2278
-2490
-2398
-1837
-1021
-733
-1128
-1386
-1038
-433
-95
226
490
514
776
1499
2137
2212
1807
1456
1833
2552
2999
3065
2902
2521
2200
2541
3453
3958
3545
2764
2203
2001
2276
2980
3159
2457
1384
724
674
797
737
297
-511
-1434
-2102
-2137
-1864
-2013
-2707
-3291
-3460
-3264
-2924
-2731
-2789
-3139
-3395
-3193
-2538
-2172
-2228
-2280
-2363
-2387
-1975
-1263
-1007
-1179
-1185
-879
-464
-195
157
522
677
924
1375
2010
2199
1857
1720
2080
2601
2768
2769
2822
2658
2444
2719
3360
3509
3203
2908
2509
2231
2417
2857
2796
2283
1622
987
682
603
438
31
-521
-1243
-2011
-2237
-2013
-2136
-2654
-3274
-3412
-3267
-3088
-2972
-3044
-3246
-3535
-3388
-2783
-2373
-2366
-2491
-2692
-2863
-2459
-1540
-1016
-1164
-1465
-1355
-1016
-484
187
578
471
331
796
1633
2044
1957
1749
1671
1896
2244
2880
3304
2941
2359
2471
2985
3359
3630
3522
2793
2129
2358
2855
3055
2903
2084
1062
601
738
782
560
30
-995
-1996
-2231
-1862
-1733
-2244
-2963
-3372
-3286
-3085
-2892
-2761
-3092
-3672
-3711
-2934
-2253
-2203
-2393
-2678
-2840
-2452
-1604
-1030
-1284
-1630
-1508
-1111
-428
103
241
89
197
747
1574
2292
2144
1603
1553
1969
2600
3293
3448
2928
2431
2645
3265
3931
4275
3825
2917
2514
2766
3310
3701
3334
2318
1308
1023
1297
1451
1167
351
-782
-1526
-1726
-1492
-1450
-2027
-2836
-3362
-3264
-3022
-2789
-2836
-3308
-3856
-3815
-3056
-2358
-2351
-2767
-3089
-3168
-2711
-1871
-1361
-1586
-2048
-2125
-1574
-748
-362
-309
-322
-283
163
1216
2005
1810
1264
1119
1606
2388
3040
3245
2916
2468
2466
3081
4007
4333
3793
2987
2617
2925
3357
3679
3431
2606
1731
1375
1524
1494
1145
452
-450
-1203
-1640
-1634
-1599
-2172
-2995
-3450
-3357
-3117
-3019
-3166
-3539
-3991
-4007
-3431
-2894
-2902
-3116
-3246
-3264
-2941
-2429
-1989
-2033
-2307
-2326
-1837
-1282
-949
-826
-734
-515
-82
782
1611
1760
1294
1136
1671
2532
3199
3380
3110
2745
2810
3399
4169
4578
4282
3634
3178
3217
3562
3889
3886
3287
2349
1778
1714
1793
1679
1201
414
-521
-1255
-1472
-1392
-1609
-2283
-3001
-3247
-3110
-3130
-3147
-3241
-3604
-3973
-3926
-3357
-3034
-2862
-2914
-3283
-3521
-3279
-2511
-2016
-2040
-2238
-2255
-2057
-1511
-772
-332
-418
-386
126
1006
1813
2149
2058
1930
2196
2759
3312
3765
3787
3557
3529
3718
4299
4685
4691
4205
3628
3420
3578
4033
4118
3554
2621
1860
1674
1857
1851
1362
297
-805
-1552
-1601
-1423
-1694
-2422
-3351
-3755
-3949
-3663
-3277
-3575
-4369
-4712
-4426
-3944
-3369
-3107
-3568
-4388
-4537
-3694
-2671
-2303
-2574
-3132
-3173
-2401
-1346
-757
-701
-869
-817
-74
1295
2361
2416
1759
1573
2198
3076
3854
4243
4036
3526
3369
3854
4737
5259
4981
4178
3517
3482
3912
4328
4321
3530
2431
1943
1918
1935
1727
1192
132
-1151
-1798
-1726
-1631
-2042
-2952
-3790
-4198
-4131
-3871
-3771
-4051
-4724
-5111
-4802
-3973
-3380
-3550
-4267
-4699
-4402
-3565
-2685
-2472
-3019
-3382
-2947
-2019
-1193
-789
-744
-819
-426
717
2088
2645
2258
1707
1995
2982
3955
4418
4342
3973
3695
4003
4771
5393
5450
4942
4359
4062
4172
4451
4617
4386
3660
2945
2484
2326
2139
1780
1186
160
-1113
-1906
-1941
-1861
-2356
-3225
-3908
-4325
-4360
-4062
-3882
-4352
-5093
-5334
-4854
-3994
-3597
-3938
-4569
-4909
-4594
-3664
-2751
-2718
-3287
-3423
-2747
-1796
-1123
-669
-569
-445
248
1512
2592
2779
2323
2018
2672
3833
4502
4613
4477
4247
4269
4669
5285
5639
5524
5099
4638
4468
4537
4664
4719
4533
3824
3022
2545
2230
1904
1587
1091
-88
-1565
-2309
-2222
-2227
-2786
-3684
-4475
-4896
-4844
-4586
-4562
-5180
-5878
-5952
-5246
-4440
-4316
-4773
-5425
-5711
-5105
-3822
-2998
-3191
-3796
-3719
-2906
-1892
-1228
-880
-724
-524
302
1589
2510
2622
2284
2366
3172
4192
4830
4881
4653
4520
4737
5195
5670
5931
5805
5319
4935
4888
4980
4969
4862
4552
3761
3049
2643
2334
1881
1385
514
-770
-1975
-2548
-2446
-2589
-3452
-4494
-5154
-5346
-5235
-5109
-5223
-5740
-6178
-6067
-5294
-4653
-4727
-5212
-5642
-5501
-4681
-3679
-3139
-3437
-3751
-3225
-2261
-1469
-974
-622
-469
-101
853
1999
2841
3022
2873
3068
3827
4796
5303
5296
5125
5181
5315
5491
5781
6122
6166
5859
5538
5230
5009
4937
5064
4934
4275
3308
2601
2200
1845
1372
592
-627
-2061
-2786
-2660
-2688
-3478
-4563
-5277
-5584
-5599
-5269
-5129
-5668
-6408
-6396
-5616
-4945
-4803
-5022
-5423
-5626
-5066
-3916
-3128
-3156
-3432
-3217
-2430
-1442
-686
-247
50
330
1015
2123
3129
3652
3691
3603
3947
4628
5187
5505
5717
5769
5659
5512
5706
6241
6644
6493
5871
5102
4591
4667
5129
5260
4516
3219
2129
1438
1079
980
514
-829
-2651
-3637
-3583
-3472
-3958
-4928
-5849
-6499
-6501
-5968
-5739
-6200
-6912
-7084
-6538
-5733
-5247
-5443
-5968
-6210
-5676
-4463
-3446
-3306
-3606
-3358
-2527
-1781
-969
-180
201
514
1183
2143
3002
3722
4057
4066
4311
4955
5619
5942
5950
5921
5965
6017
6178
6536
6827
6543
5942
5376
5030
4941
5179
5233
4407
3234
2292
1555
1013
620
192
-896
-2487
-3606
-3973
-4044
-4380
-5082
-5873
-6453
-6582
-6340
-6203
-6373
-6808
-6978
-6573
-5906
-5461
-5488
-5734
-5897
-5467
-4416
-3374
-3040
-3200
-3034
-2303
-1395
-364
469
759
989
1622
2589
3565
4385
4873
4802
4829
5414
6102
6481
6491
6474
6430
6428
6528
6763
7057
7041
6518
5819
5308
5026
5014
5077
4543
3534
2468
1435
591
228
-25
-762
-2186
-3619
-4383
-4556
-4556
-4980
-5807
-6588
-6947
-6912
-6605
-6456
-6721
-7145
-7133
-6592
-5913
-5539
-5564
-5880
-5805
-4861
-3655
-2982
-3009
-3015
-2453
-1490
-374
602
1072
1114
1506
2406
3445
4473
5125
5090
4891
5221
5937
6553
6725
6465
6237
6341
6456
6555
6810
6895
6329
5491
4949
4588
4413
4380
4066
3208
2227
1330
393
-225
-616
-1260
-2478
-3808
-4757
-5147
-5147
-5398
-6165
-7021
-7408
-7371
-7173
-6977
-7057
-7361
-7372
-6885
-6140
-5679
-5785
-6072
-5879
-4974
-3763
-2896
-2721
-2758
-2375
-1394
-164
866
1296
1325
1672
2660
3774
4701
5413
5594
5397
5487
6241
6922
7071
6804
6651
6794
6904
6944
6956
6914
6576
6032
5502
4939
4441
4212
4133
3606
2630
1689
529
-583
-1100
-1294
-1886
-3136
-4571
-5556
-5730
-5600
-5807
-6436
-7084
-7472
-7554
-7250
-6929
-6786
-6947
-7008
-6477
-5878
-5510
-5419
-5222
-4697
-3887
-2914
-2345
-2102
-1742
-1012
-107
816
1482
1783
2071
2938
4062
4760
5264
5736
5927
5947
6332
6822
7009
6911
6847
7024
7247
7065
6676
6397
6215
6046
5758
5208
4218
3417
3196
3045
2650
1941
561
-986
-1917
-2130
-2179
-2808
-4094
-5611
-6438
-6361
-6113
-6312
-6900
-7525
-7876
-7822
-7400
-6840
-6694
-6839
-6705
-6199
-5702
-5443
-5056
-4402
-3671
-2974
-2360
-2079
-1829
-1059
-2
977
1639
1968
2270
3025
4027
4795
5293
5582
5871
6239
6638
6979
7064
6902
6751
6854
7211
7297
6681
5907
5653
5771
5783
5381
4308
3100
2431
2407
2497
2190
1153
-650
-2243
-2955
-2851
-2623
-3335
-5048
-6537
-7003
-6647
-6246
-6332
-6876
-7667
-8155
-7897
-7238
-6642
-6345
-6333
-6346
-6090
-5606
-4978
-4205
-3525
-2975
-2503
-2144
-1772
-979
219
1253
1665
1964
2427
3121
4066
4945
5385
5365
5537
6219
7052
7328
7059
6747
6533
6577
6894
7240
6977
6051
5331
5218
5438
5471
4747
3444
2280
1832
1836
1845
1557
385
-1422
-2733
-3141
-3052
-3193
-3945
-5173
-6417
-6934
-6711
-6320
-6417
-6961
-7469
-7772
-7743
-7230
-6357
-5702
-5621
-5720
-5560
-5134
-4413
-3371
-2406
-1980
-1950
-1769
-1019
219
1397
2164
2483
2552
2884
3756
4859
5583
5712
5516
5681
6461
7139
7330
6977
6408
6121
6279
6686
6774
6307
5543
4786
4346
4392
4471
4016
2931
1820
977
598
787
746
-104
-1570
-2980
-3883
-4183
-4022
-4042
-4842
-6141
-7157
-7485
-7004
-6412
-6309
-6839
-7601
-7970
-7362
-6093
-5045
-4832
-5267
-5626
-5342
-4048
-2357
-1399
-1511
-1927
-1745
-656
914
2176
2679
2505
2423
2974
4095
5273
5898
5802
5404
5409
6132
6956
7272
6996
6419
5854
5658
5937
6119
5849
5120
4254
3515
3318
3466
3436
2691
1410
280
-282
-255
21
-281
-1503
-3244
-4486
-4744
-4413
-4213
-4675
-5787
-7141
-7751
-7229
-6276
-6028
-6587
-7327
-7525
-6834
-5768
-4695
-4322
-4804
-5120
-4620
-3326
-2015
-1196
-1069
-1270
-1059
27
1520
2602
3029
3013
3128
3559
4401
5340
5947
5947
5609
5573
5949
6510
6920
6890
6343
5640
5308
5276
5342
5303
4914
4129
3176
2648
2560
2650
2346
1579
490
-571
-986
-621
-477
-1240
-2511
-3829
-4607
-4701
-4297
-4101
-4762
-6069
-7016
-6992
-6257
-5473
-5292
-5794
-6513
-6605
-5631
-4354
-3505
-3516
-3971
-3983
-3155
-1797
-628
-87
-224
-340
296
1531
2753
3353
3241
3088
3424
4149
4959
5436
5410
5165
5000
5166
5511
5843
5900
5530
4981
4435
4133
4046
4055
3818
3360
2781
2036
1324
1007
1003
937
349
-685
-1475
-1794
-1845
-1850
-2104
-2927
-4086
-4964
-4996
-4540
-4305
-4735
-5611
-6359
-6351
-5713
-4992
-4834
-5260
-5688
-5594
-4737
-3650
-2907
-2870
-3077
-2841
-2090
-997
-24
441
480
671
1378
2170
2728
3164
3488
3631
3916
4357
4624
4775
4902
4859
4689
4548
4532
4773
5011
4796
4256
3642
3148
2953
3092
3357
2919
1788
735
267
351
735
878
6
-1271
-2044
-2134
-1748
-1421
-1821
-2899
-4061
-4534
-4194
-3693
-3539
-4146
-5008
-5538
-5278
-4508
-3980
-4053
-4429
-4671
-4388
-3498
-2499
-1950
-1911
-1983
-1809
-1084
-111
797
1328
1366
1296
1587
2268
3036
3623
3778
3704
3686
3900
4330
4685
4758
4460
3959
3725
3896
4122
4100
3825
3368
2823
2435
2452
2397
2075
1646
1094
576
265
236
195
-93
-625
-1152
-1547
-1787
-1808
-1785
-1945
-2412
-3007
-3452
-3682
-3646
-3478
-3539
-3897
-4232
-4467
-4293
-3746
-3397
-3449
-3615
-3475
-3067
-2340
-1605
-1318
-1406
-1380
-877
72
933
1289
1223
1157
1341
1947
2690
3104
3095
2892
2857
3127
3457
3568
3592
3321
2887
2729
2872
2955
2754
2570
2388
2087
1819
1559
1272
1033
738
403
159
-103
-410
-549
-538
-767
-1154
-1347
-1431
-1610
-1692
-1832
-2130
-2450
-2724
-2738
-2767
-2867
-3106
-3316
-3365
-3158
-2871
-2742
-2816
-2910
-2782
-2356
-1833
-1374
-1046
-1081
-1080
-701
13
577
917
1014
937
1021
1453
2041
2351
2386
2299
2226
2272
2489
2753
2833
2609
2335
2150
2071
2152
2211
2073
1735
1428
1364
1376
1302
1131
734
350
119
161
285
133
-242
-672
-872
-714
-489
-351
-567
-1078
-1537
-1665
-1420
-1228
-1272
-1678
-2133
-2311
-2199
-1941
-1662
-1623
-1832
-2013
-1922
-1631
-1309
-1052
-862
-698
-634
-472
-178
79
338
673
962
953
896
1046
1351
1566
1625
1667
1504
1338
1466
1785
2008
1922
1514
1138
1077
1283
1491
1448
1160
728
499
640
857
896
596
201
-51
-94
60
160
17
-244
-542
-666
-561
-471
-361
-366
-603
-881
-1133
-1190
-1033
-883
-895
-1141
-1393
-1613
-1507
-1028
-679
-677
-1079
-1482
-1515
-1120
-533
-137
-227
-675
-945
-801
-283
262
495
333
-144
-312
88
740
1074
843
334
28
125
653
1142
1066
506
89
47
277
672
840
551
18
-174
90
425
568
497
246
-47
-42
240
432
342
123
-62
-65
2
117
192
75
-72
-151
-45
-44
-164
-258
-267
-214
-126
-87
-254
-398
-472
-448
-244
-224
-348
-582
-757
-678
-410
-188
-189
-429
-743
-718
-339
9
54
-156
-400
-437
-257
78
183
-46
-215
-192
72
311
401
293
28
-16
151
392
545
529
493
353
294
531
811
798
662
627
660
775
852
837
833
735
722
678
683
711
731
816
787
677
512
431
335
344
391
342
-9
-277
-294
-252
-126
-168
-446
-796
-952
-847
-685
-629
-793
-995
-1164
-1253
-1106
-761
-707
-854
-936
-988
-880
-708
-514
-496
-615
-669
-520
-312
-96
-56
-42
-52
-70
127
401
539
468
396
471
520
602
802
927
894
838
876
968
944
963
950
865
691
613
731
812
850
790
639
352
257
401
479
324
139
-65
-289
-358
-266
-191
-425
-816
-1056
-1161
-1180
-1165
-1147
-1242
-1385
-1478
-1445
-1386
-1429
-1439
-1392
-1294
-1193
-1122
-987
-926
-840
-675
-572
-467
-424
-337
-165
1
217
424
444
387
473
713
930
977
950
960
1012
1119
1262
1390
1328
1100
1083
1207
1297
1255
1107
989
953
1019
1111
1063
829
541
370
365
426
533
281
-20
-267
-420
-341
-262
-328
-597
-904
-1166
-1179
-1017
-966
-1042
-1229
-1476
-1589
-1472
-1326
-1233
-1153
-1120
-1126
-1047
-876
-673
-486
-398
-368
-267
-88
68
299
446
522
514
513
694
921
1024
1060
1097
1063
1132
1265
1430
1481
1371
1261
1190
1238
1333
1338
1282
1055
878
814
903
940
691
531
339
265
315
366
301
24
-175
-255
-332
-469
-612
-747
-917
-1038
-1055
-1106
-1234
-1408
-1517
-1551
-1602
-1581
-1625
-1660
-1659
-1563
-1439
-1283
-1171
-1080
-914
-799
-552
-378
-286
-207
-135
72
263
317
397
530
672
787
826
898
945
1017
1134
1172
1093
1084
1100
1118
1146
1139
970
734
602
550
646
698
661
495
260
100
41
169
125
-90
-309
-442
-387
-330
-371
-548
-790
-967
-964
-891
-861
-880
-1003
-1121
-1180
-1149
-1070
-1003
-963
-937
-936
-1026
-998
-807
-575
-443
-377
-340
-319
-151
156
397
464
446
491
572
742
931
1042
975
764
813
951
1078
1152
1108
1009
983
973
907
885
829
743
663
611
506
440
389
282
212
81
-55
-200
-312
-321
-213
-159
-290
-513
-697
-673
-490
-334
-428
-683
-863
-882
-630
-404
-326
-494
-750
-843
-622
-300
-153
-307
-538
-577
-419
-79
139
128
-1
-37
157
482
718
716
583
507
668
877
900
790
660
654
777
922
922
819
685
666
770
802
711
432
258
234
290
352
228
-126
-414
-465
-409
-260
-318
-569
-830
-862
-750
-639
-641
-805
-949
-929
-749
-626
-653
-756
-826
-787
-648
-459
-420
-484
-523
-544
-445
-260
-202
-157
-133
-130
-136
-115
-2
153
360
506
499
420
501
596
732
768
731
647
580
638
746
854
805
608
358
328
491
583
512
226
4
-84
6
96
9
-280
-507
-579
-554
-470
-479
-628
-817
-989
-1012
-866
-811
-828
-959
-1039
-1029
-923
-825
-821
-839
-799
-728
-599
-480
-418
-400
-331
-192
-80
1
34
181
338
377
460
519
595
733
879
983
1073
1065
1033
1108
1185
1251
1216
1085
954
1039
1113
1107
1006
838
759
759
773
699
580
381
242
162
129
77
-12
-167
-350
-450
-560
-685
-795
-875
-979
-1042
-1033
-1056
-1177
-1240
-1159
-1065
-1105
-1208
-1152
-1026
-915
-784
-678
-644
-589
-482
-231
19
160
152
94
215
489
810
1017
988
873
877
1094
1353
1457
1442
1400
1362
1329
1465
1583
1500
1257
1076
1062
1143
1127
999
828
615
532
530
488
305
60
-128
-244
-383
-492
-598
-822
-1054
-1159
-1203
-1313
-1398
-1516
-1683
-1770
-1795
-1837
-1840
-1877
-1907
-1871
-1861
-1890
-1782
-1564
-1423
-1326
-1254
-1130
-986
-783
-530
-334
-211
-132
-22
204
496
770
922
1010
1006
1120
1374
1596
1732
1710
1611
1541
1677
1815
1913
1838
1613
1478
1423
1448
1470
1359
1199
1025
823
722
721
561
295
89
-103
-222
-313
-452
-676
-915
-1113
-1237
-1344
-1442
-1526
-1681
-1805
-1900
-1964
-1951
-1953
-1970
-1973
-1979
-1915
-1797
-1633
-1478
-1289
-1143
-992
-812
-666
-408
-174
-13
55
191
362
639
915
1131
1262
1393
1604
1759
1837
1952
2064
2107
2114
2135
2220
2214
2154
2046
1989
1853
1730
1648
1585
1433
1235
1109
1002
789
566
368
158
-25
-189
-289
-498
-719
-863
-955
-1093
-1312
-1434
-1556
-1691
-1811
-1901
-1894
-1932
-1973
-1973
-2037
-2086
-1972
-1770
-1640
-1590
-1499
-1416
-1247
-992
-749
-664
-620
-447
-223
83
358
580
717
744
803
1035
1388
1634
1748
1762
1743
1787
1924
2105
2141
1940
1806
1774
1768
1779
1707
1530
1308
1106
1034
976
856
702
456
191
-23
-53
-81
-349
-648
-865
-1008
-1082
-1179
-1331
-1528
-1702
-1796
-1837
-1889
-1940
-1974
-1996
-2014
-2032
-1996
-1893
-1825
-1808
-1701
-1579
-1450
-1351
-1188
-1012
-812
-599
-453
-336
-197
52
312
470
625
809
898
987
1162
1406
1607
1672
1680
1724
1781
1884
1899
1866
1778
1670
1621
1543
1482
1439
1360
1220
1043
925
829
754
586
390
264
119
-61
-247
-370
-471
-622
-800
-939
-1072
-1152
-1205
-1277
-1423
-1520
-1552
-1588
-1546
-1545
-1554
-1643
-1677
-1535
-1409
-1285
-1176
-1102
-994
-873
-669
-499
-406
-354
-270
-22
225
469
637
695
726
813
1009
1205
1328
1422
1426
1390
1483
1585
1675
1664
1612
1566
1504
1488
1525
1550
1403
1228
1071
977
934
879
772
579
356
170
110
86
21
-106
-310
-542
-681
-755
-833
-892
-957
-1086
-1258
-1384
-1397
-1347
-1304
-1397
-1517
-1539
-1481
-1356
-1280
-1264
-1251
-1230
-1098
-968
-836
-711
-610
-551
-477
-300
-126
19
140
238
282
408
597
752
830
918
965
987
1074
1110
1168
1117
1072
1015
980
1021
1041
1002
940
916
849
794
763
690
595
452
302
210
121
27
-135
-317
-447
-499
-500
-540
-633
-753
-802
-870
-954
-1010
-1049
-1064
-1131
-1156
-1162
-1154
-1161
-1157
-1196
-1202
-1106
-979
-837
-747
-713
-669
-577
-405
-189
-46
33
72
96
228
377
535
596
565
588
657
783
951
1050
994
958
906
991
1120
1152
1134
1048
995
965
954
1002
996
937
806
624
525
513
518
508
402
248
100
36
46
57
0
-159
-295
-453
-547
-555
-561
-625
-738
-887
-996
-1004
-969
-906
-982
-1071
-1077
-993
-858
-735
-623
-669
-719
-695
-515
-299
-184
-205
-275
-195
-86
3
127
240
239
250
337
511
644
775
835
815
824
813
854
951
979
992
974
934
867
891
914
855
788
743
703
626
620
620
555
376
251
207
98
68
61
-89
-301
-488
-598
-627
-596
-651
-779
-935
-1046
-1076
-1058
-1051
-1116
-1162
-1178
-1180
-1135
-1009
-965
-981
-979
-925
-839
-760
-660
-574
-593
-609
-497
-382
-267
-135
-92
-69
-20
56
205
355
469
531
538
502
567
758
818
832
845
878
920
969
1019
1051
976
875
842
814
809
785
721
566
461
408
388
368
262
160
80
-44
-138
-132
-205
-370
-503
-547
-607
-678
-699
-798
-924
-1007
-977
-934
-922
-866
-900
-911
-880
-816
-681
-625
-666
-674
-622
-533
-452
-311
-246
-261
-189
-89
103
214
304
422
485
492
563
729
849
877
922
942
990
1054
1140
1233
1233
1169
1111
1105
1086
1071
1063
1046
949
847
770
723
662
566
421
271
155
65
11
-21
-107
-233
-356
-512
-605
-620
-733
-848
-900
-915
-927
-949
-951
-993
-1077
-1075
-1043
-1028
-976
-932
-899
-934
-910
-814
-714
-638
-593
-585
-525
-378
-217
-118
8
118
188
273
363
470
597
660
688
735
824
920
959
997
1011
995
987
1039
1018
962
963
960
904
754
673
559
458
374
336
227
158
67
-62
-163
-262
-351
-495
-634
-736
-737
-795
-841
-902
-996
-1068
-1107
-1116
-1151
-1149
-1188
-1205
-1198
-1241
-1187
-1149
-1091
-1069
-990
-897
-828
-752
-637
-512
-451
-335
-211
-79
21
160
288
412
476
595
751
869
967
1050
1156
1226
1241
1264
1326
1331
1353
1342
1290
1239
1212
1160
1058
968
957
877
784
672
562
496
386
315
213
113
-15
-164
-253
-365
-446
-523
-603
-673
-757
-824
-913
-972
-1020
-1064
-1097
-1138
-1161
-1143
-1122
-1099
-1076
-1099
-1081
-951
-765
-649
-565
-487
-407
-292
-108
99
224
290
385
480
608
746
880
967
946
1005
1076
1171
1223
1276
1303
1210
1198
1202
1210
1215
1175
1091
994
948
864
810
722
542
417
317
213
132
20
-124
-271
-384
-501
-627
-720
-793
-858
-959
-1077
-1128
-1177
-1284
-1376
-1420
-1416
-1399
-1428
-1394
-1378
-1377
-1336
-1236
-1138
-1029
-925
-856
-744
-652
-518
-387
-248
-110
59
203
327
437
502
632
746
884
997
1032
1104
1165
1177
1193
1253
1277
1286
1212
1124
1121
1070
1005
954
905
805
731
693
591
481
389
274
160
27
-73
-170
-329
-494
-590
-666
-726
-808
-936
-1015
-1112
-1181
-1194
-1192
-1226
-1267
-1256
-1276
-1315
-1300
-1250
-1189
-1089
-990
-913
-819
-732
-631
-512
-383
-259
-126
29
138
291
430
522
653
780
920
989
1096
1161
1199
1277
1295
1303
1305
1317
1313
1331
1325
1319
1300
1169
1042
967
917
864
791
697
586
489
407
305
162
-12
-163
-249
-328
-432
-552
-648
-776
-874
-890
-940
-1019
-1073
-1129
-1176
-1115
-1082
-1063
-1079
-1055
-1041
-1023
-943
-883
-804
-742
-680
-563
-417
-278
-189
-133
-17
94
252
399
467
521
642
763
831
840
844
916
935
960
1015
1031
990
932
933
942
883
788
746
719
656
594
518
415
295
199
106
3
-122
-208
-306
-356
-416
-499
-537
-673
-731
-841
-907
-956
-1015
-1060
-1100
-1109
-1107
-1058
-1100
-1110
-1106
-1064
-950
-825
-748
-698
-681
-617
-520
-392
-254
-134
-51
26
158
269
395
531
555
578
660
756
874
894
919
950
943
951
940
935
964
943
886
803
798
808
762
707
612
483
421
396
353
296
160
48
-47
-124
-159
-214
-274
-388
-468
-494
-559
-622
-684
-769
-848
-851
-826
-816
-847
-904
-882
-866
-853
-828
-785
-710
-650
-625
-571
-482
-421
-301
-179
-72
9
72
131
195
328
426
464
472
538
609
688
788
840
857
842
843
892
916
919
891
826
773
737
738
758
739
696
590
568
553
493
458
290
166
130
67
19
-42
-157
-272
-346
-425
-469
-494
-548
-636
-706
-777
-840
-821
-840
-808
-801
-817
-789
-813
-796
-713
-623
-589
-571
-488
-368
-296
-216
-130
-80
-57
0
86
143
216
253
279
303
374
452
449
456
428
425
458
492
517
525
541
554
532
537
547
539
499
425
371
356
349
298
228
87
-24
-92
-156
-145
-180
-226
-275
-357
-478
-558
-575
-580
-608
-674
-729
-761
-779
-724
-677
-660
-662
-649
-610
-558
-494
-450
-434
-360
-298
-278
-190
-146
-98
-46
27
97
133
165
240
298
328
361
399
467
519
534
532
515
521
572
580
613
612
570
543
528
533
535
522
511
456
423
424
372
282
196
138
90
80
-37
-70
-140
-224
-283
-366
-377
-397
-433
-480
-531
-567
-597
-594
-549
-570
-589
-543
-500
-475
-416
-392
-392
-349
-291
-201
-105
-83
-37
19
46
93
189
291
357
397
462
476
517
581
628
659
612
537
520
529
557
592
581
596
592
588
596
578
542
479
395
387
422
370
343
224
122
56
33
39
-64
-138
-218
-277
-335
-387
-413
-442
-546
-595
-608
-625
-626
-606
-608
-642
-647
-643
-635
-633
-652
-654
-606
-535
-463
-427
-334
-278
-301
-311
-265
-177
-76
-37
6
57
80
131
175
162
167
187
207
262
336
363
365
365
372
360
402
439
405
360
326
326
307
269
267
275
218
186
138
75
7
-59
-111
-197
-216
-237
-269
-317
-364
-386
-373
-367
-457
-496
-457
-416
-452
-461
-486
-472
-460
-407
-400
-401
-371
-341
-277
-175
-112
-93
-85
-80
-11
79
145
116
163
201
250
299
371
403
362
354
428
463
462
493
480
473
505
540
572
580
562
512
427
460
470
488
477
424
364
305
220
167
133
74
25
-53
-72
-88
-136
-196
-215
-252
-264
-240
-250
-271
-288
-330
-351
-363
-331
-289
-271
-306
-322
-316
-296
-246
-203
-140
-121
-98
-48
8
40
55
67
85
90
107
183
242
206
202
221
245
278
311
361
343
348
362
336
315
326
333
325
298
303
306
233
199
174
183
138
79
5
-42
-75
-138
-167
-210
-238
-265
-290
-280
-307
-378
-411
-408
-447
-461
-467
-524
-543
-527
-502
-466
-462
-472
-488
-511
-452
-382
-366
-358
-379
-388
-326
-251
-215
-211
-146
-107
-82
-40
-43
1
23
57
103
113
170
194
219
224
280
305
312
351
342
369
377
379
357
354
383
361
311
304
276
244
236
239
199
144
96
24
22
2
-3
-22
-80
-123
-129
-85
-86
-155
-221
-213
-224
-220
-244
-260
-237
-244
-230
-178
-187
-214
-220
-240
-213
-158
-138
-125
-114
-77
-59
-3
42
22
49
103
176
190
199
202
230
288
280
335
361
388
413
399
436
466
509
479
431
460
455
467
413
347
334
359
357
315
245
179
127
111
97
62
48
-14
-96
-136
-163
-163
-207
-277
-299
-309
-283
-304
-322
-347
-354
-349
-331
-369
-390
-370
-351
-361
-383
-338
-330
-319
-251
-214
-237
-200
-169
-163
-92
-17
18
18
16
47
117
164
197
204
220
254
271
306
319
289
266
274
307
314
290
290
250
169
189
180
127
80
36
40
20
-59
-81
-152
-197
-190
-227
-271
-326
-319
-334
-344
-403
-389
-400
-450
-489
-485
-465
-478
-495
-486
-445
-412
-375
-356
-378
-392
-336
-251
-195
-185
-109
-85
-71
-23
46
94
92
135
168
176
231
296
338
339
398
427
447
468
426
410
436
471
464
453
454
432
398
332
303
326
320
285
246
247
215
145
108
79
47
4
-42
-74
-123
-141
-133
-134
-165
-160
-160
-176
-182
-206
-217
-254
-245
-268
-225
-224
-233
-259
-285
-269
-242
-161
-86
-58
-51
-9
28
70
74
92
133
167
202
248
292
338
361
375
368
384
391
408
428
412
425
407
390
395
360
310
283
241
195
215
215
183
137
93
44
-35
-95
-134
-142
-158
-224
-272
-314
-352
-351
-356
-379
-415
-441
-477
-483
-513
-500
-512
-510
-505
-522
-508
-490
-456
-443
-436
-394
-335
-297
-250
-202
-177
-127
-40
4
45
92
156
186
173
244
310
345
351
322
337
396
433
413
388
360
325
295
279
302
302
247
223
195
200
180
166
98
18
-45
-120
-138
-181
-213
-214
-215
-260
-286
-297
-312
-353
-363
-397
-458
-422
-384
-411
-449
-451
-416
-413
-415
-368
-367
-306
-270
-212
-172
-128
-80
-40
-26
-5
40
81
118
150
213
275
346
368
455
492
498
509
499
538
537
526
543
537
491
447
430
426
412
389
381
348
296
295
289
267
255
199
128
87
111
93
57
7
-59
-95
-163
-211
-252
-247
-243
-282
-281
-284
-289
-308
-324
-307
-294
-308
-271
-269
-293
-265
-264
-217
-217
-155
-91
-116
-86
-55
-55
-29
-1
102
150
153
190
213
222
250
251
237
270
273
302
311
320
288
298
252
158
201
168
151
143
126
99
58
69
74
62
19
-47
-107
-127
-175
-191
-206
-245
-265
-286
-295
-324
-365
-394
-398
-425
-434
-431
-408
-431
-419
-425
-423
-403
-364
-321
-315
-281
-217
-162
-151
-94
-100
-88
-11
-55
-30
68
116
146
165
182
195
210
233
280
302
308
317
322
328
298
302
285
253
279
245
208
225
244
239
190
156
106
92
87
32
7
-52
-78
-79
-72
-118
-145
-187
-241
-299
-279
-280
-301
-275
-317
-332
-366
-389
-353
-338
-347
-321
-304
-266
-216
-178
-132
-66
-30
28
64
120
185
187
190
172
203
280
300
346
375
376
364
386
424
448
421
416
398
402
396
423
390
320
300
304
307
260
275
238
209
230
222
187
142
110
48
-18
-40
-53
-40
-81
-139
-180
-184
-215
-239
-260
-315
-356
-367
-353
-334
-336
-321
-316
-324
-311
-250
-253
-243
-181
-142
-106
-64
-39
-27
-22
-23
-11
9
54
68
79
122
123
74
82
136
146
180
180
127
105
130
135
133
142
164
173
182
186
190
170
114
92
59
42
23
0
-22
-49
-60
-91
-116
-85
-125
-186
-224
-231
-222
-295
-324
-353
-361
-404
-410
-397
-387
-381
-382
-353
-357
-343
-339
-326
-304
-258
-218
-189
-134
-91
-58
-57
-55
-51
-36
-12
43
85
141
158
169
194
243
253
244
277
274
259
256
239
240
258
257
263
270
280
281
256
253
275
239
211
193
153
148
125
61
66
36
18
-6
-72
-79
-87
-110
-152
-167
-157
-153
-199
-211
-234
-222
-222
-227
-204
-198
-202
-160
-88
-88
-63
-58
-31
-14
13
46
53
99
113
149
191
226
264
297
307
353
358
358
335
314
338
325
333
346
335
323
268
227
251
252
232
213
203
197
203
198
165
147
100
58
34
-27
-64
-96
-153
-208
-206
-216
-231
-275
-281
-273
-322
-318
-331
-375
-346
-349
-362
-338
-333
-319
-317
-317
-332
-302
-285
-254
-210
-167
-153
-158
-101
-62
-39
-35
-2
44
30
36
23
68
122
116
133
127
131
148
166
153
181
199
144
140
145
124
111
118
111
94
49
67
66
29
-20
-56
-91
-76
-78
-144
-155
-171
-209
-247
-265
-262
-283
-279
-287
-279
-281
-277
-268
-285
-260
-237
-216
-201
-148
-134
-135
-125
-109
-73
-52
-70
-25
26
34
28
69
132
148
165
142
169
224
248
266
291
299
297
300
317
317
308
325
303
311
339
333
331
324
299
326
289
243
233
208
171
137
153
147
106
38
-19
-76
-99
-88
-124
-160
-150
-165
-172
-170
-209
-208
-185
-192
-154
-135
-147
-152
-150
-115
-90
-103
-98
-91
-77
-81
-51
-9
-2
29
60
51
90
97
93
96
140
127
126
175
164
179
204
207
198
215
233
207
162
171
156
158
137
141
153
121
104
76
60
-7
-54
-60
-65
-74
-108
-116
-156
-193
-233
-270
-269
-247
-219
-206
-207
-245
-286
-282
-296
-263
-249
-237
-245
-247
-232
-190
-155
-163
-136
-141
-157
-160
-112
-99
-80
-68
-49
-26
-18
-3
19
43
71
71
104
111
120
109
72
79
100
104
53
70
110
152
129
131
125
102
64
51
28
7
-10
-13
5
-38
-81
-70
-57
-65
-92
-117
-150
-160
-173
-154
-131
-140
-121
-142
-137
-103
-101
-87
-81
-76
-66
-40
-39
-55
-30
6
15
39
55
29
27
32
41
71
67
53
86
96
147
178
171
195
205
205
232
236
251
179
143
174
223
237
251
250
223
228
204
215
197
170
174
154
120
121
125
118
60
38
7
-2
-22
-21
-40
-49
-66
-83
-57
-99
-94
-83
-91
-76
-64
-41
-25
-15
-1
-39
-47
-45
-46
-14
12
21
51
47
6
4
12
16
2
22
22
51
11
-12
34
-8
44
61
66
63
24
18
17
41
37
28
-3
-24
6
0
-2
-12
-5
15
-5
-39
-67
-107
-143
-155
-157
-160
-181
-194
-203
-215
-223
-254
-245
-256
-260
-242
-254
-236
-244
-227
-226
-228
-244
-243
-224
-208
-205
-202
-169
-171
-160
-123
-141
-150
-137
-114
-83
-63
-53
-2
28
33
57
68
101
144
164
193
180
194
195
166
168
146
149
170
155
183
173
157
134
109
147
168
177
167
125
87
75
67
81
74
81
81
95
119
78
57
73
54
52
49
47
38
17
19
16
20
7
-10
0
-23
-49
-26
-21
-16
-23
-12
-18
-19
-31
-10
31
27
53
89
85
90
88
65
87
93
105
107
142
164
168
168
163
149
151
184
177
157
135
135
154
149
148
115
98
86
49
30
-7
-42
-74
-72
-87
-92
-110
-115
-119
-124
-161
-174
-179
-205
-213
-208
-197
-164
-169
-198
-205
-190
-181
-249
-245
-256
-226
-177
-176
-124
-113
-111
-109
-50
-2
19
7
32
54
60
83
71
93
80
68
56
71
108
114
143
126
145
162
141
147
98
104
98
70
62
44
20
-24
-53
-69
-103
-87
-79
-78
-54
-83
-105
-140
-135
-130
-174
-222
-222
-215
-250
-235
-228
-246
-263
-270
-256
-223
-203
-201
-190
-175
-141
-130
-103
-75
-64
-59
-19
10
21
31
24
52
70
84
105
147
177
209
245
244
227
211
239
258
264
239
232
239
243
238
219
211
216
232
211
218
229
207
184
173
152
114
120
88
47
62
47
37
27
16
1
-34
-46
-56
-71
-54
-56
-63
-85
-91
-92
-129
-130
-127
-114
-88
-98
-88
-82
-96
-97
-66
-97
-62
-18
3
58
78
58
53
56
73
113
124
148
138
153
163
158
187
177
170
152
122
121
108
97
91
91
76
43
21
23
11
9
1
-26
-31
-49
-59
-85
-67
-67
-128
-141
-160
-172
-184
-192
-220
-267
-253
-238
-245
-242
-232
-238
-227
-229
-219
-223
-206
-187
-208
-178
-163
-142
-143
-144
-124
-112
-81
-19
5
11
46
68
72
94
115
98
94
118
101
98
97
103
144
146
139
94
82
71
56
58
74
58
40
40
25
-14
-53
-63
-84
-86
-95
-67
-68
-66
-74
-93
-130
-124
-108
-147
-123
-149
-117
-124
-170
-150
-119
-112
-119
-111
-63
-12
11
33
35
52
61
58
63
60
90
122
115
109
150
169
173
152
168
192
191
181
201
238
240
212
237
268
262
240
196
198
206
192
157
166
197
194
177
138
142
117
81
56
58
26
1
15
30
5
-38
-63
-72
-74
-103
-91
-104
-101
-96
-118
-125
-128
-94
-94
-85
-85
-76
-43
-63
-74
-79
-52
-20
-10
-7
4
-26
-56
-17
18
30
37
73
79
54
50
63
84
90
74
57
53
27
20
38
42
60
37
41
33
18
26
2
-18
-44
-71
-54
-73
-110
-117
-135
-146
-152
-189
-204
-171
-205
-208
-210
-254
-257
-266
-271
-258
-283
-243
-236
-236
-214
-207
-218
-247
-247
-251
-232
-199
-177
-132
-101
-101
-105
-108
-75
-58
-34
9
14
37
80
65
99
114
127
154
143
167
202
205
183
249
235
242
199
189
202
171
154
180
197
176
171
151
167
124
118
113
107
78
14
-5
-12
-26
-24
-42
-50
-13
-6
18
-19
-27
-38
-35
-20
-32
-11
-22
-35
-44
-58
-47
-27
-13
0
9
-1
2
30
49
56
51
32
74
109
99
124
166
175
189
174
205
200
141
180
159
162
167
193
198
157
175
191
166
133
142
130
120
129
84
45
37
32
3
-27
-31
-53
-105
-79
-61
-104
-111
-106
-112
-130
-136
-153
-160
-145
-165
-159
-177
-169
-151
-161
-175
-198
-164
-146
-138
-130
-121
-119
-105
-77
-78
-82
-84
-100
-65
-49
-50
-67
-48
-46
-75
-46
-60
-19
-22
-24
-18
-13
-2
-15
8
15
-6
-11
4
16
-13
1
5
36
23
-3
-8
-16
-14
-12
-14
-23
-38
-42
-30
-33
-9
-15
-42
-90
-79
-83
-99
-120
-114
-121
-121
-99
-73
-45
-54
-74
-91
-56
-48
-66
-85
-56
-96
-70
-29
-21
1
7
11
5
36
59
86
97
133
118
155
152
153
165
128
141
129
113
139
154
164
170
152
156
141
124
86
117
134
114
139
112
115
83
58
53
28
13
-8
-2
-15
-26
-19
-36
-52
-51
-50
-55
-33
-6
-14
-35
-77
-82
-50
-68
-73
-25
-22
-45
-81
-57
-55
-37
6
8
60
70
69
64
59
86
102
131
152
163
146
143
173
156
146
125
129
115
136
151
151
122
100
107
83
90
87
105
89
66
53
52
9
-12
-8
-23
-47
-82
-88
-109
-102
-107
-112
-133
-132
-152
-158
-144
-178
-177
-170
-178
-196
-200
-220
-213
-214
-207
-193
-199
-200
-184
-204
-199
-183
-156
-158
-129
-97
-127
-103
-87
-69
-67
-51
-49
-47
-55
-51
-33
-46
-26
-23
-9
1
14
0
38
40
44
51
24
54
83
62
38
87
66
37
59
45
61
48
32
32
48
24
-7
-17
-29
-33
-28
-28
-14
-46
-42
-46
-52
-41
-45
-22
-13
8
9
15
31
21
21
36
35
58
68
61
70
55
46
46
42
61
56
80
88
77
111
99
80
115
138
145
133
139
156
147
164
161
185
196
190
180
185
189
177
182
182
159
128
126
101
114
111
86
63
43
42
34
21
-7
7
-19
-53
-44
-39
-34
-48
-61
-48
-45
-30
-27
-66
-84
-120
-99
-73
-78
-80
-110
-134
-138
-147
-119
-97
-85
-84
-73
-59
-55
-19
-18
-15
-40
-35
-28
-16
-10
-1
3
-13
-21
-15
-27
-2
-16
-39
0
4
12
-9
21
18
28
9
-2
-2
-33
-29
-43
-71
-86
-68
-94
-142
-121
-117
-146
-152
-131
-136
-141
-168
-178
-159
-163
-161
-157
-184
-181
-163
-172
-146
-152
-141
-129
-109
-62
-64
-86
-85
-57
-41
-33
-26
6
3
36
50
69
81
65
82
84
124
109
122
145
158
161
139
149
162
161
184
165
149
167
170
146
108
113
70
58
63
51
20
22
35
58
33
-4
-7
-3
5
11
2
-12
-27
-27
-39
-45
-36
-22
21
16
5
12
-9
-13
-3
-16
-15
-19
-24
-10
29
45
55
71
69
81
78
116
114
112
151
144
136
146
151
124
131
133
143
116
122
128
124
108
99
89
72
76
64
56
40
31
30
6
-13
-14
-25
-32
-36
-39
-39
-36
-65
-69
-92
-100
-102
-108
-98
-101
-105
-114
-114
-105
-103
-107
-110
-115
-85
-75
-71
-75
-98
-104
-100
-76
-84
-82
-87
-89
-63
-92
-57
-61
-68
-59
-41
-33
-27
1
-15
-5
19
5
31
34
9
15
35
30
8
-1
-8
-22
-16
-16
-22
-19
-32
-39
-49
-67
-75
-58
-62
-58
-46
-45
-57
-99
-107
-108
-112
-121
-99
-73
-80
-87
-77
-80
-84
-96
-97
-105
-109
-94
-76
-66
-70
-70
-56
-47
-44
-8
5
18
27
40
53
87
91
80
114
125
123
97
115
129
153
165
151
148
152
165
156
170
151
159
155
148
135
108
100
67
84
69
63
67
73
61
64
51
30
38
44
78
45
46
47
21
12
27
37
23
5
-21
10
4
-1
8
-10
-11
-14
-4
-3
6
-1
14
5
10
15
17
28
41
50
58
80
74
69
75
88
63
67
87
74
52
27
44
36
30
31
10
13
-6
-9
1
0
4
4
-17
-24
-30
-48
-63
-62
-60
-64
-92
-84
-86
-98
-76
-109
-113
-107
-117
-123
-124
-131
-160
-153
-160
-137
-145
-136
-124
-114
-119
-100
-81
-107
-95
-113
-101
-98
-90
-79
-78
-70
-53
-44
-31
-32
-41
-30
-43
-51
-46
-44
-21
-12
-10
2
6
4
4
7
5
13
6
11
-19
-6
3
-3
16
9
29
23
33
54
53
42
40
31
41
41
56
49
25
20
17
12
10
4
-7
-3
23
11
14
3
-8
4
9
15
11
32
38
46
26
31
43
40
39
49
46
33
50
46
49
52
49
65
71
75
83
73
62
79
92
77
92
90
83
83
94
103
89
88
95
90
78
90
93
90
84
82
82
90
104
111
89
72
47
43
39
22
18
10
4
8
-4
-13
-25
-32
-60
-53
-49
-48
-41
-58
-45
-57
-46
-59
-65
-76
-78
-66
-83
-61
-63
-72
-66
-81
-61
-64
-70
-45
-57
-44
-28
-14
-7
-27
-23
-11
-27
-46
-7
9
-3
-15
-13
-12
-9
1
-6
-8
-26
-34
-45
-50
-59
-64
-76
-85
-93
-103
-90
-84
-78
-80
-81
-81
-74
-53
-49
-61
-74
-74
-52
-45
-31
-38
-43
-37
-47
-24
-11
-28
-41
-31
-17
-10
-16
-12
-1
3
-6
5
14
12
3
6
18
14
11
21
15
19
19
16
27
28
50
53
44
56
59
65
59
46
60
53
49
31
39
44
46
38
25
27
22
41
52
65
56
45
41
40
39
38
39
26
24
40
28
17
13
8
4
-3
0
16
5
-5
4
12
17
19
34
39
46
42
33
51
39
23
40
35
36
31
36
41
40
48
42
43
37
27
28
29
36
32
33
8
11
18
23
7
3
19
26
16
23
34
37
27
14
30
24
28
15
7
8
-2
-13
-17
-27
-36
-40
-50
-29
-41
-44
-40
-39
-55
-73
-80
-79
-75
-89
-78
-82
-76
-66
-70
-60
-75
-77
-55
-50
-28
-34
-22
-18
-31
-19
-7
-8
-28
-27
-32
-24
-25
-25
-33
-30
-15
-31
-26
-20
-31
-24
-27
-9
-14
-27
-15
-30
-32
-25
-22
-25
-22
-17
-23
-35
-30
-21
-23
-40
-26
-16
-18
-12
-5
-11
-30
-30
1
7
-1
6
-5
-20
-16
-9
5
8
7
5
17
18
19
32
26
18
23
35
30
15
21
25
18
26
24
20
27
35
48
55
58
76
82
88
100
99
93
86
70
78
69
58
52
43
37
14
14
22
21
16
15
15
8
11
10
11
9
1
5
10
-1
19
9
-12
1
1
-5
-7
5
2
9
9
16
22
22
31
32
29
9
5
12
7
-5
4
-2
0
0
-5
6
8
14
7
14
26
31
27
33
34
38
38
28
21
15
13
-3
-4
-14
-25
-22
-30
-26
-30
-34
-36
-44
-43
-44
-50
-58
-65
-70
-87
-87
-88
-81
-73
-75
-81
-77
-57
-59
-57
-47
-48
-48
-36
-40
-33
-46
-46
-48
-53
-51
-46
-47
-51
-25
-35
-28
-21
-3
6
3
13
8
19
28
23
27
31
27
25
33
20
1
1
2
1
1
11
3
-6
0
6
0
2
6
-5
-7
-13
-11
-21
-24
-18
-15
-17
-14
-13
-2
0
-3
8
10
11
7
20
10
8
10
-2
0
-1
-6
6
3
0
4
10
10
12
26
36
35
34
32
38
48
58
58
54
58
66
66
54
67
62
57
70
65
61
56
54
57
55
57
56
49
49
48
39
30
30
23
12
13
21
10
10
11
17
15
21
22
18
16
12
13
12
12
3
2
-7
-1
-2
0
-11
-12
-13
-20
-12
-13
-6
-3
-2
-19
-18
-10
-2
-4
-6
-3
-1
-4
-11
-5
-10
-10
-3
-8
-6
-9
-10
-9
-13
-12
-21
-28
-28
-40
-49
-56
-57
-60
-60
-55
-63
-65
-65
-70
-49
-47
-53
-49
-59
-65
-57
-69
-73
-77
-79
-74
-77
-78
-82
-85
-76
-59
-56
-48
-51
-47
-42
-30
-16
-3
0
-3
-12
-17
-16
-22
-8
-2
16
16
9
17
22
17
20
31
36
35
38
40
31
34
43
35
36
42
37
33
36
40
34
24
14
26
24
14
17
20
29
30
31
44
35
42
49
48
46
48
35
26
29
29
33
21
33
28
30
30
13
6
11
14
11
14
12
13
26
23
23
32
26
29
17
26
30
36
30
26
24
11
22
29
28
21
23
34
28
23
28
17
16
16
6
7
11
10
8
5
8
5
2
3
2
2
12
0
0
5
11
6
4
2
-10
1
-8
-7
0
-8
-19
-16
-9
-18
-30
-40
-34
-33
-32
-21
-24
-27
-28
-34
-32
-28
-25
-31
-32
-45
-44
-45
-37
-31
-32
-33
-36
-34
-37
-38
-44
-45
-36
-38
-48
-45
-31
-28
-34
-26
-34
-34
-30
-31
-27
-22
-28
-29
-30
-20
-29
-28
-25
-29
-16
-10
-18
-15
-8
-19
-13
-17
-7
-10
-16
-14
-15
-24
-21
-11
-10
-1
9
5
-2
3
-1
3
4
3
20
21
8
14
23
28
22
23
27
27
22
20
25
20
18
18
26
30
37
28
32
34
44
48
40
44
49
50
58
62
57
53
53
49
58
54
41
55
54
46
34
26
36
30
29
35
20
16
14
13
13
20
19
17
14
11
7
9
0
1
9
15
6
-4
7
3
-6
-16
-18
-5
0
-1
2
-1
-9
-9
-8
-2
-2
-6
-6
-5
-4
-3
-12
-18
-13
-11
-10
-16
-13
-4
-11
-9
-4
-7
6
6
-4
-3
-4
-1
-17
-7
-9
-18
-27
-25
-20
-16
-15
-34
-23
-21
-25
-30
-45
-42
-47
-55
-52
-42
-23
-34
-38
-42
-48
-43
-39
-36
-34
-27
-31
-29
-22
-23
-28
-39
-42
-28
-28
-31
-33
-27
-27
-31
-28
-24
-27
-27
-18
-14
-5
-8
-4
6
9
22
14
8
13
15
19
27
35
35
35
26
23
17
21
20
19
27
28
24
16
14
12
8
14
21
13
17
7
5
1
6
9
9
7
6
7
2
2
2
0
-1
4
6
13
2
7
11
10
8
10
15
8
4
10
15
21
18
16
26
28
22
23
27
22
30
35
39
34
33
41
34
31
38
41
32
30
26
32
33
32
40
38
36
31
27
21
24
22
15
5
-2
-8
-8
-17
-19
-12
-13
-9
-3
-1
3
-4
1
2
-7
0
1
6
-2
0
-3
-3
-10
-14
-7
-4
-15
-20
-15
-21
-15
-23
-21
-23
-19
-25
-24
-26
-27
-25
-26
-17
-12
-22
-22
-19
-25
-23
-26
-26
-26
-22
-30
-25
-32
-30
-29
-28
-27
-37
-36
-38
-43
-45
-38
-38
-41
-37
-31
-25
-21
-26
-17
-17
-24
-16
-18
-15
-15
-15
-7
-10
-8
-9
-12
-17
-12
-12
-12
-9
-7
-8
-9
-7
-8
1
-7
-8
-6
1
7
9
10
-1
8
8
15
26
21
23
25
22
21
18
21
21
21
15
14
10
16
23
17
20
17
16
16
20
25
39
35
34
40
32
30
29
23
33
37
25
26
33
31
27
28
26
32
27
35
27
29
27
15
14
8
12
8
17
16
11
12
20
24
8
21
23
24
21
29
32
30
27
19
21
23
21
22
18
17
17
15
7
3
0
3
5
-2
1
-3
-6
-5
-10
-21
-19
-12
-17
-15
-19
-13
-14
-15
-18
-24
-27
-36
-33
-36
-28
-32
-32
-25
-35
-40
-37
-35
-39
-40
-38
-37
-39
-31
-32
-36
-27
-28
-25
-20
-17
-14
-11
-20
-26
-32
-25
-20
-24
-7
-6
-15
-9
-8
-9
-7
-14
-16
-22
-23
-26
-32
-33
-30
-27
-28
-28
-24
-18
-17
-19
-8
-11
-20
-16
-17
-18
-14
-17
-13
-14
-10
-10
-13
-7
-12
-13
-9
-11
2
5
7
11
13
15
10
17
20
25
28
26
32
36
38
34
39
43
45
53
53
49
52
50
41
40
35
33
24
18
27
24
22
19
17
20
25
30
30
29
26
25
21
25
23
20
17
20
18
12
13
12
13
14
6
1
-2
-2
2
4
1
8
9
5
2
4
5
-4
8
12
17
20
15
12
11
5
7
2
2
2
7
7
1
-4
-5
-4
-10
-7
-15
-12
-12
-8
-12
-22
-14
-11
-10
-16
-9
-15
-11
0
-5
-10
-5
-6
-15
-14
-15
-13
-15
-20
-21
-21
-29
-37
-32
-31
-28
-25
-26
-27
-23
-23
-19
-18
-14
-14
-16
-14
-13
-10
-8
-10
-7
-4
-18
-18
-16
-16
-20
-23
-20
-26
-23
-19
-21
-23
-23
-21
-18
-17
-15
-9
-10
-16
-13
-14
-7
1
2
9
7
3
4
10
7
7
6
6
11
3
-1
-4
-5
-3
-3
-6
-1
4
-5
2
2
8
16
11
18
18
20
22
20
16
9
13
16
18
19
14
17
14
12
5
8
10
6
7
2
8
7
9
11
8
11
10
14
17
22
18
13
16
24
21
23
23
18
23
27
23
23
21
18
20
14
12
14
12
6
5
10
15
8
14
9
10
15
13
16
16
12
14
15
14
12
8
7
11
3
-2
-1
-4
0
-5
-3
-5
-13
-6
-7
-9
-3
-3
0
-1
-5
-3
-1
0
4
3
-5
-2
-1
-1
-9
-11
-10
-12
-9
-15
-17
-20
-20
-20
-19
-24
-21
-24
-25
-25
-20
-12
-15
-14
-16
-14
-16
-15
-21
-20
-15
-24
-25
-18
-20
-14
-14
-15
-19
-19
-25
-26
-20
-26
-26
-28
-22
-17
-24
-21
-20
-20
-14
-16
-15
-14
-11
-11
-11
-6
-5
1
-3
-5
-1
-2
2
-2
-2
1
-5
-5
0
1
-2
-8
-5
2
3
6
5
7
0
2
13
14
10
8
7
8
13
15
19
17
19
21
13
16
16
16
21
20
27
27
21
24
23
21
27
22
25
28
19
23
26
22
26
28
28
26
17
15
21
18
24
29
20
21
15
12
15
6
3
4
5
2
10
11
5
5
2
5
5
9
9
8
9
5
12
9
-4
3
-2
-5
-4
-6
-7
-9
-12
-16
-13
-10
-8
-3
-4
-3
-2
1
-2
-1
7
-1
-2
-1
-3
-3
-8
-1
-1
-10
-10
-5
-14
-13
-13
-12
-10
-16
-17
-14
-17
-19
-19
-14
-12
-21
-20
-21
-30
-25
-17
-23
-29
-24
-21
-16
-19
-16
-9
-13
-11
-14
-13
-9
-10
-6
-11
-11
-7
-15
-17
-14
-13
-14
-10
-7
-2
0
-5
0
1
2
1
2
4
-5
-4
-5
-7
-4
-2
-5
-3
-1
-8
-9
-10
-9
-11
-10
-9
-10
-5
-9
-14
-11
-7
-8
-11
-11
-7
-7
-4
0
3
4
4
10
16
18
20
20
16
12
12
15
16
12
13
11
9
11
12
14
11
11
12
15
23
20
20
25
26
30
33
37
38
35
35
35
34
33
34
34
25
23
23
22
27
26
21
16
15
13
9
9
8
5
7
7
12
12
6
12
10
10
14
12
10
6
9
12
11
6
6
8
2
-3
-8
-9
-11
-12
-11
-14
-13
-13
-14
-14
-16
-14
-13
-8
-12
-15
-10
-7
-11
-10
-3
-8
-12
-14
-16
-25
-28
-24
-22
-21
-20
-20
-26
-27
-26
-33
-30
-29
-30
-26
-23
-23
-23
-21
-23
-21
-15
-19
-20
-20
-17
-16
-20
-20
-25
-27
-31
-30
-25
-21
-18
-16
-18
-15
-15
-17
-11
-14
-16
-12
-16
-12
-7
-4
-2
-7
-6
0
-4
0
-1
-3
1
6
8
6
6
4
5
5
5
12
9
8
9
10
16
13
22
24
17
15
22
24
24
24
26
27
26
30
27
26
25
25
19
21
23
19
14
16
17
17
18
23
23
19
28
23
23
30
27
25
23
23
20
20
15
18
18
20
19
10
7
10
9
6
9
3
3
3
2
2
2
2
6
8
4
2
5
1
-1
3
2
-6
-11
-13
-12
-7
-2
-2
1
-1
-10
-6
-7
-6
-11
-11
-6
-8
-10
-3
-4
-7
-4
-10
-10
-8
-8
-10
-15
-12
-16
-18
-19
-13
-14
-15
-16
-15
-17
-14
-13
-9
-3
-7
-6
-7
-13
-9
-9
-9
-7
-11
-9
-6
-8
-12
-18
-15
-7
-7
-10
-11
-8
-13
-18
-14
-17
-16
-19
-14
-13
-22
-22
-20
-19
-20
-21
-18
-18
-22
-21
-19
-15
-17
-13
1
3
7
6
6
0
0
3
1
1
5
1
3
1
-2
8
8
6
7
5
2
5
11
10
13
12
12
16
12
12
12
13
17
19
20
14
14
15
22
19
17
18
18
16
11
12
11
4
5
4
0
-4
-3
-2
2
1
2
-2
-1
-1
-4
0
-1
-2
1
8
10
15
12
13
10
5
7
7
10
9
10
13
10
11
13
17
24
22
25
28
23
20
16
17
22
17
10
13
14
12
12
13
15
9
4
8
7
5
2
-4
2
4
1
-2
-4
-5
-10
-8
-8
-7
-10
-14
-15
-16
-15
-12
-8
-11
-7
-4
-9
-7
-9
-11
-12
-13
-9
-8
-11
-16
-18
-25
-25
-27
-24
-19
-14
-12
-14
-17
-11
-10
-12
-9
-9
-11
-12
-14
-12
-9
-15
-11
-5
-5
-9
-8
-4
-7
-5
-4
-9
-9
-8
-9
-10
-15
-14
-7
-13
-16
-9
-10
-11
-15
-10
-8
-9
-11
-3
-3
-2
0
1
-1
-5
-2
-9
-12
-10
-11
-11
-8
-10
-2
-2
-6
-6
1
2
-1
7
7
-1
-5
0
-1
2
1
6
7
6
10
11
11
10
7
14
16
14
15
15
15
11
15
12
17
21
17
23
25
27
30
30
25
22
23
26
23
22
23
24
24
24
21
21
18
12
14
15
14
15
14
8
11
8
11
12
13
7
3
5
2
5
3
1
3
2
6
6
6
8
10
8
10
14
7
8
8
8
3
2
-2
-9
-4
-7
-7
-12
-8
-12
-15
-14
-15
-13
-15
-11
-15
-16
-16
-17
-22
-22
-21
-15
-15
-15
-14
-20
-20
-18
-17
-16
-15
-18
-12
-5
-6
-8
-13
-12
-19
-21
-18
-17
-16
-17
-14
-13
-12
-10
-14
-13
-9
-10
-3
-11
-5
-5
-9
-7
-16
-17
-17
-13
-13
-16
-12
-15
-16
-12
-12
-16
-16
-11
-11
-5
-2
-2
1
-3
-7
-2
-3
1
4
-3
-3
-1
2
4
9
10
9
8
12
13
11
7
7
10
6
4
4
2
2
6
7
12
12
9
9
7
3
11
10
12
17
8
14
17
15
16
15
16
15
15
13
15
14
16
21
20
25
24
24
22
20
21
20
20
22
26
21
19
23
19
19
19
18
17
19
23
21
20
22
23
18
13
12
12
12
6
10
7
5
1
6
8
2
-1
-2
-2
-7
-9
-6
-2
-5
-8
-6
-7
-12
-11
-10
-17
-23
-18
-19
-25
-25
-28
-22
-25
-25
-24
-25
-27
-23
-23
-23
-20
-19
-16
-21
-20
-19
-18
-23
-22
-21
-18
-14
-18
-17
-18
-14
-17
-20
-19
-17
-22
-22
-21
-19
-14
-20
-18
-18
-17
-16
-14
-12
-13
-12
-7
-8
-3
1
4
1
2
2
-2
5
0
5
4
1
0
1
3
5
2
7
8
10
11
6
8
9
9
6
10
14
17
14
13
17
12
9
12
11
13
14
11
12
13
13
7
15
19
11
13
18
12
9
11
14
14
7
5
11
13
15
12
13
12
8
5
3
-1
2
1
-2
-4
-4
-1
-2
-2
1
3
4
4
6
7
4
0
3
3
2
4
1
1
9
14
15
17
13
14
18
17
15
14
15
12
9
11
12
11
7
0
-5
-11
-8
-6
-3
-9
-6
-5
-10
-9
-9
-7
-8
-6
-4
-5
-5
-1
-3
-7
-6
-5
-9
-7
-6
-8
-4
-7
-4
-1
-2
3
5
-4
-5
-7
-7
-7
-5
-3
-7
-8
-6
-2
0
-3
-1
-1
-2
-8
-12
-12
-15
-18
-17
-14
-14
-15
-12
-11
-11
-8
-12
-9
-7
-8
-7
-7
-8
-9
-5
-1
-6
-5
-6
-6
-5
-5
-6
-8
-10
-11
-12
-12
-11
-12
-6
-10
-12
-6
1
-2
-5
-3
-6
0
0
-2
-2
-6
-2
2
2
1
-1
-2
3
2
4
5
3
4
1
4
4
4
6
7
3
2
5
6
5
6
5
7
8
5
