-10
-11
-9
-14
-11
-11
-12
-12
-6
-11
-14
-11
-14
-7
-7
-8
-8
-10
-7
-7
-8
-12
-9
-8
-10
-5
-9
-8
-7
-7
-4
-3
-3
-2
-7
-6
-6
-4
-2
-5
-5
-4
-1
0
0
4
2
-2
1
3
5
2
7
3
-2
0
8
7
1
6
6
7
8
12
11
9
7
12
13
9
12
6
6
8
10
9
7
9
3
6
8
10
10
11
12
11
12
10
15
12
8
7
14
9
12
13
10
15
11
11
10
12
8
8
6
12
13
13
8
11
6
7
7
7
9
9
5
5
10
1
4
4
3
4
4
6
4
4
6
7
-1
0
5
3
2
-2
-1
3
2
-4
1
2
0
5
0
1
0
1
1
1
0
1
-7
-4
-1
-11
-5
-2
-9
-11
-7
-7
-11
-4
-7
-16
-15
-10
-15
-12
-14
-11
-17
-16
-13
-9
-12
-17
-12
-15
-11
-16
-17
-15
-16
-17
-13
-13
-11
-14
-14
-9
-14
-16
-11
-14
-15
-14
-15
-10
-11
-12
-11
-11
-8
-10
-8
-5
-7
-10
-7
-7
-10
-5
0
-6
0
1
-3
0
-1
3
-2
1
2
2
2
2
5
2
9
6
4
5
3
7
5
4
-1
6
5
0
8
9
11
8
13
13
9
8
11
13
11
12
15
14
12
14
13
15
12
11
10
15
18
15
16
11
15
12
13
13
15
11
13
12
13
10
8
12
11
11
14
20
14
16
16
16
16
11
10
12
11
9
7
4
5
2
4
0
4
-1
1
4
2
-1
5
3
-3
-1
-5
0
3
-5
-5
-2
-10
-9
-9
-9
-8
-14
-9
-5
-11
-9
-10
-8
-11
-10
-10
-12
-16
-10
-11
-17
-16
-16
-13
-14
-12
-12
-16
-11
-8
-15
-15
-16
-11
-10
-10
-10
-7
-4
-12
-9
-11
-13
-14
-11
-14
-13
-12
-15
-10
-10
-10
-10
-6
-4
-10
-8
-10
-10
-11
-16
-12
-12
-11
-8
-10
-6
-3
-3
-5
-3
2
1
-2
3
5
-3
4
3
-1
5
5
2
1
5
4
4
2
5
3
9
7
5
7
9
12
10
11
4
10
4
8
6
13
9
9
12
13
13
9
17
15
11
11
14
12
10
14
11
10
14
13
12
14
13
11
15
14
13
14
8
16
15
14
13
15
10
11
15
6
11
11
10
9
9
13
18
10
8
8
7
3
-1
-1
2
-4
-2
2
-3
-1
-4
-8
-7
-2
-2
-4
-2
-2
-6
-10
-9
-7
-9
-9
-6
-12
-12
-8
-9
-8
-7
-13
-5
-2
-8
-2
-6
-10
-4
-4
-10
-6
-3
-6
-6
-8
-9
-9
-12
-13
-8
-9
-9
-8
-10
-9
-12
-7
-15
-13
-13
-11
-13
-12
-13
-17
-14
-14
-13
-14
-8
-9
-6
-11
-9
-11
-10
-13
-6
-9
-7
-10
-7
-5
-7
-4
-5
-2
-6
-2
-3
1
-3
-4
-3
-4
-4
1
0
5
1
-2
1
5
3
1
3
3
3
3
4
0
3
5
5
6
4
8
7
7
5
5
11
8
6
9
6
6
6
10
9
12
10
7
13
10
12
10
10
14
14
12
16
15
12
9
12
12
12
8
9
12
14
15
9
9
12
8
11
11
9
10
10
9
10
5
8
8
7
10
12
10
9
10
3
1
4
0
-1
1
-3
0
-5
-3
-2
-3
-5
-4
0
3
-1
-4
-3
-8
-4
-4
-9
-3
-5
-8
-5
-4
-4
-3
-3
-3
-2
0
-5
-5
-5
-9
-8
-9
-5
-2
-7
-5
-2
-10
-9
-12
-9
-7
-16
-10
-10
-9
-12
-9
-9
-10
-11
-13
-14
-12
-14
-14
-11
-12
-11
-6
-9
-10
-6
-11
-8
-5
-5
-6
-13
-7
-8
-8
-4
-6
-6
-3
-3
-7
-3
-3
-4
-6
-4
2
1
-4
1
4
2
3
5
0
0
0
1
3
6
5
3
5
5
7
2
5
3
-1
1
0
5
1
-1
2
4
1
1
-5
0
4
4
0
5
1
3
11
2
7
5
5
3
7
6
5
7
10
12
4
11
6
6
8
9
11
8
6
10
12
9
8
6
10
4
2
3
1
4
2
0
2
2
1
5
4
2
8
7
7
7
8
10
5
3
7
10
4
3
4
5
6
5
6
5
5
12
10
9
10
5
7
4
5
4
6
6
9
7
7
1
7
4
-1
1
-4
-4
-5
-3
-10
-6
-4
-2
-5
-2
1
0
-5
-5
-7
-11
-10
-9
-10
-10
-14
-17
-14
-16
-10
-14
-14
-16
-15
-6
-14
-5
-13
-11
-9
-16
-8
-6
-6
-13
-6
-7
-5
-2
-8
-7
-4
-7
-7
-3
-4
-6
-11
-16
-7
-7
-10
-3
-9
-9
-6
-4
-7
-10
-12
-5
0
-4
-6
-13
-15
-15
-8
-4
-3
-6
-3
-3
0
9
-4
-4
-6
-4
-3
4
0
-3
1
1
3
-1
5
3
5
6
1
1
3
0
-4
4
4
9
12
12
10
9
9
8
14
19
14
13
12
11
18
14
12
16
13
17
18
12
12
13
15
14
22
23
19
15
13
7
11
12
8
13
11
3
5
8
3
12
8
9
10
8
12
4
6
5
6
1
-1
10
2
3
6
-4
-1
-3
2
-5
-7
-7
-2
-4
-6
-3
2
3
3
10
3
1
-2
-2
-4
1
3
1
-1
-3
-6
-6
-6
-6
-9
0
-7
-10
-12
-17
-18
-11
-15
-15
-5
-12
-11
-10
-10
-13
-9
-9
-3
-8
-14
-16
-17
-7
-13
-18
-15
-10
-6
-11
-15
-11
-8
-10
-4
-8
-11
-7
-7
-6
-10
-13
-17
-14
-21
-19
-13
-11
-10
-11
-11
-3
-12
-3
0
-4
2
-3
-7
-4
4
3
-5
-6
5
1
3
1
0
3
6
4
5
2
-2
-3
1
4
4
0
5
9
3
2
-2
4
13
2
1
-3
8
26
30
18
5
7
15
18
2
1
13
16
16
6
7
14
25
29
7
9
15
13
24
17
10
9
8
8
9
3
-5
14
23
23
11
11
18
19
18
-14
-60
-52
23
99
101
53
33
29
27
-9
-49
-58
-41
-30
-49
-44
12
80
132
121
38
-43
-57
-1
26
-13
-56
-65
-51
-44
-43
-33
4
37
56
57
46
20
9
15
-2
-39
-74
-54
-47
-58
-48
-26
-10
10
34
42
34
20
8
-14
-32
-41
-54
-58
-54
-42
-33
-22
-10
-1
13
9
-1
-15
-13
-20
-23
-26
-40
-35
-34
-26
-17
-21
-18
-8
7
15
2
7
9
-3
-8
-27
-26
-14
-12
-2
3
5
14
23
20
7
-6
-11
4
9
-13
-24
-13
0
5
4
3
13
15
16
26
16
9
4
1
-4
-4
-5
1
6
6
13
23
25
20
24
23
18
13
13
13
2
8
17
18
12
10
15
15
29
25
22
28
22
19
22
16
11
16
14
16
12
6
10
10
20
14
11
25
28
18
9
8
5
8
10
2
-6
-14
-11
6
15
9
-4
-3
12
14
11
-1
-6
-13
-18
-16
-20
-26
-23
-3
-2
-8
-8
-3
1
-7
-12
-10
1
-12
-41
-44
-12
18
14
9
3
0
-2
-18
-29
-33
-38
-31
-13
-2
-2
20
51
40
2
-25
-18
-12
-21
-41
-35
-23
-29
-11
-4
-3
-3
-1
4
-8
-25
-24
-13
0
-3
-10
-5
-1
-3
-6
-20
-29
-25
-5
13
7
-3
7
21
17
1
-21
-22
-12
-9
-9
-3
-9
3
12
19
-2
-18
-20
-9
7
-2
-4
-5
-6
-8
-1
-7
-5
-1
-3
4
3
7
6
13
3
-6
-18
-23
-14
-8
1
6
19
26
22
14
16
5
1
12
15
14
11
20
14
17
-7
-9
18
21
32
30
23
20
16
12
15
15
9
0
11
6
0
7
18
25
15
18
17
21
12
9
12
4
-1
2
10
9
8
11
12
2
5
2
2
5
11
10
9
-1
-9
-7
-19
-10
-1
-1
4
1
4
5
-1
5
6
-3
-17
-3
6
-8
-21
-20
-2
0
3
12
9
1
4
0
7
-2
-17
-14
-11
-13
-18
-11
-7
-8
-4
8
5
-5
-11
-12
-19
-17
-14
-19
-15
-10
-9
-3
-3
-12
-12
-11
-9
-20
-27
-18
-14
-16
-3
-1
-12
-10
-15
-14
-13
-12
-10
-1
-4
-8
-17
-4
-2
-8
-11
-13
-13
-6
8
2
4
-3
4
9
-2
-6
-2
14
20
15
6
-2
-4
-1
-1
-7
-17
-7
13
7
7
-3
-7
0
-7
-11
-12
-11
-9
3
6
3
-2
-4
3
0
6
0
3
9
9
6
3
12
1
-2
1
5
12
19
24
20
13
15
19
9
3
1
3
11
14
17
23
27
24
13
10
6
7
15
7
-2
-2
5
15
11
11
17
19
14
7
1
4
8
8
8
1
-3
0
6
7
-1
1
15
18
4
2
1
-3
-2
-3
-9
-12
1
6
12
10
-2
-2
2
2
4
1
-3
-6
-13
-8
-3
-8
-7
-9
-6
-4
-5
1
10
5
-24
-18
0
-8
-11
-6
-1
2
-7
-8
-6
0
3
1
-5
-23
-23
-16
-12
-10
-11
-3
3
0
-2
-1
5
2
-4
-9
-18
-22
-26
-30
-22
-18
-4
4
-6
-5
1
0
6
-6
-12
-11
-18
-8
-10
-19
-22
-20
-6
-3
-1
7
11
9
9
2
-5
-8
-5
1
-3
-21
-19
-6
1
4
7
15
8
1
3
5
-2
-2
2
0
-8
-8
-1
-5
1
4
8
1
4
16
16
8
2
-2
-7
-2
-4
-3
10
17
12
11
4
6
1
2
4
6
2
7
9
5
5
2
6
6
9
10
10
11
6
10
5
3
9
6
-1
1
8
4
7
18
14
14
15
14
15
11
12
17
6
10
15
7
9
14
14
12
7
5
4
4
10
6
3
8
7
1
8
7
9
4
-2
3
5
8
4
-7
-3
1
-1
0
4
2
-5
1
0
-2
-4
-6
-3
-6
-8
-6
-8
-11
-3
-9
-11
-6
-5
3
1
-4
-4
-1
-9
-9
-7
-17
-11
-12
-17
-13
-9
-4
1
-4
-10
-3
-11
-3
-9
-17
-17
-22
-20
-24
-18
-17
-14
-7
-9
-9
-9
-13
-12
-12
-5
-9
-22
-23
-17
-10
-14
-14
-11
-8
-3
0
-7
-10
-8
-8
-16
-16
-13
-8
-13
-15
-14
-20
-16
-1
-4
3
10
8
8
-2
1
-1
-9
-5
-3
-2
9
8
11
15
17
22
24
16
15
19
13
7
16
15
15
25
21
20
19
15
9
9
12
17
16
16
12
19
15
22
20
15
17
14
16
14
8
4
10
8
7
13
10
18
16
10
10
13
10
8
-1
-2
7
9
10
10
12
12
10
5
7
5
-1
1
-6
-3
-2
1
6
10
7
7
9
5
1
-5
-9
-11
-13
-5
-9
-12
-6
-2
-2
-3
0
1
-5
-11
-11
-12
-16
-16
-12
-13
-15
-22
-22
-14
-9
-10
-11
-14
-15
-13
-13
-18
-15
-16
-13
-14
-15
-16
-14
-9
-5
-10
-16
-8
-6
-2
0
-6
-16
-13
-8
-14
-11
-6
-3
-6
-3
-2
-5
-10
-19
-15
-17
-14
-10
-11
-1
-5
-8
-3
-5
-7
-12
-7
1
3
4
7
4
2
-3
0
0
3
7
3
6
2
4
11
19
15
7
6
5
3
11
7
5
6
3
23
18
19
24
23
23
12
9
9
5
6
-2
0
13
13
17
16
16
15
12
17
7
1
3
2
2
5
3
1
5
1
6
7
10
10
9
11
4
1
-1
4
-2
-8
0
-6
-5
-2
-7
1
6
0
-3
-8
-2
-4
-5
0
-2
-5
1
-4
-6
-6
-3
3
0
-4
3
4
2
7
3
5
3
-2
2
0
-4
-1
2
9
11
9
11
6
4
9
-4
-5
-2
-5
5
3
-5
-6
-2
-5
-10
-10
-10
-6
-5
-2
-5
-8
-9
-8
-8
-6
5
-2
-3
0
0
-3
-7
-9
-14
-15
-16
-9
-16
-15
-12
-12
-3
-7
-11
-11
-13
-16
-12
-11
-5
-5
-13
-10
-7
-3
-8
-3
2
-6
-1
-2
2
3
3
1
-7
-5
1
-2
-2
-2
-7
0
1
-3
3
2
-1
1
3
0
-6
-4
-5
-3
-5
-1
3
6
-3
0
7
3
4
8
6
1
7
3
9
3
7
14
5
10
13
15
13
9
4
3
7
6
14
6
7
11
7
8
4
8
12
14
15
10
3
7
2
5
9
8
12
11
19
18
9
15
10
7
3
0
3
4
0
0
5
7
4
5
9
10
5
2
5
3
1
-2
-1
6
4
12
9
-1
6
5
0
-3
-4
-6
-11
-4
3
1
1
-7
-7
-2
-6
-9
-7
-11
-13
-3
-6
-2
-6
-7
-5
-12
-11
-7
-3
-2
-7
-15
-16
-9
-10
-6
-3
-10
-5
-4
-4
-10
-15
-17
-13
-11
-11
-8
-10
-9
-10
-8
-8
-16
-5
-1
-3
-9
-5
-10
-18
-12
-12
-8
1
-5
-8
-3
-13
-11
-4
-9
-15
-4
-11
-8
-14
-14
-9
-6
-5
3
5
-1
-4
0
7
4
3
-2
0
-3
-7
-1
2
8
3
1
9
8
10
10
11
10
9
4
0
7
2
5
10
10
3
4
14
16
19
7
7
6
9
12
10
10
5
6
12
14
8
5
5
10
10
11
11
10
16
9
8
9
12
9
-1
0
13
13
20
15
15
13
1
9
6
8
8
7
7
7
7
11
14
14
6
5
7
12
4
1
4
-3
-4
0
0
-1
-1
5
8
2
6
0
-9
-4
-10
-7
0
-2
-2
-4
-2
-8
-7
-9
-5
-11
-15
-8
-7
-11
-6
-8
-14
-9
-10
-10
-6
-5
-14
-13
-8
-5
-8
-9
-12
-12
-7
-10
-7
-9
-14
-13
-13
-11
-9
-10
-8
-10
-17
-14
-7
-8
-14
-18
-17
-15
-14
-9
-10
-7
-16
-13
-13
-16
-13
-19
-11
-12
-11
-8
-9
-7
-9
-8
-4
-8
-7
-6
-9
-6
-10
-6
3
3
7
4
9
7
6
5
7
3
4
1
3
7
10
18
9
14
7
8
14
11
12
13
10
11
18
13
17
16
11
16
18
10
14
24
16
14
5
9
14
6
11
11
12
13
14
18
14
16
13
8
9
10
6
12
15
17
14
11
9
13
11
3
3
7
13
13
9
10
7
1
-2
3
1
-4
-1
-12
-4
-4
-3
0
0
-1
-7
-8
-6
-9
-10
-8
-3
-1
-1
3
-3
-11
-11
-8
-6
-5
-3
2
1
-3
-5
-4
-3
-7
-7
-8
-7
1
-9
-4
0
-6
-8
-10
-15
-16
-13
-9
-5
-4
-6
-10
-3
-2
-8
-6
-4
-3
-5
-8
-7
-5
-8
-10
-5
-8
-7
-9
-6
-11
-16
-6
-8
-7
-9
-13
-9
-13
-6
-7
-10
-8
-15
-15
-11
-7
-9
-7
-9
-7
-6
-6
-9
-9
-6
-10
-6
1
0
1
0
-1
-2
5
2
-2
-1
-2
1
1
-6
-2
0
3
4
2
9
6
9
7
8
5
5
9
1
0
4
7
6
12
12
10
18
12
6
7
2
5
6
10
13
10
9
10
9
5
7
9
10
11
12
10
10
7
11
6
5
17
12
12
11
8
13
16
12
20
16
10
13
11
13
5
6
7
10
10
5
9
7
4
3
4
0
4
10
8
4
5
-3
3
6
0
7
5
11
12
8
3
1
-2
-3
-2
-1
-3
-5
-3
-2
6
1
7
5
0
-5
-9
-9
-11
-12
-19
-16
-15
-14
-9
-7
-16
-12
-11
-13
-14
-18
-19
-21
-22
-24
-19
-14
-16
-14
-13
-16
-17
-14
-16
-22
-16
-18
-16
-21
-15
-15
-15
-4
-9
-16
-12
-7
-6
-7
-9
-8
-11
-11
-8
-10
-5
-3
-2
-6
0
-2
-3
-1
-2
2
2
2
6
12
4
6
2
1
1
-2
-4
3
5
7
9
5
8
9
4
3
2
5
3
5
7
4
7
11
12
15
15
13
18
17
10
6
5
6
0
8
10
10
10
12
15
6
3
6
4
2
-1
4
5
2
2
3
2
-1
4
7
10
6
3
2
5
6
8
6
4
9
8
12
12
16
14
7
13
11
10
16
9
5
10
7
12
13
13
19
13
13
9
7
10
12
6
4
1
4
-4
3
4
0
-1
-6
-2
-1
1
2
-4
-8
3
2
2
3
-1
2
-1
-4
-5
-7
-6
-9
-5
-16
-15
-16
-18
-16
-14
-14
-17
-15
-21
-18
-20
-21
-14
-13
-16
-16
-15
-14
-18
-25
-22
-16
-16
-16
-16
-14
-12
-12
-12
-13
-11
-9
-7
-10
-11
-10
-10
-9
-12
-7
-7
-6
1
-6
-2
-5
-8
-10
-6
-9
-9
-4
-3
0
-5
1
-2
-5
3
4
-1
1
6
4
6
5
2
6
1
1
4
3
7
8
10
12
10
10
5
6
12
9
10
9
16
15
15
18
17
21
20
15
11
13
9
3
10
4
10
13
7
12
9
10
10
9
5
0
3
8
8
10
11
7
12
13
9
6
12
12
12
14
12
15
17
11
5
4
5
10
9
1
3
8
6
11
1
2
5
2
2
1
5
1
3
5
-9
-5
-3
-3
-1
-1
-4
-1
0
-2
4
-1
-2
-1
-5
-2
-2
-1
-3
-4
-1
-9
-6
-5
-6
-3
-5
-8
-7
-11
-9
-13
-7
-6
-9
-9
-11
-14
-12
-3
-6
-14
-10
-8
-12
-8
-8
-13
-12
-16
-10
-9
-20
-13
-13
-15
-17
-16
-17
-12
-11
-12
-18
-18
-16
-16
-14
-15
-11
-11
-13
-8
-10
-8
1
1
-6
-2
-5
-8
-7
-4
-8
-3
-2
-3
6
4
2
-2
-3
-2
-5
-1
-3
2
4
2
-3
0
5
-6
-4
1
4
1
2
2
2
-2
0
6
2
6
12
12
15
16
11
12
16
16
14
11
12
12
10
16
10
11
19
13
16
21
19
14
16
17
21
17
14
13
12
15
11
16
15
13
12
19
16
12
19
20
22
16
15
18
16
11
5
5
7
9
11
8
3
8
7
6
5
-1
-7
0
3
-1
1
2
1
6
3
0
-5
-4
-9
-10
-2
-3
-4
-3
-5
-6
-9
-5
-8
-12
-15
-17
-20
-21
-15
-11
-14
-21
-20
-21
-18
-19
-16
-20
-25
-23
-21
-16
-18
-19
-17
-15
-17
-13
-15
-16
-10
-14
-10
-11
-9
-9
-10
-5
-5
-8
-11
-8
-5
-6
-8
-6
-4
-2
-4
-7
-6
-2
-5
-7
-6
-6
-6
-10
-8
5
2
-5
2
0
-5
-5
-9
-4
0
0
0
-6
-1
3
0
-3
-2
3
4
7
0
1
5
4
3
4
4
9
9
13
19
15
23
15
9
14
10
11
13
11
7
11
15
20
21
13
20
16
16
15
11
10
11
7
0
1
3
7
8
6
10
18
12
15
7
5
4
2
9
11
11
8
10
10
8
11
7
12
10
12
10
11
10
8
8
6
6
7
14
8
6
-2
-4
-1
0
1
-5
-1
-6
-4
-1
-6
-5
2
2
2
9
-2
-5
-5
-5
-5
-13
-10
-11
-10
-8
-6
-2
-4
-7
-7
-5
-10
-15
-15
-19
-23
-23
-19
-18
-17
-14
-13
-17
-20
-16
-19
-17
-19
-25
-16
-11
-18
-19
-18
-14
-5
-6
-5
0
5
-1
0
7
7
1
-4
-6
-7
-12
-7
-8
-1
-6
-14
-12
-10
-12
-20
-15
-13
-2
3
-6
-5
-11
-17
-24
-20
-19
-6
-4
-4
7
11
6
0
8
6
2
6
10
10
18
13
12
7
12
15
16
21
19
13
15
16
21
28
18
25
18
14
23
12
22
14
2
9
10
23
20
20
24
26
23
25
30
22
22
14
6
13
18
13
-7
-11
-1
-3
-4
-4
3
9
10
5
0
4
4
-1
0
2
-4
-4
9
17
4
-6
-2
7
4
-7
-2
7
3
13
21
23
7
-3
8
15
10
12
14
5
11
10
15
21
11
17
19
13
4
9
-6
-19
-19
-30
-25
-23
-17
-11
-16
-15
-5
-8
-20
-3
0
-18
-41
-34
-30
-51
-61
-40
-23
-16
-12
-7
-1
-16
-13
-18
-28
-44
-53
-53
-70
-78
-79
-67
-62
-62
-50
-38
-33
-34
-35
-30
-24
-22
-36
-49
-52
-67
-82
-94
-82
-83
-82
-62
-34
-2
7
35
55
60
61
78
77
68
75
79
95
100
100
108
123
136
160
166
162
173
178
182
171
150
126
100
92
66
44
16
-12
-26
-39
-49
-64
-88
-117
-136
-136
-138
-151
-165
-174
-171
-183
-197
-191
-178
-182
-193
-199
-193
-190
-202
-208
-194
-195
-183
-141
-102
-69
-31
27
74
93
107
128
126
132
134
135
149
192
235
288
333
405
540
682
751
751
774
823
830
688
493
392
299
138
-39
-153
-188
-203
-207
-172
-147
-157
-173
-153
-143
-232
-380
-524
-619
-696
-823
-950
-977
-957
-897
-748
-592
-439
-211
94
375
455
461
480
446
287
-5
-282
-524
-764
-912
-909
-828
-714
-487
-196
70
285
439
510
478
376
216
-52
-326
-529
-668
-732
-733
-611
-345
-2
379
759
1114
1428
1677
1828
1849
1734
1619
1503
1247
921
653
502
444
311
164
188
331
398
329
300
427
461
251
32
-123
-372
-804
-1084
-1169
-1375
-1669
-1756
-1597
-1410
-1386
-1287
-1040
-852
-738
-535
-391
-425
-458
-367
-229
-150
-64
-37
27
128
203
197
16
-242
-438
-630
-783
-1014
-1229
-1197
-1011
-713
-506
-332
-54
334
669
750
655
561
397
252
112
-93
-240
-274
-116
177
544
831
1119
1486
1950
2332
2429
2337
2274
2404
2360
1949
1494
1186
1057
842
442
255
204
243
238
217
462
666
603
505
549
521
115
-398
-632
-838
-1285
-1821
-2176
-2211
-2304
-2467
-2318
-2119
-1958
-1677
-1318
-1026
-824
-555
-207
225
405
244
203
257
-19
-535
-1074
-1496
-1937
-2388
-2500
-2496
-2451
-2064
-1513
-885
-327
65
320
613
823
595
157
-284
-667
-827
-1041
-1282
-1161
-566
105
951
1917
2600
3312
4023
4582
4817
4607
4436
4395
4115
3443
2830
2453
2174
1709
1165
979
922
827
682
667
785
915
812
398
193
136
-477
-1304
-1676
-2003
-2658
-3337
-3757
-3696
-3752
-4019
-3901
-3449
-3048
-2563
-1887
-1391
-1019
-466
74
301
116
-131
-245
-676
-1374
-2126
-2723
-3156
-3676
-3882
-3727
-3588
-3310
-2927
-2255
-1513
-1006
-691
-509
-254
16
-119
-494
-591
-546
-392
-90
228
786
1547
2416
3445
4235
4772
5249
5751
6002
5926
5963
6029
5856
5493
5011
4619
4343
3880
3079
2249
1836
1406
772
126
-263
-23
135
-231
-529
-305
-247
-643
-910
-1070
-1572
-2500
-3197
-3412
-3760
-4563
-5111
-4987
-4493
-4098
-3698
-3012
-1910
-661
481
1210
1272
1553
1734
1096
-123
-1456
-2526
-3730
-4930
-5522
-5274
-4920
-4490
-3536
-2182
-1086
-127
894
1434
1465
1153
718
165
-806
-1669
-1901
-1942
-1903
-1361
-32
1345
2509
3613
5194
6405
6813
6969
7140
7403
6740
5489
4523
3846
3113
1950
1009
636
480
345
172
328
719
1195
1391
1320
1128
936
392
-591
-1372
-2017
-2897
-4118
-4990
-5142
-5143
-5385
-5427
-4608
-3493
-2545
-1617
-585
455
989
1263
1255
897
306
-595
-1508
-2490
-3389
-4037
-4242
-4341
-4432
-3966
-3254
-2688
-2227
-1570
-1048
-803
-1044
-1547
-1691
-1982
-2485
-2849
-2770
-2428
-1939
-1232
-390
811
2192
3385
4359
5289
6026
6385
6507
6704
6993
6622
5779
5348
5092
4724
3908
3057
2707
2547
2186
1693
1470
1378
1478
1354
974
668
266
-529
-1237
-1634
-2295
-3254
-4056
-4452
-4511
-4618
-4929
-4897
-4331
-3531
-2489
-1689
-1201
-372
666
1353
1465
1184
901
496
-469
-1431
-2170
-2852
-3310
-3629
-3423
-2826
-2601
-2239
-1499
-686
-268
-319
-701
-1131
-1379
-1811
-2661
-3377
-3544
-3465
-2850
-2166
-1619
-500
1140
2677
3642
4621
5756
6620
7295
7629
7595
7157
6447
5875
5236
3958
2592
1997
1611
722
118
390
895
950
1140
1639
1764
1057
336
60
-606
-2100
-3741
-4738
-5289
-5954
-6705
-6870
-6163
-5131
-4161
-3259
-2223
-999
3
663
1100
1032
657
169
-526
-1077
-1547
-1985
-2250
-2305
-2059
-1359
-741
-390
-82
350
603
289
-484
-1131
-1576
-2106
-2721
-3178
-3237
-3046
-2706
-2257
-1475
-323
945
1840
2725
3778
4766
5627
6338
6655
6673
6619
6489
5902
4732
3665
3024
2237
1110
303
202
549
602
516
909
1374
1274
748
417
290
-639
-2235
-3693
-4616
-5194
-6284
-7066
-6920
-6402
-5721
-4377
-2988
-1765
-522
929
2256
2410
1891
1696
1090
-283
-1713
-2562
-2882
-3519
-3836
-2688
-1417
-794
-67
1300
2692
3098
2618
1997
1261
400
-691
-2126
-3289
-3907
-4044
-3513
-2927
-2260
-601
1314
2835
4377
6259
8082
8858
8898
9035
9022
8081
5994
3852
2649
1298
-547
-1882
-2357
-1895
-1002
-284
569
1464
2432
3096
3003
2501
1753
140
-2125
-4052
-5397
-6664
-8299
-9427
-8949
-7607
-6438
-5513
-4094
-1940
-18
1253
1898
1991
1932
1748
656
-917
-2111
-3135
-4041
-4622
-4576
-3856
-3067
-2259
-807
1043
2362
2830
2857
2919
2938
2402
1216
-286
-1381
-1707
-1821
-2333
-2590
-1629
-4
1279
2665
4857
6931
8008
8669
9569
10221
9390
7407
5912
4872
3087
620
-1358
-2106
-2256
-2496
-2471
-1983
-1079
-87
699
1465
1710
1078
209
-963
-2273
-3752
-5847
-7733
-8530
-8704
-8656
-8455
-7710
-6139
-4216
-2264
-835
115
1052
1863
1992
1149
-139
-1176
-2164
-3474
-4686
-5184
-5239
-5139
-4503
-3034
-1434
-270
744
1923
3153
3720
3451
2764
2311
1821
1107
372
-423
-626
-58
903
2307
3875
5178
6672
8513
9979
10576
10186
9607
8751
7245
5342
3119
1163
-45
-864
-1529
-2013
-2086
-1563
-967
-409
360
732
145
-805
-1350
-1863
-3513
-5925
-7353
-7744
-8200
-8922
-9082
-8136
-6500
-4793
-3130
-1669
-240
1242
2174
2385
2159
1619
681
-668
-2084
-3069
-3967
-5040
-5770
-5403
-4204
-3268
-2630
-1470
254
1875
2733
2859
2855
2931
2535
1636
509
-335
-488
-377
-43
1124
2734
4116
5509
7446
9400
10087
9810
9503
9222
8081
5756
3376
1965
856
-719
-1648
-1756
-1647
-1330
-591
486
1259
1172
657
291
-146
-1437
-3778
-5768
-6831
-7873
-8983
-9795
-9914
-8927
-7447
-5857
-4164
-2353
-449
1352
2540
2932
2794
2467
1658
158
-1310
-2303
-3662
-5125
-5373
-4504
-3762
-3532
-2579
-653
1139
2031
2367
2839
3114
2917
2276
1188
25
-800
-963
-688
-161
651
1792
3270
5099
6991
8153
8502
8800
9059
8573
6922
4925
3577
2441
933
-453
-1087
-1326
-1392
-887
277
1228
1454
1513
1813
2105
1362
-467
-2196
-3361
-4619
-6208
-7925
-9078
-9211
-8653
-7903
-7225
-6127
-4259
-2349
-841
169
889
1567
1515
932
321
-575
-2013
-3452
-4106
-3868
-3874
-4055
-3523
-2018
42
1396
2011
2901
4013
4581
4575
3810
2996
2599
2379
2412
2463
2418
2696
3798
5227
6005
6104
6279
6775
6828
5969
4732
3583
2686
1591
645
47
-716
-1212
-1244
-580
320
618
350
338
1004
1266
193
-1393
-2274
-2545
-3188
-4639
-6099
-6438
-6296
-6256
-6134
-5716
-4954
-3995
-2999
-2222
-1580
-1364
-1320
-1342
-1507
-1803
-2514
-3298
-3911
-3768
-3249
-3180
-3345
-2836
-1266
154
756
982
1596
2438
2835
2600
2290
2408
2828
3543
4312
4971
5403
6095
7123
7869
7960
7620
7165
6532
5459
3965
2431
1257
88
-1044
-1630
-2062
-2561
-2847
-2406
-1399
-648
-687
-871
-222
511
-219
-1674
-2368
-2700
-3278
-4344
-5571
-5976
-5937
-5896
-5724
-5066
-4149
-3428
-2685
-1818
-1072
-745
-980
-1386
-1640
-2153
-2867
-3805
-4500
-4410
-4022
-3638
-3490
-3026
-1654
-84
776
1009
1658
2481
2715
2339
2042
2226
2562
2975
3559
4334
5129
5888
6881
7987
8429
8541
8714
8350
7354
6216
5070
3803
2191
623
-446
-1374
-2366
-3177
-3303
-2839
-2575
-2568
-2315
-1525
-811
-942
-1574
-1898
-1956
-2481
-3713
-4835
-5128
-5207
-5448
-5608
-5245
-4161
-3008
-2297
-1633
-837
-257
-241
-565
-1160
-1877
-2729
-3855
-4802
-4918
-4778
-4741
-4400
-3523
-1909
-298
505
1151
2244
3156
3355
2863
2531
2486
2850
3332
3268
3448
4430
5485
6343
6926
7309
7869
8070
7573
6821
5991
5234
4081
2605
1522
566
-509
-1547
-2265
-2190
-1902
-2279
-2843
-2558
-1694
-1513
-2271
-2738
-2552
-2680
-3470
-4502
-5179
-5320
-5449
-5575
-5301
-4799
-4299
-3409
-2475
-2001
-1508
-1110
-1212
-1780
-2149
-2695
-3810
-4744
-5287
-5365
-5070
-4800
-4538
-3477
-1995
-693
220
1177
2058
2652
3086
3149
2926
3047
3789
4222
4177
4315
5196
6388
6862
6786
7229
7963
7754
6733
5948
5520
4774
3284
1768
869
32
-1152
-2223
-2664
-2500
-2448
-2756
-2890
-2511
-1556
-1139
-1593
-1767
-1255
-887
-1465
-2755
-3098
-2532
-2672
-3635
-4061
-3386
-2742
-2897
-3160
-2587
-1859
-1762
-2188
-2591
-2504
-2981
-4060
-4742
-5070
-5136
-5094
-5201
-4947
-3788
-2315
-1243
-656
301
1805
2934
3258
3109
3673
5178
5786
5171
5283
6373
7339
7245
6588
6955
7705
7089
5581
4782
4972
4766
3265
2067
1906
1563
496
-877
-1239
-1053
-1659
-2844
-3503
-3587
-3588
-4211
-4999
-4893
-4368
-3988
-3948
-3778
-2988
-1951
-1113
-579
-285
357
1270
1269
550
102
-226
-714
-1870
-3282
-3941
-4418
-5262
-5971
-6112
-5640
-5113
-4860
-4277
-3105
-1726
-816
-443
87
995
1626
1730
1422
1724
3160
4096
3984
4350
5564
7184
7932
7319
7343
8202
8076
6434
4624
4165
3929
2373
594
-177
-164
-650
-1897
-2115
-1213
-1115
-1957
-2483
-2267
-2160
-3073
-4501
-5400
-5489
-5306
-5778
-6480
-6150
-4773
-3237
-2241
-1767
-584
1375
2370
2071
1836
2070
1716
346
-1156
-2126
-3195
-4482
-5695
-6281
-6031
-5690
-5586
-5047
-3691
-1973
-683
-163
313
1307
2451
2791
2167
2341
3734
4444
4137
4253
5300
6671
7114
6817
7313
8294
8298
7018
5768
5686
5333
3488
1548
632
70
-1039
-2685
-3385
-2880
-2810
-3363
-3596
-2928
-2350
-2742
-3303
-3463
-3607
-3759
-4158
-4794
-4932
-4311
-3522
-2880
-2369
-1179
533
1643
1897
2285
3040
2842
1492
70
-915
-1925
-3366
-5098
-6177
-6037
-5852
-6170
-5813
-4446
-2931
-1742
-835
54
960
1834
2188
1990
2468
3445
3731
3574
3818
4820
6025
6385
6047
6700
8165
8349
7117
6357
6644
6473
4836
2884
1884
1189
-300
-2286
-3118
-3139
-3747
-4614
-4937
-4516
-4028
-4303
-4789
-4841
-4324
-3982
-4662
-5247
-4744
-3777
-2906
-2672
-2383
-746
958
1368
1502
2187
2809
2738
1678
516
-113
-771
-2158
-3806
-4620
-4597
-4917
-5569
-5625
-4747
-3425
-2758
-2524
-1645
-200
826
1007
1283
2521
3761
3636
3154
3856
5241
5717
5137
5019
6053
6927
6337
5099
5423
6419
5771
4475
3740
3367
2667
1223
-77
-751
-1341
-2315
-3380
-3960
-4115
-4541
-5263
-5725
-5857
-5441
-5249
-5932
-5951
-4853
-3647
-3094
-2884
-1912
-205
945
1063
1337
2306
2786
2115
1152
749
489
-357
-1644
-2448
-2459
-2532
-3165
-3550
-2875
-1940
-1616
-1424
-890
-18
821
1188
1429
2475
3716
3934
3804
4086
4878
5334
4549
3946
4378
4845
4388
3211
3230
4335
4321
3514
3307
3350
2965
1957
948
496
-190
-1278
-2505
-3079
-3110
-3777
-4885
-5210
-5101
-4934
-4711
-5131
-5075
-4228
-3353
-2983
-2800
-2018
-1002
-223
120
282
632
1036
729
49
-201
-416
-865
-1697
-2254
-2015
-1818
-2361
-2678
-2004
-960
-564
-592
146
1090
1723
2132
2280
3092
4265
4415
4198
4550
5144
5452
4763
3699
3723
4109
3525
2294
1871
2816
3174
2406
2156
2273
2212
1595
437
-122
-514
-1664
-3019
-4104
-4337
-4434
-5319
-6018
-5849
-5245
-4624
-4817
-4979
-3866
-2542
-2014
-2282
-1872
-422
339
185
152
515
950
769
-250
-771
-776
-1033
-1915
-2705
-2723
-2333
-2469
-3134
-3075
-2066
-1241
-1311
-1138
-68
1274
1899
2022
2935
4945
6053
5676
5764
6745
7519
6928
5324
4586
4807
4160
2426
1178
1369
1951
1540
942
1162
1712
1792
1135
706
702
138
-1018
-2309
-3025
-3443
-4464
-5838
-6513
-6385
-5878
-5877
-6287
-5636
-4078
-2649
-2151
-1801
-681
736
1350
1190
1026
1352
1490
502
-662
-1146
-1351
-2088
-3037
-3352
-2678
-2138
-2574
-2751
-1822
-549
-121
-491
-109
1208
1897
1780
2073
3461
4822
4969
4977
5768
6831
6921
6000
5545
5696
5327
3965
2648
2386
2715
2332
1501
1176
1435
1349
757
397
51
-368
-922
-2056
-2796
-3169
-4032
-5123
-5727
-5931
-5818
-5667
-5945
-5700
-4605
-3092
-2381
-2216
-1181
361
887
652
536
670
778
-192
-1535
-2012
-2202
-3024
-3862
-4044
-3592
-3114
-3068
-2939
-2017
-893
-451
-255
151
1156
1972
1992
2113
3332
4661
4833
4781
5428
6592
7038
6153
5435
5535
5521
4397
2759
2286
2644
2382
1403
858
1153
1319
574
-6
188
87
-738
-1861
-2279
-2373
-3176
-4415
-5229
-5383
-5144
-5152
-5718
-5606
-4570
-3232
-2541
-2439
-1579
54
791
594
624
1058
1273
486
-867
-1253
-1483
-2543
-3662
-4109
-3966
-3805
-4054
-4122
-3391
-2167
-1463
-1377
-765
468
1555
1897
2046
3299
5105
5463
5180
5786
6890
7308
6516
5565
5617
5847
4739
3037
2476
2918
2671
1596
993
1216
1380
648
-32
214
291
-547
-1653
-2220
-2241
-2525
-3739
-4512
-4417
-4161
-3861
-4020
-4266
-3614
-2239
-1576
-1623
-1430
-356
675
382
37
362
554
18
-983
-1373
-1093
-1732
-2907
-3268
-3149
-2967
-3424
-4094
-3990
-3213
-2705
-2853
-2808
-1935
-700
112
551
1759
3796
5116
5409
6127
7523
8215
7459
6327
6013
5921
4661
2499
1495
2019
1928
806
235
692
1282
1033
486
743
1035
441
-824
-1474
-1664
-2515
-4078
-5128
-5333
-5327
-5040
-5217
-5147
-3976
-2262
-1032
-471
209
1616
2838
2540
1885
1760
1544
530
-1196
-2341
-2526
-3156
-4548
-4976
-4426
-3849
-3775
-4067
-3317
-2030
-1497
-1789
-1749
-1155
-406
-357
-500
566
2039
2712
3115
3952
5427
6444
6078
5664
5937
6229
5390
3604
2823
3209
2918
1821
1117
1141
1322
844
120
229
287
-448
-1633
-2177
-1993
-2521
-3871
-4705
-4556
-4051
-3793
-4134
-3968
-2904
-1603
-739
-602
11
1372
2281
2178
2013
2353
2390
1435
159
-355
-639
-1619
-3205
-3904
-3578
-3634
-4167
-4614
-4248
-3037
-2403
-2582
-2236
-1083
59
718
785
1878
3826
4454
4295
4814
6015
6526
5601
4309
4368
4686
3565
1555
825
1716
2004
1147
646
1081
1821
1550
873
858
1050
463
-863
-1765
-1863
-2208
-3518
-4825
-5112
-4563
-4222
-4614
-4660
-3241
-1422
-275
103
908
2464
3546
3497
3094
2912
2795
1813
130
-926
-1459
-2139
-3403
-4279
-4047
-3406
-3454
-3836
-3623
-2503
-1579
-1804
-2131
-1643
-659
-169
-460
5
1918
3260
3288
3524
5004
6646
6469
5184
5087
5823
5157
2951
1379
1734
1994
760
-347
-399
110
95
-820
-1126
-548
-599
-1521
-2440
-2359
-2118
-3071
-4443
-4897
-4497
-4034
-4427
-5021
-4285
-2488
-1178
-875
-364
1233
2827
3160
2882
2936
3228
2689
1023
-282
-607
-1288
-2855
-4000
-3903
-3332
-3275
-3696
-3474
-2263
-1137
-1073
-1222
-600
331
1026
920
1245
2871
3970
4021
4110
5000
6141
5803
4539
4416
4700
3985
2304
878
1325
1811
793
120
263
612
467
-184
-264
-33
-573
-1472
-2137
-2424
-2680
-3591
-4467
-4640
-4452
-3960
-3733
-4009
-3410
-1831
-544
-238
24
1231
2611
2716
2258
2352
2531
2043
560
-450
-657
-1350
-2657
-3679
-3706
-3241
-3339
-3743
-3489
-2560
-1634
-1401
-1417
-777
215
850
1214
1949
3658
4901
4980
5190
6153
6988
6581
5146
4611
4916
4111
2065
613
930
1343
522
-319
-125
414
238
-392
-470
-173
-717
-1978
-2752
-2794
-2995
-4142
-5213
-5066
-4529
-3958
-3708
-3731
-2828
-1062
480
977
1132
2189
3380
3267
2523
2084
1849
1083
-656
-1881
-2058
-2552
-3814
-4733
-4348
-3563
-3422
-3873
-3736
-2609
-1618
-1640
-2045
-1555
-608
33
64
538
2416
3894
4225
4531
5822
7204
7049
5680
5374
5868
5152
2940
1257
1540
1855
755
-401
-496
58
-84
-733
-748
-434
-944
-1973
-2633
-2733
-2925
-3930
-5017
-5412
-4995
-4253
-4032
-4257
-3398
-1463
324
1065
1406
2935
4737
5022
4345
4032
3908
3039
1136
-602
-1430
-2369
-3967
-5329
-5415
-4823
-4769
-5050
-4761
-3523
-2125
-1802
-2050
-1560
-568
69
67
426
2020
3193
3434
3829
5025
6339
6333
5236
5199
5997
5359
3488
2329
2871
3135
2101
1261
1196
1312
878
139
-15
-113
-1126
-2347
-2911
-3015
-3606
-4636
-5459
-5508
-5069
-4515
-4283
-4258
-3437
-1796
-185
516
1020
2406
3812
4103
3991
4099
3860
3031
1805
761
-11
-1073
-2499
-3494
-3734
-3772
-4138
-4493
-4284
-3578
-2653
-2305
-2339
-1645
-684
-205
165
1321
2606
3016
3324
4046
4915
5154
4377
3580
3683
3726
2574
1226
981
1563
1681
1290
1456
1975
2166
1719
1405
1828
1517
-47
-1465
-1859
-2284
-3661
-5213
-5904
-5746
-5508
-5381
-5018
-4159
-3098
-1609
-13
878
1567
2873
3951
4064
3956
4011
3520
2256
888
65
-598
-1849
-3344
-3956
-3597
-3611
-4030
-3996
-3197
-2284
-1737
-1515
-1290
-560
81
128
405
1582
2663
2861
2943
3783
4843
4972
4041
3280
3695
3763
2276
569
571
1270
820
101
158
755
825
268
117
530
422
-756
-1882
-1932
-1818
-2880
-4215
-4781
-4633
-4200
-4068
-4081
-3582
-2441
-900
343
890
1753
3239
4217
4269
4181
4279
3915
2559
1154
489
-330
-1659
-3232
-4043
-3645
-3616
-4370
-4507
-3585
-2688
-2166
-1991
-1636
-577
337
619
1204
2785
3810
3781
4050
4970
5588
5100
3925
3189
3382
2987
1238
-39
566
1319
794
542
1078
1657
1536
906
668
940
219
-1870
-3026
-2767
-3324
-5101
-6178
-6022
-5411
-4922
-4849
-4192
-2835
-1479
-32
1224
2043
2999
4179
4566
4512
4537
4382
3482
2100
1111
456
-511
-1934
-2952
-3083
-2697
-2957
-3700
-3333
-2409
-1947
-1938
-2017
-1551
-648
-346
-356
682
2320
2872
2707
3529
4997
5345
4252
3317
3202
3205
2003
-120
-793
131
144
-540
-481
512
1351
1029
668
1292
1717
525
-1320
-1912
-1741
-3127
-5246
-6246
-6084
-5660
-5839
-6106
-5084
-3592
-2367
-907
252
1422
2999
4234
4642
4841
4977
4512
3404
2029
967
133
-1127
-2626
-3257
-3025
-2773
-3213
-3368
-2369
-1116
-562
-670
-436
305
973
1005
923
1882
3079
3102
2914
3686
4645
4527
3573
2713
2453
2324
1200
-807
-1283
-246
-397
-1232
-1128
-216
617
435
63
713
1268
349
-1368
-1560
-1154
-2528
-4374
-4924
-4653
-4210
-4494
-4834
-3837
-2432
-1223
10
1073
2268
3632
4558
4841
4968
4898
4263
3056
1708
586
-461
-1935
-3400
-3920
-3706
-3576
-3910
-3880
-2724
-1234
-588
-449
-32
953
1978
2148
2116
3322
4400
4232
4133
4922
5451
4789
3614
2957
2787
2180
563
-1223
-1018
-202
-853
-1519
-1165
-450
-115
-455
-730
-285
-324
-1654
-2859
-2636
-2749
-4278
-5683
-5686
-5119
-4824
-4967
-4717
-3254
-1672
-399
769
1844
3222
4581
5292
5338
5331
5022
4142
2817
1443
308
-985
-2636
-3884
-4103
-4086
-4313
-4679
-4415
-3172
-1965
-1546
-1341
-553
625
1384
1524
2250
3581
4083
3922
4290
5321
5593
4416
3384
3303
2814
1621
20
-786
-294
-173
-826
-1049
-482
90
29
-199
-136
-150
-680
-1989
-2963
-2863
-3627
-5458
-6389
-6207
-5624
-5635
-5756
-4904
-3246
-1594
-177
824
2341
4191
5149
5700
5981
5973
5449
4379
3063
1958
847
-863
-2430
-3205
-3205
-3304
-3766
-3873
-3231
-1900
-1130
-1172
-863
-19
882
1298
1360
2276
3587
3594
3464
4287
5161
4984
3693
3068
3302
2756
1200
-308
-539
261
87
-754
-601
246
603
496
386
545
491
-433
-1883
-2300
-2170
-3530
-5318
-5948
-5484
-5329
-5746
-5746
-4805
-3214
-1654
-409
781
2555
4199
5129
5634
6035
5968
5164
3942
2698
1624
244
-1571
-3089
-3470
-3327
-3410
-3756
-3573
-2387
-1095
-608
-535
-37
921
1656
1564
1768
2883
3469
3113
3097
3952
4491
3616
2285
2092
2198
1220
-521
-1651
-1218
-644
-1143
-1587
-1045
-136
103
-15
154
437
201
-821
-2041
-2081
-2219
-3972
-5376
-5454
-4920
-4866
-5385
-5238
-3908
-2341
-1074
-80
966
2564
3948
4591
4956
5336
4962
4057
2887
1864
895
-627
-2376
-3528
-3598
-3526
-3929
-4261
-3671
-2406
-1247
-731
-373
428
1625
2279
2412
3314
4350
4566
4320
4614
5343
5057
3491
2430
2341
1849
96
-1746
-2121
-1549
-1655
-2155
-2067
-1377
-632
-365
-146
213
272
-353
-1454
-1875
-1976
-3033
-4530
-5329
-5161
-4512
-4556
-4955
-4020
-2416
-905
483
1507
2675
4349
5569
5813
6059
6226
5510
4142
2937
1935
576
-1227
-2979
-3668
-3610
-3944
-4480
-4362
-3328
-2130
-1472
-852
-170
707
1898
2314
2474
3725
4561
4310
4374
4928
5263
4707
3374
2582
2544
1787
-4
-1571
-1411
-877
-1459
-1933
-1646
-1037
-661
-804
-693
-246
-379
-1361
-2359
-2178
-2298
-3729
-5022
-5413
-5169
-4816
-5053
-5075
-4038
-2579
-1007
315
1334
2853
4790
5735
5836
6135
6126
5330
3959
2681
1675
260
-1691
-3174
-3575
-3501
-3924
-4526
-4015
-2733
-1709
-1021
-725
-28
1103
1855
2032
2612
3629
3865
3647
3936
4486
4489
3414
2381
2096
1778
580
-1267
-2002
-1564
-1459
-1939
-2166
-1789
-1270
-1032
-866
-579
-473
-884
-1830
-2178
-1945
-2725
-4142
-4815
-4690
-4142
-4207
-4559
-3998
-2870
-1582
-150
825
1691
3282
4720
5397
5697
5775
5472
4633
3505
2396
1246
-375
-2086
-3087
-3287
-3530
-4148
-4365
-3669
-2412
-1568
-1099
-391
700
1842
2427
2866
3844
4606
4551
4589
5061
5224
4351
2928
2126
1715
744
-913
-2430
-2609
-2260
-2430
-2790
-2602
-1908
-1437
-1159
-835
-484
-652
-1378
-2113
-2025
-2161
-3584
-4730
-4744
-4389
-4172
-4301
-4055
-2904
-1449
-10
1357
2448
3649
5118
6098
6558
6708
6375
5709
4602
3465
2294
817
-942
-2346
-2881
-3109
-3569
-4133
-3818
-2776
-1772
-1243
-889
-79
1037
2043
2592
3263
4189
4535
4425
4864
5477
5021
3618
2743
2387
1538
-28
-1725
-2482
-2327
-2488
-3064
-3202
-2698
-2332
-2191
-1869
-1618
-1578
-2032
-2794
-3001
-2705
-3585
-5174
-5628
-5246
-4804
-4940
-5133
-4241
-2707
-1390
-147
1125
2537
4023
5183
6068
6719
6652
6005
5229
4254
3357
1846
-56
-1356
-2068
-2554
-3058
-3593
-3703
-2993
-2098
-1452
-955
-324
663
1598
2284
2952
3797
4271
4163
4410
5076
5013
3762
2617
2374
2037
726
-1037
-1954
-1864
-1810
-2516
-2933
-2546
-2347
-2364
-2096
-1655
-1576
-2117
-2942
-3149
-2898
-3484
-4880
-5755
-5456
-5037
-4971
-5124
-4737
-3419
-2057
-745
561
2040
3395
4605
5457
6229
6715
6191
5316
4631
3970
2860
1033
-613
-1123
-1458
-2120
-2538
-2744
-2365
-1458
-847
-387
217
909
1647
2311
3036
3976
4595
4623
4652
5305
5857
4925
3277
2729
2680
1550
-356
-1914
-2249
-1965
-2577
-3219
-2980
-2533
-2560
-2624
-1919
-1364
-1783
-2476
-3108
-2873
-2735
-4056
-5449
-5560
-5052
-4806
-5206
-5282
-4245
-2913
-1570
-392
875
2458
3883
4837
5787
6595
6589
5766
4839
4216
3491
1868
-196
-1376
-1623
-2085
-2872
-3310
-3085
-2226
-1487
-867
-279
521
1490
2455
3285
4134
4893
5201
5130
5279
5878
5512
3805
2455
2166
1576
-143
-2143
-2803
-2484
-2491
-3139
-3553
-2959
-2673
-2924
-2623
-2035
-2175
-2897
-3705
-3794
-3394
-4056
-5510
-6133
-5653
-5050
-5040
-5419
-4781
-3344
-1772
-531
465
1856
3464
4610
5422
6280
6548
6099
5070
4334
3896
2864
821
-854
-1288
-1437
-2126
-2934
-3092
-2536
-1666
-1013
-438
294
1169
2008
2894
3844
4754
5129
5150
5275
5770
5950
4650
2953
2329
1984
831
-1087
-2436
-2368
-2189
-2816
-3214
-2905
-2645
-2838
-2729
-2149
-2009
-2552
-3457
-3834
-3505
-3713
-5009
-5986
-5963
-5303
-4908
-5224
-5010
-3813
-2171
-653
363
1665
3347
4597
5391
6130
6762
6599
5560
4558
4080
3394
1676
-274
-1011
-1020
-1393
-2191
-2607
-2113
-1208
-622
-259
407
1284
2118
2824
3757
4840
5338
5311
5337
5626
6002
5259
3392
2387
2149
1282
-418
-2162
-2585
-2223
-2626
-3220
-3168
-2941
-3009
-3000
-2493
-2175
-2623
-3512
-4084
-3822
-3710
-4734
-5948
-6205
-5720
-5128
-5272
-5494
-4631
-3107
-1565
-397
713
2294
3805
4579
5390
6228
6268
5496
4392
3863
3540
1998
-138
-1291
-1430
-1530
-2336
-3030
-2657
-1714
-1059
-642
-11
948
1725
2511
3635
4972
5691
5514
5562
6037
6453
5739
3829
2705
2308
1426
-348
-2046
-2571
-2371
-2661
-3183
-3051
-2620
-2777
-3160
-2624
-2079
-2501
-3644
-4396
-4245
-4274
-5341
-6243
-6422
-6111
-5484
-5124
-4943
-4186
-2774
-1172
145
1030
2236
3647
4460
4956
5762
6080
5494
4419
3679
3428
2566
874
-561
-923
-913
-1438
-2286
-2565
-1938
-1267
-1120
-734
293
1004
1706
2925
4446
5501
5681
5973
6567
7156
6768
5242
3807
2959
1981
323
-1482
-2584
-2748
-2857
-3227
-3335
-2897
-2672
-2892
-2535
-1629
-1682
-2747
-3607
-3588
-3623
-4617
-6021
-6493
-6332
-6053
-5812
-5607
-4978
-3844
-2216
-595
860
2329
4009
5248
5961
6848
7225
6593
5340
4310
3604
2381
520
-1209
-1838
-1925
-2253
-2611
-2565
-1751
-858
-217
467
1235
2008
2570
3272
4338
5244
5228
4929
5143
5698
5530
4134
2832
2365
1751
508
-928
-1893
-2024
-2257
-2764
-3034
-3075
-3078
-3387
-3623
-3303
-3100
-3827
-4748
-4937
-4492
-4706
-5708
-6187
-5920
-5335
-5028
-5058
-4714
-3614
-2284
-1148
82
1401
2890
4080
4857
5861
6528
6507
5705
4721
4220
3459
1804
14
-864
-1220
-1681
-2329
-2596
-2095
-1355
-850
-317
553
1685
2506
3484
4935
5997
6292
6284
6392
6613
6295
4815
3372
2337
1141
-166
-1630
-2645
-2932
-3231
-3332
-3258
-3321
-3381
-3357
-3232
-3200
-3498
-4140
-4919
-5345
-5316
-5716
-6460
-6777
-6474
-5870
-5329
-4909
-4237
-3046
-1542
-236
966
2354
3642
4605
5386
6226
6631
6430
5625
4670
4001
3120
1794
377
-557
-984
-1287
-1806
-1996
-1480
-757
-329
14
801
1741
2398
3140
4483
5653
5989
6166
6445
6744
6450
5246
4015
3190
2040
511
-907
-1852
-2285
-2739
-3160
-3209
-3105
-3303
-3546
-3417
-3334
-3650
-4335
-5164
-5541
-5583
-5970
-6654
-6981
-6664
-6125
-5700
-5286
-4472
-3416
-1964
-574
608
2090
3545
4608
5403
6220
6805
6808
6069
5181
4498
3726
2252
672
-145
-579
-1122
-1677
-2047
-1607
-815
-566
-278
478
1365
2034
2888
4251
5422
5725
5919
6388
6687
6394
5178
3771
2956
1923
324
-1150
-2137
-2616
-2884
-3223
-3420
-3323
-3451
-3662
-3501
-3469
-3932
-4584
-5277
-5716
-5936
-6420
-7112
-7371
-6980
-6383
-5880
-5376
-4528
-3434
-2021
-556
436
1668
3176
4186
4904
5845
6307
6235
5754
5037
4519
3920
2576
1005
334
-1
-597
-1237
-1507
-1192
-546
-300
-14
580
1378
1929
2591
3912
5143
5581
5778
6260
6754
6774
5748
4454
3705
2816
1209
-637
-1858
-2285
-2690
-3343
-3786
-3659
-3445
-3894
-3949
-3555
-3775
-4406
-5144
-5469
-5530
-6027
-6965
-7328
-6930
-6438
-6124
-5800
-5029
-3888
-2396
-863
247
1392
3065
4345
5040
5880
6515
6604
6137
5317
4601
4017
2785
1084
310
129
-328
-1031
-1279
-810
-57
321
322
974
1854
2383
2977
4073
5357
5928
5972
6280
6876
7000
5934
4506
3763
3062
1541
-303
-1447
-1844
-2247
-2980
-3487
-3476
-3387
-3786
-3989
-3701
-4031
-4740
-5542
-6046
-6017
-6461
-7316
-7749
-7294
-6659
-6165
-5818
-4995
-3825
-2444
-916
80
1144
2804
4108
4614
5202
6049
6311
5931
5146
4476
4059
2988
1333
411
335
-90
-973
-1440
-1084
-290
-72
-141
387
1246
1982
2339
3149
4571
5461
5578
5767
6412
6920
6303
4880
3952
3397
2269
372
-1411
-1885
-1921
-2547
-3359
-3603
-3327
-3553
-3878
-3694
-3769
-4273
-5040
-5828
-5923
-6115
-7104
-7817
-7639
-7003
-6462
-6164
-5726
-4666
-3077
-1591
-508
551
2067
3580
4395
4847
5637
6163
5801
5067
4514
4110
3175
1523
444
233
-73
-676
-1301
-1146
-156
352
243
772
1488
2120
2686
3230
4351
5437
5720
5807
6247
6837
6687
5350
4325
3742
2747
1248
-622
-1625
-1530
-2046
-2991
-3256
-3052
-3196
-3629
-3541
-3366
-3730
-4464
-5341
-5483
-5373
-6282
-7347
-7239
-6612
-6138
-5742
-5447
-4691
-3244
-1759
-652
292
1744
3330
4217
4825
5756
6322
6150
5378
4672
4303
3418
1808
520
234
-112
-740
-1320
-1353
-650
7
150
508
1245
1911
2455
3000
3973
5125
5750
5754
5972
6750
6804
5559
4261
3595
2842
1466
-442
-1788
-1863
-2028
-2955
-3434
-3268
-3268
-3624
-3716
-3596
-3806
-4511
-5566
-5929
-5834
-6381
-7428
-7715
-7223
-6539
-6172
-5905
-5180
-3854
-2269
-1140
-240
1120
2638
3834
4482
5125
6063
6162
5370
4508
4148
3532
2045
498
-4
-86
-726
-1464
-1647
-939
-139
-124
205
1086
1695
2332
2885
3631
4814
5567
5490
5527
6097
6529
5737
4313
3606
3100
1964
208
-1408
-1721
-1544
-2318
-3074
-2955
-2727
-3136
-3623
-3476
-3444
-4080
-5122
-5828
-5741
-5805
-6852
-7542
-7055
-6434
-5811
-5493
-5165
-3997
-2414
-1179
-328
845
2362
3612
4249
4829
5820
6281
5751
4951
4520
4149
2941
1348
609
344
-158
-757
-1124
-743
71
300
357
884
1450
2032
2580
3061
4278
5477
5651
5567
5989
6751
6601
5175
3965
3460
2557
931
-1080
-1937
-1725
-2307
-3177
-3219
-2862
-2962
-3318
-3373
-3227
-3534
-4360
-5250
-5666
-5684
-6416
-7284
-7195
-6771
-6077
-5392
-5111
-4337
-2884
-1448
-441
449
1563
2905
3629
4088
4896
5488
5281
4461
3907
3652
2911
1693
734
229
-66
-532
-955
-1019
-615
-272
48
639
997
1391
2126
2691
3543
4790
5443
5554
5788
6496
6818
5905
4522
3597
2841
1581
-315
-1973
-2341
-2630
-3368
-3647
-3529
-3502
-3745
-3673
-3308
-3313
-4002
-4828
-5243
-5338
-5664
-6526
-7060
-7065
-6552
-5859
-5550
-5123
-4004
-2572
-1204
118
1316
2727
3934
4657
5361
6077
6034
5145
4344
3877
3070
1633
299
-407
-807
-1095
-1187
-1244
-781
-151
341
1027
1500
1750
2263
2889
3414
4135
4903
5129
5067
5453
6097
5831
4698
3785
3227
2420
991
-716
-1509
-1655
-2359
-3010
-3130
-3290
-3754
-3998
-3843
-3818
-4273
-4872
-5459
-5612
-5648
-6118
-6638
-6715
-6368
-5469
-4831
-4659
-4040
-2759
-1245
-113
855
2022
3181
4124
4981
5739
6057
5609
4815
4389
3901
2679
1377
444
-258
-712
-839
-1024
-1022
-675
-49
664
1117
1428
1857
2586
3240
3953
4773
5348
5352
5501
6109
6253
5217
3924
3305
2636
1438
-296
-1586
-1825
-2036
-2686
-3042
-3017
-3325
-3655
-3521
-3377
-3876
-4573
-5200
-5631
-5500
-5791
-6445
-6755
-6599
-5853
-4996
-4761
-4312
-3248
-1858
-545
394
1403
2524
3546
4431
5179
5656
5400
4622
4122
3704
2759
1389
335
-332
-809
-928
-1085
-1321
-1170
-498
317
850
1095
1328
1919
2677
3354
3991
4659
4978
5128
5658
6215
5811
4365
3544
3028
1936
483
-1136
-2039
-2198
-2614
-3200
-3356
-3549
-3824
-3791
-3525
-3668
-4380
-4952
-5393
-5602
-5532
-6009
-6650
-6684
-6194
-5323
-4841
-4706
-4009
-2766
-1234
-7
865
2084
3263
4267
5228
5857
5862
5380
4770
4308
3539
2209
858
-106
-699
-1011
-1152
-1355
-1375
-911
-2
842
1132
1408
1970
2850
3556
4140
4756
5214
5286
5382
5910
5887
4803
3671
3218
2517
1260
-290
-1464
-1688
-1786
-2326
-2799
-2875
-3120
-3439
-3336
-3274
-3906
-4639
-5212
-5580
-5609
-5875
-6444
-6751
-6451
-5471
-4701
-4425
-3908
-2986
-1530
-118
737
1626
2787
3756
4693
5507
5791
5379
4799
4577
4014
2888
1706
646
-24
-508
-792
-954
-1220
-1137
-419
398
777
947
1188
1989
2780
3272
4036
4763
5000
4992
5508
5974
5323
3988
3397
2977
1964
510
-1177
-1906
-1867
-2323
-2864
-3113
-3186
-3420
-3516
-3319
-3487
-4150
-4706
-5263
-5437
-5307
-5872
-6638
-6724
-6073
-5263
-4986
-4811
-3980
-2661
-1126
39
935
2006
3268
4283
5028
5514
5441
4867
4361
3880
2993
1806
657
-276
-839
-991
-1074
-1409
-1536
-875
115
695
850
1080
1743
2654
3029
3383
4117
4680
4810
4979
5553
5605
4569
3477
3027
2516
1431
-239
-1604
-1707
-1817
-2450
-2949
-3150
-3271
-3433
-3370
-3444
-3857
-4386
-4908
-5317
-5233
-5377
-6034
-6489
-6229
-5423
-4767
-4762
-4392
-3188
-1669
-258
626
1463
2717
4066
4879
5431
5687
5321
4877
4309
3671
2660
1372
382
-329
-708
-687
-910
-1207
-984
-146
732
1121
1103
1351
2424
3124
3434
3983
4713
5074
5050
5402
5778
5330
4164
3420
2952
2089
578
-1046
-1600
-1645
-2131
-2748
-2941
-3032
-3287
-3324
-3202
-3448
-3977
-4402
-4924
-5010
-5064
-5548
-6164
-6403
-5769
-4902
-4793
-4676
-3833
-2494
-927
209
982
2075
3456
4512
5193
5626
5576
4945
4345
3850
2909
1736
543
-325
-787
-1005
-1016
-1303
-1341
-686
275
809
988
1075
1656
2623
2855
3126
3944
4537
4662
4840
5380
5448
4477
3524
3145
2529
1372
-311
-1725
-1819
-1993
-2810
-3268
-3394
-3541
-3708
-3611
-3565
-3954
-4518
-4875
-5100
-5069
-5257
-5894
-6363
-6291
-5628
-5051
-5073
-4653
-3584
-2174
-628
335
1186
2646
3920
4694
5355
5596
5341
4771
4182
3413
2248
1048
52
-629
-1058
-1134
-1306
-1503
-1314
-512
401
828
1000
1565
2536
3276
3664
4227
4858
5106
5175
5561
5833
5191
3970
3288
2888
1917
445
-1008
-1431
-1515
-2065
-2582
-2734
-2824
-3219
-3272
-3084
-3312
-3967
-4490
-4789
-4795
-4909
-5508
-6109
-6108
-5602
-4870
-4799
-4635
-3692
-2452
-1046
120
1064
2310
3745
4632
5329
5978
5960
5381
4771
4312
3393
2023
698
-190
-600
-953
-1270
-1547
-1472
-815
119
704
880
1221
2054
2923
3418
3959
4530
4837
4845
5032
5566
5278
4073
3156
2745
2054
777
-742
-1616
-1744
-2108
-2657
-2894
-3008
-3236
-3486
-3295
-3162
-3766
-4302
-4779
-5013
-4969
-5386
-6166
-6543
-6181
-5381
-4982
-5129
-4509
-3281
-1814
-468
305
1420
2987
4021
4721
5459
5727
5228
4446
4061
3450
2233
850
-177
-687
-945
-1182
-1575
-1761
-1286
-411
297
622
828
1461
2417
3131
3826
4474
4858
5121
5172
5523
5599
4510
3332
2860
2339
1158
-454
-1565
-1853
-2013
-2400
-2749
-2894
-2962
-3223
-3219
-2956
-3466
-4198
-4695
-4952
-4939
-5250
-5962
-6459
-6343
-5670
-4948
-4988
-4651
-3527
-2164
-738
210
1127
2540
3865
4666
5398
5914
5706
4985
4464
3981
2874
1592
414
-391
-688
-900
-1323
-1561
-1318
-557
283
828
1070
1524
2470
3234
3858
4555
5031
5192
5259
5575
5859
5161
3830
3052
2722
1801
231
-1063
-1475
-1658
-2146
-2487
-2655
-2891
-3143
-3182
-2928
-3143
-3813
-4471
-4940
-4944
-4980
-5604
-6302
-6386
-5879
-4903
-4758
-4759
-3760
-2321
-914
93
923
2193
3603
4326
4983
5744
5776
5078
4435
4119
3413
2146
767
-207
-564
-715
-1112
-1632
-1595
-968
-163
360
648
956
1789
2771
3436
4178
4772
4976
5102
5396
5726
5202
3830
2932
2351
1501
139
-1492
-2211
-2291
-2571
-2915
-3182
-3344
-3456
-3447
-3236
-3287
-3840
-4444
-5006
-5159
-5220
-5779
-6434
-6620
-6360
-5579
-4944
-4891
-4322
-2854
-1244
-22
885
2042
3530
4506
5013
5645
5884
5382
4554
3968
3511
2415
939
9
-406
-557
-809
-1223
-1251
-623
9
514
1045
1237
1703
2671
3712
4374
4665
4973
5305
5452
5702
5437
4232
3232
2539
1752
513
-1061
-1915
-2097
-2426
-2823
-3101
-3194
-3425
-3635
-3409
-3320
-3890
-4629
-5151
-5117
-5096
-5818
-6487
-6507
-6275
-5625
-4993
-4817
-4265
-2882
-1277
-87
956
2213
3545
4551
5233
5887
6200
5798
4816
4110
3660
2690
1243
173
-184
-330
-650
-1049
-1094
-460
179
581
1170
1632
1948
2710
3820
4488
4790
5157
5467
5631
5688
5329
4202
3210
2533
1642
413
-874
-1749
-2099
-2169
-2546
-3004
-3211
-3370
-3543
-3521
-3410
-3824
-4613
-5200
-5310
-5333
-5931
-6668
-6600
-6243
-5839
-5327
-4789
-4275
-3056
-1356
-124
930
2020
3256
4255
4914
5434
5779
5461
4616
3952
3489
2664
1299
156
-203
-241
-552
-951
-885
-312
216
578
1081
1533
1790
2438
3618
4423
4598
4921
5357
5596
5611
5132
4129
3290
2518
1379
128
-1055
-1920
-2508
-2755
-2965
-3348
-3647
-3807
-3939
-3902
-3943
-4279
-4862
-5411
-5469
-5485
-6119
-6857
-6780
-6141
-5695
-5389
-4775
-4034
-2867
-1346
-212
912
2280
3392
4224
5002
5638
5921
5625
4940
4269
3675
2916
1674
554
80
32
-262
-764
-720
-86
458
674
1082
1642
2168
2869
4038
4904
5108
5416
5804
5973
5884
5129
4157
3305
2322
1089
-101
-1069
-1937
-2490
-2616
-2744
-3176
-3478
-3644
-3621
-3566
-3947
-4563
-5120
-5559
-5644
-5918
-6568
-7143
-6917
-6088
-5735
-5474
-4646
-3678
-2488
-1000
198
1164
2474
3643
4255
5043
5740
5682
5230
4807
4310
3576
2756
1683
739
421
415
44
-418
-87
472
943
1363
1573
2005
2640
3340
4387
5159
5338
5489
5828
6062
5833
4936
4043
3244
2282
1095
-265
-1205
-1947
-2700
-2833
-2909
-3462
-3980
-4039
-3849
-3922
-4463
-5081
-5614
-5931
-6123
-6540
-7160
-7473
-7170
-6331
-5918
-5746
-4872
-3546
-2284
-964
344
1475
2793
3807
4314
5005
5589
5351
4796
4495
4149
3237
2305
1444
652
424
458
0
-260
147
705
1145
1541
1909
2243
2789
3529
4502
5096
5319
5510
5760
5944
5686
4856
4022
3346
2320
979
-347
-1298
-1893
-2573
-2819
-3020
-3617
-4095
-4235
-4165
-4252
-4870
-5572
-6003
-6277
-6404
-6849
-7448
-7591
-7273
-6536
-5953
-5708
-4862
-3487
-2202
-950
282
1493
2684
3726
4429
5058
5613
5364
4767
4530
4097
3104
2175
1416
679
472
510
58
-106
473
1121
1597
2019
2411
2777
3399
4267
5020
5480
5747
5956
6187
6294
5917
4984
4039
3338
2213
918
-129
-1117
-1870
-2384
-2604
-2878
-3399
-3833
-4032
-4039
-4090
-4718
-5540
-6117
-6329
-6477
-6990
-7636
-7796
-7233
-6426
-5895
-5446
-4437
-3050
-1537
-189
920
2020
3049
3960
4591
4982
5278
4993
4502
4242
3755
3016
2183
1262
730
788
727
357
188
738
1397
1877
2306
2533
2990
3625
4469
5104
5343
5592
5912
6165
6186
5769
4904
4034
3161
1968
642
-420
-1329
-2162
-2590
-2735
-3168
-3747
-4187
-4339
-4405
-4533
-5162
-6053
-6488
-6572
-6897
-7472
-7987
-8169
-7591
-6779
-6310
-5694
-4597
-3279
-1752
-277
885
2046
3133
3839
4470
5008
5060
4683
4348
3977
3373
2600
1799
964
585
726
620
246
351
907
1520
2067
2337
2555
3109
3726
4555
5373
5550
5597
6069
6411
6184
5464
4709
4022
3074
1878
538
-497
-1351
-2243
-2652
-2691
-3183
-3862
-4091
-4188
-4283
-4507
-5082
-5849
-6291
-6470
-6920
-7530
-8053
-8135
-7521
-6657
-6231
-5505
-4293
-2972
-1504
-2
1158
2287
3376
4158
4736
5186
5142
4692
4348
4034
3336
2550
1822
943
672
822
640
422
758
1363
2006
2664
3038
3224
3746
4408
5168
5694
5760
5898
6383
6673
6256
5364
4691
4069
3009
1800
538
-474
-1239
-2065
-2447
-2533
-3047
-3720
-4014
-4104
-4229
-4639
-5317
-6126
-6529
-6683
-7090
-7626
-8123
-8154
-7505
-6741
-6441
-5558
-4284
-2860
-1340
-11
1204
2362
3488
4163
4733
5171
5025
4447
4213
3927
3013
2186
1417
636
434
574
351
137
473
1237
2000
2695
3159
3359
3937
4887
5590
5813
5812
5895
6261
6446
6010
5089
4408
3689
2620
1463
318
-624
-1398
-2034
-2399
-2571
-3036
-3785
-4106
-4209
-4336
-4819
-5732
-6517
-6703
-6975
-7707
-8331
-8597
-8290
-7517
-6874
-6335
-5343
-4120
-2637
-1172
58
1166
2363
3319
3945
4549
4977
4589
4019
4029
3714
2917
2211
1390
817
782
875
581
385
815
1452
2162
2796
3109
3256
4003
4961
5521
5916
6048
6078
6377
6548
6035
5053
4361
3715
2619
1438
298
-863
-1703
-2167
-2497
-2834
-3270
-3848
-4180
-4188
-4221
-4798
-5639
-6127
-6366
-6728
-7301
-7926
-8420
-8383
-7677
-7055
-6441
-5454
-4246
-2597
-906
437
1528
2768
3809
4402
4959
5327
4914
4311
4116
3736
2911
2067
1349
901
853
894
828
826
1260
1927
2619
3382
3669
3677
4327
5307
5889
6043
6001
6096
6419
6594
6094
5104
4322
3668
2703
1524
338
-749
-1561
-2075
-2460
-2887
-3356
-3931
-4299
-4225
-4192
-4767
-5637
-6245
-6482
-6670
-7212
-7986
-8408
-8145
-7451
-7026
-6592
-5634
-4455
-2766
-1097
41
1255
2584
3580
4247
4986
5295
4714
4226
4007
3477
2705
1896
823
292
390
398
162
140
740
1484
2401
3166
3429
3883
4684
5443
5993
6167
6032
5922
6112
6158
5513
4451
3689
2943
1973
833
-243
-1113
-1832
-2281
-2430
-2745
-3438
-4007
-4155
-4158
-4302
-5059
-5986
-6383
-6570
-7007
-7536
-8137
-8536
-8214
-7464
-6820
-6285
-5433
-4196
-2506
-874
335
1353
2619
3715
4248
4781
5042
4552
3983
3813
3429
2749
1892
1003
698
827
770
609
834
1391
1958
2860
3631
3735
3910
4645
5494
6000
6227
6125
6182
6593
6531
5841
5003
4207
3330
2367
1298
51
-1072
-1796
-2294
-2600
-2863
-3441
-4048
-4111
-3991
-4190
-4796
-5575
-6137
-6383
-6565
-7114
-7900
-8243
-7976
-7428
-6909
-6405
-5551
-4195
-2343
-741
339
1556
2892
3845
4423
5147
5389
4802
4258
3924
3326
2615
1703
709
420
627
574
324
579
1189
1884
2812
3600
3755
4109
4957
5589
5996
6221
5974
6020
6223
6062
5448
4602
3892
2979
2142
1231
-1
-1112
-1717
-2163
-2535
-2879
-3472
-4011
-4208
-4154
-4397
-5007
-5674
-6241
-6584
-6759
-7261
-8027
-8269
-7997
-7481
-6898
-6337
-5639
-4543
-2883
-1341
-346
773
2188
3225
3766
4546
4885
4434
4096
3860
3243
2567
1672
492
181
306
150
1
199
827
1580
2578
3260
3374
3941
4969
5608
6070
6433
6257
6219
6343
6204
5508
4521
3795
2889
1960
1059
-91
-1195
-1738
-2129
-2391
-2572
-3189
-3749
-3878
-3813
-4062
-4709
-5325
-6035
-6563
-6748
-7179
-7920
-8067
-7702
-7153
-6386
-5683
-4970
-3855
-2198
-718
173
1011
2235
3128
3530
4367
4806
4424
4147
3979
3520
3148
2412
1388
1024
1007
790
347
355
809
1271
2008
2644
2922
3467
4300
4986
5711
6305
6472
6640
6757
6758
6424
5471
4428
3428
2356
1198
-168
-1498
-2104
-2511
-2714
-2875
-3320
-3550
-3570
-3427
-3522
-4105
-4599
-5174
-5927
-6239
-6634
-7481
-8091
-8146
-7769
-7077
-6547
-5936
-4751
-3060
-1417
-135
1054
2519
3654
4138
4774
5107
4746
4236
3610
2924
2248
1366
348
-146
-94
21
10
262
911
1659
2548
3097
3393
3820
4404
4769
5145
5541
5445
5392
5475
5443
5293
4714
3977
3404
2680
1725
564
-766
-1521
-1990
-2470
-2876
-3426
-3798
-4086
-4158
-4299
-4768
-5144
-5553
-6113
-6371
-6562
-7170
-7661
-7481
-7118
-6584
-6082
-5599
-4762
-3363
-1827
-686
262
1688
2932
3604
4336
4901
4916
4633
4033
3412
2955
2021
927
223
50
4
-153
-49
440
1169
2038
2741
3203
3780
4417
4897
5354
5869
5994
5928
5820
5693
5577
5012
4070
3358
2714
1806
791
-380
-1235
-1647
-1962
-2332
-2799
-3136
-3419
-3658
-3826
-4276
-4741
-5183
-5865
-6250
-6439
-6792
-7343
-7479
-7085
-6439
-5876
-5349
-4456
-3229
-1735
-505
438
1549
2656
3425
3931
4420
4622
4457
3928
3350
2905
2218
1279
496
137
-21
-126
-94
114
782
1574
2180
2702
3213
3699
4205
4740
5166
5524
5646
5609
5713
5755
5499
4672
3831
3198
2237
1078
-49
-1043
-1666
-2023
-2484
-2940
-3243
-3594
-3864
-3869
-4069
-4427
-4848
-5397
-5938
-6274
-6478
-6903
-7293
-7198
-6697
-6149
-5716
-4996
-3935
-2595
-1255
-102
1082
2221
3176
3857
4442
4769
4672
4101
3520
3054
2342
1394
491
-24
-374
-501
-396
-305
231
1058
1698
2383
3132
3563
3911
4497
4998
5398
5542
5475
5327
5292
5180
4514
3753
3093
2224
1298
420
-672
-1532
-1875
-2275
-2680
-2923
-3250
-3627
-3924
-4031
-4278
-4764
-5347
-5998
-6322
-6408
-6706
-7123
-7126
-6708
-6206
-5592
-4839
-4012
-2983
-1715
-393
774
1787
2783
3639
4193
4738
4850
4328
3718
3155
2549
1797
1010
336
-75
-136
23
78
256
867
1488
2095
2767
3280
3537
3932
4351
4825
5249
5283
5159
5197
5336
5170
4383
3586
2930
2131
1258
115
-917
-1481
-1879
-2461
-2743
-2942
-3349
-3777
-3817
-3725
-4209
-4723
-5281
-5744
-5862
-6030
-6473
-6750
-6616
-6220
-5469
-4785
-4210
-3445
-2236
-749
499
1391
2310
3227
3886
4468
4786
4535
4092
3471
2906
2363
1403
510
8
-229
-162
-7
106
532
1029
1660
2419
2853
3116
3363
3746
4379
4820
4870
4775
4830
4953
5089
4559
3707
3054
2312
1514
438
-651
-1499
-2029
-2471
-2733
-2935
-3306
-3815
-4063
-3878
-4056
-4555
-5080
-5595
-5678
-5697
-6056
-6444
-6551
-6350
-5731
-5065
-4631
-4043
-3068
-1725
-359
622
1589
2626
3453
4211
4754
4573
4096
3535
2979
2468
1623
630
-124
-459
-499
-444
-283
-41
409
1052
1925
2620
2817
3154
3522
3990
4488
4692
4548
4397
4603
4780
4578
3769
3009
2473
1840
988
-100
-981
-1552
-1953
-2325
-2573
-2797
-3315
-3707
-3730
-3740
-4142
-4700
-5204
-5471
-5472
-5602
-5814
-6112
-6048
-5411
-4707
-4217
-3772
-3062
-1953
-535
548
1294
2107
3070
3881
4475
4680
4404
3903
3415
3002
2326
1423
587
33
-65
30
183
359
494
1008
1686
2301
2571
2717
3080
3632
4156
4475
4610
4565
4695
4959
5042
4455
3589
3089
2420
1448
426
-712
-1690
-2199
-2460
-2777
-3071
-3448
-3850
-3862
-3648
-3779
-4196
-4505
-4889
-5041
-5131
-5348
-5851
-6183
-5854
-5295
-4849
-4491
-3837
-2863
-1385
22
978
1767
2798
3787
4416
4760
4658
4146
3601
3029
2368
1551
692
-19
-419
-370
-165
-2
158
557
1280
2113
2554
2703
2895
3392
3904
4143
4308
4287
4186
4391
4545
4253
3483
2849
2368
1684
752
-285
-1202
-1892
-2340
-2708
-3038
-3371
-3835
-4103
-3951
-3945
-4336
-4634
-4880
-5152
-5208
-5195
-5516
-6003
-5819
-5256
-4745
-4384
-3945
-3225
-2022
-582
424
1220
2180
3218
3842
4378
4502
4084
3687
3190
2609
1992
1174
350
-176
-252
-101
54
186
394
988
1686
2221
2512
2703
3079
3664
4069
4280
4453
4392
4452
4690
4650
4094
3399
2884
2189
1363
384
-717
-1670
-2149
-2429
-2819
-3177
-3486
-3801
-3850
-3694
-3885
-4231
-4431
-4714
-4865
-4776
-4905
-5341
-5549
-5180
-4718
-4297
-3974
-3483
-2645
-1253
79
846
1735
2752
3631
4261
4690
4505
4045
3648
3045
2454
1736
893
260
13
-28
75
177
193
620
1274
1850
2315
2557
2839
3345
3729
4020
4295
4323
4283
4516
4681
4337
3584
2919
2297
1500
619
-448
-1507
-2141
-2429
-2991
-3395
-3531
-3764
-3943
-3842
-3706
-3903
-4177
-4469
-4710
-4656
-4704
-5111
-5458
-5348
-4835
-4368
-3988
-3627
-3012
-1835
-367
508
1237
2250
3161
3874
4397
4493
4136
3819
3255
2547
1922
1110
279
-254
-378
-272
-104
44
246
694
1398
1931
2188
2472
2857
3282
3631
3892
4079
3979
3956
4154
4185
3639
2939
2460
1863
1060
18
-1016
-1866
-2413
-2862
-3208
-3480
-3764
-4091
-4222
-4012
-3897
-4091
-4380
-4507
-4494
-4409
-4563
-4885
-5088
-4817
-4382
-3984
-3625
-3147
-2365
-1058
236
1028
1898
2807
3646
4298
4583
4540
4239
3672
3050
2551
1857
969
308
-2
-43
31
147
284
640
1200
1771
2168
2454
2765
3103
3508
3820
4042
4034
3952
3989
3920
3716
3189
2508
2011
1445
574
-418
-1424
-2161
-2518
-2871
-3203
-3454
-3693
-3989
-3994
-3780
-3859
-4094
-4229
-4228
-4252
-4150
-4254
-4652
-4590
-4308
-3988
-3623
-3239
-2707
-1859
-578
543
1304
2062
3051
3908
4417
4645
4444
3990
3445
2931
2350
1481
661
91
-101
-22
124
163
320
750
1332
1923
2247
2545
2888
3229
3481
3583
3636
3712
3631
3548
3585
3317
2708
2174
1715
1045
230
-691
-1653
-2391
-2815
-3235
-3638
-3941
-4246
-4317
-4107
-3981
-4064
-4126
-4020
-3954
-3859
-3763
-3833
-4137
-4100
-3870
-3606
-3319
-3143
-2575
-1649
-498
489
1307
2047
2943
3778
4242
4402
4143
3762
3232
2716
1938
1013
326
-183
-489
-494
-343
-241
-5
443
1013
1538
1879
2230
2656
3085
3328
3261
3301
3365
3272
3242
3176
2856
2299
1873
1389
707
-104
-961
-1784
-2354
-2646
-3048
-3365
-3693
-3869
-3889
-3781
-3727
-3820
-3731
-3590
-3481
-3435
-3311
-3461
-3596
-3410
-3287
-2953
-2655
-2413
-1867
-1096
-68
954
1686
2320
3222
4081
4433
4376
4231
3980
3470
2820
2079
1314
580
141
-127
-257
-106
-50
141
673
1190
1483
1938
2462
2749
3033
3236
3155
3103
3228
3185
3016
2858
2563
2238
1892
1363
735
23
-695
-1555
-2264
-2510
-2887
-3336
-3494
-3574
-3690
-3786
-3672
-3473
-3392
-3118
-2960
-2967
-2867
-2896
-2999
-3049
-3025
-2930
-2640
-2303
-1866
-1258
-409
590
1299
1928
2887
3779
4049
4049
3943
3654
3130
2349
1655
949
351
-75
-410
-515
-461
-437
-234
183
512
906
1530
1968
2202
2496
2683
2537
2557
2813
2629
2315
2256
1982
1548
1240
671
18
-573
-1284
-2075
-2559
-2839
-3334
-3582
-3443
-3442
-3630
-3566
-3448
-3365
-3140
-2885
-2804
-2802
-2711
-2609
-2656
-2875
-2931
-2719
-2354
-2012
-1594
-982
-44
942
1616
2324
3212
3884
4100
4260
4259
3795
3178
2520
1720
987
481
-41
-448
-482
-375
-289
-81
279
651
1113
1696
1986
2148
2452
2565
2328
2172
2332
2269
2033
1908
1784
1619
1422
988
467
-42
-581
-1240
-1852
-2415
-2835
-2969
-3067
-3111
-3219
-3188
-3066
-2703
-2353
-2161
-1988
-1956
-1886
-1745
-1853
-2120
-2216
-2225
-2155
-1854
-1529
-1132
-348
605
1444
2138
2918
3508
3894
4169
4164
3726
3211
2651
1803
1185
598
-64
-548
-619
-663
-714
-527
-281
1
488
1050
1326
1633
2104
2200
2051
1978
2034
1965
1741
1606
1459
1325
1117
711
312
2
-571
-1270
-1704
-2100
-2504
-2665
-2635
-2701
-2802
-2860
-2745
-2383
-2171
-2092
-1889
-1884
-1981
-1873
-1908
-2156
-2372
-2384
-2171
-1908
-1667
-1191
-584
185
980
1719
2389
2939
3490
3814
3770
3434
2969
2471
1882
1185
456
-171
-574
-813
-904
-927
-832
-669
-383
87
401
738
1185
1476
1509
1612
1625
1325
1269
1222
1059
906
804
683
536
307
26
-426
-857
-1166
-1679
-2103
-2313
-2402
-2419
-2451
-2512
-2415
-2037
-1730
-1547
-1264
-1088
-1143
-1092
-1032
-1226
-1541
-1670
-1639
-1531
-1263
-866
-406
87
911
1667
2259
2796
3311
3734
3818
3681
3291
2858
2267
1562
815
173
-359
-869
-1073
-1045
-938
-822
-498
-40
163
515
960
1124
1309
1469
1441
1145
1044
1021
869
717
638
553
415
248
2
-194
-466
-722
-1108
-1516
-1659
-1734
-1883
-1928
-1943
-1867
-1676
-1458
-1267
-1089
-883
-846
-904
-861
-912
-1137
-1296
-1274
-1332
-1169
-812
-515
-105
542
1309
1853
2313
2834
3287
3457
3425
3174
2592
2138
1537
830
228
-412
-923
-1202
-1361
-1435
-1326
-1090
-803
-561
-287
105
413
685
740
729
717
410
249
324
231
132
206
235
117
102
155
-43
-413
-571
-827
-1182
-1295
-1369
-1506
-1415
-1357
-1398
-1263
-1077
-886
-642
-534
-472
-470
-501
-641
-869
-939
-1034
-1095
-966
-686
-330
103
621
1198
1719
2243
2639
3048
3174
2944
2664
2315
1727
1028
450
-270
-944
-1283
-1463
-1615
-1649
-1570
-1361
-1075
-924
-703
-287
-49
49
282
364
107
-104
-16
60
-30
-95
-17
47
206
419
400
303
276
202
96
-139
-423
-523
-464
-450
-482
-441
-490
-467
-305
-85
40
127
63
-24
-54
-210
-350
-526
-624
-612
-323
-1
146
468
1050
1598
1951
2347
2679
2642
2542
2307
1766
1250
740
-5
-666
-1099
-1558
-1800
-1930
-1998
-1836
-1516
-1393
-1360
-1072
-797
-536
-305
-201
-191
-218
-139
-205
-201
-187
-234
-141
56
307
466
589
569
641
809
705
387
235
250
145
41
70
-22
-60
59
160
258
316
334
162
107
183
51
-161
-380
-531
-415
-77
12
88
453
983
1300
1657
2005
2106
2117
2021
1676
1213
709
139
-522
-1045
-1467
-1861
-2087
-2337
-2388
-2258
-2116
-2155
-2092
-1813
-1487
-1273
-1085
-860
-718
-580
-584
-717
-694
-641
-526
-293
-119
139
503
715
808
1268
1502
1412
1396
1321
1126
1019
883
651
473
242
143
274
320
249
353
558
596
536
579
455
259
204
254
182
99
189
201
340
686
948
1136
1332
1454
1447
1342
1062
577
126
-305
-736
-1260
-1734
-2174
-2510
-2577
-2704
-2746
-2766
-2659
-2314
-1893
-1627
-1279
-896
-710
-542
-329
-386
-551
-407
-246
-247
-25
358
585
950
1395
1769
2023
2307
2441
2419
2298
2201
1927
1564
1292
1050
794
547
442
409
492
564
635
688
808
823
722
694
706
578
478
413
202
158
192
265
277
274
451
596
406
139
-44
-330
-677
-1090
-1495
-1853
-2244
-2605
-2850
-3098
-3312
-3343
-3289
-3162
-2873
-2365
-1934
-1631
-1248
-812
-572
-527
-361
-179
-37
37
220
561
887
1199
1640
2119
2424
2800
3088
3124
2899
2719
2656
2336
1906
1552
1247
921
740
670
593
632
725
795
956
1083
1048
827
865
773
447
225
-11
-324
-522
-501
-571
-666
-600
-472
-524
-523
-574
-882
-1227
-1348
-1613
-2115
-2534
-2944
-3307
-3568
-3696
-3793
-3850
-3735
-3329
-2904
-2484
-2037
-1630
-1176
-739
-507
-273
-80
21
204
440
709
954
1388
1935
2455
2832
3356
3738
3851
3776
3607
3514
3145
2698
2295
1840
1464
1236
1001
838
792
902
1008
1120
1336
1521
1570
1504
1412
1184
761
309
-228
-699
-935
-1232
-1484
-1543
-1370
-1278
-1169
-1005
-1110
-1141
-1107
-1290
-1665
-2113
-2624
-3038
-3407
-3879
-4155
-4369
-4426
-4136
-3670
-3176
-2684
-2066
-1312
-654
-249
183
474
655
851
1031
1229
1289
1512
1912
2428
2922
3383
3877
4230
4393
4555
4558
4240
3828
3572
3221
2566
2127
1794
1420
1173
1096
1075
1132
1229
1370
1465
1410
1211
976
697
145
-376
-858
-1368
-1887
-2202
-2307
-2397
-2531
-2530
-2368
-2383
-2381
-2307
-2400
-2679
-2916
-3101
-3460
-3858
-4092
-4249
-4482
-4536
-4366
-4155
-3804
-3352
-2819
-2198
-1533
-970
-496
5
435
758
1023
1429
1718
2069
2570
2887
3096
3609
4102
4354
4584
4696
4766
4687
4533
4243
3883
3510
3084
2703
2388
2126
1886
1812
1802
1742
1709
1683
1458
1160
965
637
59
-495
-1016
-1536
-1966
-2296
-2636
-2840
-2839
-2952
-3040
-3001
-2984
-3105
-3232
-3247
-3482
-3806
-3967
-4039
-4264
-4477
-4380
-4297
-4271
-4053
-3715
-3308
-2925
-2518
-1977
-1429
-879
-336
200
748
1231
1606
2124
2548
2783
3150
3698
4056
4278
4673
4980
5134
5243
5317
5336
5115
4889
4732
4477
4105
3723
3501
3245
2849
2597
2530
2215
1795
1508
1262
823
220
-315
-745
-1315
-1859
-2160
-2499
-2836
-3121
-3275
-3416
-3599
-3721
-3883
-4068
-4273
-4448
-4611
-4783
-4942
-5030
-4993
-4929
-4803
-4577
-4178
-3737
-3408
-3010
-2727
-2475
-2000
-1626
-1269
-764
-240
188
782
1435
1935
2519
3066
3506
3887
4359
4742
4949
5144
5363
5419
5470
5563
5480
5408
5408
5233
4985
4812
4600
4294
4008
3735
3320
2960
2507
2027
1454
778
125
-459
-1019
-1580
-2023
-2369
-2663
-2941
-3135
-3324
-3514
-3783
-4047
-4287
-4600
-4894
-5182
-5574
-5856
-6041
-6074
-6031
-5952
-5601
-5163
-4742
-4279
-3684
-3242
-2972
-2556
-2199
-1922
-1605
-1200
-821
-504
-20
544
1131
1741
2438
3087
3673
4145
4466
4820
5107
5163
5188
5275
5358
5313
5358
5561
5528
5426
5469
5458
5328
5196
4948
4520
3983
3471
2866
2018
1193
392
-409
-1017
-1538
-1988
-2273
-2410
-2556
-2499
-2415
-2523
-2718
-3038
-3350
-3829
-4396
-4901
-5531
-6094
-6363
-6595
-6714
-6598
-6292
-5724
-5221
-4559
-3742
-3016
-2436
-1968
-1475
-1113
-983
-851
-599
-491
-466
-132
313
777
1383
2124
2921
3592
4279
5001
5547
5791
5927
6014
6015
5892
5770
5639
5540
5330
5308
5402
5380
5225
5152
5069
4741
4341
3893
3239
2462
1598
749
-16
-815
-1466
-1967
-2333
-2576
-2757
-2845
-2880
-2931
-3003
-3098
-3340
-3742
-4198
-4680
-5173
-5691
-6229
-6626
-6760
-6816
-6661
-6340
-5917
-5305
-4585
-3821
-3084
-2291
-1642
-1071
-627
-359
-158
-35
26
57
174
315
603
1053
1565
2220
2881
3547
4209
4727
5171
5534
5747
5883
5815
5705
5596
5366
5054
4841
4656
4438
4207
3995
3786
3472
3124
2771
2298
1696
1146
642
2
-592
-1091
-1585
-2038
-2413
-2618
-2729
-2846
-3049
-3200
-3301
-3505
-3827
-4158
-4473
-4954
-5405
-5719
-5952
-6166
-6267
-6030
-5718
-5360
-4821
-4158
-3455
-2804
-2125
-1485
-922
-465
-119
207
419
561
666
857
1024
1229
1514
1862
2239
2726
3296
3771
4230
4735
5274
5564
5815
5942
5889
5835
5634
5247
4832
4360
3827
3397
3014
2607
2231
1999
1744
1469
1243
1084
763
451
218
-73
-466
-882
-1283
-1583
-1869
-2210
-2488
-2759
-3023
-3277
-3498
-3716
-3985
-4271
-4376
-4476
-4662
-4713
-4605
-4478
-4275
-4047
-3650
-3246
-2894
-2514
-2161
-1742
-1458
-1171
-835
-579
-265
34
265
503
782
1040
1355
1673
1982
2311
2662
2948
3287
3591
3809
4033
4206
4333
4321
4246
4118
3921
3590
3265
2937
2475
2035
1710
1372
975
741
521
323
143
66
32
-59
-152
-250
-310
-434
-663
-927
-1208
-1578
-1951
-2311
-2622
-2932
-3196
-3362
-3493
-3512
-3436
-3301
-3139
-2905
-2672
-2420
-2210
-2071
-1943
-1859
-1789
-1772
-1710
-1570
-1442
-1265
-992
-770
-581
-249
122
386
693
1001
1264
1619
1918
2127
2264
2401
2571
2680
2698
2732
2655
2496
2413
2288
2088
1921
1765
1559
1363
1182
1052
862
715
575
439
301
178
2
-78
-131
-223
-285
-354
-354
-417
-486
-512
-632
-750
-847
-975
-1140
-1206
-1349
-1457
-1438
-1444
-1434
-1308
-1123
-1020
-862
-675
-640
-530
-501
-507
-506
-462
-451
-517
-470
-473
-433
-370
-220
-70
80
310
573
753
915
1142
1226
1218
1254
1261
1229
1181
1049
946
853
742
633
480
383
352
234
162
144
16
-69
-83
-186
-212
-212
-187
-224
-280
-277
-256
-344
-407
-417
-498
-567
-535
-524
-489
-418
-389
-268
-223
-112
83
269
381
449
575
659
657
593
528
459
349
245
197
96
71
96
94
120
181
277
324
403
441
456
489
452
430
288
154
60
-38
-122
-231
-296
-425
-514
-568
-693
-820
-871
-935
-1049
-1075
-1035
-1109
-1229
-1195
-1209
-1210
-1120
-1083
-1070
-1035
-954
-932
-943
-908
-874
-912
-768
-600
-514
-323
-91
-4
121
370
591
783
948
1195
1304
1364
1540
1658
1644
1679
1668
1534
1461
1381
1279
1116
1053
1004
913
933
952
917
923
978
934
845
811
761
526
342
165
-86
-290
-461
-591
-731
-884
-883
-966
-1038
-978
-1083
-1143
-1177
-1224
-1372
-1470
-1552
-1716
-1798
-1777
-1688
-1595
-1556
-1402
-1226
-1133
-976
-878
-776
-680
-668
-620
-538
-502
-387
-219
-40
201
517
809
1163
1523
1778
2062
2314
2416
2414
2414
2321
2124
1914
1793
1628
1401
1232
1219
1157
1202
1272
1302
1356
1368
1262
1134
1038
785
588
322
13
-257
-475
-661
-841
-986
-1068
-1080
-1138
-1216
-1188
-1138
-1210
-1296
-1297
-1406
-1571
-1628
-1712
-1857
-1951
-1966
-1998
-1937
-1854
-1736
-1613
-1540
-1371
-1162
-960
-810
-697
-550
-441
-370
-297
-141
51
155
405
680
909
1191
1414
1651
1897
2024
2080
2152
2159
2114
2025
1878
1752
1537
1331
1259
1132
970
925
847
810
751
669
552
347
183
30
-119
-270
-397
-521
-687
-811
-941
-1041
-1060
-1155
-1265
-1291
-1297
-1364
-1425
-1434
-1420
-1478
-1510
-1472
-1458
-1507
-1508
-1532
-1531
-1473
-1394
-1281
-1137
-1022
-869
-657
-483
-334
-180
25
141
291
481
583
751
915
1060
1245
1425
1609
1790
1916
2012
2091
2131
2139
2033
1942
1789
1603
1458
1294
1139
1001
888
809
733
569
467
358
176
70
-35
-181
-325
-442
-528
-556
-674
-750
-752
-864
-916
-922
-911
-949
-939
-965
-1020
-1063
-1147
-1165
-1156
-1165
-1216
-1178
-1153
-1069
-948
-898
-791
-731
-586
-457
-330
-192
-80
-13
84
229
352
487
607
757
911
1034
1114
1234
1332
1415
1468
1525
1558
1603
1531
1501
1462
1385
1249
1122
1004
790
605
438
248
12
-172
-268
-351
-478
-495
-510
-540
-546
-603
-639
-689
-747
-831
-966
-1037
-1137
-1199
-1263
-1329
-1296
-1294
-1314
-1285
-1235
-1253
-1186
-1119
-1068
-1013
-923
-853
-813
-715
-655
-598
-514
-414
-306
-251
-118
44
161
325
519
661
823
1003
1102
1242
1316
1390
1466
1465
1491
1464
1432
1433
1365
1299
1226
1142
1028
897
769
685
513
333
199
108
-25
-111
-198
-263
-287
-373
-465
-554
-612
-668
-641
-649
-650
-741
-822
-810
-862
-901
-889
-878
-925
-942
-914
-892
-871
-783
-741
-652
-618
-522
-455
-420
-370
-348
-298
-280
-239
-178
-36
37
150
262
432
606
725
932
1011
1129
1245
1250
1257
1236
1216
1193
1142
1073
1002
928
848
782
740
668
563
513
424
336
203
125
16
-136
-177
-252
-277
-301
-331
-426
-434
-445
-475
-477
-526
-574
-585
-612
-661
-683
-684
-658
-678
-662
-595
-572
-517
-473
-413
-408
-415
-370
-320
-327
-317
-269
-239
-197
-189
-189
-140
-110
-55
71
202
331
415
549
621
669
734
780
768
748
733
680
611
525
472
382
297
190
144
132
105
54
66
67
67
12
-34
-34
-24
-75
-150
-191
-229
-225
-261
-294
-338
-416
-438
-498
-524
-528
-568
-600
-571
-564
-576
-487
-449
-380
-335
-316
-249
-246
-283
-232
-238
-309
-265
-272
-294
-258
-230
-195
-158
-83
49
161
266
386
513
606
645
672
692
669
584
556
506
403
313
288
224
162
90
29
10
-25
32
42
52
30
-7
-14
2
-58
-111
-61
-76
-72
-34
-65
-105
-48
-51
-4
-42
-23
17
-24
-89
-152
-123
-131
-121
-100
-28
-27
-31
45
76
66
80
109
133
114
87
68
58
-34
-79
-35
17
32
79
212
300
428
496
585
635
657
672
606
532
477
381
242
154
34
-48
-123
-230
-274
-290
-313
-283
-299
-294
-188
-138
-63
-59
-55
-44
-94
-144
-190
-228
-259
-275
-298
-264
-264
-265
-227
-219
-158
-154
-92
-59
-20
45
11
0
-25
-34
-111
-140
-127
-142
-141
-126
-142
-153
-123
-144
-101
-101
-68
-47
-29
2
23
91
97
154
178
211
231
236
297
266
224
167
87
26
-53
-119
-201
-298
-359
-447
-476
-482
-462
-397
-373
-292
-268
-203
-131
-124
-76
-68
-37
-71
-78
-63
-44
-67
-67
-44
-44
-48
20
88
148
239
279
298
327
387
388
394
424
368
304
250
175
146
63
65
58
17
76
91
130
138
144
157
167
203
159
159
161
134
130
88
63
55
-12
-88
-122
-124
-168
-252
-322
-360
-413
-410
-424
-421
-361
-349
-292
-245
-203
-160
-105
-40
-27
-16
52
78
75
94
131
140
148
197
192
232
301
311
369
445
481
532
540
598
629
609
598
611
515
451
363
271
209
78
64
17
7
19
24
55
75
87
67
66
21
6
-69
-107
-174
-253
-285
-394
-447
-504
-558
-592
-557
-569
-584
-543
-521
-507
-482
-437
-457
-446
-406
-389
-387
-362
-376
-354
-330
-290
-203
-149
-57
-26
31
67
129
196
263
294
371
410
439
453
424
428
425
436
445
478
486
463
408
379
327
274
192
119
78
23
-16
-12
-18
-55
-78
-111
-141
-165
-187
-204
-207
-240
-261
-298
-336
-410
-436
-460
-528
-585
-584
-579
-570
-558
-510
-467
-443
-423
-336
-251
-237
-174
-150
-114
-140
-112
-148
-169
-152
-148
-87
-33
55
140
224
312
397
478
573
655
682
689
717
700
733
730
650
675
657
638
617
567
538
537
452
390
398
398
339
284
317
281
215
228
210
165
124
91
32
-41
-131
-206
-253
-339
-411
-477
-528
-571
-576
-581
-578
-577
-527
-492
-424
-400
-380
-352
-379
-354
-350
-323
-353
-368
-384
-385
-360
-308
-234
-207
-171
-54
62
116
214
267
360
427
465
544
631
652
653
669
636
595
543
505
456
449
438
368
331
279
243
171
122
100
71
-6
-41
-37
-78
-128
-170
-189
-271
-322
-346
-390
-495
-571
-559
-597
-664
-672
-714
-686
-675
-677
-580
-543
-511
-457
-372
-292
-256
-201
-203
-221
-226
-224
-203
-214
-216
-162
-134
-132
-78
2
46
89
204
295
349
381
448
531
546
574
608
592
583
557
513
478
436
424
370
366
299
263
270
238
234
222
185
147
115
58
47
6
-34
-26
-61
-53
-81
-118
-155
-202
-265
-318
-341
-391
-334
-362
-371
-332
-323
-283
-263
-212
-158
-100
-73
-21
-29
-38
-82
-97
-94
-146
-111
-137
-137
-102
-62
-3
49
88
103
208
242
263
310
345
382
400
398
398
423
380
376
385
338
342
333
319
303
246
247
241
179
154
153
115
64
55
0
-21
-66
-103
-123
-147
-113
-136
-137
-176
-197
-216
-268
-284
-324
-348
-353
-343
-306
-265
-269
-246
-173
-149
-123
-116
-101
-61
-62
-49
-38
-58
-45
-62
-64
-61
-46
-40
-21
30
20
43
86
105
123
175
195
189
195
170
142
130
143
136
96
100
60
48
26
14
-1
-62
-71
-99
-130
-163
-194
-203
-242
-269
-246
-233
-213
-290
-275
-255
-260
-214
-226
-229
-276
-326
-325
-319
-303
-267
-287
-216
-170
-80
-10
-9
26
15
23
67
159
167
170
208
217
207
205
241
239
201
188
195
198
203
195
194
184
187
235
213
170
195
152
123
130
83
69
92
33
-7
17
5
-38
-3
9
-2
-25
-9
-5
-17
-12
11
14
13
17
4
7
-25
-9
-23
-35
-30
-12
17
9
-24
2
2
11
33
19
44
52
87
119
174
167
156
209
215
222
253
322
321
313
290
310
289
270
291
273
293
251
221
217
175
134
116
111
94
67
41
-8
-69
-106
-157
-224
-235
-302
-351
-403
-473
-452
-491
-492
-493
-457
-429
-398
-386
-368
-354
-345
-305
-334
-345
-334
-332
-332
-339
-346
-314
-283
-258
-190
-111
-87
-33
33
91
82
105
174
229
194
236
263
279
336
328
382
391
366
402
450
427
409
379
353
362
325
340
303
193
188
146
139
119
44
18
-27
-94
-149
-156
-242
-349
-379
-486
-532
-524
-540
-519
-529
-535
-509
-501
-460
-417
-423
-410
-401
-369
-345
-351
-325
-327
-280
-239
-217
-164
-124
-105
-97
-34
50
132
189
249
300
344
409
465
481
499
531
520
537
548
579
616
652
617
626
639
613
619
616
612
564
540
499
441
408
383
323
267
241
215
135
75
67
-43
-133
-207
-289
-350
-418
-444
-489
-539
-570
-548
-508
-502
-453
-419
-404
-409
-389
-357
-358
-337
-335
-316
-333
-311
-289
-301
-235
-222
-160
-128
-80
-9
37
68
148
198
206
267
273
333
382
394
400
396
403
398
407
472
439
459
473
473
467
426
421
378
330
266
242
238
201
131
78
63
-41
-102
-179
-232
-288
-348
-385
-439
-480
-556
-569
-602
-617
-628
-611
-609
-606
-573
-577
-568
-547
-513
-500
-508
-491
-452
-477
-461
-399
-387
-317
-270
-224
-151
-121
-38
26
47
99
144
203
277
269
323
362
325
369
405
411
406
455
510
525
513
522
535
490
484
467
445
438
392
382
335
289
244
220
168
105
57
17
0
-81
-112
-166
-212
-275
-242
-256
-272
-233
-247
-289
-337
-338
-323
-309
-275
-273
-328
-350
-326
-292
-260
-159
-79
-133
-179
-176
-177
-89
-51
2
86
151
176
183
236
286
381
446
504
463
418
362
322
358
334
357
421
488
472
440
465
456
454
438
388
308
248
175
94
-1
1
-26
-43
-76
-161
-169
-160
-188
-219
-220
-261
-305
-355
-355
-321
-300
-321
-306
-309
-340
-348
-297
-284
-308
-291
-309
-326
-354
-366
-323
-280
-255
-210
-160
-112
-59
-7
47
100
128
119
155
143
135
174
180
177
230
232
222
259
231
313
327
293
286
249
257
201
163
84
45
21
-28
-79
-107
-95
-118
-169
-202
-216
-234
-243
-246
-288
-305
-321
-348
-320
-314
-316
-291
-250
-270
-250
-213
-181
-192
-206
-180
-132
-154
-136
-114
-152
-143
-128
-103
-117
-71
-61
-53
-22
20
85
114
162
201
225
224
279
319
309
298
321
298
314
319
300
339
320
328
315
295
296
260
270
224
201
164
124
121
45
-18
-101
-134
-157
-205
-200
-168
-155
-173
-131
-163
-185
-193
-210
-183
-158
-140
-78
-50
-70
-8
-23
-24
-5
22
26
-6
22
2
47
74
85
75
119
132
150
172
206
258
290
306
328
355
356
370
381
383
382
384
369
357
354
358
312
271
279
220
227
191
108
99
84
29
-11
-61
-143
-220
-266
-341
-379
-398
-435
-450
-490
-504
-543
-552
-567
-562
-533
-475
-455
-380
-368
-381
-346
-361
-329
-316
-299
-252
-235
-233
-198
-184
-151
-144
-115
-96
-67
7
43
10
54
114
130
200
190
242
265
277
327
333
354
357
341
334
346
313
319
336
357
333
324
313
298
262
221
173
75
46
-37
-58
-107
-185
-227
-280
-327
-369
-395
-422
-446
-463
-467
-488
-469
-491
-471
-449
-424
-379
-333
-311
-299
-299
-283
-281
-251
-223
-175
-148
-169
-111
-57
-26
-4
50
85
127
195
267
277
316
347
364
393
402
453
495
508
551
581
593
596
606
614
620
612
588
593
581
581
539
510
473
429
375
312
261
202
146
52
15
-76
-178
-206
-229
-267
-325
-334
-356
-343
-349
-375
-368
-374
-365
-336
-342
-314
-311
-318
-300
-269
-250
-239
-230
-211
-162
-142
-111
-122
-120
-80
-56
-23
-19
41
61
47
61
88
123
128
117
108
126
140
170
213
216
239
246
250
232
245
262
255
253
258
221
201
190
144
127
80
5
-22
-47
-97
-143
-188
-207
-212
-295
-341
-340
-376
-395
-389
-411
-433
-419
-422
-385
-403
-413
-388
-384
-346
-371
-357
-360
-326
-300
-280
-226
-206
-205
-145
-93
-92
-69
-59
-32
-63
-66
-50
-19
7
31
84
103
130
170
207
242
250
258
307
297
276
290
300
308
320
339
341
344
332
288
273
280
264
209
182
152
97
89
57
14
27
-19
-35
-40
-49
-73
-45
-48
-69
-53
-53
-45
-86
-43
-57
-60
-18
-14
-24
-38
-41
-34
-18
1
8
19
55
82
145
120
153
194
141
159
190
160
179
151
128
175
181
228
250
204
205
230
204
211
213
179
183
199
211
196
178
113
110
87
26
-10
-16
-52
-107
-130
-151
-184
-233
-218
-218
-197
-227
-237
-235
-203
-186
-218
-208
-212
-181
-198
-221
-228
-211
-176
-181
-155
-157
-135
-113
-132
-126
-129
-98
-70
-102
-124
-71
-66
-68
-64
-33
-12
-39
-26
-51
-66
-44
-41
-64
-42
-42
7
-1
-22
2
-26
-25
0
15
-9
29
21
19
-10
-59
-47
-47
-67
-114
-95
-123
-168
-196
-216
-250
-256
-235
-232
-196
-193
-185
-157
-156
-96
-38
-13
6
34
24
51
56
69
80
82
100
130
168
181
197
200
181
222
246
254
258
235
277
271
254
242
246
231
222
220
203
220
186
169
172
169
160
181
175
182
148
140
161
131
120
83
70
82
58
47
45
-3
-47
-87
-107
-103
-116
-124
-131
-144
-118
-150
-147
-113
-170
-166
-147
-101
-59
-54
-44
-49
-40
-51
-5
-28
-16
37
6
26
37
40
63
71
63
108
104
116
120
123
121
108
101
88
129
134
117
100
81
85
75
53
16
6
-9
-23
-45
-12
21
-10
-32
-61
-85
-140
-146
-123
-141
-130
-135
-152
-220
-239
-264
-323
-295
-287
-288
-298
-305
-310
-315
-318
-316
-254
-248
-208
-169
-142
-118
-85
-52
-47
1
5
-3
7
44
73
101
130
164
189
210
223
248
251
263
244
222
234
240
236
231
229
213
207
153
141
70
25
26
-4
0
-17
-7
-28
-57
-89
-68
-85
-138
-155
-170
-230
-212
-237
-224
-246
-266
-260
-265
-260
-266
-236
-240
-209
-190
-197
-219
-191
-182
-128
-80
-48
-1
41
77
107
105
123
171
180
194
232
233
256
295
285
306
341
360
417
399
411
408
421
407
385
393
346
314
291
267
257
252
230
175
145
109
107
98
45
27
3
-18
-42
-88
-110
-124
-179
-182
-241
-241
-234
-254
-255
-292
-317
-326
-309
-335
-308
-289
-295
-302
-299
-294
-312
-274
-225
-200
-158
-139
-98
-83
-47
-1
52
103
120
128
176
181
183
235
259
283
260
302
290
297
307
299
308
275
256
277
281
291
241
199
199
130
101
72
19
24
-34
-94
-94
-135
-169
-190
-218
-259
-247
-247
-233
-273
-304
-292
-339
-347
-363
-380
-393
-402
-424
-407
-365
-367
-352
-385
-367
-303
-281
-248
-219
-227
-220
-199
-181
-107
-95
-82
-26
-14
5
51
108
135
169
210
244
258
262
263
275
293
306
299
325
293
307
315
333
303
275
237
243
228
180
159
107
103
42
24
6
-22
-29
-49
-33
-30
-43
-40
-60
-58
-67
-82
-88
-74
-78
-94
-97
-98
-108
-101
-94
-106
-152
-146
-129
-103
-86
-74
6
-13
-4
24
5
20
66
70
64
89
104
107
159
176
188
234
243
232
255
261
287
288
264
303
342
333
325
330
308
288
272
299
247
213
194
179
131
111
68
22
24
-14
-33
-58
-73
-91
-117
-162
-146
-197
-201
-181
-199
-220
-223
-242
-273
-270
-282
-291
-288
-334
-322
-318
-328
-290
-297
-237
-250
-238
-192
-167
-172
-132
-136
-157
-158
-157
-118
-95
-37
-1
-10
28
62
58
71
90
91
93
81
100
115
95
110
97
107
81
85
72
65
72
52
38
0
-27
-70
-85
-92
-62
-98
-122
-128
-125
-132
-146
-132
-124
-158
-143
-140
-144
-121
-123
-103
-135
-133
-107
-127
-141
-124
-112
-127
-113
-84
-81
-31
14
-8
14
57
62
67
78
93
113
106
109
132
142
159
193
193
198
209
211
224
208
233
266
303
300
298
328
300
286
291
276
278
250
208
184
165
138
128
99
83
72
-3
7
30
4
27
8
-22
-37
-47
-60
-63
-53
-88
-111
-120
-133
-166
-168
-128
-141
-120
-117
-109
-128
-138
-146
-135
-107
-114
-106
-76
-34
-56
-6
-1
-8
36
40
30
50
31
27
73
80
84
88
86
121
122
136
148
149
118
113
77
69
79
37
71
45
6
9
20
-5
-13
-28
-24
-66
-76
-62
-92
-119
-154
-158
-133
-126
-139
-120
-147
-141
-158
-157
-141
-163
-198
-156
-172
-200
-157
-145
-126
-148
-144
-124
-149
-142
-102
-104
-76
-47
-28
-40
-50
-65
-55
-63
-40
-5
-16
18
38
30
41
52
26
40
42
35
37
69
54
43
44
39
25
24
26
29
39
26
14
8
-17
-44
-3
-43
-58
-21
-44
-38
-31
-13
-22
-24
-8
-17
16
33
9
22
60
42
47
44
39
52
75
107
119
142
131
122
143
123
129
164
165
185
146
157
190
163
159
174
168
150
193
187
150
168
133
105
99
95
100
77
69
60
65
66
48
26
22
-9
-29
-49
-69
-103
-109
-113
-110
-97
-120
-128
-120
-129
-128
-124
-101
-122
-119
-92
-135
-132
-136
-125
-124
-121
-110
-77
-45
-37
-25
-36
-1
0
6
43
44
30
54
77
64
76
101
113
125
124
119
129
102
79
102
93
98
105
90
77
78
52
42
40
35
23
-14
-30
-30
-40
-57
-110
-117
-138
-173
-169
-160
-172
-186
-206
-228
-223
-241
-244
-259
-269
-267
-282
-267
-246
-240
-205
-185
-181
-145
-139
-103
-93
-68
-62
-29
-13
-41
-41
-16
8
31
67
88
127
160
183
170
191
186
203
231
240
218
214
214
227
215
199
165
171
136
120
142
120
108
116
79
26
51
0
6
-3
-35
-31
-30
-50
-60
-72
-78
-85
-123
-125
-100
-115
-151
-152
-156
-142
-145
-139
-121
-91
-89
-102
-63
-54
-55
-41
-35
-12
16
21
29
45
82
89
82
106
151
172
174
179
178
192
201
216
247
235
253
244
212
220
223
196
186
168
171
160
150
135
135
104
77
78
56
70
51
45
30
-8
-9
-10
-36
-46
-86
-102
-108
-130
-120
-131
-123
-139
-161
-161
-188
-189
-200
-193
-199
-210
-210
-202
-214
-198
-206
-209
-187
-162
-155
-153
-146
-154
-125
-127
-105
-65
-48
-12
15
33
50
54
53
80
90
100
101
98
103
98
109
115
125
105
112
123
137
131
82
83
79
42
18
25
-2
-12
-52
-75
-66
-97
-107
-109
-143
-124
-181
-178
-160
-213
-193
-187
-193
-180
-194
-161
-175
-202
-194
-195
-180
-189
-163
-132
-122
-98
-78
-68
-46
-46
-8
22
55
78
56
97
97
77
149
165
162
167
168
185
185
206
200
206
225
242
242
271
268
250
243
216
240
235
202
163
160
118
107
90
67
81
48
28
37
37
15
7
-29
-34
-42
-49
-58
-61
-68
-50
-67
-85
-96
-62
-81
-90
-109
-124
-94
-106
-90
-67
-32
-36
-13
-15
-1
36
27
20
30
44
42
41
26
58
83
86
132
140
164
116
135
134
121
122
127
121
137
126
119
132
85
72
58
74
53
32
68
57
21
23
-22
-20
-34
-61
-83
-112
-145
-160
-154
-133
-165
-195
-190
-216
-212
-217
-226
-224
-240
-232
-203
-211
-195
-222
-227
-214
-194
-182
-183
-130
-139
-125
-118
-142
-93
-67
-80
-72
-48
-50
-39
-53
-24
-9
-26
-21
9
45
46
44
71
82
82
89
72
86
71
89
113
112
94
92
79
58
63
50
63
55
35
22
42
47
42
41
19
2
-48
-69
-71
-77
-56
-81
-90
-51
-61
-51
-46
-50
-16
-31
-24
15
10
3
12
-17
-27
-25
-15
-10
4
30
47
78
103
99
81
71
76
76
101
137
120
130
105
119
119
110
140
142
145
140
151
162
157
169
184
179
160
145
149
147
129
118
113
119
138
121
115
118
88
79
83
79
58
24
-2
-3
-9
-1
-8
-11
-22
-12
0
2
9
-32
-45
-63
-68
-53
-59
-63
-67
-73
-81
-103
-80
-86
-85
-95
-89
-93
-77
-76
-91
-69
-79
-84
-65
-103
-82
-88
-66
-76
-63
-63
-72
-63
-80
-44
-56
-68
-72
-45
-56
-64
-76
-60
-59
-77
-83
-90
-101
-135
-97
-107
-100
-93
-83
-116
-107
-108
-128
-103
-110
-127
-139
-108
-127
-120
-107
-100
-122
-119
-131
-112
-69
-78
-55
-46
-25
-20
-15
-1
12
-6
-11
0
-5
-12
16
12
57
52
57
86
85
97
63
75
69
73
53
66
66
47
79
59
76
89
80
59
36
61
53
54
102
87
71
61
33
52
61
82
98
101
101
79
81
101
77
73
48
57
76
91
106
92
118
110
114
107
93
108
105
102
107
94
91
97
84
96
128
94
108
105
85
76
77
74
67
91
72
69
59
23
18
40
18
16
28
13
-4
-10
-25
-43
-45
-43
-43
-29
-50
-49
-29
-25
-23
-46
-41
-55
-64
-71
-84
-85
-52
-39
-60
-50
-67
-60
-65
-68
-71
-75
-86
-102
-89
-95
-94
-111
-99
-86
-71
-100
-102
-78
-77
-63
-87
-106
-107
-96
-96
-63
-53
-65
-59
-42
-41
-31
-43
-45
-61
-48
-53
-77
-73
-100
-79
-81
-59
-45
-29
-39
-49
-54
-58
-42
-36
-39
-43
-73
-59
-50
-39
-54
-60
-37
-54
-55
-66
-54
-64
-37
-61
-40
-27
-17
-22
-18
-2
-5
2
12
33
10
14
18
14
16
14
45
81
95
92
98
102
115
107
122
120
133
130
126
152
144
160
153
133
114
109
106
100
95
61
62
50
56
82
69
77
76
71
40
48
47
37
48
47
74
64
37
54
33
23
41
51
46
47
40
27
45
44
44
36
44
52
53
55
56
46
50
52
21
21
28
5
11
43
48
52
64
55
32
34
27
21
14
5
-4
-12
-13
7
8
-15
-23
-42
-57
-72
-71
-70
-79
-86
-76
-64
-84
-111
-123
-143
-138
-122
-110
-140
-122
-114
-137
-118
-115
-94
-94
-101
-95
-87
-76
-89
-96
-116
-113
-106
-97
-84
-83
-77
-80
-71
-56
-65
-40
-53
-49
-49
-33
-16
-26
-11
-7
-3
10
21
0
14
10
-5
0
9
-11
-17
3
9
24
29
14
15
13
19
-2
3
-10
-18
-30
-28
-14
-9
-13
-35
-23
-36
-22
-26
-36
-5
-5
5
10
19
38
30
39
39
27
49
40
43
41
29
46
33
60
65
55
59
74
87
78
75
72
65
66
72
70
92
108
101
100
93
89
75
83
93
106
117
116
113
108
108
105
103
93
83
87
101
105
99
88
93
68
56
42
37
22
34
22
-2
-6
-26
-33
-25
-34
-33
-13
-43
-29
-48
-58
-49
-60
-52
-54
-67
-99
-79
-88
-72
-68
-73
-62
-56
-58
-45
-29
-46
-35
-45
-41
-36
-29
-2
-4
-10
-6
2
6
-19
-4
2
-10
7
4
-26
-27
-25
-14
-14
-19
-10
-21
-46
-35
-33
-23
-44
-51
-46
-78
-61
-55
-58
-55
-73
-80
-76
-92
-86
-88
-85
-91
-81
-81
-89
-90
-88
-72
-75
-63
-50
-45
-32
-41
-37
-21
-22
-16
-12
-7
-4
-17
-1
3
10
14
20
27
10
16
17
20
8
7
-4
15
14
6
22
14
7
6
7
-9
12
17
5
14
18
8
20
29
22
29
30
38
31
54
36
52
46
56
76
63
75
57
39
40
67
67
62
81
73
67
62
62
76
66
86
102
91
92
78
90
75
76
66
53
52
54
50
41
57
55
67
88
71
77
65
65
65
48
58
57
52
49
53
40
35
31
17
28
31
0
-14
-20
-25
-19
-22
-35
-34
-35
-37
-47
-50
-57
-81
-80
-80
-85
-71
-79
-80
-83
-85
-101
-108
-94
-99
-95
-87
-103
-88
-78
-84
-67
-67
-69
-65
-67
-64
-55
-71
-58
-61
-66
-50
-53
-40
-35
-25
-12
-28
-24
-9
-7
-14
2
17
1
1
-4
-17
-11
-14
-2
7
-13
2
5
12
13
9
3
6
-3
0
20
10
-13
-9
-14
-13
-13
-21
-5
-8
8
1
-7
-8
-13
-24
-28
-34
-33
-34
-27
-21
-9
-5
-11
-12
-6
1
-3
-10
-9
-4
-5
4
5
18
21
15
1
-1
7
9
16
22
47
64
59
75
76
70
57
55
64
49
52
43
41
53
64
56
64
60
64
65
75
85
77
51
45
49
47
45
51
73
57
66
59
39
42
43
33
42
34
30
46
41
32
35
33
25
12
3
10
3
6
14
18
13
15
1
-12
-4
-12
-8
-11
1
-10
-26
-21
-23
-23
-21
-26
-42
-30
-33
-29
-25
-40
-55
-44
-57
-56
-51
-46
-33
-38
-23
-41
-29
-40
-36
-21
-24
-31
-35
-45
-47
-41
-20
-33
-41
-44
-49
-49
-47
-42
-51
-48
-45
-45
-56
-41
-37
-28
-29
-33
-37
-41
-40
-44
-44
-52
-34
-33
-32
-23
-37
-35
-24
-23
-25
-11
-8
1
-1
7
11
7
3
-1
-2
-14
-2
2
-2
-13
-6
-9
-14
8
3
1
-1
-12
8
8
-6
7
3
-9
8
-2
12
10
9
7
4
-2
1
5
11
17
7
11
13
19
26
26
36
31
29
28
25
35
48
56
40
41
42
40
57
56
52
62
56
55
62
64
73
80
70
64
69
67
58
67
74
64
55
57
52
54
47
46
54
36
35
19
18
16
12
26
15
26
22
23
21
14
-3
-11
-5
-12
-18
-29
-34
-32
-36
-40
-32
-44
-44
-31
-21
-27
-23
-8
-21
-30
-35
-41
-46
-41
-27
-25
-11
-10
-17
-26
-13
-19
-22
-20
-23
-23
-36
-28
-16
-15
-23
-27
-28
-29
-48
-37
-31
-43
-50
-45
-45
-37
-41
-34
-26
-38
-37
-46
-42
-57
-57
-43
-58
-44
-37
-33
-18
-20
-22
-24
-27
-38
-25
-22
-23
-22
-21
-19
-13
-21
-24
-16
-21
-27
-21
-6
-11
-19
-14
-4
-2
-4
17
13
6
8
7
5
11
24
17
26
22
30
34
21
35
37
36
41
41
42
48
62
48
51
50
47
54
52
49
40
36
37
33
35
33
26
34
37
32
28
22
12
6
12
10
9
9
14
7
1
4
-8
-20
-19
-2
-12
-8
-5
-6
8
10
5
7
3
-2
9
12
16
9
13
19
11
11
14
16
6
16
17
5
30
34
30
33
18
15
18
4
4
10
4
-2
0
4
3
-17
-7
1
-13
-13
-21
-25
-20
-23
-20
-11
-15
-13
-4
-14
-16
-9
-10
-9
-1
-10
-24
-23
-18
-13
1
-1
-16
-16
-12
-17
-16
-9
2
9
2
2
1
-16
-17
-12
-10
-14
-4
-3
-3
5
6
4
0
12
1
-1
-9
-22
-18
-32
-27
-28
-26
-11
-7
-7
-6
-9
-17
-22
-32
-32
-32
-33
-28
-25
-13
-13
-16
-12
-11
-5
-9
-17
-24
-27
-17
-22
-26
-15
-7
-8
-1
-4
-9
-9
-15
-12
-2
-18
-21
-19
-14
-18
-20
-11
-1
4
7
14
12
10
3
-1
4
6
12
13
11
10
1
2
3
6
4
13
9
4
6
15
17
17
22
29
31
30
20
26
28
19
18
22
25
21
20
21
16
15
11
-4
11
14
4
10
18
17
21
13
13
18
26
30
24
30
24
25
21
28
33
33
38
31
33
31
37
30
20
26
20
38
37
30
33
39
37
31
25
14
20
8
12
10
1
-3
-7
0
-4
-2
0
-5
-18
-21
-12
-13
-7
-2
-6
-6
-12
-15
-25
-22
-19
-22
-20
-20
-22
-22
-23
-13
-22
-27
-29
-34
-32
-29
-35
-35
-31
-39
-44
-42
-33
-44
-45
-45
-45
-47
-51
-51
-50
-36
-35
-33
-36
-43
-40
-33
-36
-44
-28
-27
-27
-23
-26
-21
-26
-23
-15
-12
-9
6
0
-2
7
7
15
16
17
15
14
16
17
21
26
19
13
16
19
15
10
13
17
21
6
2
1
-2
-6
3
2
-2
5
0
4
3
-2
9
8
15
20
16
13
10
15
9
-4
-4
1
2
12
15
22
32
24
19
16
9
12
9
9
18
10
20
22
25
26
28
30
26
21
20
13
18
19
25
30
27
34
30
32
34
38
31
21
16
24
18
20
27
24
28
14
17
17
8
8
12
6
7
11
6
14
19
21
10
4
-4
-5
-1
-6
-4
-11
-13
-3
-5
-10
-2
-6
-7
2
-10
-17
-16
-31
-28
-26
-30
-27
-38
-28
-19
-23
-23
-26
-23
-21
-36
-29
-32
-27
-31
-35
-26
-26
-17
-17
-27
-30
-23
-23
-25
-14
-18
-18
-19
-16
-21
-22
-28
-27
-17
-25
-13
-13
-16
-9
-1
-2
0
-3
-3
-4
-4
-2
-3
0
-3
-5
-7
-1
-5
1
1
4
12
1
4
-2
-1
-6
-11
-10
-12
-15
-12
-15
-18
-4
-12
-8
-2
-4
4
7
2
3
8
-2
9
13
9
11
8
9
12
4
11
13
6
16
8
13
30
28
33
35
30
28
31
22
24
18
20
26
22
29
28
25
24
28
33
31
28
27
27
30
21
23
17
22
18
20
18
14
22
22
20
19
12
12
11
3
7
2
3
10
5
-1
4
-4
-11
0
-1
-1
4
-9
0
3
2
9
1
-3
-7
-16
-16
-20
-18
-24
-19
-16
-14
-23
-20
-18
-26
-16
-18
-17
-15
-12
-18
-13
-12
-23
-14
-12
-22
-19
-25
-20
-15
-21
-15
-11
-17
-7
-3
-1
0
-10
-16
-14
-19
-20
-15
-13
-7
-15
-4
-4
-9
-9
-7
-4
-8
-9
-13
-12
-9
-9
-6
-1
-5
-8
0
0
-4
-9
-8
-19
-17
-25
-25
-18
-19
-17
-16
-10
-18
-23
-25
-13
-21
-24
-16
-14
-17
-15
-4
-1
-1
4
13
10
8
10
12
7
4
13
17
14
11
16
17
25
27
19
24
26
19
27
24
32
29
27
28
28
29
23
27
24
23
20
17
13
8
18
21
24
28
29
34
31
30
20
21
18
12
10
5
6
7
10
11
6
4
9
5
4
5
6
4
3
4
-3
-2
-3
-9
-2
-2
-3
1
7
10
8
9
5
6
5
-10
1
-5
-5
-3
0
12
14
5
7
11
9
7
-2
-1
-2
-4
-5
-2
0
1
-2
-5
-12
-12
-14
-19
-19
-23
-23
-23
-24
-27
-27
-29
-34
-31
-21
-31
-27
-23
-26
-20
-19
-19
-11
-18
-26
-20
-17
-11
-11
-17
-20
-17
-21
-11
-8
-10
-5
-9
-6
-12
-8
-7
-11
-6
-2
-6
-9
-12
-11
-10
-5
-11
-12
-9
-13
-12
-13
-6
-5
-4
-6
-3
-6
-8
-4
-8
-12
-14
-24
-17
-8
-10
1
-2
-2
-4
-2
-5
3
6
0
1
4
3
-2
-2
4
11
7
15
11
13
17
23
18
13
16
18
18
17
21
23
28
31
27
33
31
34
32
29
28
21
23
29
30
34
38
32
34
30
36
39
35
36
31
25
25
25
24
27
19
18
13
10
15
18
13
16
17
13
7
0
5
1
-8
-5
2
-6
-12
-12
-11
-7
-13
-12
-17
-16
-8
-6
-3
-3
-5
-6
-11
-14
-11
-13
-11
-12
-14
-13
-21
-14
-9
-10
-6
-4
-6
-13
-16
-24
-17
-12
-17
-10
-9
-18
-15
-10
-5
1
2
-3
-8
-9
-12
-19
-18
-14
-15
-11
-18
-21
-14
-20
-18
-19
-25
-23
-25
-28
-28
-24
-21
-23
-30
-28
-20
-29
-28
-29
-34
-33
-27
-31
-32
-21
-21
-16
-18
-18
-10
-5
0
-3
-4
-1
-2
-5
-7
-5
-5
1
-5
4
3
5
11
7
11
7
7
10
7
10
13
15
18
17
17
13
15
17
15
15
16
15
20
21
21
21
16
19
16
18
23
25
20
15
7
15
13
15
20
14
22
32
27
23
27
28
23
20
20
21
26
24
27
33
25
24
17
14
16
13
18
18
17
20
14
7
13
7
6
1
0
-1
-3
1
3
-1
3
2
-1
2
1
-3
-2
-8
-13
-5
4
9
5
12
8
-2
3
2
-7
-11
-20
-16
-14
-9
-6
-3
-4
-3
-1
2
3
-1
0
-3
-6
-13
-13
-17
-17
-14
-17
-21
-24
-21
-17
-14
-15
-9
-13
-17
-16
-15
-19
-21
-20
-20
-24
-25
-18
-15
-14
-11
-11
-9
-9
-7
-6
-5
-8
-10
-12
-16
-13
-14
-14
-10
-16
-10
-9
-13
-14
-12
-7
-8
-12
-10
-13
-16
-12
-17
-16
-13
-12
-13
-13
-13
-13
-10
-8
-17
-11
-8
-5
-9
-14
-8
-9
-14
-14
-10
-12
-9
-10
-10
-1
4
2
5
3
8
5
8
11
10
17
18
22
30
31
21
23
30
24
27
24
25
30
28
31
34
26
36
35
24
26
24
19
16
22
19
20
23
13
21
21
25
29
28
24
16
19
18
20
19
15
12
16
14
16
19
18
20
16
20
17
14
13
8
7
4
6
3
7
8
16
19
14
10
13
4
-2
-4
-4
-3
-8
-10
-6
-4
-2
-3
-9
-8
-9
-10
-10
-18
-25
-24
-20
-16
-23
-21
-21
-27
-32
-28
-25
-28
-29
-26
-24
-30
-29
-30
-31
-28
-29
-29
-29
-30
-20
-19
-18
-18
-24
-23
-17
-23
-18
-17
-18
-13
-14
-6
-5
-7
-7
-5
-13
-13
-16
-22
-15
-9
-9
-4
6
4
-2
0
-4
-6
-7
-14
-13
-15
-8
-12
-10
-4
-9
0
0
-4
-1
-3
-1
-5
-10
-10
-8
-7
-2
2
-1
6
7
5
0
4
1
-3
-5
-1
-1
-5
3
10
13
15
18
17
9
13
14
14
14
14
4
3
15
10
24
30
30
33
28
25
26
26
28
31
32
36
37
41
41
44
52
46
43
40
39
35
27
22
23
26
26
21
25
25
24
22
20
19
16
20
13
8
1
3
-2
-4
-1
-10
-9
-14
-14
-13
-2
-3
-3
-7
-9
-5
-11
-14
-19
-20
-17
-19
-24
-18
-18
-20
-19
-19
-15
-12
-9
-11
-14
-16
-14
-12
-15
-12
-7
-12
-11
-8
-9
-11
-11
-15
-17
-21
-18
-14
-18
-19
-14
-8
-9
-10
-10
-9
-15
-22
-25
-20
-18
-20
-26
-20
-18
-11
-10
-6
-4
-14
-12
-18
-19
-15
-12
-14
-17
-10
-17
-13
-5
-9
-7
-6
-11
-9
-21
-24
-19
-18
-16
-13
-19
-14
-13
-19
-12
-11
-9
-9
-9
-16
-16
-15
-10
-4
-4
-4
0
-4
-6
0
-1
-1
2
4
8
3
-1
6
9
10
9
9
6
14
10
16
18
16
16
13
10
7
8
13
21
20
24
26
25
27
29
25
31
28
29
31
32
38
38
36
36
39
35
40
36
33
42
34
35
35
30
34
37
33
36
38
34
32
28
29
31
36
37
30
26
22
17
13
18
15
14
10
3
14
12
7
8
4
0
-6
-8
-9
-15
-19
-19
-19
-24
-24
-26
-28
-26
-26
-30
-35
-41
-44
-43
-37
-30
-28
-36
-31
-32
-34
-28
-28
-29
-39
-37
-39
-44
-36
-33
-31
-29
-27
-32
-23
-25
-23
-19
-12
-12
-13
-14
-14
-15
-20
-16
-20
-13
-12
-17
-15
-12
-15
-11
-11
-10
-7
-16
-13
-14
-16
-12
-18
-20
-15
-16
-16
-15
-9
-7
-12
-6
-6
-12
-4
-9
-5
-3
-6
-2
-4
-3
1
5
7
8
12
9
7
7
5
6
8
13
5
13
16
13
17
23
21
19
12
7
16
14
21
22
19
19
24
26
30
33
36
39
32
31
29
30
26
27
28
24
28
24
30
37
32
38
36
33
28
23
20
18
22
19
18
15
22
17
19
19
12
11
13
16
14
8
3
0
1
4
-2
-2
1
8
9
7
6
-1
2
-6
-11
-7
-6
-4
-10
-12
-2
-4
-7
-8
-6
-9
-13
-11
-13
-12
-16
-17
-20
-18
-11
-13
-13
-9
-9
-14
-8
-12
-18
-19
-19
-23
-27
-28
-34
-35
-27
-30
-31
-19
-17
-19
-20
-16
-24
-28
-27
-31
-31
-35
-34
-26
-26
-21
-12
-14
-15
-17
-14
-12
-14
-17
-12
-14
-12
-1
-2
-2
-2
-2
2
-3
5
7
7
0
-1
1
1
-1
-2
4
3
8
5
15
13
10
7
-2
-1
1
-2
-2
4
4
7
6
6
5
13
15
10
14
10
7
4
2
2
7
4
14
16
11
6
13
16
12
6
0
7
11
7
11
17
11
19
13
19
18
13
11
8
12
6
11
10
9
9
12
14
12
14
12
12
15
10
7
2
7
10
8
19
19
13
10
9
0
5
8
7
11
8
11
12
15
16
19
11
11
2
3
2
4
3
2
6
-2
4
5
9
8
8
5
-3
-3
-1
-1
0
2
1
-8
-6
-7
-10
-12
-8
-8
-9
-12
-13
-15
-15
-15
-12
-8
-9
-13
-11
-12
-13
-10
-15
-14
-12
-15
-11
-9
-6
-2
-2
-4
-9
-11
-9
-10
-7
-9
-14
-9
-12
-18
-13
-14
-12
-13
-11
-6
-14
-14
-15
-19
-18
-24
-30
-29
-26
-22
-18
-16
-16
-6
-11
-9
-6
-11
-12
-13
-11
-16
-15
-13
-8
-7
-8
1
2
-1
-3
-1
-5
-10
-8
-7
-3
3
4
5
16
12
13
11
11
13
11
11
14
9
11
15
12
12
16
13
16
18
13
19
20
17
19
16
15
14
11
8
15
16
15
13
12
6
7
11
8
11
4
6
1
-1
3
6
9
17
15
14
17
11
12
11
11
6
5
4
10
17
22
27
32
31
27
29
21
16
22
15
16
12
10
10
10
9
10
10
10
9
5
3
-1
0
-5
-12
-5
-8
-7
-6
-5
-6
-14
-16
-17
-12
-17
-21
-17
-20
-20
-21
-18
-16
-19
-19
-14
-13
-17
-17
-20
-18
-17
-12
-13
-16
-9
-7
-5
-4
-7
-8
-9
-9
-11
-7
-7
-6
-3
-4
-3
-4
0
-1
-1
-3
-10
-12
-11
-14
-12
-14
-16
-13
-16
-13
-11
-16
-14
-17
-13
-16
-14
-11
-13
-13
-13
-14
-19
-14
-16
-10
-5
-12
-5
-3
-6
-2
-4
-8
-6
-9
-10
-8
-1
7
6
3
5
2
4
5
5
6
4
3
5
7
10
9
9
5
7
7
7
13
10
12
18
19
18
15
16
13
19
17
14
13
9
17
16
23
27
21
25
24
20
20
20
20
22
19
16
17
14
14
22
20
22
22
22
18
12
10
7
13
13
16
12
7
9
11
10
12
11
7
4
7
3
-2
-4
-4
-3
-3
2
4
4
0
-1
1
-2
-3
-9
-15
-11
-9
-10
-6
-9
-9
-9
-11
-7
-7
-7
-6
-10
-9
-14
-15
-13
-19
-14
-15
-17
-14
-13
-15
-11
-7
-12
-17
-20
-19
-17
-19
-16
-13
-21
-12
-12
-11
-5
-4
-3
-7
-14
-11
-9
-13
-10
-14
-14
-12
-14
-15
-6
-9
-6
-5
-5
-7
-19
-19
-20
-20
-21
-14
-12
-14
-10
-4
-2
-4
-5
-9
-12
-15
-16
-11
-6
-13
-3
5
2
7
8
5
4
0
-1
1
-1
-1
-2
8
8
7
12
6
9
13
6
5
3
-3
5
6
4
10
7
3
6
7
8
12
11
15
16
13
17
19
21
21
24
22
16
14
13
12
10
14
22
22
24
23
24
23
28
25
28
31
21
17
16
19
19
16
10
13
14
14
13
14
15
12
10
15
5
6
8
5
9
8
4
4
4
-4
0
2
-1
-2
-2
-8
-4
-3
-2
-5
-1
-4
-5
-6
-7
-7
-8
-3
-14
-10
-13
-7
-3
-13
-13
-13
-15
-14
-8
-7
-9
-10
-12
-12
-18
-16
-13
-15
-18
-26
-22
-15
-13
-9
-8
-5
-8
-14
-10
-3
-6
-8
-10
-15
-18
-18
-13
-14
-12
-14
-11
-11
-9
-11
-16
-15
-11
-11
-9
-18
-13
-15
-17
-13
-16
-18
-17
-16
-16
-10
-12
-15
-14
-20
-16
-16
-16
-14
-15
-14
-11
-11
-9
-5
-5
-5
-3
-3
-5
-10
-8
-8
2
5
3
7
5
6
8
7
13
18
13
6
11
13
16
18
20
20
20
24
20
19
22
24
22
20
20
24
27
30
30
30
26
20
24
21
19
16
21
24
21
16
20
18
16
19
16
17
10
10
6
8
13
14
13
10
14
14
20
16
14
7
6
8
6
11
8
9
10
5
8
6
6
5
8
4
7
6
0
0
-5
-2
3
1
0
-4
-4
-5
-11
-12
-16
-22
-20
-22
-18
-16
-22
-17
-15
-17
-14
-12
-13
-17
-21
-26
-22
-22
-22
-10
-14
-16
-13
-17
-16
-15
-13
-17
-13
-15
-13
-10
-8
-12
-9
-8
-12
-11
-8
-10
-9
-9
-11
-10
-8
-4
-2
-7
-8
-8
-11
-9
-11
-11
-12
-8
-8
-11
-9
-2
-5
-7
-9
-9
-5
-3
-1
-1
-2
-2
-3
-7
-4
-3
-5
-4
-6
-8
-6
-4
-3
-2
-6
-6
0
1
1
4
0
2
0
1
3
1
4
5
6
7
8
9
7
13
13
7
9
13
14
17
14
12
21
21
20
22
22
19
25
21
17
19
19
17
19
20
21
16
12
12
12
16
15
13
13
8
9
5
13
13
7
5
7
11
13
12
13
8
6
4
4
7
10
6
4
9
8
8
4
3
-1
-3
-2
-3
-4
-1
-1
-2
0
-4
-3
-8
-10
-12
-6
-6
-7
-8
-11
-8
-8
-5
-5
-8
-3
-5
-12
-8
-10
-7
-4
-6
-7
-5
-3
-4
-6
-9
-7
-14
-13
-15
-15
-15
-14
-9
-5
-3
-8
-7
-11
-10
-9
-11
-8
-12
-15
-12
-10
-12
-9
-12
-9
-7
-8
-4
-6
-8
-7
-8
-6
-6
-11
-9
-5
-9
-9
-11
-14
-11
-12
-13
-8
-14
-17
-11
-12
-7
-9
-11
-8
-11
-12
-15
-15
-8
-3
-1
-5
-8
-1
0
1
6
1
0
2
-3
-2
-2
2
6
10
8
10
10
10
13
15
14
14
9
13
10
12
14
7
11
11
10
9
11
10
15
17
21
19
17
20
21
23
22
24
25
17
22
21
19
22
22
26
25
20
28
28
23
27
22
21
22
19
18
24
20
19
19
15
13
10
10
11
9
8
8
7
5
3
0
-1
-7
-4
-4
-5
-6
-8
-7
-9
-9
-10
-14
-14
-13
-12
-16
-16
-16
-17
-18
-18
-18
-18
-16
-24
-18
-18
-20
-20
-26
-23
-18
-19
-19
-13
-13
-17
-19
-20
-24
-21
-18
-19
-18
-16
-20
-20
-17
-17
-19
-20
-20
-18
-17
-17
-15
-16
-12
-11
-15
-16
-12
-18
-18
-10
-14
-9
-10
-9
-6
-9
-9
-7
-7
-11
-4
-8
-7
-1
-1
3
-2
-1
3
3
2
2
2
1
4
6
7
7
9
8
12
7
8
16
9
7
4
8
13
9
9
14
12
15
14
13
15
11
14
11
7
10
14
10
14
16
19
19
17
19
20
19
13
12
11
9
11
16
15
21
21
24
22
22
17
16
19
16
20
17
14
13
17
10
11
13
9
7
9
8
6
5
5
9
5
6
7
7
11
7
6
8
5
4
3
-2
-1
-3
-3
-6
-6
-3
0
0
-4
-3
-10
-9
-5
-4
-3
-6
-10
-7
-10
-12
-7
-13
-11
-9
-9
-7
-5
-8
-7
-4
-12
-11
-8
-6
-6
-8
-8
-13
-14
-15
-15
-13
-16
-14
-13
-10
-12
-8
-9
-12
-8
-15
-11
-16
-20
-13
-13
-12
-9
-11
-17
-13
-12
-10
-15
-10
-6
-10
-11
-10
-11
-13
-10
-7
-8
-9
-8
-11
-17
-19
-15
-17
-15
-15
-16
-14
-14
-16
-12
-6
-4
-8
-10
-10
-12
-12
-12
-9
-7
-9
-4
-1
-2
-1
5
4
5
2
4
7
6
6
3
5
2
9
10
16
17
15
17
18
19
20
21
18
20
24
21
23
23
24
25
27
27
27
26
30
24
21
30
26
27
26
23
27
28
29
27
24
20
16
15
14
14
9
11
12
9
2
-1
5
9
9
10
4
7
6
0
0
2
1
-1
-1
-2
-2
-4
-5
-2
-3
0
-6
-8
-3
-5
-7
-12
-12
-10
-11
-12
-14
-8
-10
-9
-11
-13
-13
-12
-9
-8
-6
-2
-1
-7
-2
-7
-10
-11
-15
-13
-12
-10
-9
-5
-4
-1
-2
-8
-7
-9
-10
-7
-9
-11
-10
-10
-10
-10
-11
-5
-11
-12
-11
-15
-14
-16
-5
-7
-12
-8
-8
-8
-9
-14
-17
-15
-14
-18
-12
-16
-15
-8
-9
-14
-10
-10
-14
-11
-11
-6
-9
-12
-8
-10
-8
-9
-6
-4
-7
-6
-5
4
1
5
5
-1
-4
1
0
1
3
0
4
5
11
10
13
13
11
14
12
11
13
8
7
9
11
16
9
9
9
13
12
12
14
14
17
15
12
14
20
15
17
17
15
16
16
20
17
15
19
20
19
20
14
14
16
15
14
10
16
11
9
11
12
5
7
7
9
14
10
9
10
9
7
6
3
5
-1
-1
-4
-5
-3
-5
-1
3
-9
-10
-5
-9
-5
-9
-7
-8
-10
-12
-12
-12
-13
-10
-11
-11
-11
-10
-10
-12
-11
-7
-10
-8
-7
-13
-13
-10
-11
-7
-11
-9
-12
-15
-14
-10
-11
-13
-11
-9
-8
-6
-6
-2
-5
-8
-9
-6
-3
-7
-4
0
-3
-3
1
-6
-2
-3
0
-3
-1
2
-6
-5
-10
-5
-4
-3
-2
-6
-5
-3
-7
-6
-3
-9
-2
-2
-1
-3
-4
-2
-5
-7
-4
-12
-8
-6
-4
-1
-6
-5
-1
0
-1
4
-2
4
-1
-1
7
-3
-1
3
4
1
-1
2
5
4
1
3
6
2
4
2
2
3
10
15
8
12
5
4
9
6
6
2
13
14
10
15
14
11
13
15
15
13
13
14
10
10
7
10
10
11
11
12
12
16
13
11
9
9
10
14
10
13
14
14
17
13
14
13
12
8
7
8
4
6
6
5
4
3
-2
-3
0
2
-4
-3
1
0
-4
-5
-1
3
-1
-1
-1
-5
-9
-13
-13
-9
-7
-8
-6
-9
-8
-10
-8
-3
-8
-9
