SAMPLES:	19178
BITSPERSAMPLE:	16
CHANNELS:	1
SAMPLERATE:	16000
NORMALIZED:	FALSE
-27
-18
-18
-3
-10
12
14
11
6
12
7
9
29
23
20
22
23
33
27
21
26
35
29
18
24
14
7
-3
-18
-21
-25
-11
-7
-3
21
37
79
90
101
124
123
135
136
145
143
108
82
59
38
15
-2
-7
-10
-23
-31
-32
-19
-8
-5
13
16
17
16
23
30
26
20
3
-11
-48
-72
-80
-111
-108
-99
-106
-95
-89
-80
-53
-26
-13
4
21
52
70
66
69
54
78
83
89
79
66
57
31
23
29
21
11
14
18
24
22
23
17
27
31
36
34
23
11
-16
-34
-45
-65
-66
-91
-105
-109
-115
-120
-124
-103
-95
-69
-59
-38
-41
-35
-12
-10
8
17
-5
-9
-30
-43
-7
0
0
-6
-9
-4
13
28
19
29
31
21
36
59
66
48
25
13
4
16
18
4
-6
-30
-36
-18
-34
-64
-62
-50
-37
-43
-37
-21
-23
-2
1
2
-13
-18
-3
1
-6
-19
-28
-39
-39
-36
-29
-34
-32
-12
-7
-14
-15
-20
-7
4
5
-1
7
20
36
49
31
10
-3
-1
-5
0
3
12
27
22
31
48
56
51
62
78
81
77
53
28
10
-3
1
2
9
15
17
8
9
19
30
33
27
51
65
76
68
49
39
33
17
-3
-7
-14
-27
-48
-61
-57
-65
-53
-34
-21
-8
13
43
56
65
56
74
66
67
67
69
48
51
36
10
-15
-27
-9
-19
-3
16
18
23
26
47
52
40
54
45
51
43
16
15
-15
-29
-49
-72
-80
-95
-89
-88
-103
-100
-101
-99
-83
-66
-66
-55
-31
-17
-20
-21
-24
-31
-21
-23
-41
-46
-42
-36
-35
-51
-61
-64
-55
-49
-30
-15
9
38
45
44
54
54
46
51
48
60
39
28
-7
-16
-22
-39
-42
-70
-60
-52
-58
-61
-48
-35
-34
-26
-17
-12
1
3
-16
-15
-28
-20
-50
-73
-66
-57
-50
-50
-39
-58
-39
-14
-6
17
44
68
63
64
89
126
131
115
100
69
75
77
61
49
19
12
6
-2
7
13
19
27
33
42
53
76
67
63
66
59
53
33
14
-1
-28
-42
-60
-63
-67
-63
-45
-47
-36
-13
-9
-8
18
31
35
50
74
98
113
97
66
40
20
13
1
-8
1
-6
-19
-16
11
20
34
34
41
37
24
35
41
63
53
47
18
-7
-16
-31
-35
-25
-52
-57
-52
-61
-50
-43
-43
-39
-36
-38
-14
-15
-6
-4
5
5
-14
-31
-25
-31
-56
-50
-48
-47
-62
-56
-38
-25
-21
-28
-24
-2
4
21
34
30
38
16
9
12
1
-9
-3
-18
-24
-23
-25
-51
-61
-64
-64
-51
-50
-37
-28
-9
-24
-28
-18
-15
-16
-30
-38
-62
-62
-56
-46
-52
-77
-63
-52
-40
-35
-21
-10
4
25
33
47
62
76
49
46
38
32
42
38
33
15
6
0
-7
-1
23
27
14
15
31
28
35
45
43
35
46
36
39
40
20
11
-1
-3
-17
-22
-38
-47
-26
-33
-14
-6
19
25
38
56
61
54
69
75
49
60
50
39
53
42
16
16
8
19
15
11
28
32
31
30
40
61
66
75
70
61
61
46
51
36
21
16
-22
-39
-27
-31
-35
-33
-24
-15
-9
-9
-13
-19
-22
-2
-1
7
-2
-11
-18
-39
-34
-37
-45
-60
-73
-64
-67
-62
-51
-36
-32
-28
-13
9
17
18
35
23
11
9
11
3
-18
-29
-20
-7
-33
-30
-47
-44
-15
5
13
7
20
14
12
-12
-18
-30
-28
-60
-73
-64
-101
-103
-121
-130
-119
-115
-99
-93
-84
-64
-34
-7
-14
6
10
24
30
34
59
59
68
56
36
24
36
51
59
70
64
72
94
110
127
124
108
115
136
120
107
87
60
52
22
15
-7
-30
-69
-71
-79
-99
-102
-118
-126
-144
-139
-138
-119
-106
-95
-84
-77
-81
-74
-69
-90
-96
-97
-89
-113
-83
-55
-47
-48
-20
9
12
32
44
78
85
106
132
137
145
157
165
145
149
151
131
109
94
71
52
48
35
30
28
19
8
24
42
53
68
77
85
78
95
75
80
90
69
56
63
75
73
88
73
83
90
91
112
125
151
153
143
141
151
128
121
104
66
39
14
-38
-89
-109
-158
-199
-222
-226
-240
-268
-283
-286
-285
-285
-283
-278
-281
-301
-301
-297
-294
-304
-303
-281
-267
-275
-251
-217
-205
-158
-113
-63
-21
29
84
125
179
180
214
249
262
269
274
281
260
253
249
240
224
218
175
158
143
126
115
120
113
117
103
97
100
102
98
64
48
36
31
-12
-20
-40
-56
-72
-67
-58
-44
-42
-57
-56
-50
-59
-64
-33
-24
-29
-29
-27
-42
-34
-41
-47
-67
-94
-105
-149
-178
-192
-215
-217
-212
-202
-198
-199
-219
-222
-196
-171
-155
-136
-128
-116
-87
-50
-50
-52
-22
-9
11
2
39
79
87
134
141
150
203
240
256
280
297
342
352
359
363
343
334
319
293
251
190
165
144
108
78
75
60
28
16
-5
-19
-16
-12
-10
-6
-9
-17
-37
-29
-1
5
1
7
-9
-21
-1
15
19
4
26
35
42
46
33
27
23
16
-2
13
-3
-17
-41
-66
-90
-129
-164
-189
-198
-230
-234
-234
-269
-284
-295
-310
-326
-322
-338
-358
-346
-349
-326
-323
-315
-268
-237
-198
-173
-152
-121
-94
-35
11
35
43
70
107
104
119
156
172
182
207
264
272
261
283
323
321
322
341
334
326
316
302
274
254
237
205
161
123
104
64
42
21
-14
-6
8
-14
19
41
48
71
86
75
61
63
56
33
-5
1
-6
-15
-34
-45
-53
-63
-77
-118
-109
-110
-126
-131
-155
-145
-154
-159
-180
-208
-225
-241
-253
-259
-286
-305
-317
-339
-343
-354
-366
-334
-346
-332
-307
-282
-230
-216
-180
-126
-98
-59
-20
30
76
83
111
187
209
245
291
299
301
295
305
351
383
408
423
427
442
436
444
448
429
417
427
406
407
373
358
327
252
216
170
122
80
46
-25
-37
-39
-69
-63
-80
-72
-55
-80
-108
-85
-68
-89
-109
-98
-73
-94
-79
-56
-45
-62
-105
-91
-68
-33
-4
3
4
18
28
64
33
3
0
-8
-16
-74
-98
-156
-231
-280
-338
-396
-458
-523
-555
-577
-586
-581
-592
-589
-565
-554
-544
-507
-490
-469
-422
-390
-336
-279
-212
-191
-135
-59
-12
27
68
169
202
239
281
367
433
503
563
604
636
667
700
722
711
669
656
640
579
534
501
418
332
263
227
169
99
28
-10
-42
-80
-108
-149
-151
-179
-206
-204
-201
-196
-190
-221
-208
-198
-220
-203
-244
-245
-214
-177
-154
-112
-59
-16
32
85
167
213
232
312
353
362
356
373
351
327
306
286
282
247
209
221
183
137
82
75
76
5
-36
-59
-112
-214
-278
-325
-409
-525
-636
-693
-755
-833
-885
-905
-970
-967
-917
-895
-825
-766
-701
-620
-551
-467
-369
-312
-244
-143
-80
-27
32
82
201
263
323
409
483
578
658
787
874
973
1041
1066
1103
1086
1088
1095
997
930
867
830
749
600
522
498
421
293
234
249
195
180
155
115
110
70
56
40
13
-9
-16
-83
-138
-166
-185
-225
-239
-195
-229
-232
-252
-247
-232
-209
-197
-173
-141
-163
-150
-162
-200
-230
-177
-221
-317
-411
-463
-517
-625
-712
-773
-794
-895
-991
-978
-1004
-1074
-1061
-1019
-1026
-1042
-996
-955
-909
-901
-870
-815
-828
-773
-707
-614
-583
-485
-337
-215
-26
93
274
460
611
792
906
1077
1179
1290
1374
1413
1430
1455
1464
1412
1377
1298
1208
1107
1055
1013
959
854
837
874
843
805
793
755
723
653
618
553
476
405
301
202
113
55
24
45
25
26
1
76
150
228
345
360
402
429
440
394
351
278
164
22
-128
-284
-558
-761
-978
-1226
-1464
-1602
-1712
-1838
-1924
-1974
-1991
-1983
-2074
-2102
-2135
-2109
-2114
-2095
-2087
-2083
-2070
-2040
-1933
-1838
-1748
-1658
-1416
-1193
-891
-617
-310
13
360
748
1107
1451
1774
2029
2270
2487
2675
2819
2870
2862
2808
2775
2768
2629
2505
2415
2253
2088
1944
1783
1690
1614
1480
1375
1168
1071
972
783
601
412
289
81
-182
-345
-460
-586
-717
-833
-875
-889
-943
-845
-739
-593
-465
-367
-125
24
327
494
590
657
789
893
868
858
745
568
357
87
-198
-369
-610
-952
-1196
-1384
-1613
-1837
-1960
-2090
-2319
-2471
-2537
-2656
-2899
-3099
-3177
-3385
-3612
-3747
-3893
-4044
-4148
-4151
-4110
-4015
-3899
-3607
-3251
-2846
-2367
-1813
-1191
-555
-5
650
1322
1881
2400
2806
3188
3469
3700
3915
4007
4107
4214
4322
4327
4261
4279
4326
4299
4300
4338
4304
4188
4113
4039
3768
3481
3133
2819
2409
1895
1492
1000
474
62
-258
-652
-1132
-1325
-1375
-1425
-1402
-1397
-1213
-1008
-759
-434
-189
28
114
235
291
244
154
-79
-259
-573
-891
-1171
-1524
-1880
-2064
-2188
-2322
-2402
-2567
-2546
-2586
-2598
-2628
-2595
-2593
-2681
-2696
-2778
-2849
-3074
-3277
-3380
-3616
-3817
-3931
-4020
-4122
-4121
-3893
-3526
-3020
-2558
-1921
-1184
-445
247
927
1555
2046
2586
3141
3501
3704
3794
3768
3659
3521
3318
3286
3251
3151
3153
3259
3403
3389
3562
3694
3722
3803
3808
3898
3805
3490
3205
2809
2272
1764
1256
711
164
-313
-746
-1023
-1180
-1308
-1124
-949
-709
-321
112
529
847
1111
1306
1352
1260
1229
1030
642
144
-367
-878
-1380
-1916
-2444
-2834
-3144
-3287
-3289
-3330
-3366
-3330
-3182
-3140
-3115
-3068
-3054
-3157
-3260
-3345
-3564
-3787
-4068
-4253
-4417
-4616
-4717
-4597
-4422
-4117
-3735
-3193
-2513
-1820
-1083
-256
574
1329
2147
2809
3419
3803
4097
4382
4493
4475
4438
4266
3991
3795
3571
3389
3217
3145
3147
3225
3292
3320
3358
3541
3472
3373
3355
3195
2946
2436
2015
1479
920
331
-242
-701
-1175
-1512
-1714
-1843
-1858
-1636
-1314
-1002
-580
-149
432
875
1295
1705
2025
2153
2130
2081
1912
1541
1052
598
101
-433
-852
-1213
-1610
-1840
-2028
-2194
-2269
-2395
-2479
-2472
-2500
-2582
-2695
-2851
-2895
-3111
-3457
-3711
-3974
-4218
-4477
-4615
-4689
-4797
-4685
-4503
-4217
-3762
-3266
-2766
-2121
-1324
-608
187
926
1598
2214
2667
3121
3528
3711
3839
3917
3840
3702
3580
3555
3463
3389
3223
3180
3278
3304
3381
3492
3508
3502
3499
3383
3124
2866
2514
2102
1577
995
508
-15
-470
-1085
-1459
-1681
-1917
-2031
-1973
-1775
-1523
-1206
-859
-417
40
468
858
1115
1305
1444
1385
1115
837
597
265
-241
-598
-939
-1312
-1674
-1987
-2071
-2084
-2196
-2279
-2228
-2142
-2153
-2212
-2221
-2231
-2416
-2584
-2765
-3011
-3144
-3323
-3495
-3705
-3962
-4062
-4003
-3891
-3665
-3293
-2888
-2374
-1744
-1132
-471
299
927
1634
2266
2732
3263
3595
3696
3780
3903
3920
3862
3799
3652
3538
3307
3144
3089
2920
2814
2784
2790
2714
2665
2515
2422
2238
2072
1843
1477
1076
659
289
-129
-526
-811
-1087
-1340
-1542
-1652
-1538
-1454
-1314
-997
-573
-195
228
648
1027
1394
1743
2004
2185
2245
2200
2026
1824
1638
1274
850
369
-48
-418
-821
-1175
-1489
-1770
-2041
-2411
-2601
-2734
-3050
-3205
-3278
-3432
-3696
-3860
-3917
-4112
-4329
-4447
-4480
-4408
-4407
-4386
-4216
-3965
-3688
-3373
-2904
-2317
-1758
-1130
-356
320
953
1650
2301
2832
3272
3656
4025
4216
4291
4401
4347
4174
3985
3797
3582
3294
3064
2853
2664
2412
2336
2273
2105
1852
1777
1771
1566
1266
1043
864
527
121
-162
-433
-801
-1109
-1320
-1471
-1635
-1678
-1599
-1405
-1139
-825
-319
160
517
939
1439
1910
2092
2292
2454
2441
2193
1949
1736
1319
813
322
-119
-589
-1059
-1479
-1888
-2184
-2437
-2609
-2790
-2984
-2996
-2954
-3096
-3200
-3249
-3353
-3454
-3667
-3819
-3944
-4137
-4378
-4388
-4376
-4369
-4240
-4035
-3704
-3281
-2645
-1921
-1197
-442
351
1241
1997
2643
3337
3899
4286
4484
4629
4712
4606
4279
4048
3745
3436
3003
2658
2504
2360
2197
2167
2282
2261
2263
2290
2345
2290
2174
2018
1706
1350
874
465
-32
-554
-1008
-1429
-1746
-1943
-1914
-1864
-1621
-1246
-834
-377
218
794
1487
2071
2456
2748
2933
3012
2885
2736
2361
1853
1315
720
176
-421
-929
-1370
-1758
-2125
-2385
-2499
-2645
-2671
-2670
-2639
-2688
-2658
-2695
-2815
-2933
-3165
-3421
-3712
-4050
-4313
-4528
-4728
-4883
-4949
-4813
-4491
-3991
-3456
-2782
-1904
-1023
-126
799
1669
2463
3129
3641
4027
4291
4324
4198
3982
3626
3354
3062
2690
2245
1895
1752
1664
1677
1716
1856
1953
2071
2305
2484
2400
2243
2066
1651
1208
681
144
-471
-1207
-1728
-2078
-2324
-2491
-2594
-2341
-2047
-1675
-1031
-272
456
1207
1820
2334
2729
2991
3219
3276
3084
2704
2268
1788
1318
919
385
-134
-548
-988
-1199
-1199
-1354
-1341
-1303
-1273
-1154
-1102
-1178
-1305
-1460
-1682
-2031
-2390
-2768
-3267
-3739
-4110
-4350
-4599
-4712
-4707
-4564
-4219
-3679
-3035
-2320
-1520
-670
151
922
1731
2303
2766
3170
3318
3442
3316
3157
2911
2553
2275
2010
1763
1534
1428
1444
1494
1572
1753
1918
2113
2175
2185
2307
2120
1819
1422
873
440
-138
-623
-1136
-1716
-2173
-2434
-2532
-2401
-2132
-1726
-1251
-752
-48
694
1418
2000
2512
2843
3077
3167
3159
2956
2491
2131
1686
1194
795
431
48
-209
-359
-460
-519
-518
-456
-387
-247
-253
-339
-464
-596
-811
-1170
-1677
-2046
-2594
-3190
-3698
-4093
-4378
-4598
-4764
-4706
-4399
-4136
-3701
-3089
-2372
-1659
-908
-68
657
1238
1732
2185
2463
2521
2506
2405
2240
1949
1616
1379
1190
1064
981
1016
1201
1434
1608
1825
2102
2253
2336
2379
2277
2144
1682
1224
749
111
-500
-1206
-1810
-2304
-2529
-2666
-2685
-2474
-2151
-1782
-1264
-523
220
875
1422
1915
2326
2595
2679
2613
2454
2156
1823
1493
1137
710
306
-25
-144
-200
-281
-215
-97
13
101
270
388
362
244
127
-114
-444
-822
-1193
-1750
-2372
-2807
-3196
-3525
-3751
-3800
-3954
-3867
-3519
-3056
-2547
-1949
-1259
-520
219
809
1471
1968
2259
2482
2547
2543
2397
2163
1944
1656
1350
1151
1045
998
946
1052
1367
1570
1797
2073
2290
2416
2436
2331
2160
1726
1121
606
82
-634
-1309
-1916
-2395
-2815
-3048
-2977
-2746
-2443
-2112
-1586
-840
-195
485
1192
1632
1945
2145
2285
2255
1925
1566
1144
650
77
-332
-593
-892
-1173
-1190
-1076
-967
-754
-472
-167
147
434
575
620
489
330
24
-298
-697
-1241
-1737
-2283
-2830
-3223
-3441
-3626
-3628
-3538
-3203
-2621
-1970
-1290
-522
213
875
1528
2116
2493
2669
2784
2712
2543
2174
1824
1395
923
680
491
454
343
358
590
922
1304
1672
2069
2354
2557
2583
2483
2383
2041
1471
845
94
-639
-1310
-1946
-2552
-2986
-3112
-3079
-2835
-2544
-2110
-1470
-823
-144
576
1173
1569
1758
1815
1873
1706
1144
497
46
-465
-1167
-1630
-1928
-2222
-2498
-2533
-2286
-2013
-1743
-1372
-767
-297
35
375
632
789
673
456
201
-216
-851
-1369
-1671
-1982
-2276
-2437
-2380
-2230
-1964
-1516
-831
-128
496
1290
2202
2932
3476
3899
4209
4282
4101
3895
3641
3138
2485
1871
1486
1058
670
471
396
503
552
949
1424
1941
2183
2388
2646
2536
2333
2017
1609
930
138
-568
-1358
-2229
-2846
-3238
-3561
-3798
-3769
-3452
-3052
-2487
-1928
-1253
-582
-152
226
707
883
666
473
133
-390
-998
-1592
-2153
-2677
-3166
-3528
-3694
-3725
-3574
-3269
-2899
-2404
-1814
-1251
-729
-279
60
378
401
443
418
157
-221
-679
-969
-1284
-1507
-1633
-1661
-1427
-1161
-665
36
706
1387
2149
3060
3752
4197
4681
5033
5054
4912
4686
4363
3753
3087
2614
2190
1650
1217
955
872
843
860
1153
1529
1671
1787
2084
2279
2235
2002
1673
1235
641
-50
-751
-1450
-2161
-2753
-3194
-3450
-3583
-3437
-3169
-2880
-2415
-1793
-1173
-801
-485
-72
233
101
-150
-409
-762
-1379
-1987
-2440
-2898
-3465
-3974
-4132
-4191
-4293
-4194
-3843
-3428
-3089
-2592
-1983
-1498
-1164
-822
-539
-374
-270
-389
-467
-573
-739
-890
-874
-900
-754
-488
-146
403
1004
1716
2405
3181
3957
4577
4980
5390
5745
5801
5573
5284
5034
4553
3936
3486
3067
2574
2084
1787
1723
1640
1599
1662
1895
2000
1938
1972
2087
2009
1676
1259
861
300
-420
-1077
-1562
-2067
-2582
-2954
-3116
-3147
-3070
-2849
-2503
-2026
-1674
-1322
-967
-628
-446
-491
-685
-935
-1182
-1580
-2079
-2545
-3039
-3621
-4138
-4380
-4472
-4647
-4848
-4652
-4185
-3836
-3515
-3128
-2615
-2234
-1975
-1591
-1243
-1108
-1259
-1296
-1237
-1256
-1387
-1386
-1319
-1197
-953
-573
46
648
1298
2036
2917
3721
4440
5013
5471
5765
5962
5936
5876
5569
5100
4555
4085
3670
3150
2616
2219
2087
1898
1850
1930
2083
2160
2161
2324
2506
2440
2175
1806
1431
971
398
-157
-747
-1429
-2019
-2531
-2762
-2816
-2783
-2670
-2485
-2150
-1777
-1354
-960
-666
-390
-396
-493
-557
-811
-1305
-1901
-2415
-2940
-3650
-4325
-4758
-5113
-5518
-5715
-5585
-5272
-5126
-4862
-4259
-3680
-3232
-2754
-2164
-1782
-1665
-1503
-1237
-1092
-1236
-1365
-1372
-1370
-1247
-1122
-695
-231
260
1071
1911
2782
3601
4364
5167
5873
6407
6788
6988
6978
6759
6467
6075
5483
4849
4098
3437
3001
2663
2381
2042
1969
2019
2074
2216
2433
2660
2703
2670
2601
2439
2076
1515
1042
603
-54
-852
-1481
-1940
-2343
-2692
-2892
-2862
-2867
-2861
-2591
-2174
-1843
-1677
-1548
-1312
-1288
-1439
-1654
-1913
-2353
-2979
-3530
-4071
-4646
-5264
-5727
-6075
-6323
-6478
-6442
-6191
-5898
-5426
-4847
-4185
-3568
-2981
-2469
-2022
-1450
-1080
-858
-718
-602
-533
-492
-407
-237
37
309
743
1339
2102
2778
3425
4216
4976
5532
6069
6594
6875
6984
6952
6873
6579
6104
5550
4914
4382
3618
2964
2545
2118
1709
1486
1481
1474
1516
1610
1821
1954
2000
1992
2045
2061
1737
1357
940
467
-160
-842
-1350
-1918
-2350
-2734
-3010
-3123
-3101
-3041
-3009
-2828
-2602
-2382
-2245
-2153
-2101
-2150
-2412
-2792
-3089
-3573
-4279
-4731
-5227
-5763
-6282
-6545
-6590
-6573
-6519
-6179
-5603
-5069
-4452
-3783
-2933
-2205
-1575
-977
-375
-7
367
745
1005
1145
1307
1580
1773
2024
2299
2720
3230
3704
4170
4787
5323
5740
6207
6570
6872
7043
7055
6935
6726
6429
6012
5414
4744
4187
3533
2902
2333
1868
1472
1062
813
709
720
683
754
1034
1212
1231
1221
1332
1240
945
568
156
-329
-1065
-1686
-2165
-2805
-3483
-3957
-4275
-4461
-4615
-4558
-4457
-4326
-4205
-4036
-3785
-3717
-3742
-3768
-3816
-4063
-4445
-4801
-5177
-5622
-5939
-6029
-6138
-6243
-6272
-5999
-5464
-4909
-4318
-3565
-2747
-1967
-1123
-233
581
1292
1983
2491
2910
3247
3554
3845
3845
3829
3925
4016
4118
4104
4227
4411
4742
5095
5469
5767
5947
6142
6342
6444
6242
5976
5683
5209
4603
3992
3360
2707
1910
1320
865
452
138
89
180
156
231
497
758
874
978
1055
1052
799
411
38
-482
-1156
-1926
-2574
-3177
-3865
-4465
-4882
-5168
-5485
-5694
-5578
-5490
-5515
-5325
-5103
-4945
-4746
-4666
-4628
-4720
-4882
-4985
-5083
-5152
-5341
-5423
-5420
-5303
-5099
-4804
-4403
-3878
-3192
-2405
-1563
-674
283
1249
2145
3009
3952
4638
4981
5381
5746
5942
5897
5812
5777
5527
5315
5255
5271
5152
4999
5101
5249
5301
5401
5511
5612
5637
5483
5339
5207
4760
4079
3518
2911
2182
1579
1045
565
111
-260
-406
-483
-513
-535
-394
-149
-68
-43
-13
8
-176
-558
-889
-1330
-1830
-2372
-2962
-3563
-4155
-4713
-5225
-5594
-5973
-6230
-6333
-6274
-6184
-6103
-5987
-5744
-5510
-5341
-5132
-4868
-4717
-4740
-4755
-4703
-4511
-4403
-4307
-4167
-3966
-3669
-3267
-2644
-1907
-1226
-422
518
1542
2520
3345
3971
4669
5297
5707
6071
6225
6334
6298
6135
5937
5714
5486
5268
5142
5057
4928
4888
4966
4933
4878
4847
4860
4792
4483
4180
3932
3525
3079
2556
2180
1719
1182
714
349
167
-90
-397
-549
-660
-802
-865
-948
-974
-1141
-1305
-1641
-1793
-2067
-2469
-2787
-3143
-3474
-3983
-4473
-4788
-5157
-5558
-5919
-6084
-6118
-6250
-6271
-6223
-6067
-5931
-5773
-5470
-5157
-4892
-4793
-4455
-4037
-3786
-3608
-3397
-3014
-2674
-2367
-1938
-1349
-778
-211
507
1319
1988
2571
3222
3913
4503
5040
5549
5969
6183
6293
6443
6607
6581
6305
6113
6085
5935
5744
5621
5474
5276
5039
4844
4673
4476
4163
3786
3535
3195
2899
2589
2260
1890
1488
1149
853
654
399
123
-189
-414
-667
-934
-1266
-1591
-1865
-2203
-2503
-2769
-2960
-3224
-3526
-3809
-4012
-4212
-4545
-4789
-4996
-5221
-5472
-5606
-5729
-5915
-6102
-6064
-5987
-6029
-5948
-5774
-5583
-5341
-5125
-4757
-4349
-4088
-3774
-3283
-2826
-2446
-1990
-1431
-988
-480
130
739
1285
1815
2349
2840
3292
3762
4272
4605
4850
5126
5412
5613
5838
6008
6058
6057
6129
6253
6269
6168
6044
5971
5744
5507
5269
5010
4616
4087
3619
3255
2924
2477
2272
2004
1643
1340
1115
1042
824
562
415
214
-166
-575
-848
-1134
-1695
-2263
-2672
-3061
-3521
-3968
-4242
-4555
-4949
-5251
-5381
-5548
-5747
-5862
-5838
-5876
-5962
-5965
-5942
-6123
-6173
-6055
-5938
-5781
-5757
-5625
-5348
-5090
-4814
-4470
-4093
-3737
-3285
-2707
-2100
-1457
-830
-187
431
1012
1772
2456
2973
3457
3964
4420
4690
4934
5130
5299
5368
5451
5627
5776
5824
5891
6090
6296
6360
6453
6578
6564
6430
6322
6223
5962
5463
4977
4544
4111
3637
3231
2896
2408
1918
1553
1395
1240
1039
851
777
436
84
-160
-324
-697
-1244
-1699
-2042
-2505
-3139
-3621
-4113
-4693
-5284
-5630
-5874
-6212
-6538
-6674
-6756
-6823
-6828
-6708
-6493
-6402
-6277
-6092
-5895
-5699
-5475
-5331
-5099
-4891
-4684
-4461
-4229
-3954
-3586
-3123
-2650
-2140
-1573
-877
-155
670
1525
2284
3040
3689
4330
4853
5247
5520
5706
5780
5747
5711
5683
5545
5460
5448
5450
5455
5454
5628
5744
5685
5707
5840
5803
5630
5342
5181
4819
4326
3965
3651
3250
2670
2232
1904
1645
1305
975
813
494
171
-94
-137
-323
-676
-1005
-1369
-1724
-2148
-2511
-2972
-3479
-4016
-4520
-4994
-5394
-5796
-6229
-6595
-6799
-6920
-7005
-7015
-6923
-6830
-6748
-6554
-6272
-5958
-5754
-5521
-5152
-4768
-4443
-4038
-3652
-3360
-3032
-2620
-2111
-1571
-990
-397
256
935
1653
2385
3040
3602
4281
4840
5266
5647
5901
6111
6204
6226
6298
6162
5884
5826
5838
5759
5642
5494
5439
5344
5035
4957
4995
4768
4417
4192
3956
3722
3399
3258
3078
2705
2307
2149
2014
1712
1340
1132
899
462
54
-190
-358
-822
-1344
-1681
-1840
-2182
-2707
-3113
-3403
-3706
-4105
-4399
-4651
-5072
-5515
-5826
-6048
-6317
-6609
-6835
-6938
-6969
-6978
-6931
-6759
-6494
-6333
-5991
-5612
-5250
-4777
-4355
-3905
-3460
-3120
-2560
-1988
-1439
-870
-253
361
973
1693
2338
2817
3338
3971
4455
4850
5290
5722
5955
6165
6334
6424
6460
6318
6298
6336
6240
6139
5946
5795
5631
5270
5037
4832
4472
4010
3551
3221
2877
2473
2102
1899
1736
1392
1159
1141
1147
926
705
633
550
159
-310
-543
-861
-1340
-1868
-2115
-2388
-2925
-3500
-3860
-4135
-4539
-4848
-5058
-5126
-5355
-5708
-5822
-5852
-6019
-6277
-6359
-6343
-6298
-6467
-6509
-6375
-6331
-6255
-6126
-5777
-5298
-4931
-4572
-4100
-3499
-2961
-2384
-1595
-843
-138
517
1304
2071
2695
3203
3772
4335
4706
4966
5266
5692
5967
6032
6211
6550
6613
6515
6618
6828
6904
6775
6746
6805
6600
6201
5937
5783
5395
4702
4169
3718
3139
2498
1939
1605
1270
841
594
461
417
371
278
276
298
214
-133
-433
-596
-865
-1485
-2044
-2483
-2990
-3520
-4072
-4272
-4538
-5016
-5469
-5592
-5553
-5817
-6094
-6067
-5956
-6100
-6310
-6173
-6016
-6146
-6335
-6274
-6024
-6054
-6153
-5942
-5556
-5362
-5225
-4803
-4199
-3634
-3234
-2521
-1536
-740
-142
645
1665
2485
3035
3531
4162
4693
5019
5282
5619
5902
5924
5959
6244
6528
6554
6485
6596
6812
6907
6762
6811
6953
6722
6262
6036
5876
5393
4674
3993
3539
2930
2106
1484
1130
780
250
-89
-134
-214
-419
-536
-410
-273
-399
-698
-835
-891
-1231
-1698
-2085
-2528
-3048
-3670
-4141
-4435
-4779
-5334
-5704
-5863
-5969
-6134
-6253
-6183
-6097
-6088
-6068
-5910
-5762
-5770
-5898
-5766
-5579
-5638
-5731
-5666
-5469
-5340
-5227
-4787
-4322
-3852
-3398
-2801
-1850
-1018
-240
616
1523
2402
3036
3746
4499
5094
5361
5615
6010
6290
6397
6435
6659
6729
6773
6778
6847
7059
7148
7157
7269
7386
7297
7009
6704
6436
5996
5348
4648
4136
3477
2673
1977
1406
979
304
-223
-384
-542
-831
-996
-942
-894
-959
-1058
-1129
-1231
-1527
-1809
-2140
-2587
-3106
-3673
-4140
-4665
-5076
-5493
-5838
-6237
-6520
-6598
-6604
-6581
-6541
-6404
-6312
-6176
-5922
-5703
-5650
-5571
-5368
-5272
-5217
-5187
-5207
-5030
-4898
-4668
-4313
-3912
-3500
-3021
-2323
-1494
-651
143
1108
2011
2759
3575
4417
5060
5535
5994
6391
6688
6819
6959
7056
7081
7047
6978
6981
6920
6904
6902
6792
6794
6808
6663
6521
6210
5917
5577
5187
4699
4146
3526
2758
2056
1428
744
142
-380
-834
-1207
-1484
-1695
-1784
-1843
-1911
-1807
-1842
-2010
-2199
-2298
-2529
-2833
-3201
-3623
-4064
-4547
-5081
-5478
-5796
-6241
-6622
-6846
-6912
-7006
-7054
-6973
-6783
-6717
-6598
-6288
-5936
-5691
-5536
-5343
-5036
-4838
-4712
-4539
-4261
-3885
-3658
-3331
-2788
-2238
-1746
-1081
-301
495
1207
2002
2869
3719
4478
5130
5863
6493
6915
7307
7640
7878
7888
7906
7979
7899
7743
7464
7232
7026
6691
6347
6154
5997
5677
5427
5205
4980
4722
4298
3947
3537
3088
2545
2001
1486
907
278
-259
-703
-1166
-1653
-2059
-2299
-2383
-2515
-2664
-2730
-2810
-2851
-2979
-2984
-3031
-3409
-3835
-4070
-4304
-4622
-5109
-5459
-5796
-6237
-6644
-6882
-6973
-7217
-7363
-7358
-7199
-6953
-6770
-6514
-6133
-5778
-5408
-4998
-4547
-4138
-3860
-3556
-3067
-2612
-2210
-1798
-1350
-886
-342
288
920
1615
2258
2906
3731
4623
5377
5981
6616
7202
7683
7994
8330
8491
8406
8190
7989
7795
7313
6681
6209
5828
5365
4899
4555
4275
3961
3660
3540
3427
3196
2877
2584
2281
1881
1456
1048
529
-116
-716
-1220
-1675
-2226
-2637
-2858
-3067
-3316
-3459
-3460
-3395
-3410
-3440
-3345
-3305
-3320
-3431
-3606
-3812
-4106
-4497
-4873
-5205
-5642
-6021
-6422
-6790
-6997
-7177
-7226
-7156
-6985
-6816
-6633
-6282
-5805
-5335
-4885
-4354
-3756
-3280
-2754
-2243
-1747
-1245
-777
-292
74
580
1082
1606
2142
2723
3442
4208
4965
5669
6393
6999
7479
7972
8348
8543
8637
8566
8351
8049
7674
7239
6700
6094
5517
4933
4369
3933
3647
3318
2994
2817
2666
2526
2314
2050
1804
1493
1096
598
150
-322
-934
-1437
-1922
-2438
-2916
-3286
-3559
-3664
-3703
-3652
-3546
-3530
-3444
-3373
-3275
-3162
-3223
-3308
-3498
-3722
-3861
-4121
-4516
-4972
-5381
-5807
-6165
-6547
-6708
-6835
-6916
-6775
-6604
-6390
-6047
-5649
-5140
-4617
-4155
-3542
-2912
-2393
-2008
-1532
-939
-491
-196
258
727
1162
1547
2020
2714
3282
3810
4521
5296
5990
6496
7056
7651
8022
8147
8194
8241
8129
7719
7342
6980
6412
5765
5198
4765
4363
3888
3544
3344
2988
2658
2400
2250
2009
1676
1339
993
437
-185
-630
-1202
-1831
-2397
-2868
-3171
-3458
-3775
-3971
-4061
-4035
-3980
-3864
-3710
-3557
-3390
-3252
-3250
-3189
-3158
-3332
-3677
-3971
-4096
-4306
-4788
-5140
-5390
-5710
-5913
-6051
-5935
-5929
-5951
-5741
-5386
-5076
-4722
-4213
-3648
-3330
-3029
-2440
-1929
-1642
-1307
-840
-350
39
284
698
1215
1714
2213
2809
3472
4091
4584
5209
5848
6421
6879
7274
7584
7708
7783
7791
7706
7368
6969
6623
6170
5738
5360
4870
4480
4144
3749
3487
3263
3063
2832
2516
2173
1872
1465
961
346
-213
-751
-1334
-1890
-2516
-3107
-3555
-3945
-4123
-4227
-4410
-4488
-4373
-4115
-3927
-3747
-3513
-3257
-3139
-3087
-3048
-2995
-3123
-3459
-3785
-3953
-4203
-4620
-4892
-4999
-5158
-5413
-5399
-5144
-4960
-4919
-4621
-4039
-3578
-3251
-2833
-2324
-1970
-1703
-1357
-909
-528
-316
-153
207
549
848
1040
1418
1848
2140
2561
3125
3680
4073
4534
5072
5615
6000
6214
6441
6760
6882
6766
6688
6548
6213
5772
5278
4916
4544
4079
3591
3251
3010
2637
2302
2074
1817
1470
1110
925
781
341
-176
-529
-939
-1542
-2175
-2657
-3028
-3400
-3966
-4155
-4209
-4343
-4440
-4412
-4128
-3861
-3685
-3382
-2942
-2683
-2666
-2607
-2499
-2447
-2646
-2897
-3003
-3136
-3451
-3746
-3773
-3807
-4011
-4145
-4069
-3964
-3857
-3700
-3284
-2864
-2522
-2246
-1816
-1290
-943
-781
-297
177
384
512
804
1191
1366
1514
1733
2059
2275
2349
2661
3233
3681
3958
4312
4792
5241
5553
5871
6194
6429
6424
6320
6255
6127
5773
5305
4986
4588
4026
3378
2900
2491
2056
1614
1326
1149
873
491
259
76
-189
-611
-969
-1279
-1738
-2307
-2846
-3113
-3455
-3997
-4292
-4470
-4565
-4675
-4662
-4394
-4154
-3956
-3658
-3192
-2858
-2543
-2432
-2242
-1966
-1861
-1872
-1933
-1952
-2050
-2219
-2368
-2358
-2455
-2567
-2692
-2661
-2414
-2288
-2222
-1946
-1601
-1363
-1053
-660
-246
-62
96
359
664
809
749
837
1049
1162
1084
1199
1440
1546
1565
1744
2272
2643
2880
3189
3719
4228
4527
4827
5182
5447
5352
5204
5273
5122
4645
4192
3846
3442
2890
2340
1965
1672
1265
834
626
545
266
-123
-357
-431
-702
-1141
-1518
-1756
-2157
-2739
-3128
-3395
-3727
-4161
-4400
-4470
-4392
-4383
-4318
-4052
-3746
-3495
-3158
-2648
-2232
-1961
-1745
-1536
-1225
-1017
-1112
-1108
-1199
-1303
-1401
-1489
-1381
-1400
-1444
-1501
-1335
-1165
-1122
-1003
-770
-455
-245
28
338
596
672
646
822
1035
996
845
870
986
1012
891
967
1151
1166
1221
1474
2012
2350
2515
2892
3384
3724
3866
4139
4416
4510
4341
4244
4291
4075
3615
3171
2885
2527
2073
1627
1362
1039
625
333
207
125
-228
-521
-651
-771
-1014
-1403
-1666
-1980
-2486
-2877
-3087
-3381
-3719
-4022
-4168
-4217
-4058
-3846
-3626
-3345
-2977
-2516
-2027
-1515
-1055
-672
-550
-434
-175
63
25
-129
-183
-180
-306
-414
-367
-282
-419
-546
-336
-63
-34
-20
194
399
394
413
573
622
512
330
306
278
118
-200
-223
-171
-260
-343
-139
133
229
293
598
1108
1420
1603
1830
2240
2609
2754
2900
3050
3094
2986
2881
2851
2750
2378
1990
1834
1658
1382
1035
834
584
361
174
104
74
-154
-494
-775
-893
-1221
-1628
-1971
-2226
-2535
-2970
-3183
-3293
-3432
-3702
-3739
-3526
-3253
-3078
-2851
-2483
-2074
-1704
-1297
-681
-225
13
101
233
606
730
727
695
614
606
569
610
615
586
480
331
483
658
653
631
727
822
696
614
707
722
570
424
239
251
101
-237
-257
-185
-174
-276
-204
-13
22
58
285
660
904
954
1147
1513
1768
1893
2034
2248
2235
2160
2089
2088
1945
1716
1432
1218
1108
908
599
362
232
74
-62
-151
-143
-323
-598
-786
-872
-1013
-1343
-1731
-1898
-2093
-2411
-2672
-2745
-2726
-2844
-2891
-2703
-2350
-1966
-1745
-1399
-981
-585
-151
262
605
823
970
1135
1293
1376
1284
1099
1030
987
910
791
791
768
637
496
478
573
506
331
289
300
240
127
3
-36
-249
-378
-471
-496
-611
-745
-745
-783
-915
-1012
-898
-812
-752
-721
-514
-247
-44
50
201
517
795
974
1138
1290
1415
1469
1474
1449
1440
1323
1118
930
781
648
332
66
-45
-161
-334
-465
-444
-440
-671
-903
-836
-840
-1057
-1309
-1409
-1495
-1645
-1756
-1719
-1703
-1789
-1825
-1679
-1358
-1106
-985
-675
-223
72
359
801
1254
1471
1572
1666
1907
1990
1802
1667
1660
1489
1312
1114
1089
982
648
564
524
488
282
174
158
149
0
-67
-8
-13
-254
-469
-516
-511
-665
-983
-1080
-1025
-1122
-1315
-1373
-1234
-1152
-1261
-1152
-853
-607
-486
-292
39
411
556
754
996
1142
1203
1173
1246
1287
1066
828
780
766
493
263
255
235
-9
-212
-121
-42
-119
-274
-170
-53
-125
-383
-531
-443
-557
-857
-928
-878
-1007
-1140
-1126
-825
-674
-585
-367
-123
142
423
838
1184
1424
1504
1566
1737
1902
1786
1533
1405
1269
1041
800
626
477
230
-49
-143
-122
-120
-261
-441
-368
-284
-438
-482
-441
-371
-622
-826
-867
-916
-1201
-1529
-1691
-1730
-1876
-2055
-2002
-1914
-1888
-1951
-1666
-1295
-1104
-976
-593
-76
169
280
612
990
1015
895
857
956
822
540
498
533
393
81
33
189
145
45
202
576
648
549
637
893
848
634
505
436
268
-74
-273
-362
-526
-720
-855
-809
-554
-369
-168
133
499
917
1265
1597
1918
2157
2116
2049
2137
2102
1866
1519
1236
994
693
248
43
-50
-256
-514
-528
-314
-401
-560
-489
-236
-241
-439
-410
-383
-603
-981
-1150
-1154
-1434
-1957
-2186
-2182
-2304
-2559
-2623
-2484
-2392
-2328
-2125
-1653
-1177
-882
-630
-185
285
645
795
998
1206
1213
1080
1066
1069
815
472
314
405
357
177
207
435
575
634
921
1307
1509
1541
1549
1720
1746
1520
1211
1071
795
242
-114
-195
-366
-688
-836
-610
-318
-253
-27
461
1010
1298
1571
2008
2340
2302
2198
2219
2143
1855
1314
900
598
211
-301
-563
-777
-1078
-1359
-1451
-1261
-1092
-1104
-1071
-840
-697
-797
-902
-831
-940
-1360
-1764
-1883
-2054
-2489
-2878
-3073
-3196
-3399
-3467
-3302
-3046
-2904
-2669
-2120
-1561
-1117
-729
-252
229
637
842
1049
1337
1341
1172
1077
1050
887
653
481
496
594
625
721
908
1227
1359
1532
1939
2209
2263
2241
2289
2317
2145
1800
1508
1204
798
349
39
-74
-267
-483
-497
-243
18
197
500
939
1452
1712
2025
2416
2555
2350
2104
2058
1853
1300
774
438
55
-460
-938
-1087
-1221
-1477
-1609
-1502
-1300
-1272
-1278
-1114
-823
-915
-1124
-1139
-1198
-1449
-1953
-2242
-2426
-2788
-3206
-3443
-3501
-3600
-3595
-3404
-3072
-2754
-2545
-1945
-1247
-718
-205
249
744
1111
1415
1565
1688
1753
1566
1413
1343
1223
980
812
784
839
900
1004
1199
1571
1866
2076
2324
2644
2812
2788
2725
2695
2483
2077
1661
1312
865
281
-108
-300
-449
-667
-768
-581
-129
148
495
987
1533
1870
2078
2377
2549
2413
1999
1852
1544
1023
399
-94
-513
-1063
-1528
-1843
-1837
-1907
-2148
-2115
-1811
-1644
-1636
-1553
-1346
-1282
-1378
-1599
-1732
-2030
-2479
-2889
-3248
-3572
-3917
-4218
-4312
-4214
-4119
-3909
-3521
-3025
-2624
-2261
-1600
-843
-272
220
633
1066
1407
1565
1652
1839
1854
1617
1432
1447
1387
1190
1183
1284
1497
1566
1791
2200
2557
2819
3011
3420
3721
3743
3499
3360
3211
2754
2218
1810
1386
711
139
-173
-401
-612
-714
-582
-261
82
354
851
1392
1789
1928
2077
2340
2241
1825
1469
1203
719
15
-603
-1122
-1564
-2049
-2383
-2382
-2401
-2509
-2529
-2255
-1821
-1652
-1534
-1262
-1120
-1213
-1353
-1386
-1539
-2034
-2735
-3186
-3407
-3758
-4128
-4261
-4180
-4129
-4046
-3506
-2795
-2274
-1777
-1114
-188
520
915
1334
1759
1994
1926
2012
2077
1913
1674
1483
1421
1399
1256
1201
1361
1575
1835
2217
2711
3057
3302
3617
3938
4196
4111
3937
3713
3438
2915
2196
1692
1226
564
-138
-571
-698
-800
-987
-860
-481
-111
177
588
1068
1461
1667
1833
2035
1973
1622
1125
715
212
-461
-1098
-1671
-2122
-2619
-3041
-3195
-3089
-3044
-3060
-2795
-2353
-2092
-1912
-1611
-1394
-1392
-1635
-1775
-1817
-2198
-2788
-3318
-3644
-4014
-4447
-4681
-4597
-4454
-4364
-4058
-3425
-2792
-2263
-1624
-802
69
691
1234
1774
2215
2355
2302
2395
2439
2256
1964
1807
1842
1671
1581
1711
2014
2298
2538
2990
3586
4055
4371
4772
5036
5142
5001
4783
4543
3957
3171
2499
1864
1065
222
-407
-811
-1076
-1272
-1269
-1021
-703
-302
58
477
962
1291
1388
1434
1381
1166
614
31
-449
-1067
-1839
-2512
-2963
-3226
-3594
-3816
-3568
-3295
-3187
-2934
-2381
-1752
-1456
-1291
-980
-718
-824
-1098
-1250
-1514
-2063
-2674
-3060
-3364
-3707
-3939
-3974
-3881
-3748
-3453
-2893
-2162
-1497
-974
-342
407
1109
1524
1829
2232
2453
2428
2384
2411
2368
2071
1687
1623
1716
1621
1619
1896
2263
2607
2948
3519
4129
4462
4649
4970
5192
5155
4865
4515
4091
3386
2516
1757
1146
403
-405
-939
-1259
-1475
-1633
-1491
-1134
-789
-481
-79
474
785
1006
1089
1087
867
324
-311
-911
-1530
-2309
-2989
-3531
-3912
-4307
-4585
-4530
-4174
-3786
-3554
-3101
-2483
-2016
-1689
-1350
-1083
-992
-1195
-1421
-1595
-2011
-2614
-3179
-3568
-3857
-4124
-4272
-4161
-3914
-3665
-3178
-2392
-1590
-886
-180
634
1421
2034
2456
2913
3238
3289
3122
2944
2894
2640
2327
2145
2068
1990
1946
2176
2565
2987
3299
3840
4475
4977
5221
5387
5668
5601
5293
4707
4175
3567
2644
1708
946
180
-659
-1419
-1867
-2024
-2216
-2154
-1792
-1295
-904
-493
105
676
873
857
866
783
396
-292
-971
-1508
-2240
-3066
-3655
-3940
-4303
-4536
-4382
-4028
-3636
-3327
-2834
-2080
-1541
-1182
-770
-420
-342
-538
-827
-1031
-1460
-2140
-2732
-3172
-3492
-3863
-4081
-4033
-3910
-3656
-3140
-2437
-1619
-829
-116
679
1492
2131
2688
3030
3217
3348
3272
3149
3009
2754
2491
2174
2018
1990
2033
2179
2475
2846
3254
3745
4303
4939
5297
5467
5595
5601
5384
4827
4259
3532
2620
1719
817
-20
-850
-1690
-2249
-2494
-2524
-2508
-2232
-1737
-1336
-890
-388
229
554
615
570
448
47
-697
-1420
-2139
-2916
-3751
-4353
-4793
-5093
-5223
-5162
-4828
-4330
-3812
-3212
-2484
-1797
-1253
-838
-534
-404
-477
-740
-1095
-1550
-2103
-2629
-3188
-3538
-3889
-4129
-4011
-3780
-3409
-2777
-2018
-1189
-271
662
1559
2399
3083
3550
3888
4096
4108
3939
3657
3346
3050
2711
2354
2120
2010
2019
2126
2384
2817
3257
3745
4307
4795
5230
5527
5577
5476
5185
4623
3901
3095
2137
1210
223
-687
-1501
-2244
-2824
-3097
-3022
-2851
-2553
-2011
-1375
-682
-170
322
865
1010
958
717
266
-371
-1065
-1808
-2655
-3501
-4203
-4629
-4861
-4940
-4886
-4479
-3944
-3406
-2734
-2024
-1308
-741
-405
-53
55
-27
-275
-693
-1217
-1841
-2469
-3061
-3547
-3896
-4025
-3997
-3716
-3286
-2590
-1803
-902
59
1011
1963
2692
3406
3938
4311
4374
4296
4140
3860
3458
2939
2617
2250
1881
1700
1718
1875
2197
2695
3084
3628
4223
4759
5243
5520
5525
5253
4922
4393
3671
2704
1628
588
-425
-1434
-2315
-2938
-3390
-3620
-3602
-3261
-2748
-2175
-1560
-940
-313
240
581
758
674
301
-200
-778
-1480
-2378
-3240
-4033
-4689
-5120
-5386
-5384
-5153
-4785
-4268
-3571
-2834
-2063
-1338
-774
-339
-52
-6
-73
-304
-721
-1349
-1969
-2493
-2991
-3468
-3748
-3719
-3572
-3271
-2710
-1922
-962
-20
868
1939
2938
3734
4285
4786
5058
5036
4781
4532
4169
3580
2965
2563
2165
1716
1531
1579
1766
1897
2277
2908
3524
3980
4434
4923
5181
5105
4812
4457
3860
2962
1953
913
-142
-1252
-2234
-2946
-3507
-3910
-3981
-3726
-3287
-2694
-1915
-1117
-344
293
913
1223
1368
1257
851
244
-391
-1111
-2028
-3021
-3848
-4427
-4860
-5197
-5199
-4838
-4402
-3842
-3171
-2344
-1547
-928
-360
136
347
262
54
-254
-814
-1458
-2141
-2797
-3310
-3737
-3938
-3860
-3547
-3159
-2468
-1504
-514
545
1530
2536
3460
4182
4734
5190
5455
5374
5027
4623
4131
3503
2904
2395
2003
1667
1496
1544
1798
2074
2431
3005
3692
4241
4614
4883
5075
4913
4460
3965
3294
2364
1239
78
-1053
-2071
-3029
-3740
-4100
-4421
-4446
-4055
-3568
-2803
-2062
-1213
-411
241
683
1006
1099
853
380
-282
-1012
-1881
-2848
-3653
-4363
-4923
-5333
-5509
-5327
-4905
-4418
-3763
-2939
-2079
-1400
-805
-236
157
325
210
-36
-388
-883
-1597
-2215
-2744
-3226
-3568
-3636
-3520
-3186
-2595
-1820
-902
64
1036
2119
3188
4019
4662
5087
5354
5433
5295
4979
4455
3952
3308
2674
2196
1724
1408
1316
1414
1669
2096
2573
3136
3726
4203
4630
4938
4940
4797
4288
3633
2767
1815
711
-410
-1436
-2425
-3206
-3843
-4125
-4117
-3981
-3597
-2951
-2193
-1392
-588
154
791
1167
1226
1175
899
349
-327
-1056
-1882
-2835
-3742
-4428
-4812
-5034
-5128
-4973
-4465
-3931
-3268
-2451
-1594
-897
-371
103
353
427
197
-107
-615
-1175
-1841
-2421
-2977
-3318
-3496
-3531
-3232
-2799
-2183
-1388
-410
614
1622
2572
3454
4285
4903
5252
5366
5331
5144
4610
4102
3632
3009
2344
1858
1586
1383
1309
1466
1826
2179
2648
3239
3798
4246
4470
4624
4599
4233
3608
2936
2162
1098
-37
-1027
-1899
-2809
-3591
-3994
-4222
-4313
-4116
-3570
-2898
-2212
-1460
-576
170
571
856
1046
925
447
-118
-790
-1575
-2427
-3205
-3920
-4509
-4838
-5048
-4940
-4672
-4238
-3577
-2881
-2135
-1427
-727
-205
115
243
248
94
-378
-934
-1439
-1979
-2539
-3018
-3239
-3346
-3381
-3077
-2479
-1802
-982
-84
980
1977
2799
3590
4264
4677
4890
4954
4874
4660
4157
3726
3253
2700
2201
1899
1713
1586
1598
1846
2192
2640
3071
3544
4020
4264
4384
4431
4290
3838
3279
2564
1777
782
-300
-1166
-1995
-2862
-3416
-3704
-3827
-3871
-3575
-3019
-2392
-1845
-1151
-455
82
510
800
934
662
277
-244
-819
-1542
-2348
-3062
-3666
-4139
-4418
-4408
-4211
-3880
-3393
-2805
-2089
-1445
-854
-209
181
431
541
447
229
-267
-782
-1336
-1841
-2317
-2711
-2870
-3027
-2839
-2466
-2007
-1427
-665
192
1001
1856
2674
3391
3901
4239
4489
4455
4276
4011
3558
3099
2639
2177
1905
1568
1366
1319
1402
1739
2014
2421
2835
3239
3666
3962
4158
4130
3917
3495
2872
2115
1318
473
-501
-1444
-2209
-2873
-3419
-3744
-3891
-3806
-3530
-3066
-2412
-1804
-1256
-616
-40
403
578
547
413
-22
-624
-1232
-1802
-2424
-3124
-3683
-4005
-4244
-4303
-4071
-3650
-3167
-2583
-1940
-1282
-674
-174
112
274
329
187
-43
-421
-898
-1442
-1949
-2290
-2619
-2816
-2940
-2782
-2432
-1880
-1297
-583
258
929
1709
2426
3063
3465
3780
3977
3984
3879
3696
3359
2956
2558
2156
1868
1636
1654
1681
1850
2074
2365
2722
3041
3443
3734
3919
3994
3918
3717
3329
2787
2123
1377
597
-383
-1235
-1902
-2535
-2965
-3284
-3387
-3363
-3149
-2811
-2200
-1563
-993
-410
90
524
579
579
471
207
-263
-861
-1416
-1853
-2385
-2908
-3156
-3277
-3289
-3139
-2783
-2297
-1773
-1254
-737
-172
318
393
448
496
264
-107
-512
-889
-1372
-1922
-2466
-2711
-2777
-2824
-2761
-2412
-1877
-1433
-862
-104
607
1200
1708
2250
2645
2875
2960
2995
2930
2695
2389
2168
1971
1649
1425
1456
1544
1563
1734
2001
2347
2597
2850
3210
3446
3502
3518
3407
3134
2768
2255
1625
995
282
-416
-1073
-1639
-2161
-2573
-2812
-3001
-2964
-2702
-2427
-2022
-1493
-1026
-571
-227
35
253
289
109
-88
-340
-793
-1377
-1696
-1983
-2381
-2723
-2756
-2588
-2535
-2371
-1984
-1456
-1125
-756
-322
13
139
60
110
69
-297
-779
-1059
-1391
-1797
-2178
-2345
-2383
-2543
-2512
-2186
-1829
-1454
-994
-359
248
667
1099
1574
1941
2097
2222
2346
2345
2190
2021
1985
1903
1744
1622
1688
1783
1793
1931
2168
2371
2583
2890
3146
3334
3393
3345
3222
3058
2802
2359
1866
1257
698
131
-514
-1096
-1506
-1894
-2212
-2349
-2311
-2078
-1843
-1561
-1150
-671
-367
-139
112
326
361
180
75
-36
-390
-933
-1194
-1451
-1785
-2034
-2094
-1951
-1935
-1840
-1484
-1099
-815
-622
-378
-65
19
-22
-45
-84
-402
-832
-1148
-1435
-1830
-2171
-2325
-2382
-2427
-2407
-2185
-1789
-1387
-1015
-532
-40
390
716
1048
1424
1528
1603
1708
1760
1639
1540
1513
1491
1445
1343
1461
1534
1610
1730
1880
2100
2271
2450
2630
2823
2916
2936
2801
2634
2437
2114
1631
1011
408
-104
-569
-1021
-1479
-1779
-1938
-2080
-2100
-1959
-1629
-1463
-1323
-1009
-682
-454
-250
-22
117
90
80
-6
-284
-677
-988
-1149
-1281
-1515
-1625
-1435
-1303
-1214
-987
-642
-290
-155
-109
66
143
44
-41
2
-193
-601
-1027
-1333
-1554
-2004
-2329
-2427
-2471
-2502
-2460
-2186
-1895
-1577
-1217
-794
-280
32
297
628
867
966
994
1130
1205
1240
1262
1246
1274
1369
1220
1219
1509
1893
2111
2349
2626
2825
2874
2764
2818
2988
2863
2717
2608
2424
2090
1580
1173
732
198
-307
-589
-829
-1117
-1336
-1356
-1363
-1326
-1299
-1175
-846
-676
-519
-294
-20
84
59
50
124
7
-108
-346
-569
-740
-835
-1026
-1159
-1143
-1111
-982
-884
-543
-241
-30
57
54
16
-95
-219
-340
-481
-714
-988
-1133
-1355
-1671
-1968
-2098
-2057
-2098
-2143
-1891
-1537
-1389
-1250
-952
-613
-459
-319
-77
281
442
436
478
684
697
622
745
956
1011
928
1138
1401
1620
1643
1748
2004
2090
2084
2260
2518
2482
2336
2206
2152
1878
1587
1366
1104
709
275
-6
-331
-602
-842
-990
-1021
-1055
-1016
-891
-718
-557
-416
-320
-170
-16
210
206
120
105
-14
-193
-455
-625
-694
-762
-1000
-1065
-911
-877
-843
-697
-438
-348
-336
-279
-226
-354
-476
-554
-677
-853
-1084
-1287
-1510
-1773
-1997
-2082
-2004
-1902
-2012
-1998
-1722
-1499
-1367
-1156
-864
-618
-473
-287
57
308
413
562
700
859
898
1009
1092
1292
1346
1331
1485
1684
1811
1912
2049
2276
2436
2313
2341
2406
2379
2240
2055
2047
1917
1527
1249
1046
791
320
35
-76
-292
-606
-797
-776
-803
-794
-697
-374
-135
-12
95
334
585
585
527
563
520
182
-127
-210
-384
-615
-770
-894
-860
-884
-864
-685
-520
-395
-408
-365
-280
-351
-431
-560
-712
-944
-1198
-1406
-1621
-1836
-2013
-2144
-2414
-2340
-2263
-2232
-2057
-1846
-1590
-1378
-1100
-754
-530
-451
-237
81
316
371
514
650
626
592
658
896
1010
1044
1150
1418
1606
1671
1780
1971
2173
2145
2163
2332
2348
2194
2034
1930
1844
1555
1165
912
602
170
-124
-330
-498
-697
-884
-877
-811
-771
-728
-548
-318
-206
-75
151
354
462
446
331
371
151
-101
-230
-398
-484
-623
-829
-914
-833
-794
-754
-518
-311
-262
-227
-131
-65
-137
-321
-512
-687
-980
-1263
-1543
-1803
-2067
-2313
-2376
-2364
-2363
-2451
-2352
-2083
-1819
-1569
-1275
-887
-624
-534
-264
62
221
345
380
520
653
644
721
882
1041
1052
1107
1378
1593
1785
1944
2109
2374
2510
2586
2722
2840
2785
2768
2695
2576
2322
1991
1738
1415
1055
663
421
15
-257
-440
-585
-562
-534
-430
-239
50
262
389
446
552
647
618
473
352
251
-89
-445
-603
-838
-1100
-1364
-1423
-1351
-1325
-1313
-1104
-889
-898
-834
-708
-601
-599
-671
-782
-977
-1255
-1561
-1853
-2169
-2456
-2682
-2786
-2761
-2654
-2549
-2436
-2189
-1802
-1407
-1039
-599
-246
-7
150
372
664
799
846
901
892
903
823
848
992
1045
1103
1152
1413
1648
1759
1932
2136
2344
2342
2470
2616
2600
2454
2348
2153
1925
1572
1238
875
406
-4
-343
-560
-824
-1009
-1090
-1093
-986
-799
-505
-218
-64
157
412
565
706
781
799
644
405
223
-16
-354
-542
-767
-999
-1096
-1100
-961
-917
-840
-647
-442
-361
-278
-188
-140
-316
-536
-684
-947
-1348
-1821
-2158
-2435
-2798
-3000
-3060
-3042
-2972
-2910
-2538
-2118
-1783
-1408
-924
-529
-216
54
373
577
692
742
879
909
878
892
946
1087
1095
1154
1379
1578
1874
2149
2405
2704
2888
2992
3173
3270
3275
3294
3136
2886
2609
2251
1807
1476
996
484
48
-371
-524
-709
-836
-839
-778
-627
-385
-216
114
393
368
487
603
632
502
281
17
-227
-608
-934
-1137
-1289
-1507
-1656
-1592
-1479
-1391
-1270
-978
-635
-511
-452
-312
-251
-415
-694
-848
-1126
-1481
-1872
-2266
-2619
-2947
-3122
-3255
-3113
-3018
-2860
-2448
-1967
-1595
-1155
-636
-211
119
392
672
801
844
898
892
772
801
730
701
784
926
1076
1171
1409
1642
1936
2224
2603
2907
3010
3192
3262
3305
3167
2823
2572
2229
1797
1301
839
475
64
-347
-599
-756
-896
-954
-923
-730
-515
-306
-42
217
475
625
670
617
628
514
277
15
-304
-622
-1007
-1282
-1421
-1642
-1746
-1701
-1510
-1352
-1193
-803
-488
-291
-228
-105
-59
-269
-629
-934
-1267
-1731
-2218
-2558
-2760
-3142
-3385
-3475
-3370
-3123
-2949
-2605
-2102
-1587
-983
-461
45
396
631
849
961
1055
1046
999
946
837
810
774
993
1167
1346
1562
1794
2149
2464
2800
3172
3498
3543
3578
3722
3656
3416
3211
2909
2605
2102
1538
1135
690
203
-193
-428
-560
-681
-722
-725
-607
-452
-287
0
242
411
533
597
551
574
379
155
-133
-480
-819
-1117
-1349
-1535
-1725
-1811
-1806
-1630
-1301
-1108
-837
-483
-400
-342
-204
-101
-308
-646
-1010
-1365
-1677
-2200
-2656
-3136
-3441
-3646
-3800
-3609
-3427
-3181
-2874
-2524
-1990
-1402
-810
-366
-68
241
565
850
972
1008
1013
921
756
650
771
969
1123
1325
1609
1939
2334
2654
2896
3136
3406
3615
3762
3883
3706
3447
3174
2786
2414
1972
1496
959
512
243
-48
-327
-581
-694
-802
-856
-858
-593
-463
-491
-303
-220
-119
-207
-251
-178
-310
-559
-765
-811
-930
-1214
-1339
-1269
-1256
-1314
-1233
-1026
-949
-828
-566
-325
-181
-190
-260
-384
-566
-854
-1104
-1333
-1684
-1992
-2368
-2606
-2812
-2955
-2942
-2869
-2667
-2402
-2165
-1801
-1400
-1154
-841
-394
-94
83
242
352
458
430
461
500
576
704
762
939
1297
1668
1949
2327
2718
3021
3287
3658
3941
4080
4040
3997
3987
3706
3358
2918
2502
2024
1477
1144
829
476
229
12
-145
-240
-360
-349
-250
-261
-212
-182
-84
4
-14
-46
-157
-295
-433
-597
-859
-1133
-1318
-1662
-1816
-1824
-1807
-1753
-1794
-1653
-1352
-968
-734
-564
-293
-242
-388
-365
-441
-643
-1019
-1388
-1684
-2100
-2619
-2859
-3024
-3301
-3310
-3256
-2998
-2710
-2513
-2085
-1558
-1253
-929
-490
-64
124
273
448
581
552
525
564
562
579
657
816
1042
1338
1634
2004
2351
2710
3074
3462
3665
3810
3919
3804
3696
3504
3228
2869
2462
2000
1581
1131
697
288
-46
-254
-439
-545
-559
-556
-626
-579
-468
-453
-361
-261
-272
-298
-364
-472
-537
-658
-813
-956
-932
-1042
-1217
-1247
-1287
-1230
-1240
-1184
-1007
-825
-713
-571
-408
-289
-246
-323
-377
-447
-723
-1053
-1334
-1658
-2099
-2359
-2491
-2672
-2778
-2892
-2755
-2635
-2487
-2214
-1956
-1553
-1196
-863
-463
-119
59
260
445
607
649
638
714
762
869
1002
1225
1556
1841
2089
2498
2876
3234
3524
3720
3889
4061
4077
3991
3845
3630
3233
2770
2417
1980
1550
1138
741
416
86
-166
-132
-263
-472
-493
-514
-524
-519
-598
-568
-478
-514
-537
-559
-587
-626
-784
-937
-1037
-1154
-1240
-1334
-1446
-1448
-1367
-1318
-1273
-1095
-948
-798
-629
-332
-231
-215
-179
-312
-472
-807
-1105
-1383
-1768
-2177
-2429
-2675
-2851
-2989
-3114
-3067
-2887
-2778
-2474
-2054
-1701
-1402
-1123
-745
-430
-249
-196
-2
101
102
249
413
507
671
902
1200
1568
1879
2185
2553
2898
3126
3334
3517
3629
3658
3617
3608
3449
3190
2886
2538
2236
1930
1538
1132
742
386
121
-193
-453
-524
-645
-695
-712
-709
-656
-663
-655
-611
-564
-573
-643
-676
-713
-818
-879
-838
-914
-1023
-1048
-1015
-905
-806
-698
-602
-405
-283
-204
-33
83
120
89
-6
-143
-384
-641
-955
-1236
-1530
-1905
-2132
-2337
-2492
-2656
-2769
-2618
-2501
-2442
-2198
-2014
-1715
-1402
-1120
-858
-631
-466
-364
-142
90
192
305
420
617
853
1108
1468
1776
2124
2350
2677
2955
3196
3438
3563
3708
3714
3710
3653
3498
3269
2892
2536
2265
2050
1725
1385
1102
790
468
109
-28
-243
-458
-579
-741
-782
-888
-1006
-1114
-1164
-1143
-1054
-1046
-975
-1014
-1030
-964
-902
-860
-884
-924
-922
-851
-858
-730
-693
-677
-587
-538
-365
-317
-312
-316
-385
-523
-651
-842
-1032
-1270
-1615
-1858
-2124
-2227
-2383
-2620
-2725
-2697
-2665
-2542
-2399
-2198
-1998
-1845
-1570
-1178
-860
-730
-585
-319
-92
32
239
536
808
1053
1344
1682
1958
2170
2370
2774
3079
3279
3518
3585
3606
3623
3612
3489
3260
2977
2609
2364
2176
1873
1518
1159
847
555
193
-111
-393
-697
-959
-1282
-1438
-1533
-1545
-1532
-1553
-1513
-1451
-1360
-1199
-1065
-1021
-945
-772
-574
-434
-466
-432
-302
-230
-131
-103
18
60
-3
-45
110
276
277
167
36
-33
-139
-278
-501
-708
-922
-1224
-1487
-1711
-2074
-2273
-2348
-2365
-2424
-2329
-2068
-1857
-1770
-1747
-1512
-1331
-1209
-1089
-946
-582
-243
-55
258
665
894
1035
1323
1712
2099
2428
2729
2981
3110
3245
3479
3544
3354
3244
3103
2958
2807
2504
2147
1801
1540
1307
1014
739
561
410
289
94
-86
-346
-580
-767
-971
-1159
-1353
-1491
-1588
-1606
-1711
-1787
-1580
-1363
-1184
-994
-750
-550
-403
-203
-57
13
86
272
513
678
706
781
717
627
481
244
92
-164
-294
-392
-621
-763
-1004
-1272
-1565
-1813
-1911
-2115
-2307
-2454
-2518
-2560
-2598
-2649
-2618
-2584
-2516
-2358
-2107
-1840
-1644
-1483
-1252
-911
-715
-457
-99
259
654
1064
1414
1777
2114
2376
2732
3025
3289
3479
3698
3772
3713
3623
3473
3280
2996
2688
2287
1966
1701
1415
1032
721
435
162
-116
-304
-513
-764
-959
-1093
-1206
-1387
-1482
-1554
-1550
-1536
-1492
-1373
-1376
-1290
-1101
-856
-666
-496
-294
-147
82
209
406
540
513
651
791
790
729
826
828
613
337
194
76
-231
-578
-816
-1029
-1281
-1479
-1663
-1869
-2089
-2227
-2262
-2143
-2201
-2220
-2112
-2025
-1969
-1902
-1641
-1491
-1483
-1368
-1027
-792
-585
-357
48
370
707
1144
1541
1914
2195
2598
2962
3224
3363
3566
3579
3462
3386
3324
3148
2931
2612
2295
2116
1886
1611
1309
997
757
509
284
45
-235
-502
-781
-1056
-1306
-1410
-1586
-1786
-1947
-1963
-1906
-1847
-1760
-1570
-1397
-1213
-959
-673
-359
-219
-129
88
301
382
519
525
511
568
501
464
541
432
282
151
44
-52
-261
-544
-737
-953
-1253
-1470
-1654
-1845
-2063
-2300
-2422
-2503
-2660
-2680
-2676
-2668
-2598
-2380
-2178
-1920
-1702
-1479
-1220
-990
-790
-450
-49
283
683
1124
1502
1855
2219
2442
2701
2889
3093
3322
3441
3494
3478
3377
3197
3018
2820
2573
2380
2151
1835
1629
1214
899
767
499
150
-187
-388
-670
-940
-1100
-1268
-1532
-1663
-1756
-1784
-1718
-1661
-1499
-1325
-1163
-913
-599
-312
-130
12
140
293
498
600
633
693
625
597
595
641
628
601
440
264
218
103
-54
-339
-617
-902
-1108
-1298
-1490
-1763
-2033
-2241
-2430
-2538
-2621
-2678
-2612
-2509
-2440
-2314
-2057
-1843
-1675
-1455
-1196
-824
-610
-337
93
565
895
1199
1639
2043
2346
2613
2932
3142
3261
3324
3525
3582
3492
3354
3240
3092
2795
2543
2307
2064
1653
1383
1031
778
500
165
-106
-474
-709
-988
-1198
-1388
-1639
-1796
-1875
-2006
-2015
-1902
-1793
-1727
-1510
-1322
-1047
-742
-494
-222
13
218
330
516
637
739
740
667
676
763
801
757
643
520
412
246
138
-55
-322
-575
-930
-1191
-1454
-1714
-2022
-2304
-2560
-2807
-2902
-2968
-3029
-3109
-3050
-2992
-2868
-2686
-2484
-2278
-2080
-1814
-1387
-1056
-632
-232
119
582
986
1461
1854
2234
2628
2896
3223
3467
3618
3685
3693
3657
3527
3356
3127
2956
2793
2533
2294
2071
1844
1510
1175
944
684
374
107
-110
-470
-734
-1025
-1213
-1399
-1624
-1804
-1859
-1851
-1841
-1710
-1530
-1358
-1082
-739
-394
-26
208
454
621
836
904
1028
1135
983
886
935
864
776
726
586
339
120
-18
-276
-500
-810
-992
-1151
-1441
-1658
-1833
-2069
-2289
-2502
-2569
-2605
-2703
-2789
-2753
-2728
-2682
-2549
-2388
-2179
-2002
-1741
-1453
-1122
-717
-277
175
684
1138
1532
2071
2533
2785
3092
3426
3614
3688
3773
3736
3604
3436
3197
2962
2774
2473
2146
1899
1604
1370
1111
969
758
501
190
-110
-337
-683
-950
-1184
-1441
-1742
-1977
-2107
-2276
-2359
-2354
-2251
-2014
-1849
-1469
-1063
-657
-244
59
464
747
942
1089
1266
1329
1322
1250
1173
1162
994
810
575
355
220
46
-254
-474
-651
-857
-1050
-1226
-1436
-1696
-1904
-2091
-2290
-2536
-2805
-2935
-3108
-3269
-3325
-3454
-3256
-3140
-3007
-2738
-2511
-2093
-1789
-1273
-759
-262
317
871
1404
1919
2337
2764
3093
3365
3660
3708
3781
3827
3739
3676
3503
3261
3033
2868
2680
2502
2324
2129
1857
1652
1486
1194
882
646
341
-63
-402
-802
-1148
-1559
-1752
-1937
-2155
-2172
-2206
-2084
-1936
-1748
-1424
-1074
-644
-213
39
360
732
962
1122
1202
1276
1332
1248
1104
971
793
548
400
235
58
-182
-315
-473
-648
-796
-1033
-1207
-1407
-1655
-1747
-1917
-2108
-2383
-2600
-2751
-2986
-3096
-3214
-3317
-3341
-3184
-3013
-2614
-2306
-1981
-1590
-1184
-642
-77
494
1079
1624
2068
2538
2967
3328
3564
3680
3707
3750
3744
3697
3568
3392
3158
2903
2698
2502
2316
2126
1877
1655
1441
1194
901
693
371
-32
-398
-725
-1076
-1427
-1743
-2122
-2350
-2523
-2570
-2563
-2476
-2221
-2039
-1681
-1326
-907
-475
-80
348
620
1015
1244
1379
1550
1487
1424
1304
1149
973
954
779
561
367
119
-138
-428
-594
-738
-1013
-1240
-1387
-1636
-1881
-2134
-2279
-2550
-2845
-3116
-3256
-3411
-3537
-3610
-3598
-3534
-3401
-3193
-2917
-2593
-2201
-1827
-1277
-598
-49
634
1230
1827
2248
2733
3277
3638
3841
4003
4133
4105
4061
3989
3799
3600
3314
3066
2914
2671
2396
2212
2084
1838
1562
1440
1187
876
570
188
-189
-607
-1025
-1388
-1656
-2089
-2382
-2541
-2656
-2684
-2639
-2317
-1991
-1608
-1121
-577
-112
367
808
1201
1457
1633
1828
1853
1827
1647
1448
1223
1019
860
632
403
169
-72
-294
-427
-645
-812
-955
-1153
-1391
-1626
-1750
-1954
-2222
-2549
-2847
-3146
-3425
-3651
-3794
-3856
-3874
-3803
-3563
-3238
-2906
-2537
-2019
-1506
-940
-231
394
1101
1689
2215
2806
3220
3536
3761
3861
3926
4069
4068
3951
3784
3542
3323
3170
2959
2777
2534
2236
2076
1927
1699
1486
1240
941
656
284
-120
-495
-909
-1359
-1797
-2206
-2485
-2742
-2970
-3065
-3114
-2870
-2560
-2259
-1811
-1297
-807
-278
254
721
1170
1490
1655
1715
1805
1835
1644
1407
1124
939
742
447
256
10
-222
-423
-557
-667
-807
-968
-1193
-1381
-1534
-1679
-1877
-2211
-2541
-2877
-3207
-3511
-3703
-3914
-4032
-4078
-3978
-3764
-3497
-3049
-2568
-2101
-1532
-806
-45
642
1235
1876
2426
2865
3293
3705
3924
4058
4130
4062
3979
3904
3715
3523
3313
3054
2839
2743
2550
2350
2228
2199
2020
1838
1655
1326
1002
622
104
-352
-809
-1293
-1639
-2018
-2405
-2654
-2703
-2811
-2779
-2602
-2279
-1848
-1474
-973
-466
132
593
1021
1416
1782
1887
1962
2013
1903
1785
1628
1433
1164
870
476
208
-14
-239
-437
-642
-714
-880
-1044
-1162
-1315
-1496
-1726
-2043
-2366
-2646
-2926
-3291
-3491
-3779
-4005
-4017
-4151
-4071
-3839
-3567
-3239
-2744
-2169
-1521
-843
-195
592
1279
1867
2502
3005
3386
3750
4059
4196
4162
4102
3978
3818
3521
3332
3156
2997
2747
2577
2404
2262
2124
1915
1869
1664
1353
1037
730
313
-186
-633
-1152
-1658
-2106
-2502
-2894
-3206
-3419
-3443
-3299
-3068
-2780
-2358
-1849
-1362
-761
-148
443
904
1328
1755
1994
2187
2233
2152
2029
1758
1492
1231
1054
798
479
255
3
-187
-337
-440
-627
-699
-870
-1035
-1251
-1504
-1751
-2093
-2440
-2845
-3213
-3603
-3939
-4214
-4344
-4434
-4430
-4284
-4118
-3706
-3245
-2677
-1991
-1261
-483
256
1031
1737
2393
2989
3413
3734
4029
4157
4190
4243
4149
4014
3814
3511
3336
3211
3106
2953
2887
2770
2600
2504
2401
2235
2034
1802
1436
993
470
-16
-522
-1057
-1566
-2140
-2560
-2880
-3092
-3193
-3247
-3102
-2849
-2496
-1988
-1388
-830
-338
331
915
1376
1803
2108
2220
2188
2167
2042
1787
1520
1197
839
605
356
151
-9
-151
-357
-436
-429
-473
-587
-771
-918
-1147
-1444
-1742
-2090
-2576
-3035
-3391
-3717
-3986
-4243
-4437
-4448
-4331
-4070
-3685
-3256
-2736
-2144
-1516
-728
-1
709
1429
2040
2520
2876
3222
3390
3475
3496
3495
3463
3422
3305
3107
2997
2847
2690
2569
2477
2424
2291
2223
2142
1978
1792
1527
1167
727
310
-214
-696
-1156
-1616
-2092
-2473
-2798
-2989
-3149
-3131
-2967
-2737
-2357
-1978
-1487
-911
-381
114
700
1195
1608
1845
2088
2181
2136
1958
1865
1657
1337
1098
881
738
570
364
180
26
-110
-128
-268
-363
-490
-746
-1012
-1234
-1616
-2023
-2396
-2853
-3265
-3636
-3930
-4143
-4234
-4331
-4227
-3985
-3745
-3363
-2898
-2321
-1718
-1103
-428
227
862
1418
1876
2302
2686
2997
3130
3278
3400
3438
3450
3475
3430
3312
3211
3144
3064
2947
2793
2695
2600
2372
2168
1873
1592
1240
878
476
49
-403
-823
-1197
-1500
-1825
-2110
-2233
-2421
-2418
-2266
-2186
-1949
-1725
-1438
-1027
-565
-96
256
689
1078
1468
1733
1970
2141
2169
2123
2033
1896
1763
1583
1289
1113
881
672
409
222
72
-152
-321
-551
-800
-1069
-1413
-1722
-2015
-2353
-2654
-3028
-3358
-3686
-3954
-4127
-4193
-4208
-4144
-3990
-3773
-3428
-3035
-2523
-1932
-1340
-844
-239
399
848
1342
1773
2143
2416
2650
2829
3039
3096
3189
3250
3208
3192
3211
3132
2936
2844
2680
2549
2347
2133
1831
1518
1119
711
335
-83
-400
-797
-1087
-1398
-1663
-1876
-2096
-2327
-2403
-2406
-2367
-2246
-2034
-1757
-1502
-1203
-803
-377
32
498
890
1271
1517
1699
1955
2162
2238
2289
2368
2390
2287
2052
1919
1751
1441
1174
912
752
448
96
-166
-505
-880
-1274
-1616
-1876
-2237
-2677
-2913
-3147
-3417
-3573
-3738
-3745
-3772
-3838
-3771
-3558
-3411
-3211
-2872
-2421
-2049
-1644
-1178
-700
-190
331
867
1444
1883
2273
2557
2813
3054
3217
3401
3486
3582
3546
3435
3309
3159
2862
2569
2328
2124
1885
1627
1363
1007
765
486
179
-31
-224
-461
-694
-949
-1142
-1345
-1450
-1540
-1650
-1652
-1569
-1495
-1356
-1186
-994
-655
-339
-24
375
860
1278
1506
1784
2060
2216
2391
2488
2460
2352
2159
1970
1687
1394
1087
712
304
-73
-404
-796
-1063
-1364
-1775
-2020
-2221
-2450
-2652
-2813
-2931
-3102
-3220
-3316
-3367
-3408
-3523
-3557
-3555
-3438
-3255
-3079
-2814
-2445
-2137
-1759
-1236
-688
-176
413
1014
1619
2098
2543
2983
3309
3531
3715
3728
3723
3535
3244
3007
2684
2325
2003
1612
1273
955
622
438
319
152
-75
-219
-305
-435
-589
-640
-767
-955
-1055
-1245
-1393
-1526
-1754
-1906
-1957
-1862
-1742
-1522
-1188
-766
-333
125
727
1348
1920
2380
2815
3156
3327
3422
3444
3375
3136
2784
2413
2093
1644
1124
640
129
-394
-738
-1053
-1303
-1567
-1811
-1932
-2113
-2289
-2516
-2647
-2739
-2950
-3110
-3189
-3296
-3529
-3796
-3764
-3874
-3956
-3784
-3666
-3366
-3053
-2594
-1854
-1178
-549
115
828
1550
2154
2666
3251
3692
3965
4170
4278
4270
4069
3832
3608
3281
2881
2463
2142
1781
1379
1085
868
725
572
399
337
345
259
146
29
-123
-385
-679
-968
-1298
-1579
-1774
-2011
-2213
-2165
-2066
-1970
-1791
-1454
-987
-519
83
746
1308
1856
2429
2855
3075
3228
3306
3280
3185
2879
2484
2082
1503
879
398
45
-408
-880
-1160
-1425
-1688
-1919
-2066
-2077
-2261
-2445
-2495
-2616
-2818
-2998
-3156
-3353
-3521
-3779
-3893
-4009
-4183
-4230
-4103
-3839
-3543
-3075
-2533
-1962
-1312
-677
146
966
1639
2316
2887
3361
3753
3947
4085
4119
4003
3791
3532
3241
2866
2472
2034
1645
1272
990
840
715
612
550
514
460
472
409
241
119
-71
-331
-623
-857
-1123
-1402
-1749
-1935
-1972
-2000
-2030
-1845
-1523
-1236
-799
-231
488
1158
1748
2309
2835
3195
3422
3545
3658
3596
3289
3008
2682
2215
1696
1130
637
92
-410
-857
-1195
-1485
-1759
-1991
-2108
-2183
-2305
-2349
-2436
-2663
-2841
-3078
-3215
-3314
-3481
-3638
-3776
-3932
-4028
-4013
-3874
-3636
-3397
-3014
-2479
-1870
-1152
-411
404
1193
1893
2548
3203
3765
4069
4349
4389
4401
4293
4115
3763
3361
2857
2350
1831
1516
1256
960
789
559
532
450
410
388
376
340
303
122
41
-184
-505
-748
-1144
-1511
-1772
-1995
-2159
-2186
-2077
-1905
-1704
-1259
-720
-100
501
1064
1722
2335
2820
3206
3433
3588
3472
3190
2978
2651
2199
1698
1152
566
-3
-542
-988
-1394
-1870
-2220
-2385
-2512
-2518
-2686
-2738
-2740
-2853
-2960
-3038
-3128
-3271
-3514
-3681
-3753
-3883
-4035
-4118
-4006
-3856
-3586
-3231
-2674
-2068
-1426
-685
169
902
1612
2314
2973
3480
3958
4333
4501
4591
4455
4248
3947
3566
3076
2602
2096
1654
1230
929
712
478
263
135
96
83
148
107
95
144
23
-104
-336
-632
-932
-1231
-1582
-1788
-1913
-2080
-2003
-1812
-1656
-1323
-905
-319
345
950
1601
2226
2837
3279
3595
3923
4017
3976
3811
3487
3151
2632
2026
1382
742
98
-508
-1040
-1485
-1874
-2301
-2503
-2607
-2770
-2929
-2893
-2880
-2987
-3057
-3158
-3211
-3360
-3484
-3528
-3572
-3763
-3857
-3799
-3763
-3595
-3318
-2839
-2369
-1800
-1189
-432
385
1127
1938
2690
3373
3909
4360
4693
4845
4788
4615
4361
3929
3446
2930
2382
1919
1376
903
603
399
150
-14
-100
-127
-185
-203
-178
-197
-214
-334
-460
-661
-932
-1234
-1509
-1758
-1973
-2067
-2099
-1994
-1965
-1754
-1336
-828
-242
375
974
1546
2120
2717
3182
3553
3796
3859
3796
3604
3340
2894
2354
1696
1035
450
-219
-875
-1364
-1852
-2337
-2689
-2950
-3082
-3224
-3268
-3265
-3236
-3233
-3191
-3156
-3206
-3353
-3385
-3332
-3404
-3528
-3643
-3595
-3490
-3327
-3087
-2614
-2104
-1616
-908
-105
664
1455
2227
2944
3559
4019
4395
4697
4767
4702
4513
4255
3902
3366
2723
2197
1660
1116
732
403
173
-95
-273
-268
-318
-344
-354
-348
-339
-306
-383
-500
-659
-907
-1183
-1431
-1544
-1647
-1739
-1743
-1655
-1591
-1354
-910
-400
211
830
1414
2015
2572
3062
3442
3708
3959
3940
3926
3708
3420
2962
2329
1801
1199
549
-87
-660
-1271
-1843
-2321
-2629
-2885
-3136
-3251
-3253
-3233
-3206
-3164
-3132
-3114
-3046
-3107
-3078
-3069
-3148
-3188
-3147
-3035
-2984
-2832
-2510
-2097
-1579
-1100
-407
261
861
1544
2314
3065
3630
4103
4418
4603
4608
4481
4234
3891
3377
2806
2212
1679
1111
638
176
-229
-540
-792
-815
-841
-905
-893
-894
-777
-785
-810
-838
-872
-948
-1148
-1337
-1480
-1594
-1638
-1714
-1678
-1517
-1348
-997
-562
-53
500
1020
1658
2350
2907
3380
3701
3953
4007
3961
3833
3522
3078
2470
1955
1301
709
38
-707
-1317
-1906
-2414
-2819
-2996
-3210
-3445
-3545
-3512
-3427
-3315
-3194
-3064
-3025
-3037
-2987
-2979
-2969
-3044
-3041
-2926
-2799
-2655
-2347
-1985
-1572
-1111
-573
106
833
1578
2231
2871
3441
3927
4249
4524
4580
4534
4327
3943
3525
2992
2435
1835
1249
652
249
-150
-568
-820
-1035
-1176
-1258
-1253
-1153
-1087
-1031
-981
-1000
-968
-984
-1111
-1138
-1234
-1335
-1413
-1509
-1442
-1281
-1047
-746
-388
105
681
1312
1910
2539
3117
3548
4001
4293
4487
4500
4396
4173
3792
3362
2736
2110
1395
716
58
-617
-1190
-1710
-2218
-2581
-2840
-3117
-3201
-3284
-3300
-3277
-3171
-3198
-3149
-3154
-3176
-3103
-3214
-3291
-3303
-3315
-3259
-3163
-2964
-2639
-2282
-1776
-1185
-580
149
757
1429
2055
2668
3142
3550
3917
4117
4098
3870
3647
3357
2890
2419
1968
1424
890
365
-42
-359
-639
-868
-998
-1020
-1024
-1045
-964
-857
-855
-865
-839
-801
-829
-918
-1011
-1119
-1285
-1370
-1341
-1227
-1020
-732
-429
-59
440
982
1556
2067
2565
2995
3340
3691
3896
4009
3986
3714
3429
3086
2593
2091
1497
754
24
-604
-1178
-1721
-2121
-2440
-2704
-2941
-3077
-3021
-2977
-2970
-2960
-2898
-2868
-2803
-2752
-2794
-2805
-2842
-2883
-2837
-2692
-2564
-2507
-2357
-2026
-1656
-1183
-555
14
653
1198
1743
2321
2757
3162
3429
3600
3585
3505
3313
3062
2705
2229
1750
1257
747
292
-132
-461
-767
-1004
-1088
-1146
-1120
-1050
-959
-827
-704
-680
-607
-603
-588
-594
-650
-659
-601
-667
-674
-547
-352
-139
40
371
799
1201
1655
2144
2689
3135
3454
3737
4002
4146
4087
3939
3724
3383
2901
2314
1719
1106
347
-341
-928
-1381
-1879
-2275
-2556
-2799
-3006
-3129
-3042
-3034
-3081
-3065
-2953
-2869
-2827
-2771
-2720
-2745
-2860
-2822
-2786
-2703
-2606
-2471
-2222
-1898
-1468
-971
-428
124
652
1188
1757
2285
2789
3020
3195
3208
3134
3018
2825
2543
2061
1681
1197
693
248
-106
-495
-745
-940
-1169
-1258
-1276
-1182
-1078
-1040
-995
-852
-771
-756
-677
-639
-652
-712
-680
-614
-582
-618
-509
-302
-93
132
505
1003
1351
1721
2219
2690
3029
3359
3615
3746
3800
3695
3459
3253
2965
2508
1986
1427
840
151
-426
-893
-1388
-1792
-2100
-2374
-2583
-2816
-2907
-2838
-2826
-2739
-2686
-2651
-2508
-2450
-2427
-2454
-2539
-2551
-2608
-2595
-2501
-2421
-2253
-2017
-1709
-1375
-923
-430
2
541
1069
1587
2039
2405
2660
2783
2911
2838
2704
2554
2192
1731
1302
865
452
110
-168
-471
-648
-788
-923
-900
-789
-600
-482
-297
-207
-69
-1
-25
36
51
4
-110
-180
-218
-233
-207
-149
-31
195
474
763
1222
1694
1940
2245
2694
3068
3283
3515
3681
3573
3421
3190
2926
2568
2100
1526
1009
493
-130
-605
-1029
-1424
-1835
-2057
-2198
-2334
-2424
-2521
-2521
-2514
-2470
-2422
-2360
-2307
-2410
-2504
-2559
-2670
-2703
-2718
-2703
-2707
-2778
-2647
-2338
-2045
-1727
-1293
-882
-366
101
615
1096
1499
1885
2109
2285
2338
2238
2066
1883
1516
1162
769
467
268
-11
-268
-504
-594
-663
-672
-554
-390
-305
-253
-105
35
132
212
263
320
288
239
224
74
-25
-97
-159
-79
104
299
602
931
1161
1508
1930
2323
2702
2989
3139
3290
3292
3296
3139
2962
2657
2191
1653
1142
651
93
-375
-799
-1199
-1580
-1821
-1972
-2087
-2197
-2359
-2341
-2321
-2341
-2277
-2297
-2260
-2323
-2379
-2366
-2486
-2564
-2576
-2642
-2660
-2712
-2617
-2354
-2011
-1633
-1229
-800
-437
-48
313
723
1070
1443
1815
2009
2157
2158
2073
1835
1584
1280
981
739
532
444
265
79
-74
-159
-234
-212
-116
42
82
184
324
491
564
463
463
481
345
258
196
210
163
24
9
92
277
476
748
1075
1397
1638
2027
2444
2673
2869
2996
3122
3173
3110
2995
2855
2514
2025
1599
1094
668
158
-278
-715
-1174
-1470
-1746
-1853
-2028
-2140
-2268
-2320
-2294
-2293
-2314
-2391
-2423
-2545
-2767
-2799
-2884
-3041
-3078
-3107
-3085
-3098
-2898
-2732
-2570
-2238
-1988
-1547
-975
-489
25
559
910
1206
1465
1674
1817
1834
1785
1704
1525
1295
971
722
523
324
305
214
125
145
136
221
350
447
573
704
829
862
881
876
785
642
460
317
221
44
27
-63
-87
-78
42
268
434
629
1009
1393
1669
2009
2336
2543
2630
2740
2838
2770
2565
2311
1986
1646
1229
782
391
20
-447
-835
-1075
-1249
-1364
-1492
-1613
-1684
-1750
-1757
-1727
-1807
-1917
-1955
-2107
-2237
-2333
-2406
-2523
-2646
-2743
-2820
-2826
-2797
-2828
-2670
-2465
-2229
-1875
-1488
-999
-556
-110
345
786
1124
1447
1609
1693
1707
1668
1700
1641
1416
1192
1104
897
734
701
622
552
572
621
660
719
854
1011
1133
1167
1178
1252
1230
1074
981
941
652
467
260
119
3
-81
-112
44
196
310
529
756
1123
1460
1785
2068
2329
2506
2591
2628
2542
2392
2114
1831
1511
1167
763
314
-123
-568
-959
-1185
-1376
-1572
-1748
-1829
-1920
-2072
-2073
-2048
-2030
-2050
-2158
-2209
-2339
-2445
-2689
-2866
-2988
-3245
-3358
-3395
-3328
-3257
-3148
-2864
-2504
-2150
-1756
-1268
-691
-222
263
658
1062
1353
1520
1619
1611
1564
1406
1306
1199
1031
930
753
652
546
432
484
571
653
783
891
1090
1281
1370
1450
1466
1351
1197
1068
940
772
529
390
164
-32
-108
-130
-102
60
235
358
559
962
1339
1666
1917
2236
2560
2775
2870
2805
2793
2544
2221
1936
1631
1257
857
446
-64
-511
-855
-1034
-1239
-1520
-1694
-1661
-1696
-1708
-1695
-1719
-1805
-2017
-2129
-2200
-2263
-2492
-2733
-2993
-3210
-3418
-3513
-3510
-3470
-3476
-3344
-3112
-2682
-2204
-1632
-944
-486
-2
440
983
1499
1863
2104
2168
2250
2272
2143
2047
1893
1599
1273
1103
976
880
814
822
926
1009
1165
1336
1404
1425
1535
1560
1475
1387
1265
1038
765
442
186
-126
-414
-620
-849
-866
-831
-700
-473
-217
73
463
937
1357
1751
2081
2398
2638
2648
2751
2796
2738
2484
2175
1832
1343
877
477
71
-369
-695
-952
-1081
-1301
-1519
-1535
-1522
-1636
-1717
-1727
-1840
-2003
-2165
-2324
-2550
-2862
-3238
-3529
-3650
-3890
-4051
-4096
-4102
-3967
-3803
-3412
-3015
-2577
-2002
-1457
-910
-378
246
793
1134
1431
1692
1819
1946
1970
2001
1930
1738
1687
1588
1460
1317
1302
1281
1241
1320
1467
1526
1434
1430
1499
1520
1503
1446
1410
1315
1075
820
560
256
10
-234
-393
-485
-572
-504
-415
-269
-102
164
575
995
1331
1678
2105
2413
2586
2686
2698
2725
2571
2262
2054
1729
1319
891
481
138
-274
-569
-877
-1083
-1339
-1414
-1487
-1619
-1726
-1784
-1820
-1948
-2079
-2131
-2248
-2439
-2567
-2834
-2977
-3183
-3422
-3479
-3468
-3362
-3205
-2922
-2642
-2334
-1868
-1426
-935
-430
87
651
1092
1451
1676
1974
2105
2178
2192
2148
2073
1847
1621
1484
1287
1044
933
927
874
878
951
1046
1104
1128
1159
1110
1191
1106
994
848
597
358
142
-29
-246
-421
-604
-673
-655
-624
-428
-137
89
433
754
1119
1493
1833
2230
2451
2670
2835
2898
2855
2626
2412
2039
1629
1176
745
335
-92
-493
-897
-1132
-1378
-1619
-1791
-1916
-1986
-2105
-2163
-2237
-2362
-2554
-2801
-2979
-3259
-3556
-3707
-3849
-4007
-4142
-4217
-4131
-3912
-3753
-3380
-2923
-2475
-1931
-1354
-667
-79
427
1039
1559
1926
2214
2453
2641
2571
2510
2422
2316
2167
1966
1875
1770
1644
1539
1573
1507
1433
1390
1434
1570
1536
1519
1504
1395
1208
1021
860
587
284
33
-206
-433
-617
-790
-841
-863
-825
-578
-277
9
434
757
1205
1616
1978
2378
2651
2774
2810
2875
2752
2594
2253
1902
1497
1103
792
430
17
-339
-579
-851
-1007
-1118
-1176
-1334
-1522
-1644
-1782
-1914
-2061
-2247
-2482
-2737
-2978
-3210
-3399
-3585
-3669
-3835
-3855
-3786
-3688
-3438
-3142
-2755
-2307
-1776
-1225
-692
-48
491
927
1357
1698
1945
2119
2287
2305
2206
2084
1979
1886
1708
1500
1429
1282
1180
1182
1179
1229
1279
1271
1293
1294
1267
1327
1176
1019
822
573
310
34
-154
-420
-607
-796
-868
-917
-853
-727
-620
-252
56
437
828
1217
1641
2005
2338
2572
2762
2898
2788
2661
2411
2101
1733
1310
977
581
123
-282
-544
-814
-1030
-1266
-1317
-1493
-1723
-1735
-1885
-2026
-2116
-2267
-2389
-2576
-2891
-3138
-3364
-3671
-3879
-3986
-4064
-4028
-3906
-3743
-3444
-3118
-2687
-2166
-1623
-1020
-546
-15
494
922
1343
1725
1903
2144
2271
2268
2279
2247
2132
2000
1894
1766
1723
1610
1572
1562
1581
1587
1633
1566
1602
1583
1495
1436
1233
1121
944
694
477
246
60
-229
-383
-427
-554
-622
-613
-470
-279
-93
194
535
973
1341
1780
2096
2333
2518
2581
2672
2671
2701
2430
2224
1902
1517
1239
781
418
86
-294
-530
-753
-894
-1056
-1276
-1346
-1474
-1625
-1740
-1949
-2191
-2406
-2637
-2837
-3017
-3225
-3552
-3731
-3899
-4042
-3985
-3910
-3743
-3537
-3258
-2807
-2373
-1864
-1365
-782
-257
236
651
1008
1294
1549
1749
1823
1897
1907
1928
1825
1652
1625
1599
1563
1600
1571
1608
1628
1664
1681
1631
1574
1561
1541
1419
1206
1066
900
695
397
177
8
-159
-273
-366
-443
-428
-388
-278
-95
103
442
748
1109
1397
1565
1728
1847
2002
2075
2089
2076
1947
1802
1638
1358
1200
847
451
222
-38
-251
-568
-854
-1072
-1269
-1414
-1590
-1739
-1882
-2038
-2291
-2509
-2634
-2794
-3007
-3232
-3453
-3661
-3816
-3844
-3841
-3818
-3698
-3553
-3328
-2950
-2562
-2218
-1755
-1378
-816
-276
162
570
838
1176
1421
1684
1940
2116
2180
2162
2173
2187
2194
2113
2101
2132
2049
1960
1958
1957
1933
1812
1679
1583
1491
1367
1280
1208
1046
869
652
544
439
286
134
128
67
-48
7
26
154
357
512
640
831
1089
1257
1441
1567
1751
1945
1991
2084
2034
1877
1739
1555
1450
1267
970
720
351
51
-238
-496
-691
-966
-1208
-1373
-1531
-1734
-1903
-2025
-2168
-2377
-2586
-2708
-2885
-3071
-3221
-3406
-3480
-3535
-3635
-3642
-3579
-3465
-3283
-3038
-2753
-2434
-2053
-1666
-1256
-899
-492
-157
205
540
767
1079
1256
1345
1445
1525
1597
1584
1592
1539
1546
1566
1559
1642
1702
1661
1720
1780
1778
1814
1786
1735
1594
1507
1364
1233
1096
918
858
739
624
564
507
522
431
467
610
753
934
1036
1165
1229
1411
1542
1624
1616
1607
1585
1542
1441
1252
1125
887
623
377
138
-96
-318
-587
-816
-1065
-1268
-1375
-1552
-1803
-1923
-2052
-2203
-2296
-2378
-2488
-2621
-2799
-2906
-2973
-3018
-3087
-3208
-3245
-3133
-3019
-2902
-2670
-2483
-2281
-1961
-1629
-1290
-920
-564
-257
-28
239
460
658
865
968
1109
1221
1283
1276
1287
1260
1181
1162
1190
1293
1423
1447
1509
1558
1622
1742
1753
1806
1879
1822
1817
1688
1629
1500
1297
1231
1249
1177
1134
1178
1139
1116
1118
1200
1300
1416
1537
1639
1734
1820
1847
1957
1926
1867
1799
1659
1463
1223
1008
846
661
360
129
-134
-417
-619
-908
-1166
-1371
-1506
-1618
-1713
-1835
-1902
-2106
-2276
-2423
-2543
-2610
-2795
-2884
-2963
-3005
-3110
-3113
-3105
-3171
-3165
-2969
-2754
-2551
-2268
-2007
-1838
-1542
-1204
-924
-633
-442
-213
-33
180
345
498
497
516
568
551
614
642
668
687
687
739
777
848
978
1113
1218
1336
1355
1437
1510
1465
1453
1359
1314
1315
1309
1264
1163
1128
1120
1158
1191
1318
1420
1490
1622
1692
1801
1914
2025
2101
2131
2126
2094
2016
1934
1891
1621
1460
1249
974
705
474
235
-99
-365
-567
-731
-882
-1035
-1187
-1318
-1542
-1703
-1788
-1850
-2043
-2212
-2301
-2442
-2606
-2686
-2780
-2869
-2977
-2981
-2923
-2840
-2756
-2684
-2498
-2371
-2141
-1868
-1646
-1365
-1093
-824
-547
-276
-44
91
120
189
309
369
467
536
560
669
716
748
783
903
987
967
1002
1082
1151
1253
1299
1395
1406
1345
1364
1351
1401
1342
1377
1332
1343
1315
1204
1151
1209
1251
1241
1366
1368
1539
1637
1646
1730
1821
1901
1963
2002
1994
1893
1767
1632
1503
1393
1174
955
694
465
251
-26
-224
-359
-518
-710
-850
-1058
-1125
-1228
-1389
-1510
-1706
-1834
-1952
-2089
-2230
-2333
-2476
-2586
-2706
-2741
-2763
-2796
-2776
-2699
-2595
-2483
-2331
-2195
-2066
-1937
-1742
-1510
-1256
-1043
-911
-750
-655
-480
-346
-245
-93
0
46
100
215
246
347
390
469
456
555
767
876
904
963
1048
1155
1237
1279
1311
1313
1300
1242
1301
1377
1454
1448
1419
1504
1474
1449
1531
1568
1564
1572
1623
1713
1773
1750
1722
1788
1802
1777
1778
1741
1653
1474
1389
1204
962
790
521
234
66
-131
-423
-604
-824
-979
-1080
-1184
-1373
-1437
-1497
-1494
-1559
-1685
-1762
-1877
-1892
-1986
-2050
-2128
-2120
-2184
-2131
-2150
-2089
-1954
-1881
-1730
-1626
-1459
-1291
-1062
-962
-759
-538
-403
-203
-45
76
125
171
230
250
264
214
244
282
283
391
449
527
518
481
530
515
573
618
641
685
729
784
804
865
820
862
863
881
934
939
975
1031
1027
1008
1040
1096
1206
1235
1348
1492
1598
1717
1737
1873
1851
1694
1666
1585
1484
1354
1198
1010
788
565
440
215
-16
-221
-360
-497
-630
-659
-773
-945
-1092
-1151
-1071
-961
-1038
-1395
-1784
-2035
-2241
-2320
-2239
-2090
-2231
-2594
-2667
-2553
-2307
-2032
-1725
-1571
-1604
-1540
-1294
-1079
-869
-542
-304
-328
-471
-463
-172
156
288
408
330
234
74
37
271
470
463
322
235
223
385
505
686
836
882
741
645
740
800
784
718
742
682
637
548
501
548
545
579
754
937
931
992
1174
1274
1355
1348
1415
1560
1579
1552
1483
1525
1494
1330
1180
1092
922
768
550
391
335
115
-11
-124
-237
-360
-537
-560
-668
-775
-805
-767
-843
-928
-1047
-1192
-1319
-1439
-1518
-1518
-1592
-1837
-1935
-1875
-1748
-1728
-1706
-1615
-1354
-1109
-834
-624
-553
-451
-343
-248
-159
-23
119
237
347
428
496
439
343
275
299
388
415
445
566
713
916
931
950
952
864
804
662
597
609
743
861
780
712
513
345
64
-201
-284
-364
-508
-550
-407
-132
74
284
540
644
779
878
873
866
840
877
994
975
877
828
732
572
448
285
108
-16
22
111
209
107
-54
-241
-429
-455
-433
-419
-370
-271
-274
-394
-631
-838
-1053
-1258
-1497
-1631
-1609
-1587
-1593
-1573
-1569
-1560
-1397
-1265
-1106
-853
-613
-325
-154
-42
-18
-6
95
202
204
120
104
9
-95
-95
-120
-101
-50
5
129
275
300
370
457
531
537
510
477
452
417
358
375
434
348
194
150
-4
-93
11
60
210
360
407
562
592
691
709
816
942
1043
1057
984
990
924
901
830
801
690
691
608
544
456
288
155
42
-25
-76
-169
-205
-140
-104
-171
-294
-279
-333
-473
-577
-641
-657
-654
-709
-756
-784
-817
-886
-979
-1022
-922
-800
-808
-680
-658
-602
-467
-333
-154
-83
52
161
152
203
279
347
325
313
270
307
320
268
274
224
239
202
216
229
243
207
264
270
174
198
259
260
267
171
129
42
-74
-121
-220
-129
-168
-184
-155
-104
34
84
185
260
350
420
456
516
613
560
615
668
628
662
549
510
444
379
228
119
43
-57
-46
-107
-122
-196
-267
-327
-351
-433
-518
-531
-528
-595
-723
-762
-757
-862
-941
-1013
-996
-952
-961
-985
-958
-922
-882
-812
-704
-549
-489
-425
-346
-133
48
131
168
141
134
195
194
226
268
265
304
341
390
351
310
349
406
413
407
489
538
418
292
204
208
167
158
161
126
87
-10
-85
-104
-142
-80
-5
14
76
130
165
231
357
455
529
532
532
556
506
596
643
679
736
676
617
681
690
676
532
405
386
317
216
162
189
189
215
160
41
-123
-229
-357
-370
-462
-547
-611
-681
-673
-795
-868
-958
-801
-709
-709
-703
-723
-676
-559
-463
-356
-242
-169
8
165
404
446
390
332
210
222
220
192
196
149
109
16
-14
50
205
217
136
65
21
50
203
355
294
216
75
-129
-219
-277
-234
-244
-222
-193
-269
-259
-372
-412
-447
-438
-342
-266
-87
36
84
245
368
469
543
451
488
421
435
439
424
390
499
502
292
211
123
55
10
-103
-237
-312
-331
-349
-225
-164
-301
-398
-404
-361
-405
-249
-136
-104
-128
-223
-322
-411
-532
-627
-724
-761
-711
-572
-499
-484
-398
-418
-340
-230
-7
210
294
328
462
545
657
656
546
517
438
300
244
344
246
196
58
-38
-109
-152
-109
-62
21
-4
22
34
32
113
183
155
111
150
161
92
107
19
-10
-86
-90
-49
30
41
24
56
108
191
230
334
412
457
442
389
417
430
468
454
307
244
215
90
96
130
32
-24
-125
-219
-329
-322
-379
-393
-386
-418
-416
-396
-363
-289
-312
-268
-256
-224
-271
-223
-159
-111
-111
-93
97
150
251
251
287
298
268
294
419
487
541
548
501
550
590
621
581
511
459
426
348
223
130
46
-67
-136
-204
-217
-250
-275
-298
-361
-353
-329
-327
-414
-453
-497
-475
-585
-542
-432
-455
-379
-375
-417
-419
-448
-452
-432
-459
-361
-312
-188
-151
-92
-37
-84
20
133
265
313
312
241
195
110
91
87
122
111
1
-5
-54
-51
-63
-97
-154
-219
-272
-352
-349
-307
-327
-391
-351
-321
-288
-308
-288
-313
-342
-292
-279
-155
-90
-53
33
107
99
144
268
352
410
475
515
537
629
691
660
648
651
636
619
612
694
688
626
622
573
545
422
304
196
159
94
38
1
-95
-144
-252
-238
-199
-139
-124
-93
-98
-143
-172
-202
-236
-240
-241
-323
-269
-215
-161
-179
-160
-158
-220
-260
-279
-197
-147
-115
-24
-24
-17
-22
19
37
38
56
130
47
-34
22
9
-45
-123
-237
-244
-296
-295
-274
-438
-344
-215
-188
-257
-218
-117
-33
51
133
158
82
128
123
81
27
26
135
305
266
197
257
332
495
601
776
811
751
705
791
876
797
837
900
790
676
645
500
352
88
-116
-284
-384
-428
-462
-429
-463
-566
-564
-454
-438
-371
-378
-479
-573
-507
-356
-311
-416
-395
-298
-281
-366
-345
-361
-418
-446
-487
-524
-572
-596
-614
-474
-387
-338
-278
-160
-125
-173
-133
-33
-121
-187
-224
-330
-459
-581
-636
-770
-845
-881
-839
-835
-805
-773
-787
-729
-596
-483
-322
-127
140
338
441
580
639
714
702
756
807
743
722
681
737
723
733
917
855
928
1057
1188
1246
1386
1410
1421
1446
1492
1571
1469
1359
1180
997
790
583
355
166
-84
-240
-329
-431
-396
-343
-332
-298
-281
-293
-263
-335
-293
-343
-383
-366
-489
-599
-623
-553
-581
-580
-491
-468
-438
-406
-373
-369
-326
-257
-322
-327
-356
-342
-352
-380
-444
-444
-420
-449
-531
-508
-504
-597
-656
-690
-717
-760
-785
-715
-671
-690
-608
-554
-476
-364
-238
-197
-196
-155
-49
45
149
161
192
276
348
412
431
490
571
607
732
786
838
904
963
968
981
1083
1087
1154
1120
1085
1054
962
957
879
803
811
698
515
428
362
257
240
223
173
133
-62
-196
-253
-255
-246
-290
-339
-423
-452
-443
-536
-641
-688
-748
-753
-690
-702
-723
-699
-732
-598
-603
-525
-517
-479
-423
-498
-482
-544
-546
-620
-613
-689
-747
-770
-806
-839
-766
-749
-790
-627
-679
-648
-701
-637
-497
-427
-364
-294
-316
-179
-124
-104
-43
-27
-7
-9
57
23
52
123
246
380
509
660
749
816
875
900
1044
1093
1131
1243
1312
1314
1312
1325
1245
1091
1055
1048
982
981
979
923
892
878
878
807
743
690
724
692
601
581
485
417
361
255
157
73
-50
-172
-221
-236
-292
-460
-468
-524
-577
-528
-572
-572
-555
-462
-495
-607
-672
-709
-722
-784
-823
-784
-882
-881
-943
-1010
-999
-1034
-1085
-1157
-1098
-1071
-1026
-926
-872
-842
-736
-714
-602
-520
-469
-430
-420
-404
-364
-284
-313
-263
-239
-187
-72
18
18
129
281
379
513
587
680
762
771
875
895
982
998
1002
1045
1065
965
872
874
847
811
744
721
649
611
635
700
553
532
513
424
349
345
394
344
302
139
99
-15
-143
-129
-218
-317
-230
-237
-316
-292
-294
-303
-364
-326
-306
-262
-260
-257
-284
-292
-317
-356
-360
-430
-411
-454
-546
-566
-613
-654
-623
-678
-700
-695
-729
-700
-677
-657
-599
-580
-588
-641
-663
-685
-685
-637
-582
-574
-556
-527
-499
-469
-370
-233
-122
8
87
97
149
256
296
405
476
556
576
617
754
787
773
821
946
912
959
1000
1039
1107
1114
1158
1132
1150
1192
1176
1129
1099
1119
1025
915
878
799
704
656
643
534
460
352
297
322
187
148
17
-128
-180
-243
-288
-246
-255
-387
-484
-480
-492
-593
-589
-597
-589
-616
-625
-665
-640
-698
-751
-710
-816
-774
-741
-771
-829
-855
-815
-834
-799
-760
-790
-805
-752
-699
-740
-735
-701
-667
-626
-628
-601
-576
-519
-425
-379
-261
-235
-161
-116
-147
-61
-7
6
105
124
137
265
299
371
436
513
512
544
682
725
706
682
706
679
659
703
709
691
705
658
616
562
554
604
558
645
653
593
571
551
572
481
472
416
355
282
225
132
61
-42
-130
-128
-179
-202
-215
-231
-214
-236
-201
-169
-207
-148
-145
-184
-215
-325
-362
-440
-424
-454
-430
-443
-576
-647
-669
-626
-644
-659
-605
-556
-599
-467
-359
-392
-352
-318
-370
-401
-393
-387
-394
-302
-340
-374
-357
-324
-231
-249
-140
-58
-55
68
262
319
357
432
484
547
584
647
663
680
703
688
608
587
539
593
567
548
647
626
554
555
635
594
570
608
578
603
589
506
484
489
430
404
301
251
144
46
39
-63
-73
-83
-128
-65
-30
-91
-48
-109
-143
-187
-106
-68
-140
-218
-261
-303
-344
-355
-445
-448
-510
-543
-527
-526
-460
-488
-475
-471
-528
-530
-545
-430
-462
-472
-489
-541
-562
-587
-603
-593
-563
-596
-624
-576
-506
-494
-412
-385
-419
-368
-290
-217
-123
-94
-84
-60
-45
-20
80
133
191
153
225
230
256
389
403
450
491
600
582
526
603
604
582
633
627
581
562
561
523
501
533
451
468
507
461
468
432
405
333
303
246
210
165
69
47
62
0
-124
-157
-137
-155
-240
-294
-314
-374
-332
-234
-230
-258
-284
-307
-344
-380
-372
-428
-426
-409
-351
-353
-370
-307
-369
-364
-276
-217
-197
-157
-83
-77
-48
-45
-47
-6
-54
-79
-189
-221
-225
-196
-128
-130
-62
-70
11
133
143
236
281
254
239
269
315
353
342
236
216
255
282
355
357
385
392
380
377
456
529
567
585
586
599
595
598
558
578
461
364
297
171
143
105
46
18
-13
-106
-126
-132
-197
-197
-104
-100
-188
-136
-131
-200
-209
-277
-336
-282
-302
-306
-368
-369
-386
-414
-432
-444
-387
-431
-395
-384
-420
-369
-332
-301
-308
-346
-379
-339
-351
-337
-336
-390
-406
-425
-333
-330
-358
-365
-377
-339
-267
-211
-199
-256
-245
-232
-208
-65
-19
9
25
9
35
173
195
192
221
196
125
227
296
316
382
319
311
375
412
387
424
456
402
419
455
404
331
314
302
361
398
455
375
411
398
412
404
341
240
168
93
-40
22
-45
-62
-157
-71
-114
-221
-209
-200
-169
-219
-220
-175
-113
-131
-188
-194
-133
-91
-55
-146
-221
-209
-180
-202
-161
-163
-207
-184
-138
-206
-134
-6
-37
32
23
20
56
-32
3
52
-8
40
79
96
103
136
71
-4
-33
-51
-47
-63
-40
67
52
16
-36
8
106
95
104
71
121
233
285
304
265
208
330
442
352
156
71
101
82
81
195
196
208
258
343
391
300
190
184
181
120
78
95
128
80
-32
52
-51
-241
-285
-199
-168
-300
-267
-244
-283
-364
-408
-283
-255
-429
-410
-289
-238
-312
-397
-327
-322
-395
-351
-235
-237
-296
-218
-161
-181
-290
-239
-62
-169
-241
-311
-353
-438
-546
-489
-405
-334
-266
-90
100
147
97
60
93
118
93
131
62
-73
-109
-29
-73
-127
-98
60
62
-11
46
167
253
314
306
328
409
423
457
548
554
512
479
389
419
264
214
179
154
240
329
346
290
272
250
225
315
352
328
357
356
245
216
155
91
-51
-85
-101
-269
-223
-208
-234
-286
-276
-250
-200
-146
-78
-58
-113
-123
-168
-214
-227
-256
-283
-259
-216
-214
-171
-136
-121
-125
-156
-91
-109
-49
37
67
68
-31
-16
-60
-167
-95
-45
-35
30
45
65
153
32
64
182
171
205
174
176
160
92
26
39
22
-71
-30
54
99
72
102
133
129
134
132
180
211
201
208
198
186
132
82
102
112
65
77
65
66
107
70
101
61
98
101
29
-22
-49
-129
-130
-45
-127
-162
-177
-139
-76
-97
-54
-92
-193
-271
-319
-328
-347
-318
-278
-270
-220
-233
-307
-272
-262
-282
-227
-236
-242
-248
-293
-240
-322
-283
-217
-247
-205
-199
-184
-224
-183
-104
-163
-184
-212
-180
-159
-118
-62
-9
50
43
121
103
123
201
160
117
141
139
149
171
166
171
204
205
247
255
225
213
99
144
196
170
161
179
250
256
274
264
282
283
311
325
321
332
250
171
192
203
175
161
175
209
192
165
185
229
170
131
147
170
176
143
122
82
73
14
-67
-48
-97
-138
-112
-93
-67
-119
-62
-112
-137
-125
-193
-176
-206
-151
-136
-161
-122
-143
-154
-224
-222
-303
-246
-192
-148
-156
-185
-159
-124
-123
-159
-100
-82
-37
8
10
79
92
132
143
77
120
127
136
139
150
69
59
150
112
187
181
149
127
123
83
63
86
79
43
20
119
80
77
58
35
13
13
-6
-60
-153
-297
-262
-283
-275
-299
-276
-235
-277
-240
-194
-133
-120
-214
-185
-224
-228
-161
-135
-72
-123
-118
-36
22
-25
-62
-130
-129
-180
-145
-87
-25
57
94
141
134
110
59
15
39
71
86
116
54
8
54
82
110
-67
-76
9
1
-143
-305
-309
-343
-312
-334
-295
-261
-247
-225
-141
-90
-68
23
130
175
172
246
224
148
114
43
120
84
139
242
325
339
265
248
250
308
290
309
350
451
492
513
474
403
333
269
198
46
82
80
52
-11
-14
18
47
-5
-64
-57
-114
-34
-36
-56
-16
18
108
57
-14
41
104
92
-3
-94
-97
-31
-92
-115
-76
-11
-9
-24
30
66
92
-4
8
-7
42
27
1
27
-66
-73
-71
-45
-65
-53
-61
-42
-42
-148
-132
-143
-234
-233
-211
-186
-180
-203
-194
-214
-121
-105
-52
-12
-6
-5
-12
-50
-4
27
31
33
50
14
2
4
-1
-19
-2
33
9
114
98
96
112
101
89
61
77
49
-22
-54
-17
-91
-156
-114
-205
-221
-272
-296
-369
-361
-277
-269
-275
-293
-196
-180
-164
-262
-212
-193
-163
-147
-196
-171
-204
-233
-151
-105
-142
-69
-65
-37
-64
-72
-1
22
48
108
141
160
251
236
284
311
281
305
300
287
192
188
183
164
165
155
225
201
201
230
211
201
241
248
237
235
238
256
121
168
174
118
78
86
86
73
101
54
30
41
60
11
6
18
-51
6
91
67
56
30
26
16
-55
-104
-137
-145
-140
-134
-135
-76
-76
-106
-112
-148
-118
-85
-80
-71
-31
30
52
2
-24
-25
7
9
-7
-9
2
-26
-22
35
2
2
98
86
71
90
83
84
33
20
6
52
54
119
100
47
-16
-20
52
1
-26
-48
-73
-108
-22
36
143
108
115
170
156
152
79
67
19
6
-6
-20
16
7
-33
-76
-127
-137
-143
-147
-122
-128
-143
-187
-215
-178
-147
-176
-136
-145
-181
-190
-224
-261
-235
-269
-285
-235
-250
-256
-225
-195
-179
-202
-172
-129
-161
-108
-57
-75
-122
-96
-105
-145
-80
-111
-151
-104
-71
-19
-22
-30
-7
52
74
99
78
104
97
69
114
120
88
60
44
73
92
103
130
69
137
158
135
136
213
160
79
136
106
83
134
157
150
101
88
115
135
122
154
116
66
169
209
199
184
109
162
199
276
336
331
314
261
181
202
152
143
216
198
185
182
203
184
170
90
148
118
63
84
71
30
-5
-44
-85
-97
-81
-91
-182
-195
-234
-250
-195
-249
-295
-268
-244
-251
-255
-234
-259
-213
-207
-258
-200
-244
-225
-237
-239
-181
-177
-135
-100
-71
-16
40
30
45
52
11
-8
16
14
74
53
-61
7
56
75
90
75
70
47
114
118
132
160
142
150
138
147
179
152
148
115
83
107
59
20
87
12
-88
-95
-70
-37
8
-26
11
-10
-25
-23
-79
-54
-128
-233
-210
-223
-215
-224
-318
-272
-250
-270
-235
-216
-181
-144
-136
-63
-145
-153
-121
-115
-80
-98
-98
-104
-53
-139
-146
-131
-142
-85
-26
27
26
82
62
25
62
77
34
72
102
18
53
54
-46
-18
-5
-14
-20
-34
-16
9
83
27
33
81
112
164
154
124
165
202
188
184
147
173
143
156
171
200
197
220
275
258
269
301
266
257
297
286
308
362
280
294
282
251
193
186
166
97
63
53
97
57
57
46
31
34
-25
2
37
-8
15
-77
-135
-139
-108
-112
-153
-158
-171
-183
-163
-152
-111
-154
-202
-122
-167
-181
-211
-205
-213
-271
-165
-153
-95
-130
-179
-132
-99
-94
-113
-101
-174
-135
-108
-63
-62
-14
-58
-111
-115
-108
-49
-35
39
88
67
10
19
-4
-58
-32
23
-2
-29
-40
-51
-120
-104
-114
-141
-169
-145
-162
-159
-61
-17
9
57
78
136
73
32
52
31
9
43
55
-7
-16
1
17
-7
38
90
89
141
106
153
172
90
45
63
54
33
32
-18
40
-35
-54
13
-48
12
2
-36
-24
-54
-57
-90
-131
-59
-54
-52
-51
-114
-84
-107
-165
-82
-71
-126
-155
-113
-100
-124
-18
-7
-18
-8
48
116
44
3
-59
-54
-60
-36
8
-15
55
69
60
87
145
191
195
229
254
321
320
285
245
267
270
233
225
179
145
137
107
97
126
166
168
144
101
120
211
117
81
155
100
66
118
110
126
69
30
-28
-48
-34
-90
-13
-27
-56
8
-6
-16
20
-4
-29
-38
-77
-74
-51
-146
-167
-174
-167
-133
-153
-122
-184
-171
-63
-43
6
-15
-74
-97
-158
-146
-184
-220
-258
-198
-136
-138
-70
-44
-47
-63
-77
1
-97
-121
-74
-69
-59
-74
-139
-112
-69
-136
-134
-110
-144
-149
-127
-102
-101
-96
-72
-28
21
37
78
14
-3
24
18
-56
-48
0
16
10
18
31
23
64
142
141
150
121
109
110
121
117
53
45
-23
-30
4
-28
-67
-47
-72
-13
27
-41
-10
-20
-25
-17
-53
6
39
-29
-49
-56
-69
-42
47
61
0
11
60
-12
-9
20
-12
36
55
55
72
47
76
98
122
105
84
76
57
91
90
84
72
-8
-18
25
44
45
39
78
46
63
17
35
33
-9
-11
6
29
50
105
62
93
119
77
110
51
24
52
14
45
53
40
86
61
36
65
54
45
68
53
31
31
22
4
-30
13
4
-19
15
3
22
-12
7
34
36
50
63
36
12
10
-27
5
55
19
37
36
23
20
-14
-37
4
-43
-78
-122
-157
-153
-126
-50
-94
-93
-105
-82
-106
-102
-110
-163
-106
-87
-56
-112
-131
-140
-112
-148
-141
-133
-97
-88
-106
-81
-90
-99
-57
-78
-31
-15
-3
5
-30
2
32
-27
-6
-17
-64
-39
-53
-50
-34
-13
-33
-16
-26
-26
2
32
15
13
26
54
99
79
78
69
46
7
5
18
-42
-75
-49
-2
10
-31
-10
12
36
-7
9
30
77
44
6
13
-48
5
-14
-8
-4
-35
-20
0
67
48
60
47
4
33
33
57
31
69
40
49
91
77
109
88
67
106
113
100
76
50
87
63
64
35
23
45
72
36
57
103
30
75
48
48
64
87
99
73
73
71
35
25
66
11
-8
-1
8
10
-13
33
17
38
31
30
47
-13
-15
61
63
76
41
60
47
-8
-2
-35
-59
-69
-54
-10
-10
-5
-7
-27
-47
-67
-41
-41
-12
-8
-104
-118
-98
-144
-167
-162
-152
-159
-153
-93
-60
-76
-29
-52
-70
-63
-55
-32
-40
10
16
-16
-3
-38
-41
16
50
61
43
39
20
35
18
65
58
26
32
3
1
-10
-13
-57
-63
-91
-66
-74
-75
-17
-76
-47
-85
-92
-71
-121
-96
-78
-100
-69
-71
-95
-127
-124
-112
-102
-96
-60
-35
-39
-41
-33
15
22
15
-21
-10
1
25
29
24
27
-16
-38
-10
-40
30
73
69
101
74
67
83
123
146
124
89
98
72
83
123
122
139
129
76
67
87
83
60
117
114
106
66
49
45
55
66
37
20
39
53
30
34
2
-9
18
13
16
18
13
40
29
14
18
28
35
35
52
19
2
36
57
39
21
24
32
42
52
64
72
6
12
-3
-20
22
10
10
-9
18
-37
-38
-32
-43
-8
-15
11
-8
-44
-21
-5
-34
-35
-17
-20
-51
-99
-70
-70
-81
-72
-85
-77
-81
-78
-54
-48
-42
-9
-2
-36
-13
-32
-26
-27
-56
-64
-43
-72
-81
-39
-76
-45
-15
-14
-25
-29
-18
-16
0
2
-2
-32
-7
18
43
35
38
-22
-42
-65
-55
-24
-5
-10
-42
-49
-42
-7
-8
-13
4
-6
-33
3
25
41
11
-32
-66
-74
-46
-29
-35
-19
-14
1
-4
-18
4
-38
-49
-24
-45
-23
-36
3
-5
-14
11
17
8
-6
0
-24
-25
-57
-40
-57
-28
-73
-47
30
43
27
2
-34
-55
-75
-51
23
22
24
27
54
59
53
66
34
43
16
49
76
56
139
190
214
249
228
197
166
127
123
108
145
153
125
136
155
132
104
76
41
1
3
-25
-43
-21
-38
-37
-51
-30
-47
-19
-12
-10
-11
-29
5
-2
3
48
42
37
8
-10
-60
-68
-27
-40
-38
-12
-13
4
-42
-79
-36
-19
18
65
64
97
95
73
40
-19
-41
-60
-78
-92
-68
-72
-72
-87
-104
-120
-114
-99
-91
-68
-75
-56
-20
-35
-46
5
-15
-45
-34
-47
-69
-66
-91
-106
-101
-137
-110
-74
-74
-53
-32
-42
-40
-41
-16
-10
7
31
23
70
46
42
20
-21
-12
-51
-92
-66
-23
-52
-41
-32
-47
-40
-31
-26
-23
4
23
10
-29
-9
35
17
4
-4
-2
-4
15
28
23
0
-33
-26
-11
25
16
30
63
88
89
89
52
53
69
52
46
68
71
63
56
40
31
48
25
21
4
-43
-38
-69
-37
-21
-17
-12
0
7
23
6
25
37
25
47
50
39
37
51
45
35
22
58
53
46
56
32
43
40
73
82
79
91
96
95
85
118
141
109
64
54
45
19
48
28
42
16
12
2
-6
3
8
16
23
73
46
9
4
4
-36
-17
-52
-64
-93
-92
-90
-109
-69
-66
-62
-89
-110
-79
-86
-84
-55
-74
-71
-52
-78
-77
-53
-51
-8
-54
-59
-76
-78
-74
-59
-38
-48
-37
-46
-28
1
29
30
25
16
36
11
17
-6
-13
14
-42
-27
-21
-18
-50
-47
2
27
39
-11
-4
-5
-13
-27
4
2
-24
-23
-30
-17
-18
-40
-8
-24
-36
-16
-30
-7
-13
23
-1
-6
9
19
46
47
39
32
52
53
32
13
-13
7
34
26
21
-6
-18
14
15
-14
20
17
-16
-9
-19
-21
-7
17
1
-21
-37
-57
-63
-63
-39
-31
-36
-44
-22
13
7
2
15
0
1
24
27
35
44
36
63
72
60
40
59
71
57
74
62
52
40
27
53
42
27
59
67
60
77
91
69
75
56
57
15
4
2
15
24
53
73
70
70
33
31
23
27
0
-46
-41
-24
-37
0
8
-16
-43
-28
-18
-9
-1
-20
-17
-52
-43
-45
-36
-19
-46
-34
-21
-9
9
14
16
-17
-21
-23
1
-7
-29
-16
-13
-2
15
24
13
18
-4
-39
-14
2
-5
-3
-11
-15
-39
-42
-34
-34
-73
-102
-98
-93
-58
-62
-54
-87
-86
-104
-87
-61
-39
-37
-45
-54
-55
-67
-60
-43
-52
-37
-46
-47
-41
-37
-37
-24
-7
1
9
6
-12
-10
21
26
19
24
19
45
56
51
28
32
55
44
56
71
61
52
60
61
59
68
64
39
29
49
31
52
42
10
23
-8
10
-7
-16
-1
-4
-10
-6
11
12
-7
-33
-52
-56
-27
-10
-36
-27
-30
-37
-24
-13
17
-5
-4
12
25
22
-7
-7
4
14
35
27
41
38
26
45
59
65
69
54
38
53
56
71
85
108
91
85
68
50
48
47
46
38
19
33
23
15
6
-6
23
33
55
48
56
69
61
52
25
-10
-25
-38
-25
-28
-30
-28
-42
-64
-77
-55
-45
-37
-23
-23
-39
-24
-29
-27
-31
-41
-26
-27
-35
-35
-39
-56
-64
-65
-71
-70
-44
-22
-19
-14
-6
-9
-21
-33
-36
-36
-67
-50
-40
-87
-56
-50
-82
-81
-71
-60
-64
-75
-58
-61
-77
-68
-49
-27
-21
-22
-12
-6
-1
5
17
19
-3
-11
-13
26
16
48
23
-8
-25
-14
9
38
33
14
46
37
38
24
30
49
36
38
62
61
48
24
4
6
12
17
6
-24
-17
0
13
32
45
39
24
8
19
17
30
21
19
-1
-13
12
9
8
-14
-4
14
35
49
46
45
14
15
13
37
50
26
33
36
23
30
17
0
14
21
-7
-5
-13
-23
-2
13
43
44
44
51
19
22
34
41
36
5
0
-38
-17
-15
-18
-26
-8
-13
-28
-5
-12
6
11
35
51
50
18
31
51
53
58
40
26
-3
-13
-30
-39
-14
-6
-35
-17
1
0
20
40
49
33
32
49
36
38
43
28
31
-12
-37
-43
-34
-37
-53
-50
-36
-42
-41
-41
-53
-37
-29
-17
-38
-27
-28
-58
-62
-67
-56
-92
-95
-130
-127
-126
-112
-76
-52
-63
-77
-42
-45
-10
-8
-17
-4
-19
-38
-38
-24
-27
-17
-11
-26
-6
5
-2
24
17
3
-9
18
15
14
-11
-14
-10
-18
-5
5
33
22
11
16
29
0
-14
-4
0
17
21
29
10
1
11
26
47
49
42
34
42
29
49
61
51
85
83
84
89
77
54
33
25
8
-3
16
23
5
4
8
3
30
29
52
51
34
32
53
48
20
23
-4
-4
-14
-10
-21
2
8
11
17
6
-11
0
9
-26
-8
-10
-6
4
4
18
21
11
-8
-19
-25
-12
-2
-18
-27
-30
-15
-1
23
24
28
14
-1
10
7
33
18
28
30
28
16
4
12
28
27
-5
-8
3
17
29
11
-5
-1
-9
-14
-27
-27
-27
-21
-30
-39
-38
-53
-55
-43
-44
-35
-28
-40
-62
-62
-43
-19
-10
-3
-5
-7
-13
-18
-22
-12
-17
-6
-12
-40
-12
-4
-15
-13
-22
-21
-31
-26
-2
-12
-4
-11
-22
-21
-39
-32
-38
-26
-8
-20
-28
-25
-29
-23
-10
-17
-13
-16
-13
-14
-28
-29
-8
-32
-28
-24
-15
15
19
13
21
21
1
8
-7
-19
-2
-6
1
0
-10
9
21
14
2
7
6
10
14
4
21
26
43
64
64
71
66
42
52
61
53
45
47
44
41
57
66
66
79
74
70
67
69
72
47
58
49
30
13
13
-2
-18
-16
-14
-25
-12
-5
-13
-17
-26
-12
-18
-17
-16
-12
-18
-25
-3
-21
-37
-34
-22
-8
-29
-25
0
5
0
-1
16
-4
-17
-9
5
6
-2
1
7
6
1
-8
-2
-4
-28
-32
-27
-25
-23
-7
3
-7
-14
-15
-9
-26
-19
-7
-17
4
14
10
21
26
16
22
28
21
9
2
6
0
-2
-4
-9
-8
-22
-30
-42
-23
-10
-11
-20
-16
-14
-21
-5
-13
-29
-37
-52
-39
-39
-53
-66
-66
-60
-52
-17
-22
-21
-33
-19
-5
-2
-1
0
2
-4
8
-1
23
14
4
-17
-18
-7
-7
17
-2
-4
-19
-23
-15
5
3
4
-5
-24
-7
3
13
-10
-23
-19
-17
-13
-2
-6
-7
-4
8
16
-1
13
12
26
25
10
28
36
36
27
42
36
32
30
24
27
33
43
37
49
51
50
27
27
46
50
50
35
37
18
28
25
24
12
15
29
24
30
25
21
36
35
49
47
23
3
-2
14
8
19
16
28
25
20
17
9
4
3
-17
-14
-22
-24
1
-9
-11
-33
-49
-32
-33
-43
-33
-48
-39
-29
-21
-18
-31
-43
-46
-48
-29
-15
-23
-27
-33
-33
-16
-22
-40
-32
-27
-20
-13
-25
-17
-10
-22
3
9
23
14
-7
1
27
33
20
20
10
12
16
-7
20
0
8
11
7
24
20
15
-9
-2
-13
-14
4
4
-2
11
5
-22
-8
-15
-20
-23
-53
-40
-17
-21
-20
-26
-33
-28
-28
-22
-16
-25
-21
-21
-25
-10
-18
-44
-42
-41
-25
-12
-2
-3
-14
-24
-21
-14
-20
-20
-16
-25
-9
-4
10
13
18
12
25
20
41
49
40
42
16
27
29
30
24
10
30
14
27
44
12
8
10
20
23
22
23
23
13
15
23
23
3
11
8
-5
3
19
15
0
3
-7
-4
21
31
47
41
42
34
47
50
32
28
4
14
11
29
28
20
14
-2
-2
-7
-4
5
22
19
21
24
21
-4
-15
7
14
4
4
3
2
6
16
10
-1
-4
-18
-11
14
27
16
0
-5
-4
-6
-14
-7
-6
-14
-19
-38
-34
-27
-22
-9
-22
-21
-9
-20
-29
-26
-40
-47
-51
-62
-52
-45
-44
-34
-24
-27
-13
-17
-27
-27
-21
-6
32
8
-2
-4
-19
-22
-31
-23
-30
-22
-20
-12
-8
-6
4
33
33
31
39
35
16
14
4
13
9
-16
-17
-30
-35
-44
-50
-44
-50
-46
-27
-10
-1
10
2
-7
-7
-2
5
5
11
5
-3
-17
-20
-23
-34
-43
-52
-49
-35
-15
-3
14
16
9
6
4
2
10
11
3
17
9
29
9
-6
2
1
2
22
36
38
27
27
45
44
46
33
37
41
42
46
60
53
56
54
34
38
38
55
46
42
30
33
39
27
8
13
19
15
25
36
43
45
36
33
28
19
24
21
36
15
13
13
-4
-21
-28
-25
-26
-30
-20
-14
-22
-33
-27
-33
-30
-11
-18
-23
-40
-27
-28
-37
-18
-19
-29
-31
-45
-58
-48
-46
-47
-32
-22
-17
-10
-18
-5
4
17
28
15
8
5
14
20
33
37
20
5
13
-2
9
22
17
14
14
3
5
11
-13
-16
-17
-21
-22
-27
-28
-24
-26
-29
-36
-40
-63
-67
-54
-34
-30
-20
-19
-23
-18
-22
-6
-3
-3
-6
-5
2
-14
-13
-8
-4
-1
