-12
-13
-13
-12
-13
-10
-11
-7
-6
-3
-2
-3
-4
-9
-3
-1
-4
-1
-1
-2
1
1
0
2
5
7
7
9
9
8
11
8
6
9
12
13
10
14
15
11
14
16
17
15
16
15
17
14
13
14
15
14
14
13
12
11
10
13
16
20
17
16
18
12
10
12
17
15
14
14
11
8
10
12
6
4
6
9
6
6
1
2
0
0
1
-5
-5
-6
-8
-6
-6
-2
-8
-9
-7
-11
-11
-9
-7
-8
-2
-1
0
-1
-3
-4
-5
-7
-5
-5
-2
-2
-2
-5
-7
-5
-7
-5
-7
-4
0
0
0
-2
1
-1
-4
-2
-3
-1
-7
-4
-8
-5
-9
-11
-6
-10
-8
-7
-8
-12
-10
-11
-8
-8
-7
-10
-12
-16
-17
-17
-12
-14
-16
-13
-14
-14
-10
-9
-14
-13
-13
-6
-6
-6
-5
-7
-6
-7
-6
-5
-6
-3
-5
-4
-1
2
-1
-2
1
3
3
1
5
6
-1
2
1
1
1
-2
3
5
4
9
9
6
8
6
6
7
5
4
2
7
11
11
9
9
10
9
14
17
12
14
15
8
8
12
9
11
13
16
19
15
15
16
13
10
16
14
9
10
10
11
11
10
14
12
3
3
7
6
5
1
2
2
2
0
-2
-2
0
-2
2
5
2
2
5
0
-2
1
-3
-6
-5
-5
-1
-5
-7
-6
-3
0
0
0
-3
0
-4
-3
-1
-2
-3
-5
-3
-6
-8
-7
-4
-3
-2
-1
-1
-2
-4
-2
-6
-7
-5
-6
-5
-5
-2
-4
-7
-3
-8
-6
-5
-5
-5
-5
-4
-5
-2
0
-1
-7
-7
-3
-3
-3
-3
-4
-8
-11
-13
-13
-13
-12
-7
-10
-6
-3
-5
-2
-6
-2
-7
-12
-13
-10
-10
-12
-12
-16
-10
-10
-10
-17
-12
-10
-12
-10
-8
-7
-3
-5
-7
-5
-8
-6
-4
-5
-3
0
-4
-1
0
0
5
0
4
6
9
10
12
13
11
13
11
13
13
15
11
10
12
10
10
9
6
7
9
6
9
16
16
9
11
12
6
9
9
9
9
7
8
6
5
4
6
6
11
14
12
13
18
17
12
12
13
10
12
12
4
8
9
8
6
9
8
5
7
6
10
7
5
5
1
4
7
7
8
4
3
3
2
-1
-2
-3
-4
-7
-5
-5
-4
-6
-6
-8
-4
-5
-6
-6
-7
-14
-10
-7
-9
-12
-13
-8
-9
-11
-14
-8
-8
-9
-10
-9
-8
-6
-7
-9
-6
-10
-10
-14
-15
-14
-10
-10
-8
-7
-7
-6
-10
-9
-8
-8
-4
-3
-2
-4
-5
-6
-7
-9
-9
-5
-6
-5
-5
-4
-5
-5
-10
-11
-8
-6
-4
-2
0
1
0
-1
1
2
3
3
-1
1
1
3
4
6
2
3
2
2
2
3
4
1
2
0
-1
-2
-4
-2
-1
-4
-3
-2
-9
-6
-1
-5
-2
-1
-2
-1
0
3
6
6
10
7
8
9
9
5
4
6
7
5
6
9
6
7
6
8
7
6
10
11
8
8
10
10
13
10
13
13
12
13
11
12
9
11
9
11
6
4
9
9
12
6
9
9
13
11
7
10
9
8
5
8
3
4
3
3
7
4
6
8
1
4
5
0
1
1
-2
-5
-4
-1
1
1
2
1
1
-3
-3
-4
-7
-7
-5
-6
-6
-10
-9
-11
-9
-7
-9
-11
-12
-11
-13
-8
-14
-14
-13
-14
-12
-9
-9
-8
-6
-7
-4
-12
-11
-7
-10
-11
-10
-12
-15
-10
-10
-9
-10
-12
-12
-15
-14
-8
-10
-10
-7
-8
-8
-12
-12
-6
-9
-6
-6
-5
-5
-7
-8
-11
-7
-5
-3
0
0
3
3
1
2
4
5
5
5
4
4
3
4
4
2
1
-1
-1
4
4
5
6
6
1
3
2
2
1
2
5
3
5
4
-1
3
3
-1
0
4
5
6
7
10
11
10
14
7
6
7
7
11
9
9
14
14
11
13
13
15
13
14
18
16
16
14
15
15
13
12
7
15
14
11
10
8
4
5
6
5
5
1
2
1
0
1
5
2
1
3
1
2
-2
3
-2
-4
-4
-3
-4
0
0
-2
1
-3
4
1
0
-4
-11
-10
-9
-5
-9
-7
-6
-9
-6
-7
-5
-2
-4
-5
-5
-7
-8
-8
-7
-8
-10
-11
-11
-3
-4
-2
-7
-7
-4
-5
2
-2
-1
-3
-2
-4
-2
-4
-2
0
-6
-3
-5
-6
-9
-5
-9
-8
-4
-6
-7
-6
-4
-10
-10
-8
-5
-7
-9
-8
-7
-11
-14
-13
-18
-17
-14
-12
-14
-12
-10
-14
-8
-8
-11
-12
-10
-8
-10
-8
-7
-8
-8
-4
-2
-4
-5
0
0
1
3
7
7
8
9
8
9
8
11
10
11
13
14
10
8
10
12
12
9
13
10
8
11
11
15
15
12
12
16
10
13
12
9
13
8
8
8
7
8
8
11
3
0
4
4
3
2
6
4
7
6
3
3
5
5
2
6
11
13
10
6
10
8
8
6
10
14
12
13
10
9
11
6
4
6
7
6
7
11
8
8
1
3
1
-5
-7
-6
-6
-7
-3
-5
-4
-6
-2
-4
-4
-1
-8
-8
-8
-6
-9
-13
-6
-5
-9
-10
-7
-10
-12
-9
-8
-12
-7
-4
-6
-9
-4
-6
-8
-7
-8
-12
-11
-9
-7
-11
-13
-12
-15
-16
-16
-15
-17
-15
-14
-12
-15
-13
-11
-14
-10
-9
-13
-15
-8
-8
-8
-8
-7
-10
-11
-4
-4
-4
-3
-1
3
3
5
6
5
2
4
3
1
7
4
-1
3
1
5
6
5
9
8
5
9
10
8
9
9
4
4
4
4
6
3
3
6
3
2
3
1
5
7
3
1
3
3
6
6
6
3
5
4
3
6
4
6
4
4
6
2
7
5
7
9
9
10
7
8
6
5
7
0
4
7
5
4
0
1
-1
2
6
4
5
5
3
3
3
4
4
6
5
4
6
6
7
6
6
3
6
3
6
9
8
6
8
9
6
10
6
8
5
3
3
0
-1
-4
-1
0
1
0
-1
0
-4
-4
-6
-6
-6
-3
-4
-1
-5
-6
-3
-3
-3
-6
-9
-7
-11
-9
-9
-10
-7
-12
-9
-9
-9
-11
-7
-11
-12
-8
-9
-8
-13
-12
-11
-12
-13
-11
-11
-13
-12
-12
-14
-12
-8
-9
-9
-5
-2
-2
-8
-5
-8
-7
-6
-6
-9
-12
-8
-6
-5
-3
-2
-5
-6
-5
-2
-5
-3
-5
-1
-3
-3
4
0
-5
1
3
-1
4
4
4
3
6
8
5
10
6
7
6
5
3
4
6
8
8
7
6
4
6
6
9
10
10
14
11
10
10
12
12
9
11
7
10
11
9
11
7
9
9
11
10
13
11
9
10
8
7
11
12
14
13
14
11
7
12
11
6
4
9
8
7
11
11
6
6
5
4
4
2
4
-1
2
8
5
5
2
2
1
-2
-3
-4
-3
-5
-6
-9
-7
-9
-8
-7
-7
-3
-6
-5
-6
-7
-7
-9
-10
-10
-10
-10
-10
-11
-12
-16
-15
-14
-14
-13
-12
-9
-10
-10
-7
-4
-1
-5
-7
-6
-8
-10
-8
-12
-15
-15
-9
-6
-5
-7
-7
-11
-11
-9
-8
-6
-7
-5
-8
-8
-7
-8
-11
-9
-7
-8
-6
-7
-8
-8
-7
-5
-7
-3
-2
-4
-4
-8
-5
-5
-8
-14
-13
-9
-10
-2
-2
-2
-1
3
-2
-2
1
4
6
7
9
10
7
10
12
10
12
8
12
16
13
13
13
13
14
13
13
13
11
15
13
10
9
13
11
8
6
4
4
3
6
6
6
5
8
7
8
5
9
10
9
10
6
13
11
12
16
14
9
9
12
8
9
11
14
13
7
14
13
12
11
13
11
6
6
7
9
6
4
6
2
3
3
5
4
2
2
0
1
3
0
0
2
-2
-4
-4
-7
-10
-10
-10
-9
-15
-9
-13
-12
-13
-11
-10
-14
-10
-12
-10
-13
-16
-10
-11
-12
-13
-14
-11
-14
-14
-15
-13
-13
-7
-11
-11
-12
-14
-10
-12
-11
-8
-7
-7
-9
-10
-8
-9
-9
-12
-8
-12
-15
-12
-18
-17
-14
-11
-11
-11
-7
-6
-9
-6
-4
2
-2
0
-2
-2
-3
-3
1
-1
-1
-1
-2
-2
1
2
7
5
-1
2
-1
2
4
6
11
8
12
11
12
14
16
15
15
17
18
17
15
11
8
13
9
7
7
8
6
3
2
2
5
4
4
3
1
-1
2
3
-1
1
0
-2
2
4
3
5
4
5
5
5
7
8
9
6
4
5
9
7
11
8
4
7
2
3
5
3
4
3
2
1
3
0
-2
4
4
4
3
5
2
5
2
0
1
-3
0
2
6
4
3
4
4
2
6
6
3
10
8
2
5
6
1
2
-2
3
5
2
4
2
4
1
2
3
2
3
4
1
2
5
1
0
1
-3
-1
-2
-5
-6
-7
-8
-14
-14
-12
-14
-13
-10
-12
-14
-13
-11
-10
-11
-11
-11
-17
-16
-16
-15
-13
-10
-10
-10
-12
-11
-13
-15
-11
-9
-5
-6
-7
-8
-8
-8
-7
-9
-12
-9
-9
-5
-8
-10
-14
-11
-11
-12
-8
-5
-10
-11
-10
-11
-7
-7
-2
-2
-1
3
7
0
0
0
3
3
7
10
6
6
3
4
6
6
7
11
14
15
14
11
9
8
10
8
13
10
10
8
11
14
13
15
10
9
8
15
15
13
13
12
9
6
9
9
5
1
-1
-1
-2
-3
-3
-4
1
2
6
6
7
6
8
8
6
4
5
11
9
9
7
7
7
8
11
10
12
15
16
15
16
20
17
16
13
14
15
17
16
15
16
6
0
3
1
2
4
2
-1
-1
-2
-2
-10
-8
-9
-15
-11
-16
-18
-22
-20
-15
-19
-24
-24
-20
-19
-21
-21
-22
-23
-28
-30
-28
-28
-28
-23
-21
-19
-22
-22
-17
-17
-22
-19
-19
-12
-11
-7
-2
-7
-1
4
1
3
5
-1
2
6
6
3
3
-1
4
6
7
10
8
8
10
12
8
10
13
13
13
10
12
15
13
8
8
6
6
4
4
5
6
6
4
4
7
8
3
6
5
4
2
0
-5
-9
-5
-14
-11
-14
-17
-15
-11
-9
-11
-8
-9
-9
-6
-10
-9
-8
-9
-3
-4
2
6
6
10
12
14
15
16
18
16
18
12
14
16
9
13
10
14
16
16
19
20
18
18
17
16
13
14
13
13
11
10
8
6
9
10
6
7
9
3
3
2
0
-8
-11
-9
-13
-13
-4
4
9
16
17
18
21
16
17
13
0
1
-8
-14
-19
-28
-28
-28
-19
-17
-19
-13
-3
6
10
15
18
16
12
10
2
-2
-11
-15
-8
-15
-7
-1
12
25
30
39
52
63
64
64
57
51
46
33
22
5
-12
-23
-23
-28
-29
-32
-25
-20
-17
-16
-14
-20
-24
-33
-49
-60
-72
-82
-99
-107
-128
-142
-146
-150
-142
-130
-118
-110
-99
-83
-75
-69
-66
-68
-71
-70
-71
-71
-70
-69
-65
-60
-42
-30
-16
3
16
32
45
53
66
81
94
97
102
107
111
124
132
141
151
172
185
199
210
224
231
233
235
233
223
218
207
192
178
166
148
131
112
87
75
56
45
35
19
-4
-30
-57
-88
-118
-151
-187
-218
-243
-265
-289
-298
-304
-311
-307
-306
-290
-288
-281
-273
-261
-251
-240
-231
-217
-205
-199
-188
-179
-151
-123
-93
-56
-15
24
70
107
138
170
191
209
227
247
272
291
315
334
360
392
414
443
472
497
526
545
560
559
555
539
512
482
437
390
331
268
209
146
82
23
-27
-79
-137
-189
-252
-314
-377
-446
-511
-574
-638
-697
-746
-794
-833
-854
-863
-864
-860
-843
-814
-779
-735
-686
-627
-568
-514
-457
-392
-343
-287
-231
-171
-128
-83
-30
15
69
117
174
227
288
347
406
452
489
530
554
575
587
602
607
599
584
591
579
574
582
611
648
674
707
734
763
778
790
782
768
733
709
667
601
550
508
446
381
318
277
255
220
175
113
42
-21
-96
-183
-283
-398
-507
-629
-745
-870
-980
-1067
-1138
-1197
-1237
-1255
-1250
-1234
-1217
-1185
-1140
-1114
-1072
-1028
-1009
-963
-919
-866
-812
-747
-679
-617
-536
-444
-343
-234
-119
0
117
233
356
475
560
644
713
751
789
808
847
877
890
930
982
1049
1124
1193
1296
1408
1523
1616
1669
1694
1706
1682
1632
1562
1464
1356
1241
1122
1020
923
844
773
670
566
478
384
246
79
-111
-330
-557
-816
-1093
-1382
-1654
-1912
-2128
-2318
-2443
-2520
-2550
-2510
-2460
-2391
-2296
-2190
-2070
-1993
-1920
-1854
-1813
-1782
-1757
-1728
-1695
-1623
-1545
-1416
-1245
-1054
-839
-613
-365
-102
149
409
611
792
954
1087
1201
1277
1283
1313
1381
1435
1515
1608
1708
1778
1902
2065
2247
2433
2617
2799
2943
3056
3119
3103
3077
2994
2852
2703
2534
2371
2185
1994
1815
1667
1539
1418
1295
1088
866
627
375
79
-247
-612
-1019
-1414
-1841
-2265
-2722
-3124
-3458
-3765
-4001
-4140
-4200
-4187
-4160
-4102
-3989
-3858
-3714
-3618
-3524
-3457
-3365
-3285
-3193
-3078
-2973
-2808
-2567
-2248
-1921
-1538
-1154
-766
-338
36
403
755
1126
1429
1680
1917
2107
2267
2395
2490
2602
2674
2706
2772
2846
2939
3077
3226
3421
3675
3916
4123
4233
4285
4323
4320
4283
4143
3938
3661
3381
3098
2827
2562
2279
2024
1749
1469
1207
908
598
283
-107
-570
-1025
-1476
-1965
-2465
-2982
-3455
-3893
-4250
-4525
-4662
-4741
-4781
-4729
-4607
-4450
-4267
-4060
-3839
-3651
-3508
-3371
-3213
-3105
-3016
-2969
-2886
-2719
-2519
-2260
-1959
-1672
-1354
-993
-623
-245
123
438
720
975
1216
1448
1656
1800
1954
2076
2176
2275
2338
2404
2478
2560
2677
2846
3027
3254
3496
3785
4024
4196
4306
4399
4429
4313
4157
4010
3825
3543
3252
2939
2647
2403
2141
1893
1590
1254
1003
761
441
39
-393
-863
-1298
-1782
-2283
-2773
-3272
-3716
-4147
-4467
-4710
-4829
-4831
-4778
-4734
-4642
-4478
-4265
-4113
-3989
-3883
-3766
-3638
-3622
-3548
-3440
-3347
-3172
-2949
-2706
-2389
-2085
-1719
-1322
-929
-533
-115
283
652
1036
1369
1738
2070
2295
2472
2627
2705
2700
2682
2745
2819
2912
3088
3273
3499
3825
4181
4476
4752
4952
5132
5183
5133
4974
4729
4433
4071
3670
3267
2879
2502
2144
1789
1482
1153
869
665
419
95
-273
-634
-1021
-1488
-2005
-2548
-3081
-3585
-4006
-4386
-4696
-4928
-5007
-4974
-4838
-4639
-4419
-4168
-3898
-3671
-3483
-3271
-3134
-3051
-3008
-2920
-2838
-2816
-2771
-2606
-2388
-2128
-1830
-1532
-1210
-920
-592
-236
160
468
757
1038
1245
1400
1524
1650
1724
1741
1699
1712
1776
1915
2093
2332
2651
3038
3445
3850
4202
4530
4802
4949
4977
4875
4666
4400
4078
3730
3390
3077
2752
2438
2128
1828
1600
1423
1246
971
643
253
-122
-521
-1081
-1659
-2294
-2894
-3445
-3927
-4331
-4680
-4939
-5090
-5126
-5054
-4899
-4656
-4359
-4115
-3894
-3666
-3401
-3205
-3096
-3079
-3093
-3038
-2947
-2806
-2644
-2528
-2349
-2113
-1785
-1396
-1011
-585
-119
351
755
1177
1586
1901
2147
2291
2359
2400
2389
2313
2273
2295
2435
2585
2830
3178
3592
4012
4382
4780
5092
5320
5447
5432
5294
5041
4694
4295
3893
3490
3084
2732
2375
2014
1651
1331
1096
881
614
269
-92
-528
-998
-1510
-2090
-2693
-3264
-3810
-4291
-4690
-5059
-5277
-5407
-5416
-5338
-5145
-4871
-4568
-4256
-3989
-3691
-3424
-3207
-3104
-3050
-2956
-2872
-2779
-2645
-2472
-2292
-2114
-1843
-1500
-1127
-712
-307
185
651
1055
1422
1792
2093
2268
2377
2438
2448
2373
2289
2248
2243
2268
2381
2609
2955
3347
3730
4152
4551
4846
5087
5190
5150
4988
4694
4346
3937
3506
3096
2693
2247
1867
1499
1190
940
708
459
160
-167
-501
-903
-1403
-1922
-2456
-2986
-3501
-3979
-4446
-4860
-5155
-5335
-5414
-5326
-5132
-4894
-4595
-4282
-3958
-3633
-3348
-3064
-2824
-2684
-2529
-2391
-2283
-2168
-2108
-2000
-1851
-1643
-1393
-1127
-854
-515
-140
295
760
1170
1565
1874
2150
2361
2477
2524
2493
2408
2292
2275
2310
2390
2593
2876
3194
3555
3930
4343
4714
4958
5132
5181
5084
4933
4709
4391
3996
3588
3130
2716
2303
1859
1443
1059
814
569
272
-74
-399
-823
-1249
-1740
-2278
-2785
-3312
-3821
-4275
-4685
-4964
-5137
-5259
-5285
-5221
-5045
-4842
-4524
-4173
-3809
-3471
-3129
-2849
-2604
-2402
-2211
-2025
-1882
-1722
-1589
-1453
-1292
-1131
-936
-691
-450
-102
235
634
1037
1432
1800
2121
2385
2558
2644
2612
2553
2400
2272
2242
2225
2296
2450
2697
2979
3296
3681
4065
4431
4727
4904
4926
4896
4730
4453
4142
3760
3357
2889
2402
1860
1348
922
565
240
-66
-403
-757
-1097
-1472
-1850
-2280
-2758
-3305
-3804
-4288
-4758
-5136
-5445
-5664
-5784
-5785
-5659
-5447
-5161
-4835
-4485
-4095
-3744
-3382
-3028
-2708
-2420
-2122
-1865
-1630
-1452
-1286
-1121
-898
-659
-399
-95
196
520
888
1277
1655
2098
2508
2870
3147
3343
3376
3304
3175
3047
2974
2887
2884
2962
3109
3325
3567
3892
4253
4609
4882
5069
5125
5086
4968
4797
4477
4115
3713
3290
2801
2241
1677
1166
724
312
-66
-472
-892
-1282
-1604
-1985
-2422
-2896
-3342
-3798
-4245
-4686
-5072
-5401
-5657
-5839
-5942
-5891
-5731
-5512
-5236
-4871
-4470
-4027
-3620
-3245
-2863
-2510
-2173
-1849
-1580
-1360
-1164
-936
-762
-574
-373
-165
108
399
774
1167
1583
1969
2363
2731
3007
3236
3351
3349
3292
3146
3047
2986
2904
2929
3037
3206
3420
3639
3965
4317
4633
4910
5029
5115
5080
4986
4802
4520
4169
3771
3333
2788
2218
1671
1161
688
244
-162
-582
-990
-1342
-1732
-2169
-2636
-3103
-3618
-4076
-4507
-4946
-5356
-5703
-5918
-6084
-6162
-6134
-6071
-5906
-5631
-5278
-4903
-4506
-4088
-3710
-3314
-2897
-2527
-2217
-1915
-1647
-1413
-1160
-922
-682
-450
-199
117
462
881
1287
1724
2162
2602
2977
3308
3566
3665
3704
3637
3559
3469
3401
3388
3468
3605
3767
3975
4202
4527
4828
5057
5193
5218
5152
5021
4862
4628
4263
3868
3438
2907
2344
1754
1184
708
222
-236
-706
-1121
-1495
-1847
-2255
-2717
-3159
-3639
-4067
-4474
-4886
-5321
-5661
-5903
-6037
-6085
-6059
-5950
-5767
-5569
-5298
-4944
-4533
-4099
-3665
-3223
-2821
-2387
-1978
-1664
-1396
-1125
-902
-617
-356
-135
101
350
659
1010
1394
1789
2176
2591
3000
3360
3624
3731
3777
3747
3621
3493
3423
3357
3345
3439
3589
3740
3956
4290
4671
4951
5148
5264
5251
5164
5014
4815
4519
4175
3778
3268
2710
2105
1545
1051
579
137
-315
-750
-1100
-1448
-1876
-2390
-2902
-3370
-3846
-4305
-4725
-5202
-5617
-5939
-6179
-6292
-6304
-6192
-6046
-5900
-5691
-5410
-5036
-4616
-4227
-3834
-3416
-3006
-2592
-2227
-1922
-1638
-1367
-1085
-771
-465
-212
33
383
755
1129
1557
1963
2375
2761
3126
3427
3612
3663
3665
3572
3481
3408
3353
3426
3568
3711
3895
4103
4352
4657
4924
5151
5274
5302
5272
5121
4880
4613
4261
3881
3405
2871
2249
1665
1158
673
192
-319
-773
-1186
-1544
-1976
-2477
-2978
-3493
-3967
-4416
-4829
-5238
-5670
-5993
-6251
-6407
-6452
-6397
-6255
-6072
-5814
-5442
-4995
-4567
-4189
-3814
-3420
-2985
-2539
-2146
-1744
-1392
-1088
-771
-439
-96
211
520
827
1180
1608
2012
2413
2767
3100
3404
3675
3874
3925
3928
3847
3689
3592
3504
3531
3615
3726
3904
4030
4344
4691
4969
5153
5180
5157
5106
4980
4748
4496
4178
3841
3450
2964
2411
1881
1436
994
563
86
-345
-761
-1193
-1637
-2137
-2636
-3150
-3627
-4125
-4607
-5015
-5395
-5709
-5966
-6136
-6239
-6231
-6146
-5999
-5822
-5520
-5170
-4794
-4439
-4111
-3725
-3339
-2897
-2498
-2193
-1869
-1538
-1192
-855
-534
-224
64
433
848
1244
1617
1973
2345
2687
3032
3371
3591
3666
3649
3571
3433
3315
3306
3349
3472
3657
3819
3976
4257
4640
4936
5060
5111
5139
5111
5002
4772
4475
4178
3890
3447
2861
2305
1764
1247
802
383
-90
-533
-919
-1235
-1596
-2112
-2627
-3086
-3590
-4091
-4563
-5011
-5420
-5777
-6025
-6223
-6333
-6309
-6211
-6066
-5851
-5553
-5149
-4739
-4381
-4079
-3722
-3261
-2772
-2384
-2096
-1786
-1476
-1195
-898
-523
-206
67
444
848
1207
1583
2023
2472
2813
3199
3540
3738
3827
3801
3710
3554
3429
3378
3419
3530
3703
3814
3987
4316
4721
4990
5071
5128
5161
5130
5004
4823
4609
4290
3971
3558
3029
2480
1969
1533
1090
608
134
-379
-807
-1102
-1485
-2027
-2533
-2980
-3477
-3998
-4443
-4818
-5199
-5498
-5784
-6034
-6139
-6084
-5986
-5903
-5774
-5469
-5135
-4737
-4377
-4053
-3756
-3314
-2815
-2432
-2117
-1779
-1345
-1080
-840
-481
-142
141
495
934
1331
1773
2251
2678
3051
3400
3705
3904
4020
4009
3905
3720
3607
3554
3638
3778
3880
3939
3989
4290
4709
4922
4923
4945
4973
4889
4781
4615
4329
4010
3670
3187
2591
2055
1603
1142
637
122
-320
-806
-1164
-1542
-2019
-2518
-2958
-3343
-3852
-4377
-4840
-5177
-5500
-5803
-6036
-6244
-6315
-6187
-6047
-5997
-5814
-5504
-5140
-4816
-4470
-4145
-3789
-3343
-2879
-2458
-2119
-1689
-1250
-961
-640
-290
21
344
697
1061
1401
1852
2305
2635
2993
3403
3741
3931
3972
3936
3846
3667
3582
3547
3630
3779
3842
3878
3988
4302
4603
4788
4817
4792
4784
4761
4672
4474
4172
3942
3649
3178
2583
2099
1681
1168
651
86
-354
-779
-1125
-1469
-1938
-2400
-2786
-3181
-3686
-4157
-4576
-4962
-5293
-5582
-5833
-6021
-6038
-5941
-5846
-5760
-5569
-5279
-4922
-4564
-4249
-3991
-3582
-3075
-2667
-2275
-1914
-1458
-1030
-690
-375
32
397
700
1089
1492
1882
2394
2813
3176
3509
3909
4276
4437
4502
4348
4163
4017
3971
4018
4177
4292
4226
4130
4252
4641
4909
4848
4718
4702
4662
4557
4438
4247
3946
3564
3089
2552
2019
1593
1148
612
16
-520
-1012
-1471
-1831
-2334
-2836
-3220
-3515
-3933
-4379
-4799
-5221
-5517
-5711
-5895
-6070
-6188
-6134
-6048
-6013
-5859
-5568
-5228
-4915
-4596
-4295
-3881
-3416
-2949
-2578
-2247
-1810
-1334
-920
-660
-324
37
419
828
1268
1658
2061
2469
2837
3195
3568
3948
4180
4237
4129
4020
3876
3795
3770
3850
4064
4137
4087
4131
4359
4709
4885
4831
4743
4620
4496
4305
4015
3806
3625
3318
2814
2175
1725
1417
989
463
-106
-613
-1042
-1366
-1811
-2353
-2820
-3128
-3451
-3926
-4427
-4841
-5156
-5470
-5643
-5777
-5899
-5858
-5763
-5679
-5629
-5471
-5150
-4828
-4482
-4249
-3995
-3574
-3132
-2759
-2494
-2162
-1688
-1234
-909
-592
-238
211
674
1017
1350
1808
2389
2874
3202
3526
3880
4242
4411
4367
4236
4144
4035
3906
3886
4050
4267
4360
4361
4489
4879
5234
5278
5077
4885
4702
4503
4301
4032
3851
3596
3135
2516
1946
1579
1306
827
210
-324
-759
-1133
-1542
-2096
-2629
-3073
-3402
-3762
-4235
-4621
-5005
-5423
-5671
-5827
-5964
-5954
-5948
-5942
-5916
-5760
-5472
-5083
-4791
-4560
-4306
-3936
-3399
-2982
-2692
-2414
-2008
-1561
-1166
-823
-444
-49
335
713
1111
1552
2061
2620
2986
3284
3672
4097
4362
4395
4303
4112
3992
3893
3899
4020
4164
4180
4122
4224
4543
4934
4985
4811
4596
4488
4303
4016
3804
3655
3422
2993
2419
1819
1413
1099
566
-105
-694
-1184
-1524
-1914
-2418
-2931
-3343
-3627
-3975
-4474
-4872
-5146
-5475
-5743
-5876
-5893
-5863
-5826
-5794
-5728
-5638
-5365
-4928
-4623
-4393
-4139
-3766
-3282
-2943
-2560
-2239
-1869
-1454
-1055
-709
-405
-4
331
703
1167
1612
2123
2689
3129
3375
3724
4076
4371
4501
4417
4311
4177
4027
3987
4258
4519
4590
4557
4598
4874
5199
5380
5230
4985
4812
4679
4439
4167
3968
3720
3353
2785
2248
1811
1468
1085
503
-168
-636
-1032
-1445
-2041
-2595
-3063
-3447
-3810
-4215
-4617
-5027
-5300
-5627
-5926
-5957
-5820
-5742
-5776
-5733
-5608
-5329
-4996
-4733
-4512
-4297
-3987
-3582
-3160
-2806
-2475
-2179
-1787
-1360
-990
-707
-278
226
576
970
1440
1974
2530
2962
3330
3657
3978
4301
4411
4263
4062
4021
3919
3818
4001
4226
4272
4208
4295
4623
5041
5268
5123
4809
4586
4460
4146
3798
3552
3347
2954
2375
1808
1339
1021
750
314
-359
-945
-1270
-1684
-2294
-2913
-3341
-3683
-4068
-4469
-4842
-5191
-5372
-5558
-5821
-5907
-5739
-5604
-5597
-5551
-5470
-5228
-4935
-4673
-4439
-4240
-3917
-3515
-3143
-2744
-2319
-1941
-1582
-1220
-836
-485
-141
290
623
934
1398
1918
2449
2917
3272
3614
3930
4226
4395
4316
4107
3978
3893
3736
3910
4179
4332
4342
4410
4777
5113
5251
5173
4867
4579
4394
4112
3723
3395
3237
2908
2391
1848
1394
1069
745
399
-221
-857
-1227
-1529
-2075
-2716
-3142
-3475
-3878
-4330
-4756
-5062
-5241
-5404
-5599
-5740
-5573
-5407
-5371
-5375
-5195
-4916
-4610
-4247
-3983
-3779
-3553
-3176
-2840
-2546
-2223
-1813
-1349
-956
-616
-308
10
377
740
1109
1598
2126
2644
3054
3419
3864
4240
4507
4719
4636
4385
4226
4113
3974
4020
4316
4481
4410
4410
4621
4993
5219
5038
4745
4478
4332
4071
3620
3263
2993
2567
1989
1392
888
633
381
-40
-669
-1270
-1653
-1965
-2462
-3102
-3616
-3952
-4298
-4794
-5195
-5487
-5644
-5742
-5891
-5942
-5752
-5599
-5564
-5538
-5441
-5072
-4724
-4481
-4259
-3984
-3652
-3328
-3033
-2739
-2342
-1835
-1407
-1025
-701
-356
51
363
649
1053
1576
2063
2527
2928
3302
3729
4194
4430
4514
4468
4275
4198
4038
3900
3925
4155
4328
4293
4364
4682
5099
5296
5174
4919
4765
4535
4184
3832
3487
3213
2804
2219
1629
1080
749
514
66
-570
-1134
-1500
-1814
-2320
-2911
-3393
-3660
-3972
-4465
-4936
-5255
-5390
-5577
-5764
-5793
-5658
-5484
-5380
-5302
-5284
-4988
-4603
-4287
-4042
-3781
-3389
-2996
-2708
-2478
-2139
-1683
-1226
-863
-594
-282
99
449
767
1116
1628
2162
2664
3035
3401
3849
4263
4542
4594
4563
4416
4372
4236
3995
4011
4265
4447
4404
4427
4707
5105
5329
5213
4927
4731
4565
4203
3747
3418
3128
2765
2184
1575
1022
619
383
40
-592
-1160
-1472
-1901
-2450
-3040
-3521
-3804
-4177
-4625
-5151
-5517
-5619
-5759
-5987
-6053
-5887
-5655
-5477
-5382
-5255
-4951
-4580
-4345
-4182
-4021
-3609
-3177
-2905
-2648
-2312
-1890
-1503
-1140
-830
-526
-85
370
709
983
1482
1998
2412
2767
3082
3504
3960
4289
4410
4328
4172
4203
4193
4051
3928
4180
4457
4470
4531
4704
5072
5303
5265
4972
4761
4623
4247
3730
3343
3151
2851
2341
1706
1110
617
329
-38
-627
-1196
-1616
-1979
-2487
-3088
-3580
-3964
-4376
-4905
-5347
-5641
-5776
-5887
-6120
-6268
-6131
-5891
-5699
-5490
-5309
-5049
-4650
-4336
-4122
-3890
-3532
-3097
-2779
-2499
-2096
-1628
-1225
-849
-454
-25
440
826
1131
1395
1867
2414
2820
3207
3605
4067
4460
4796
4961
4967
4832
4733
4626
4371
4315
4615
4853
4787
4748
4929
5312
5577
5512
5204
4946
4815
4553
4040
3594
3346
3075
2442
1713
1121
741
413
-16
-645
-1226
-1505
-1874
-2452
-3136
-3616
-3917
-4311
-4832
-5352
-5685
-5817
-5972
-6272
-6397
-6187
-5895
-5780
-5709
-5423
-5060
-4645
-4379
-4239
-4054
-3656
-3233
-2921
-2670
-2316
-1846
-1448
-1126
-801
-403
82
484
721
1069
1536
2052
2464
2776
3078
3467
3907
4299
4498
4520
4433
4380
4297
4096
4102
4359
4577
4522
4535
4761
5111
5339
5267
4940
4710
4571
4257
3784
3316
3069
2788
2233
1632
1078
758
450
-3
-592
-1140
-1424
-1811
-2446
-3203
-3686
-3971
-4380
-4902
-5484
-5875
-5993
-6116
-6335
-6437
-6189
-5845
-5753
-5682
-5368
-5000
-4685
-4467
-4325
-4025
-3548
-3123
-2850
-2637
-2295
-1727
-1280
-951
-545
-101
359
700
972
1332
1814
2344
2765
3047
3353
3852
4273
4517
4672
4709
4658
4652
4598
4337
4340
4647
4901
4916
4974
5231
5529
5712
5620
5327
5103
4914
4547
4010
3678
3533
3227
2614
1901
1396
1011
619
127
-472
-1036
-1387
-1793
-2453
-3095
-3626
-4002
-4435
-5107
-5677
-5914
-6098
-6264
-6506
-6650
-6359
-6061
-5963
-5881
-5622
-5200
-4776
-4573
-4399
-4020
-3500
-3143
-2895
-2595
-2219
-1655
-1227
-955
-574
-54
432
744
989
1392
1910
2468
2913
3199
3522
3944
4382
4540
4622
4710
4626
4478
4349
4255
4407
4766
4877
4775
4811
5197
5632
5761
5606
5302
5087
4893
4450
3823
3492
3299
2842
2164
1538
1134
856
492
-117
-778
-1216
-1534
-2013
-2718
-3450
-3962
-4310
-4819
-5459
-5874
-6131
-6351
-6619
-6861
-6857
-6524
-6259
-6192
-6122
-5813
-5291
-4940
-4824
-4641
-4225
-3772
-3415
-3154
-2812
-2313
-1774
-1360
-1055
-541
79
505
712
960
1410
2067
2631
2978
3247
3603
4176
4565
4689
4806
4834
4792
4606
4427
4273
4387
4781
4785
4634
4757
5181
5588
5674
5473
5194
5069
4960
4549
3996
3682
3486
3118
2369
1686
1316
1036
647
22
-625
-1024
-1336
-1877
-2604
-3217
-3649
-4009
-4522
-5189
-5595
-5817
-6001
-6329
-6603
-6503
-6219
-6017
-5990
-5883
-5521
-5003
-4688
-4603
-4432
-4031
-3548
-3175
-2854
-2457
-2006
-1524
-1119
-806
-371
300
804
965
1266
1765
2299
2807
3101
3353
3754
4233
4528
4586
4655
4719
4677
4436
4316
4302
4499
4821
4901
4747
4849
5410
5808
5795
5526
5250
5085
4851
4347
3852
3551
3334
2889
2143
1559
1189
886
451
-170
-739
-1121
-1527
-2074
-2766
-3427
-3864
-4302
-4942
-5637
-6010
-6227
-6542
-6947
-7150
-6986
-6713
-6506
-6402
-6213
-5836
-5387
-5063
-5017
-4804
-4317
-3856
-3523
-3269
-2882
-2317
-1775
-1456
-1156
-642
30
622
871
1174
1753
2297
2818
3166
3491
3942
4454
4731
4808
4919
4958
4837
4586
4435
4443
4715
5018
4995
4881
5097
5613
5901
5810
5541
5357
5268
4912
4368
3923
3677
3368
2795
2045
1549
1194
840
357
-322
-867
-1124
-1514
-2198
-2897
-3495
-3944
-4439
-5108
-5734
-6086
-6340
-6670
-7033
-7174
-6953
-6652
-6538
-6448
-6235
-5771
-5274
-4969
-4786
-4441
-3959
-3580
-3278
-2943
-2489
-1845
-1306
-955
-538
112
863
1390
1665
2046
2602
3094
3508
3831
4144
4595
5058
5259
5332
5462
5561
5409
5077
4857
4791
5086
5331
5164
4972
5229
5712
5946
5826
5544
5322
5162
4832
4242
3797
3623
3315
2625
1844
1296
912
509
-49
-705
-1239
-1519
-1927
-2681
-3335
-3769
-4194
-4754
-5410
-5945
-6292
-6607
-6969
-7326
-7437
-7227
-6899
-6859
-6779
-6445
-5958
-5500
-5305
-5165
-4782
-4179
-3815
-3561
-3205
-2717
-2126
-1641
-1228
-759
-115
578
1018
1265
1768
2419
2954
3391
3697
4085
4623
5041
5200
5308
5387
5387
5085
4684
4499
4467
4677
4897
4805
4683
5005
5533
5750
5745
5558
5296
5165
4785
4194
3745
3519
3244
2592
1847
1386
1032
648
149
-471
-922
-1209
-1681
-2345
-2984
-3515
-3908
-4379
-5076
-5671
-6095
-6474
-6805
-7177
-7347
-7186
-6958
-6890
-6803
-6512
-6034
-5599
-5377
-5162
-4712
-4248
-3811
-3501
-3255
-2758
-2201
-1774
-1321
-799
-134
542
1071
1447
1976
2605
3159
3612
4000
4436
4972
5390
5487
5600
5727
5795
5638
5304
5148
5069
5188
5423
5374
5185
5402
5791
6074
6133
5921
5732
5576
5184
4585
4131
3841
3595
2958
2125
1541
1057
593
125
-457
-1012
-1397
-1886
-2510
-3114
-3642
-4069
-4571
-5233
-5847
-6268
-6620
-6998
-7442
-7637
-7537
-7433
-7352
-7236
-6981
-6585
-6100
-5821
-5558
-5028
-4478
-4020
-3640
-3265
-2819
-2266
-1783
-1346
-841
-209
490
920
1221
1745
2387
2947
3454
3864
4282
4786
5227
5551
5783
5970
6017
5747
5433
5260
5144
5168
5396
5427
5180
5276
5740
6035
6097
5926
5646
5469
5210
4787
4264
3895
3667
3141
2352
1670
1131
648
155
-479
-1094
-1529
-1960
-2517
-3124
-3731
-4162
-4561
-5095
-5717
-6310
-6650
-6977
-7382
-7748
-7822
-7662
-7513
-7422
-7270
-6963
-6510
-6155
-5877
-5462
-4922
-4459
-4096
-3662
-3138
-2610
-2039
-1564
-1141
-592
104
730
1061
1475
2031
2648
3201
3620
4129
4648
5121
5528
5822
6009
6151
5985
5707
5554
5295
5239
5559
5671
5434
5457
5749
6083
6268
6116
5871
5722
5502
5167
4640
4242
4020
3592
2851
2201
1685
1251
819
200
-506
-1010
-1448
-1982
-2521
-3190
-3707
-4150
-4701
-5398
-5989
-6381
-6630
-7056
-7575
-7703
-7505
-7376
-7352
-7246
-6978
-6498
-6111
-5808
-5505
-5030
-4425
-4051
-3757
-3285
-2661
-2042
-1572
-1174
-634
54
693
1078
1418
1973
2658
3210
3654
4128
4557
5003
5434
5738
5995
6147
6032
5737
5507
5273
5247
5535
5626
5482
5340
5537
5979
6287
6181
5864
5690
5494
5108
4557
4151
3915
3516
2808
2128
1552
1090
683
91
-669
-1292
-1694
-2114
-2668
-3379
-3944
-4390
-4890
-5523
-6177
-6575
-6831
-7173
-7642
-7902
-7879
-7809
-7836
-7841
-7591
-7081
-6605
-6281
-5934
-5453
-4853
-4309
-3893
-3365
-2718
-2108
-1691
-1366
-863
-239
323
738
1056
1561
2300
2909
3275
3776
4326
4897
5441
5765
6031
6244
6168
5922
5723
5360
5091
5195
5270
5181
5081
5198
5548
5955
6024
5791
5681
5718
5534
5005
4507
4334
4131
3604
2915
2140
1575
1196
712
-24
-694
-1092
-1518
-2054
-2750
-3310
-3696
-4126
-4767
-5484
-5950
-6255
-6628
-7204
-7684
-7744
-7600
-7603
-7692
-7640
-7262
-6797
-6502
-6222
-5709
-5093
-4573
-4108
-3695
-3110
-2334
-1816
-1496
-981
-382
184
622
961
1358
1969
2706
3279
3747
4198
4774
5313
5645
5952
6199
6178
5960
5846
5609
5457
5655
5780
5633
5493
5631
5912
6224
6229
5928
5624
5546
5434
4996
4623
4510
4251
3710
3081
2382
1849
1422
886
162
-558
-995
-1516
-2190
-2870
-3541
-4041
-4399
-4965
-5712
-6227
-6498
-6815
-7345
-7665
-7649
-7558
-7567
-7657
-7558
-7179
-6758
-6535
-6312
-5819
-5198
-4751
-4310
-3849
-3346
-2661
-2005
-1600
-1151
-501
117
531
782
1242
1919
2530
2987
3404
3732
4332
5003
5285
5475
5691
5773
5655
5467
5193
5009
5196
5361
5286
5159
5272
5565
5814
5915
5716
5424
5328
5138
4660
4174
4058
3982
3598
3070
2502
2000
1554
1048
316
-425
-890
-1380
-2039
-2769
-3388
-3800
-4270
-4894
-5598
-6131
-6449
-6743
-7184
-7607
-7640
-7471
-7527
-7624
-7575
-7317
-6894
-6610
-6444
-6081
-5423
-4871
-4510
-4059
-3480
-2717
-2003
-1575
-1033
-338
361
908
1228
1596
2240
2843
3232
3694
4198
4733
5314
5694
5934
6222
6369
6248
6006
5697
5510
5678
5908
5894
5659
5610
5836
6072
6184
5899
5533
5424
5255
4771
4285
4162
4088
3668
3098
2482
2039
1705
1235
509
-299
-749
-1232
-1922
-2650
-3281
-3793
-4293
-4865
-5531
-6054
-6327
-6630
-7115
-7516
-7559
-7426
-7441
-7540
-7493
-7278
-6818
-6580
-6419
-6008
-5351
-4800
-4400
-3998
-3431
-2699
-2133
-1677
-1238
-597
55
534
836
1173
1764
2433
2939
3287
3745
4346
4999
5323
5597
5864
6007
5938
5639
5353
5140
5176
5257
5205
5033
4977
5153
5484
5608
5494
5314
5244
5212
4855
4386
4133
4005
3669
3136
2510
1957
1515
1002
283
-390
-826
-1304
-1894
-2509
-3147
-3664
-4022
-4563
-5288
-5886
-6267
-6491
-6959
-7442
-7563
-7541
-7617
-7731
-7778
-7595
-7156
-6811
-6623
-6280
-5687
-5078
-4614
-4139
-3584
-2934
-2259
-1801
-1344
-787
-121
481
871
1222
1808
2506
2933
3363
3858
4408
5057
5521
5802
6087
6331
6358
6148
5968
5799
5871
5963
5895
5727
5632
5825
6044
6158
5921
5646
5455
5392
5017
4517
4321
4227
3896
3372
2814
2274
1856
1320
637
-89
-615
-1159
-1836
-2522
-3244
-3822
-4321
-4869
-5545
-6155
-6495
-6743
-7132
-7484
-7572
-7504
-7507
-7619
-7584
-7407
-7058
-6772
-6603
-6263
-5717
-5140
-4698
-4228
-3687
-2977
-2218
-1673
-1177
-501
235
799
1145
1554
2124
2785
3248
3571
3950
4461
5179
5590
5851
6171
6378
6281
6035
5879
5633
5601
5709
5608
5357
5290
5460
5668
5724
5576
5319
5098
4970
4625
4135
3824
3742
3396
2847
2346
1866
1414
945
314
-420
-859
-1271
-1905
-2572
-3231
-3773
-4210
-4763
-5407
-5998
-6442
-6737
-7111
-7581
-7683
-7588
-7670
-7839
-7763
-7504
-7106
-6866
-6688
-6280
-5742
-5205
-4768
-4326
-3830
-3187
-2509
-1923
-1444
-844
-126
393
704
1154
1771
2454
2988
3402
3916
4552
5217
5667
5955
6238
6434
6407
6189
5984
5751
5784
5906
5815
5626
5626
5837
5970
6069
5974
5699
5483
5313
4942
4443
4245
4185
3785
3132
2652
2229
1741
1276
682
-2
-523
-988
-1655
-2323
-3033
-3598
-4095
-4712
-5379
-5899
-6286
-6707
-7181
-7574
-7633
-7578
-7611
-7662
-7592
-7414
-7026
-6798
-6711
-6322
-5751
-5285
-4953
-4562
-3974
-3257
-2584
-2079
-1515
-815
-114
388
722
1243
1881
2516
3075
3526
3950
4597
5238
5557
5894
6299
6579
6490
6215
6096
5937
5924
5967
5857
5647
5724
5948
6016
6026
5849
5635
5462
5265
4855
4440
4257
4128
3662
3035
2584
2091
1575
1026
409
-220
-654
-1178
-1905
-2639
-3281
-3746
-4275
-4875
-5509
-5976
-6377
-6765
-7194
-7559
-7595
-7586
-7705
-7862
-7797
-7575
-7238
-7025
-6895
-6429
-5762
-5205
-4856
-4395
-3845
-3205
-2622
-2141
-1639
-1036
-297
232
513
999
1694
2263
2848
3313
3787
4519
5170
5528
5813
6261
6514
6441
6207
6018
5751
5562
5604
5465
5217
5199
5426
5568
5682
5716
5538
5322
5239
5028
4573
4258
4152
3754
3147
2664
2057
1451
858
269
-348
-743
-1174
-1850
-2439
-3029
-3561
-4039
-4575
-5159
-5645
-6032
-6361
-6763
-7168
-7276
-7264
-7404
-7542
-7526
-7365
-7073
-6835
-6711
-6387
-5836
-5289
-4925
-4463
-3869
-3162
-2516
-1978
-1423
-814
-120
416
746
1142
1730
2327
2827
3228
3722
4322
4915
5370
5781
6221
6562
6577
6361
6302
6208
6137
6182
6122
5934
5807
5805
5875
5961
5868
5627
5284
5060
4836
4363
4022
3997
3771
3302
2789
2261
1727
1221
710
51
-512
-1029
-1678
-2351
-2984
-3662
-4168
-4720
-5362
-5962
-6371
-6661
-7040
-7448
-7588
-7514
-7524
-7590
-7576
-7433
-7161
-6881
-6786
-6474
-6020
-5532
-5162
-4852
-4364
-3717
-3026
-2486
-1992
-1322
-575
40
481
912
1528
2215
2706
3157
3638
4182
4761
5117
5440
5825
6192
6243
6025
5871
5744
5666
5746
5735
5643
5574
5600
5703
5833
5941
5758
5416
5226
4964
4535
4109
3935
3740
3220
2691
2188
1658
1189
760
169
-454
-921
-1487
-2033
-2657
-3370
-3943
-4452
-5043
-5682
-6193
-6556
-6866
-7320
-7657
-7659
-7615
-7700
-7744
-7602
-7269
-6878
-6655
-6372
-5907
-5364
-4850
-4458
-3989
-3368
-2658
-2102
-1692
-1136
-438
187
629
1029
1552
2231
2832
3300
3858
4484
5087
5574
5995
6306
6602
6652
6411
6250
6015
5775
5807
5778
5545
5486
5553
5671
5765
5856
5741
5443
5243
5104
4689
4260
4061
3781
3322
2686
2069
1506
1047
552
-74
-662
-1103
-1636
-2194
-2804
-3427
-3877
-4381
-4959
-5556
-6059
-6399
-6722
-7156
-7479
-7511
-7534
-7600
-7666
-7606
-7276
-6915
-6691
-6406
-5929
-5331
-4868
-4428
-3940
-3370
-2606
-2044
-1602
-1063
-419
226
639
974
1431
2071
2622
3032
3559
4135
4783
5313
5610
5986
6383
6444
6199
6090
5891
5610
5642
5646
5443
5279
5288
5411
5522
5581
5492
5193
4950
4787
4403
3967
3879
3673
3129
2675
2141
1529
1031
582
-12
-605
-1028
-1540
-2146
-2741
-3245
-3825
-4399
-4909
-5484
-6075
-6449
-6777
-7263
-7572
-7626
-7616
-7658
-7673
-7580
-7319
-7046
-6798
-6539
-6107
-5564
-5138
-4761
-4269
-3711
-3056
-2443
-2047
-1472
-772
-82
418
807
1424
2085
2656
3128
3619
4180
4809
5387
5685
6047
6497
6574
6398
6299
6188
5967
6008
6127
6058
5946
5904
5964
5996
6087
5963
5649
5383
5235
4859
4349
4130
3918
3479
2961
2402
1856
1391
921
293
-403
-900
-1399
-2020
-2627
-3232
-3803
-4341
-4918
-5625
-6191
-6556
-6913
-7313
-7685
-7763
-7642
-7612
-7639
-7509
-7259
-6865
-6571
-6383
-6001
-5414
-4941
-4602
-4095
-3563
-2927
-2325
-1839
-1285
-637
86
642
994
1458
2135
2732
3200
3661
4186
4747
5353
5675
5943
6352
6518
6334
6163
6009
5675
5581
5618
5492
5279
5277
5391
5512
5570
5459
5207
4947
4833
4554
4047
3823
3673
3243
2626
2160
1626
1151
701
144
-442
-920
-1376
-2007
-2581
-3150
-3702
-4267
-4784
-5358
-5867
-6273
-6635
-7126
-7547
-7670
-7699
-7710
-7728
-7690
-7539
-7126
-6751
-6480
-6115
-5629
-5145
-4801
-4325
-3761
-3126
-2497
-2108
-1619
-1014
-350
295
745
1191
1809
2459
2984
3492
4089
4561
5116
5544
5865
6262
6460
6347
6109
5961
5734
5665
5740
5695
5555
5532
5686
5821
5972
5914
5637
5432
5286
4935
4491
4191
4004
3605
3067
2540
1906
1380
964
474
-138
-600
-1051
-1692
-2248
-2864
-3431
-3968
-4539
-5191
-5777
-6233
-6601
-7060
-7500
-7684
-7698
-7736
-7705
-7565
-7363
-6961
-6626
-6417
-6030
-5490
-5002
-4599
-4181
-3684
-3091
-2487
-2004
-1606
-1024
-295
342
751
1169
1725
2382
2981
3464
4024
4570
5040
5480
5821
6150
6437
6409
6162
6044
5778
5629
5801
5820
5664
5513
5601
5733
5897
5918
5689
5446
5291
4951
4458
4172
4018
3656
3092
2595
1964
1373
977
435
-254
-727
-1193
-1812
-2378
-2960
-3541
-4055
-4641
-5302
-5894
-6334
-6723
-7210
-7674
-7853
-7853
-7864
-7918
-7852
-7694
-7376
-7052
-6829
-6409
-5876
-5334
-4883
-4448
-3892
-3243
-2633
-2217
-1790
-1230
-589
65
517
927
1467
2137
2777
3251
3871
4500
5063
5510
5905
6348
6603
6583
6373
6204
5888
5667
5569
5432
5362
5271
5255
5367
5541
5561
5413
5215
5059
4849
4402
4042
3866
3596
3133
2690
2093
1421
865
313
-301
-846
-1258
-1837
-2313
-2887
-3471
-3912
-4411
-4959
-5576
-6042
-6371
-6679
-7137
-7429
-7480
-7541
-7563
-7610
-7468
-7199
-6890
-6616
-6299
-5789
-5211
-4736
-4321
-3814
-3206
-2528
-1969
-1459
-842
-244
343
898
1291
1741
2374
3026
3435
3884
4505
5109
5561
5891
6279
6505
6574
6503
6399
6156
5959
6048
6037
5956
5838
5829
5913
6025
6016
5720
5406
5212
4922
4439
4068
3954
3718
3192
2586
2007
1518
1050
532
-62
-642
-1041
-1631
-2303
-2898
-3562
-4145
-4627
-5266
-5962
-6440
-6794
-7159
-7585
-7844
-7814
-7759
-7767
-7781
-7682
-7365
-6933
-6754
-6500
-6005
-5555
-5219
-4805
-4271
-3706
-3031
-2468
-2034
-1416
-682
-37
514
935
1458
2144
2807
3280
3792
4339
4865
5368
5738
6200
6481
6510
6363
6173
5937
5726
5715
5675
5553
5443
5471
5602
5821
5938
5760
5455
5299
5100
4627
4131
3847
3592
3059
2518
1963
1380
951
471
-109
-644
-979
-1499
-2142
-2669
-3282
-3855
-4390
-4946
-5629
-6109
-6490
-6899
-7443
-7788
-7769
-7806
-7870
-7868
-7699
-7439
-6999
-6745
-6486
-5972
-5347
-4826
-4488
-4046
-3439
-2817
-2256
-1821
-1318
-600
10
486
865
1406
2087
2734
3276
3796
4380
5031
5633
5913
6297
6672
6784
6593
6395
6206
5929
5906
5857
5704
5558
5549
5608
5707
5861
5752
5517
5392
5253
4868
4435
4210
3973
3452
2901
2402
1746
1163
653
121
-396
-878
-1423
-2070
-2611
-3242
-3794
-4226
-4757
-5425
-6004
-6338
-6743
-7195
-7486
-7561
-7564
-7563
-7536
-7468
-7198
-6824
-6591
-6365
-6003
-5466
-5017
-4590
-4115
-3591
-2948
-2404
-1965
-1423
-763
-127
444
831
1250
1843
2449
2919
3330
3864
4454
5003
5363
5739
6110
6271
6143
5946
5858
5588
5489
5543
5482
5363
5264
5374
5541
5693
5598
5330
5160
5019
4691
4232
3939
3759
3354
2791
2278
1731
1226
737
209
-403
-921
-1477
-2050
-2574
-3224
-3758
-4309
-4883
-5537
-6128
-6543
-6948
-7348
-7717
-7868
-7849
-7894
-7897
-7767
-7540
-7223
-6972
-6730
-6263
-5718
-5176
-4687
-4236
-3669
-3014
-2420
-1995
-1475
-792
-166
376
854
1284
1822
2503
3106
3578
4200
4823
5388
5754
6211
6669
6841
6772
6515
6280
5972
5840
5823
5742
5625
5512
5492
5618
5856
5847
5642
5513
5329
4951
4536
4311
4033
3624
3125
2499
1845
1316
867
267
-370
-905
-1411
-2017
-2540
-3096
-3648
-4185
-4741
-5337
-5896
-6357
-6751
-7165
-7551
-7728
-7763
-7715
-7761
-7792
-7685
-7351
-7014
-6775
-6293
-5770
-5325
-4812
-4310
-3706
-2978
-2366
-1939
-1424
-722
-123
472
945
1332
1806
2384
3015
3443
3992
4623
5255
5667
6125
6619
6807
6824
6611
6457
6228
6170
6179
6007
5909
5842
5841
5875
6052
5978
5562
5304
5153
4827
4380
4073
3878
3464
3050
2638
1990
1393
886
275
-417
-904
-1400
-2104
-2698
-3332
-3961
-4502
-5049
-5694
-6307
-6731
-7063
-7436
-7750
-7927
-7953
-7915
-7872
-7745
-7546
-7157
-6814
-6675
-6349
-5848
-5386
-5064
-4664
-4134
-3551
-2918
-2329
-1781
-1118
-413
168
699
1220
1815
2421
2998
3472
3966
4614
5216
5582
5898
6367
6502
6431
6280
6157
5925
5753
5904
5857
5761
5753
5809
5858
6014
6025
5802
5551
5304
4843
4272
4011
3917
3484
2926
2479
1916
1329
859
339
-234
-724
-1241
-1916
-2457
-3003
-3643
-4251
-4863
-5444
-6068
-6514
-6918
-7367
-7743
-7864
-7877
-7896
-7854
-7756
-7558
-7284
-6916
-6589
-6122
-5612
-5165
-4776
-4372
-3830
-3226
-2634
-2090
-1556
-963
-288
277
818
1358
1985
2583
3228
3697
4221
4859
5411
5816
6186
6666
6843
6812
6587
6470
6258
6098
6187
6057
5921
5920
5958
5968
6135
6130
5768
5471
5275
4952
4460
4171
3961
3575
3076
2571
1970
1395
943
435
-158
-683
-1179
-1808
-2392
-2983
-3567
-4175
-4807
-5424
-6012
-6481
-6901
-7324
-7724
-7838
-7851
-7863
-7865
-7774
-7624
-7305
-6994
-6796
-6396
-5894
-5464
-5081
-4676
-4169
-3550
-3016
-2508
-1904
-1229
-576
-10
490
1035
1594
2192
2862
3372
3867
4491
5066
5463
5834
6347
6555
6464
6290
6201
5983
5829
5883
5674
5504
5579
5694
5739
5885
5899
5583
5333
5174
4850
4302
3947
3778
3369
2823
2392
1827
1232
788
230
-363
-816
-1296
-2001
-2541
-3073
-3685
-4257
-4891
-5543
-6135
-6586
-6954
-7323
-7678
-7785
-7838
-7819
-7784
-7628
-7395
-7128
-6836
-6615
-6111
-5617
-5190
-4744
-4321
-3846
-3324
-2737
-2250
-1732
-1118
-438
144
692
1258
1801
2325
2992
3558
4053
4754
5318
5681
5993
6439
6684
6613
6477
6436
6201
6051
6260
6119
5899
5938
6066
6095
6250
6229
5917
5673
5449
5104
4620
4366
4170
3695
3097
2608
1996
1414
1006
438
-154
-647
-1190
-1869
-2456
-3017
-3630
-4212
-4803
-5423
-5925
-6368
-6914
-7341
-7686
-7813
-7827
-7847
-7824
-7797
-7559
-7190
-6900
-6649
-6148
-5648
-5266
-4829
-4368
-3865
-3271
-2684
-2287
-1790
-1112
-513
13
555
1156
1726
2309
3006
3560
4053
4759
5398
5809
6200
6628
6813
6621
6372
6212
5978
5908
5987
5785
5537
5552
5652
5672
5808
5877
5609
5386
5159
4805
4358
4009
3783
3321
2723
2200
1560
946
488
-100
-715
-1164
-1634
-2308
-2838
-3332
-3935
-4420
-4977
-5647
-6140
-6541
-6963
-7359
-7663
-7871
-8005
-8041
-8033
-7935
-7736
-7384
-7104
-6896
-6388
-5877
-5453
-4995
-4552
-4047
-3430
-2795
-2341
-1824
-1130
-437
95
581
1191
1764
2350
3059
3513
4016
4778
5378
5776
6198
6723
7006
7010
6860
6728
6545
6458
6668
6510
6249
6219
6251
6275
6332
6317
6074
5806
5481
5054
4589
4271
4068
3660
3074
2557
2017
1439
999
452
-180
-666
-1268
-2008
-2561
-3144
-3829
-4475
-5211
-5875
-6323
-6754
-7204
-7540
-7819
-7942
-7923
-7826
-7712
-7617
-7419
-7103
-6808
-6604
-6147
-5716
-5439
-5023
-4595
-4118
-3482
-2778
-2282
-1747
-1013
-297
280
830
1409
1924
2524
3164
3719
4228
4842
5398
5838
6178
6568
6802
6651
6370
6245
6115
6083
6281
6162
5920
5927
6068
6128
6224
6201
5903
5621
5302
4898
4424
4028
3789
3303
2697
2242
1765
1211
728
171
-443
-856
-1357
-2039
-2571
-3138
-3736
-4363
-4979
-5638
-6193
-6697
-7224
-7646
-7983
-8066
-8083
-8072
-8059
-7981
-7735
-7362
-7145
-6966
-6428
-5984
-5592
-5144
-4690
-4228
-3623
-3058
-2651
-2128
-1448
-713
-162
345
999
1604
2213
2941
3513
4150
4895
5510
5871
6253
6623
6876
6791
6507
6428
6273
6242
6369
6174
5910
5996
6130
6203
6311
6228
5860
5575
5215
4823
4423
4099
3861
3299
2669
2212
1703
1093
608
110
-378
-799
-1335
-2009
-2558
-3110
-3676
-4258
-4886
-5432
-5929
-6391
-6896
-7283
-7526
-7640
-7703
-7684
-7601
-7527
-7275
-6909
-6702
-6502
-5978
-5560
-5130
-4690
-4233
-3690
-3146
-2653
-2204
-1711
-1138
-491
19
533
1111
1693
2335
3008
3558
4139
4793
5343
5802
6223
6631
6888
6803
6534
6400
6232
6097
6253
6139
5920
5898
5932
6016
6169
6107
5829
5658
5390
5062
4687
4318
4084
3630
3036
2513
1856
1178
672
21
-646
-1091
-1660
-2299
-2847
-3373
-3921
-4460
-5013
-5567
-6025
-6462
-6905
-7299
-7599
-7775
-7938
-7965
-7940
-7942
-7789
-7493
-7302
-7123
-6693
-6195
-5740
-5307
-4798
-4189
-3588
-2952
-2414
-1877
-1296
-625
-82
420
939
1385
1996
2619
3100
3596
4269
4919
5425
5860
6304
6645
6644
6534
6571
6461
6443
6638
6457
6180
6151
6201
6208
6247
6109
5716
5445
5165
4851
4464
4135
3987
3562
3009
2535
1991
1498
1070
423
-248
-679
-1230
-1966
-2581
-3174
-3804
-4422
-5043
-5635
-6219
-6641
-7029
-7406
-7695
-7811
-7825
-7792
-7679
-7613
-7371
-7042
-6811
-6546
-6202
-5869
-5477
-5077
-4675
-4192
-3649
-2985
-2465
-1989
-1293
-551
66
656
1283
1829
2469
3109
3616
4178
4747
5294
5689
6042
6420
6712
6773
6559
6456
6291
6276
6491
6359
6131
6092
6172
6314
6480
6424
6095
5769
5465
5086
4607
4217
4057
3593
2857
2300
1756
1306
873
237
-350
-746
-1272
-1873
-2446
-3088
-3690
-4309
-4898
-5490
-6052
-6555
-7019
-7486
-7798
-7855
-7882
-7869
-7829
-7814
-7619
-7211
-6938
-6685
-6315
-5917
-5506
-5149
-4744
-4239
-3672
-3028
-2482
-1991
-1313
-625
-118
365
935
1492
2123
2792
3308
3876
4463
5058
5499
5821
6227
6551
6495
6335
6306
6154
6176
6355
6137
5828
5856
6028
6141
6246
6157
5807
5483
5117
4693
4238
3965
3815
3343
2712
2323
1837
1303
854
257
-321
-745
-1314
-2024
-2621
-3265
-3857
-4480
-5124
-5667
-6243
-6691
-7101
-7520
-7739
-7779
-7812
-7827
-7739
-7679
-7478
-7151
-6943
-6735
-6360
-5935
-5569
-5186
-4702
-4164
-3666
-3020
-2447
-1931
-1149
-391
118
702
1345
1931
2591
3191
3674
4205
4819
5364
5801
6206
6556
6816
6739
6521
6459
6304
6430
6652
6507
6248
6238
6385
6480
6535
6406
6088
5778
5375
4904
4450
4169
3915
3355
2833
2349
1789
1265
805
203
-402
-808
-1326
-2041
-2623
-3177
-3784
-4381
-4967
-5531
-6080
-6534
-6958
-7422
-7697
-7790
-7900
-7913
-7862
-7809
-7534
-7161
-6880
-6655
-6225
-5761
-5398
-5033
-4548
-4024
-3500
-2899
-2372
-1893
-1233
-504
-46
538
1189
1689
2274
2925
3421
3969
4590
5134
5564
5913
6289
6533
6506
6381
6274
6049
6133
6348
6127
5898
5964
6062
6057
6123
5940
5572
5307
4984
4538
4139
3922
3656
3066
2551
2139
1594
1152
783
177
-426
-870
-1468
-2106
-2684
-3195
-3764
-4453
-4992
-5524
-6040
-6406
-6829
-7291
-7573
-7672
-7784
-7762
-7646
-7617
-7425
-7138
-6939
-6755
-6320
-5870
-5530
-5162
-4635
-4079
-3590
-2978
-2375
-1835
-1151
-385
144
645
1305
1864
2426
3070
3619
4206
4831
5349
5748
6148
6575
6776
6672
6565
6460
6327
6398
6622
6425
6108
6099
6160
6171
6234
6066
5633
5282
4923
4543
4160
3922
3569
2945
2449
2031
1493
1105
704
42
-519
-904
-1526
-2204
-2744
-3295
-3890
-4486
-5007
-5519
-5965
-6440
-6947
-7347
-7514
-7494
-7620
-7651
-7589
-7599
-7368
-7010
-6866
-6659
-6204
-5779
-5379
-4917
-4427
-3871
-3361
-2778
-2222
-1730
-1045
-311
230
696
1375
1916
2463
3009
3551
4092
4702
5259
5615
6037
6375
6575
6515
6396
6319
6302
6501
6624
6403
6203
6308
6397
6401
6312
5965
5615
5272
4858
4414
4070
3956
3656
3042
2541
2126
1620
1182
687
-30
-562
-990
-1681
-2367
-2957
-3548
-4142
-4742
-5315
-5840
-6331
-6728
-7183
-7576
-7675
-7637
-7721
-7803
-7679
-7611
-7384
-7027
-6877
-6662
-6252
-5869
-5497
-5092
-4692
-4153
-3626
-3079
-2485
-1892
-1130
-414
32
634
1388
1933
2466
3147
3638
4139
4762
5303
5749
6121
6501
6620
6492
6377
6401
6467
6635
6698
6432
6307
6437
6475
6438
6331
5963
5627
5299
4795
4340
4033
3880
3413
2712
2265
1905
1395
863
371
-238
-723
-1129
-1797
-2433
-2974
-3566
-4149
-4773
-5326
-5726
-6152
-6662
-7133
-7445
-7490
-7440
-7528
-7562
-7432
-7349
-7047
-6729
-6629
-6321
-5927
-5573
-5202
-4839
-4332
-3748
-3232
-2666
-2070
-1428
-694
-86
360
947
1586
2057
2668
3309
3756
4301
4908
5365
5774
6191
6509
6633
6517
6471
6543
6694
6827
6780
6516
6420
6489
6431
6362
6116
5706
5364
4980
4409
4050
3928
3673
3131
2559
2147
1766
1235
742
198
-427
-883
-1471
-2227
-2825
-3369
-3993
-4564
-5155
-5677
-6010
-6432
-6889
-7301
-7485
-7396
-7320
-7403
-7312
-7106
-7046
-6754
-6557
-6479
-6206
-5883
-5651
-5333
-4890
-4361
-3825
-3358
-2746
-2070
-1467
-755
-121
296
1004
1668
2135
2774
3344
3778
4351
4913
5248
5640
5971
6094
6128
6090
6111
6303
6489
6590
6515
6334
6430
6648
6695
6561
6242
5813
5411
4907
4347
3986
3690
3291
2658
2046
1665
1264
713
234
-244
-731
-1075
-1631
-2331
-2958
-3439
-4012
-4608
-5174
-5622
-5999
-6575
-7033
-7364
-7515
-7441
-7445
-7537
-7367
-7158
-6985
-6661
-6394
-6139
-5677
-5347
-5102
-4737
-4320
-3803
-3345
-2931
-2367
-1757
-1244
-659
-100
400
1145
1798
2314
3036
3637
4198
4890
5396
5757
6167
6415
6467
6481
6375
6451
6699
6784
6723
6624
6597
6767
6857
6757
6594
6238
5820
5402
4894
4398
4155
3783
3140
2493
1961
1588
1162
607
72
-442
-937
-1424
-2125
-2840
-3371
-3881
-4400
-4990
-5537
-5909
-6292
-6771
-7133
-7266
-7341
-7283
-7317
-7324
-7119
-6950
-6752
-6568
-6390
-6100
-5708
-5481
-5121
-4544
-4136
-3728
-3231
-2717
-2099
-1450
-920
-403
156
823
1471
1996
2559
3166
3656
4221
4843
5193
5538
5925
5989
6003
6127
6112
6315
6632
6702
6617
6565
6669
6779
6682
6439
6185
5800
5364
4879
4274
3893
3642
3109
2482
1980
1551
1121
606
1
-514
-925
-1387
-1967
-2655
-3267
-3724
-4302
-4874
-5354
-5876
-6195
-6525
-7041
-7319
-7277
-7252
-7247
-7233
-7122
-6890
-6655
-6463
-6268
-6091
-5719
-5329
-5110
-4745
-4211
-3840
-3439
-2877
-2409
-1838
-1192
-700
-217
437
1149
1761
2281
2888
3464
3963
4568
5108
5502
5855
6127
6136
6174
6331
6530
6813
6936
6834
6791
6973
7101
7061
6857
6617
6336
5878
5338
4852
4507
4194
3697
2974
2439
2067
1546
1000
408
-159
-590
-1041
-1655
-2342
-3012
-3531
-4076
-4717
-5242
-5662
-6141
-6501
-6824
-7126
-7130
-7051
-7106
-7092
-6977
-6765
-6539
-6406
-6205
-5982
-5773
-5499
-5229
-5029
-4570
-4106
-3799
-3311
-2753
-2235
-1573
-1006
-587
60
867
1478
2029
2617
3176
3674
4189
4771
5181
5438
5717
5803
5751
5889
6118
6391
6676
6766
6726
6890
7182
7221
7080
6866
6589
6135
5530
5037
4603
4169
3690
3015
2313
1891
1499
931
366
-248
-715
-1115
-1634
-2141
-2809
-3433
-3952
-4536
-5180
-5634
-6028
-6481
-6803
-7081
-7194
-7114
-7024
-7037
-6941
-6702
-6424
-6212
-6112
-5919
-5702
-5486
-5182
-4909
-4599
-4151
-3822
-3510
-2947
-2440
-1892
-1227
-742
-298
436
1102
1608
2257
2817
3350
3893
4445
4956
5314
5564
5753
5794
5795
6051
6385
6569
6762
6770
6790
7129
7292
7181
6967
6706
6368
5840
5258
4821
4412
3871
3260
2577
1991
1616
1104
407
-178
-662
-1108
-1578
-2111
-2742
-3426
-3971
-4447
-5071
-5580
-5850
-6203
-6575
-6812
-6940
-6988
-6881
-6886
-6872
-6675
-6475
-6202
-6009
-5822
-5510
-5208
-5015
-4742
-4515
-4191
-3761
-3522
-3041
-2455
-1988
-1388
-751
-265
346
1098
1684
2273
2914
3517
4115
4685
5179
5574
5814
5929
6031
6009
6128
6501
6693
6750
6790
6874
7075
7291
7291
7086
6856
6568
6152
5537
5015
4613
4081
3348
2599
1964
1460
966
349
-301
-947
-1373
-1803
-2317
-2867
-3410
-3964
-4455
-4934
-5451
-5751
-6082
-6481
-6789
-6877
-6913
-6888
-6835
-6850
-6746
-6531
-6273
-6127
-5925
-5657
-5431
-5179
-4879
-4568
-4184
-3841
-3615
-3236
-2727
-2210
-1747
-1224
-722
-147
476
1051
1668
2234
2737
3301
3853
4368
4890
5287
5482
5603
5686
5847
6183
6481
6649
6731
6810
7028
7289
7315
7172
6885
6591
6199
5638
5178
4878
4426
3712
3060
2396
1829
1344
761
126
-498
-1004
-1486
-2035
-2628
-3255
-3886
-4499
-5014
-5526
-5892
-6137
-6530
-6839
-6874
-6778
-6681
-6542
-6475
-6392
-6217
-6011
-5780
-5635
-5439
-5292
-5202
-4996
-4696
-4362
-3963
-3664
-3373
-2800
-2247
-1752
-1188
-630
-83
550
1102
1689
2358
2921
3421
3919
4391
4798
5223
5425
5536
5637
5735
6045
6430
6609
6727
6837
7020
7281
7414
7395
7286
7038
6591
6072
5582
5197
4779
4079
3336
2639
2007
1473
905
311
-277
-799
-1280
-1812
-2387
-2977
-3538
-4115
-4621
-5155
-5547
-5862
-6212
-6508
-6708
-6685
-6623
-6544
-6517
-6403
-6279
-6075
-5877
-5718
-5481
-5243
-5102
-4912
-4626
-4309
-3940
-3661
-3384
-3005
-2562
-2150
-1725
-1213
-645
-48
530
1073
1698
2293
2852
3430
3931
4407
4779
5053
5184
5326
5410
5671
6022
6196
6275
6308
6541
6863
7089
7042
6936
6791
6446
5974
5543
5244
4880
4366
3619
2899
2283
1725
1144
462
-186
-775
-1360
-1957
-2475
-3067
-3622
-4177
-4766
-5314
-5770
-6053
-6360
-6618
-6703
-6714
-6685
-6560
-6443
-6370
-6248
-6072
-5908
-5780
-5544
-5291
-5145
-5008
-4735
-4416
-4135
-3829
-3505
-3123
-2706
-2217
-1724
-1225
-635
-28
527
1095
1685
2321
2889
3387
3881
4340
4737
5018
5166
5311
5524
5698
6041
6363
6438
6530
6783
7093
7328
7392
7351
7304
7071
6626
6172
5801
5417
4915
4187
3436
2827
2206
1587
943
277
-285
-833
-1421
-1934
-2434
-3007
-3544
-4084
-4636
-5168
-5552
-5901
-6210
-6463
-6507
-6397
-6365
-6274
-6155
-6025
-5912
-5773
-5659
-5433
-5205
-5090
-5014
-4856
-4579
-4310
-4069
-3817
-3460
-3058
-2651
-2207
-1743
-1143
-520
64
611
1193
1797
2387
2896
3401
3920
4311
4712
4973
5093
5217
5365
5622
5977
6214
6292
6523
6834
7063
7165
7116
6980
6860
6499
6005
5621
5240
4758
4072
3308
2650
2026
1381
812
178
-447
-923
-1473
-2072
-2600
-3203
-3769
-4256
-4817
-5308
-5596
-5914
-6194
-6419
-6518
-6388
-6311
-6240
-6050
-5916
-5789
-5619
-5504
-5373
-5171
-5056
-4954
-4844
-4694
-4376
-4131
-3989
-3658
-3254
-2879
-2416
-1929
-1405
-760
-205
292
891
1503
2099
2692
3192
3710
4147
4462
4792
4992
5132
5252
5467
5783
6067
6189
6321
6654
6940
7151
7193
7114
7002
6764
6341
5948
5627
5207
4680
3971
3288
2618
1949
1295
687
39
-545
-1083
-1676
-2172
-2741
-3291
-3738
-4275
-4829
-5182
-5548
-5935
-6181
-6315
-6295
-6176
-6072
-5985
-5845
-5685
-5515
-5365
-5238
-5043
-4856
-4797
-4741
-4568
-4301
-4052
-3863
-3622
-3202
-2853
-2452
-1907
-1384
-794
-151
396
977
1604
2177
2729
3181
3654
4076
4368
4688
4963
5069
5177
5349
5512
5787
6003
6100
6369
6686
6920
7095
7081
6986
6802
6429
6050
5685
5282
4821
4233
3486
2816
2175
1493
822
140
-444
-944
-1457
-1995
-2550
-3126
-3634
-4113
-4591
-4937
-5201
-5578
-5954
-6189
-6239
-6231
-6161
-6110
-6028
-5958
-5814
-5667
-5532
-5299
-5115
-5016
-4929
-4825
-4679
-4410
-4218
-4055
-3763
-3443
-3056
-2622
-2179
-1683
-1073
-500
54
686
1338
1971
2520
3036
3606
4095
4467
4739
4852
5020
5133
5277
5547
5728
5802
5937
6203
6489
6745
6859
6799
6675
6489
6252
6000
5651
5252
4658
3999
3309
2629
1921
1182
491
-209
-796
-1301
-1843
-2394
-2925
-3382
-3765
-4186
-4594
-4870
-5202
-5522
-5711
-5786
-5774
-5718
-5696
-5665
-5614
-5533
-5366
-5278
-5182
-5022
-4880
-4790
-4628
-4398
-4125
-3891
-3689
-3396
-3042
-2686
-2336
-1959
-1486
-968
-434
100
635
1218
1818
2354
2880
3400
3855
4221
4520
4693
4859
5021
5114
5342
5558
5713
5888
6094
6293
6545
6746
6830
6783
6579
6361
6078
5685
5290
4890
4307
3665
3019
2339
1680
1016
345
-288
-835
-1382
-1907
-2434
-2912
-3355
-3840
-4242
-4562
-4909
-5185
-5441
-5692
-5767
-5808
-5753
-5731
-5684
-5601
-5478
-5316
-5202
-5078
-4993
-4873
-4730
-4575
-4369
-4102
-3901
-3720
-3410
-3138
-2816
-2425
-1950
-1491
-979
-448
36
627
1264
1830
2348
2935
3436
3911
4298
4520
4665
4796
4855
4916
5123
5255
5388
5526
5722
5946
6227
6478
6585
6554
6367
6197
5886
5455
5077
4627
3992
3350
2634
1963
1283
568
-98
-662
-1211
-1727
-2189
-2734
-3145
-3543
-3924
-4219
-4568
-4848
-5161
-5439
-5628
-5751
-5779
-5791
-5810
-5828
-5796
-5714
-5648
-5536
-5361
-5240
-5084
-4845
-4615
-4366
-4137
-3922
-3656
-3334
-3035
-2660
-2237
-1821
-1358
-808
-302
231
870
1497
2070
2637
3195
3627
4084
4457
4656
4840
4993
5079
5168
5355
5535
5650
5778
6003
6233
6459
6637
6625
6480
6345
6186
5846
5477
5140
4695
4148
3525
2861
2179
1536
844
192
-356
-896
-1443
-1906
-2368
-2789
-3161
-3440
-3769
-4149
-4429
-4745
-4993
-5137
-5239
-5347
-5425
-5476
-5526
-5524
-5436
-5344
-5288
-5225
-5079
-4998
-4832
-4601
-4401
-4169
-3857
-3441
-3126
-2838
-2466
-2115
-1703
-1178
-671
-225
364
969
1472
2002
2595
3122
3587
4056
4354
4564
4759
4860
4824
4811
4945
5085
5216
5345
5461
5651
5925
6044
6039
5973
5902
5664
5305
4952
4597
4183
3700
3113
2446
1809
1156
501
-170
-697
-1178
-1684
-2191
-2587
-2991
-3343
-3590
-3962
-4305
-4514
-4756
-4994
-5185
-5332
-5418
-5561
-5709
-5797
-5825
-5801
-5758
-5729
-5638
-5457
-5251
-5030
-4784
-4490
-4179
-3822
-3479
-3134
-2689
-2256
-1871
-1409
-949
-549
-27
543
999
1483
2095
2690
3176
3720
4184
4454
4669
4843
4962
4992
4963
5018
5091
5193
5297
5373
5563
5796
5930
5980
5958
5878
5740
5510
5119
4746
4354
3811
3245
2656
1969
1329
745
129
-372
-848
-1331
-1794
-2207
-2533
-2853
-3113
-3404
-3664
-3930
-4162
-4412
-4692
-4886
-5091
-5297
-5507
-5660
-5754
-5763
-5797
-5812
-5717
-5465
-5247
-4967
-4680
-4400
-3997
-3592
-3255
-2937
-2452
-2080
-1784
-1364
-910
-494
-32
535
996
1513
2154
2672
3184
3704
4173
4498
4765
4960
5042
5090
5075
4982
4979
5126
5193
5213
5304
5470
5596
5731
5771
5723
5609
5399
5106
4703
4317
3866
3308
2664
1990
1354
704
102
-426
-959
-1414
-1811
-2227
-2596
-2871
-3141
-3384
-3634
-3951
-4209
-4436
-4696
-4971
-5246
-5523
-5788
-6028
-6220
-6286
-6384
-6374
-6253
-6083
-5791
-5462
-5104
-4733
-4243
-3781
-3354
-2924
-2494
-2102
-1800
-1448
-1034
-607
-196
245
658
1148
1709
2288
2849
3390
3905
4323
4650
4862
4989
5096
5099
4942
4783
4719
4794
4802
4827
4912
4982
5159
5259
5285
5327
5299
5143
4825
4434
4016
3585
3064
2426
1828
1247
662
100
-455
-945
-1355
-1754
-2083
-2316
-2530
-2695
-2859
-3140
-3382
-3592
-3821
-4131
-4497
-4855
-5234
-5639
-5973
-6194
-6368
-6442
-6422
-6297
-6034
-5681
-5296
-4810
-4300
-3773
-3148
-2608
-2155
-1728
-1341
-1061
-681
-298
-3
289
582
932
1347
1846
2352
2801
3254
3830
4342
4676
4985
5245
5327
5343
5243
5117
5021
4876
4759
4635
4589
4579
4579
4576
4595
4640
4617
4549
4360
4141
3861
3520
3092
2612
2117
1587
1015
394
-154
-635
-1105
-1517
-1908
-2269
-2502
-2686
-2904
-3126
-3313
-3537
-3831
-4170
-4517
-4916
-5350
-5723
-6116
-6492
-6733
-6934
-7030
-6919
-6713
-6398
-5932
-5402
-4825
-4169
-3513
-2923
-2330
-1803
-1342
-948
-652
-395
-147
125
400
698
1057
1429
1818
2280
2794
3305
3811
4279
4711
5015
5237
5306
5317
5286
5082
4880
4646
4424
4263
4156
4074
4026
4026
4079
4143
4197
4240
4218
4074
3849
3506
3087
2677
2189
1606
1044
444
-105
-630
-1100
-1542
-1920
-2203
-2416
-2511
-2653
-2821
-3023
-3274
-3568
-3934
-4360
-4847
-5396
-5915
-6355
-6727
-6969
-7056
-7058
-6949
-6669
-6286
-5685
-4974
-4271
-3563
-2797
-2100
-1415
-872
-509
-167
89
261
393
581
696
853
1014
1323
1773
2212
2797
3387
3918
4494
4982
5316
5610
5700
5660
5551
5297
4957
4573
4199
3779
3510
3283
3151
3196
3252
3401
3601
3790
3972
4043
3984
3843
3495
3084
2670
2128
1555
939
233
-409
-950
-1504
-1908
-2206
-2488
-2664
-2772
-2900
-3049
-3219
-3469
-3804
-4184
-4554
-5041
-5586
-6036
-6454
-6816
-7000
-7078
-6983
-6703
-6317
-5814
-5178
-4434
-3578
-2760
-2034
-1363
-783
-323
9
169
240
289
242
239
350
478
707
1056
1466
1966
2541
3143
3742
4324
4806
5187
5465
5567
5484
5296
4978
4566
4073
3609
3148
2730
2482
2340
2349
2543
2818
3076
3359
3644
3829
3893
3833
3571
3144
2585
1964
1290
551
-148
-779
-1315
-1856
-2316
-2705
-2979
-3158
-3270
-3355
-3435
-3541
-3664
-3821
-4052
-4322
-4671
-5039
-5442
-5823
-6074
-6216
-6264
-6137
-5842
-5462
-4924
-4281
-3572
-2803
-2060
-1323
-669
-221
120
353
451
469
477
454
472
492
549
793
1094
1503
2030
2534
3107
3709
4245
4719
5094
5325
5341
5273
5023
4689
4284
3788
3268
2815
2458
2207
2105
2087
2229
2433
2712
3009
3296
3521
3678
3727
3619
3317
2874
2336
1675
956
197
-511
-1157
-1748
-2282
-2692
-2994
-3154
-3233
-3210
-3096
-3013
-2948
-2961
-3044
-3196
-3376
-3601
-3934
-4227
-4567
-4933
-5128
-5199
-5212
-5100
-4813
-4459
-3981
-3349
-2727
-2122
-1548
-983
-493
-141
203
400
439
410
345
282
264
294
333
518
761
1083
1497
1937
2392
2830
3273
3658
3966
4167
4262
4203
3981
3805
3497
3158
2887
2568
2325
2223
2216
2171
2293
2438
2580
2757
2907
3033
3102
3052
2836
2502
2107
1649
1099
463
-139
-741
-1316
-1816
-2248
-2576
-2810
-2965
-3026
-3027
-2939
-2781
-2648
-2559
-2492
-2522
-2592
-2643
-2833
-3072
-3306
-3520
-3744
-3926
-4044
-4051
-3961
-3794
-3516
-3150
-2771
-2325
-1881
-1416
-925
-536
-201
18
122
206
251
210
183
158
129
134
216
408
652
967
1387
1793
2168
2551
2945
3214
3421
3590
3655
3667
3572
3453
3252
3022
2831
2633
2474
2356
2316
2271
2278
2272
2202
2165
2147
2061
1920
1725
1464
1165
828
445
127
-229
-619
-944
-1255
-1490
-1603
-1691
-1713
-1666
-1680
-1615
-1535
-1516
-1507
-1482
-1514
-1552
-1613
-1745
-1878
-2050
-2246
-2396
-2473
-2553
-2550
-2485
-2342
-2186
-2036
-1821
-1621
-1423
-1183
-995
-878
-742
-633
-620
-609
-600
-614
-566
-511
-420
-293
-208
-52
156
359
647
920
1242
1580
1855
2090
2285
2445
2533
2629
2646
2620
2582
2437
2289
2149
2003
1887
1788
1662
1567
1524
1464
1432
1355
1306
1202
1033
850
665
510
342
120
-74
-191
-330
-464
-534
-568
-604
-653
-640
-639
-633
-667
-729
-783
-901
-1022
-1158
-1275
-1376
-1487
-1503
-1481
-1504
-1492
-1416
-1378
-1379
-1329
-1326
-1350
-1367
-1438
-1541
-1623
-1722
-1878
-2020
-2095
-2136
-2173
-2111
-2004
-1903
-1759
-1573
-1301
-1010
-706
-441
-240
-16
198
410
603
744
840
906
930
959
983
1043
1137
1224
1333
1441
1579
1710
1889
2050
2123
2187
2259
2326
2313
2304
2271
2198
2072
1922
1785
1649
1538
1415
1329
1305
1252
1186
1149
1107
1081
1058
1037
960
883
789
689
549
424
303
139
36
-132
-299
-423
-563
-690
-815
-941
-1021
-1094
-1183
-1315
-1468
-1605
-1774
-1942
-2122
-2304
-2506
-2663
-2745
-2847
-2923
-2882
-2823
-2720
-2603
-2401
-2204
-1972
-1720
-1530
-1319
-1169
-986
-890
-878
-833
-775
-760
-705
-578
-421
-202
70
368
679
1006
1348
1646
1904
2167
2379
2517
2586
2625
2618
2588
2526
2431
2390
2378
2328
2268
2266
2267
2244
2261
2259
2281
2265
2246
2223
2152
2068
1950
1813
1650
1461
1274
1135
964
711
496
264
49
-144
-338
-512
-751
-988
-1245
-1474
-1663
-1877
-2107
-2348
-2627
-2881
-3107
-3320
-3491
-3599
-3712
-3776
-3803
-3825
-3774
-3706
-3600
-3472
-3336
-3219
-3067
-2909
-2723
-2593
-2469
-2256
-2072
-1886
-1651
-1382
-1122
-821
-478
-137
209
549
897
1192
1504
1785
2026
2263
2456
2649
2768
2896
2958
2956
2918
2906
2875
2873
2895
2939
3010
3080
3176
3258
3372
3453
3512
3537
3541
3475
3370
3258
3060
2837
2564
2268
1945
1640
1367
1091
841
585
358
132
-104
-315
-598
-884
-1142
-1436
-1753
-2034
-2350
-2696
-3020
-3308
-3554
-3742
-3908
-4062
-4132
-4222
-4259
-4193
-4121
-3985
-3816
-3675
-3524
-3336
-3107
-2904
-2681
-2443
-2187
-1957
-1709
-1426
-1202
-936
-628
-340
-34
285
553
843
1127
1400
1643
1844
2039
2188
2297
2419
2498
2550
2554
2615
2672
2690
2761
2839
2958
3035
3157
3231
3311
3380
3420
3381
3333
3285
3196
3074
2971
2797
2548
2278
1996
1733
1432
1115
803
508
233
-47
-329
-616
-900
-1193
-1469
-1708
-1962
-2195
-2451
-2695
-2919
-3153
-3412
-3607
-3839
-4047
-4186
-4291
-4364
-4390
-4343
-4256
-4120
-3968
-3745
-3476
-3171
-2851
-2543
-2293
-2013
-1732
-1487
-1224
-955
-714
-521
-343
-169
-5
208
415
618
842
1059
1320
1575
1819
2026
2240
2446
2652
2837
2957
3059
3100
3134
3154
3205
3227
3213
3239
3225
3232
3188
3127
3089
3057
2999
2962
2884
2714
2551
2327
2064
1761
1469
1140
777
397
25
-321
-621
-853
-1070
-1257
-1443
-1623
-1814
-1993
-2162
-2351
-2542
-2712
-2805
-2888
-2982
-3069
-3133
-3139
-3161
-3122
-3063
-2957
-2846
-2667
-2474
-2261
-2021
-1796
-1582
-1409
-1243
-1082
-955
-816
-687
-607
-507
-420
-337
-226
-114
23
192
330
510
707
953
1163
1395
1581
1749
1956
2138
2286
2380
2496
2573
2614
2634
2659
2678
2657
2668
2619
2571
2584
2518
2477
2410
2305
2165
2000
1809
1609
1365
1111
872
582
301
-18
-310
-617
-887
-1066
-1262
-1411
-1560
-1725
-1857
-1974
-2043
-2089
-2135
-2176
-2188
-2191
-2193
-2165
-2145
-2150
-2188
-2154
-2089
-1998
-1841
-1731
-1607
-1430
-1260
-1124
-983
-892
-789
-702
-595
-503
-475
-402
-391
-389
-396
-356
-282
-238
-153
-73
67
197
346
508
680
835
990
1143
1262
1409
1503
1580
1657
1677
1695
1741
1750
1751
1770
1795
1783
1750
1721
1670
1608
1545
1455
1333
1198
1061
883
739
576
416
264
28
-149
-378
-569
-750
-872
-977
-1082
-1146
-1177
-1195
-1183
-1162
-1153
-1128
-1109
-1055
-1010
-980
-970
-935
-952
-945
-901
-891
-857
-807
-750
-675
-588
-489
-401
-342
-305
-237
-177
-135
-72
-110
-169
-181
-183
-200
-162
-183
-167
-119
-53
3
36
97
166
250
373
527
653
741
810
874
892
923
950
922
881
861
826
781
773
782
756
773
817
871
872
842
824
778
733
661
609
532
436
370
255
163
68
-50
-141
-200
-247
-257
-271
-284
-317
-321
-287
-288
-264
-269
-234
-217
-240
-256
-249
-295
-323
-354
-369
-352
-387
-403
-376
-343
-312
-245
-259
-253
-243
-255
-271
-272
-320
-375
-445
-530
-598
-672
-732
-740
-794
-794
-778
-794
-760
-722
-659
-624
-581
-522
-465
-421
-374
-368
-412
-418
-412
-430
-437
-403
-383
-340
-285
-167
-74
32
124
217
301
409
485
515
549
585
591
576
586
571
599
574
564
547
604
620
657
699
751
843
896
979
1022
1047
1026
972
954
916
826
720
614
547
455
360
305
283
248
230
249
259
268
256
204
172
89
36
-72
-203
-336
-513
-607
-727
-828
-890
-943
-983
-960
-927
-890
-858
-857
-814
-770
-731
-704
-708
-745
-787
-808
-870
-876
-875
-835
-774
-713
-608
-492
-354
-203
-88
44
140
205
304
358
389
444
465
496
530
543
607
646
683
711
768
825
878
956
1026
1069
1144
1188
1254
1279
1293
1270
1237
1237
1178
1077
976
905
816
719
667
653
611
541
470
384
312
241
91
-36
-167
-305
-445
-623
-747
-903
-1034
-1180
-1292
-1394
-1443
-1459
-1502
-1545
-1601
-1593
-1580
-1591
-1582
-1565
-1583
-1515
-1513
-1501
-1477
-1470
-1430
-1381
-1291
-1200
-1112
-1040
-951
-841
-717
-590
-440
-289
-155
-52
21
137
211
321
404
461
552
660
789
882
1008
1123
1240
1332
1428
1486
1587
1658
1683
1735
1762
1789
1772
1775
1765
1733
1697
1677
1664
1595
1503
1418
1325
1226
1142
1029
890
756
616
461
287
119
-41
-233
-418
-564
-703
-855
-993
-1104
-1235
-1325
-1393
-1455
-1516
-1567
-1581
-1610
-1571
-1530
-1531
-1535
-1523
-1529
-1490
-1452
-1402
-1348
-1312
-1235
-1167
-1101
-1013
-924
-808
-720
-608
-472
-354
-234
-140
-41
52
154
248
351
460
547
650
734
801
914
995
1125
1245
1345
1446
1536
1618
1702
1760
1814
1871
1868
1867
1853
1817
1774
1688
1615
1540
1483
1369
1246
1120
1000
855
692
524
316
107
-79
-244
-387
-534
-710
-842
-963
-1062
-1163
-1260
-1343
-1427
-1487
-1527
-1506
-1488
-1470
-1449
-1422
-1393
-1392
-1386
-1386
-1389
-1373
-1357
-1339
-1303
-1283
-1281
-1255
-1217
-1185
-1134
-1058
-977
-884
-789
-680
-542
-472
-414
-351
-293
-188
-113
-41
58
145
220
365
480
622
789
929
1079
1206
1303
1414
1517
1630
1686
1759
1818
1814
1827
1758
1688
1644
1546
1476
1343
1216
1118
1011
896
750
632
510
420
318
200
54
-94
-191
-338
-468
-611
-763
-887
-986
-1038
-1063
-1079
-1050
-1017
-954
-918
-899
-836
-782
-727
-648
-612
-600
-587
-606
-672
-709
-734
-736
-793
-803
-773
-757
-695
-622
-522
-469
-363
-234
-132
-58
32
76
90
191
232
270
317
323
353
370
408
489
578
663
788
907
1026
1157
1253
1356
1445
1473
1503
1468
1384
1282
1179
1059
945
862
785
689
565
462
347
277
189
114
46
-21
-103
-159
-220
-326
-418
-530
-608
-686
-769
-801
-836
-886
-918
-898
-894
-894
-858
-792
-709
-716
-706
-709
-730
-729
-748
-750
-772
-790
-785
-767
-777
-743
-721
-664
-596
-518
-470
-406
-315
-255
-177
-116
-39
16
43
58
67
85
159
236
303
373
435
485
551
645
711
771
796
889
899
921
952
920
871
792
723
613
514
411
329
223
139
84
34
-17
-74
-98
-142
-131
-116
-95
-78
-66
-69
-103
-121
-152
-224
-302
-312
-345
-373
-355
-375
-414
-437
-448
-413
-403
-365
-366
-393
-396
-440
-463
-496
-507
-518
-529
-491
-471
-466
-460
-399
-355
-291
-217
-139
-37
3
95
179
231
276
315
337
395
464
510
570
601
639
683
731
803
821
832
832
796
837
800
778
730
653
603
520
454
410
333
288
262
180
179
171
195
171
165
184
155
175
169
165
140
87
38
-29
-69
-90
-138
-193
-212
-266
-290
-309
-338
-365
-403
-416
-449
-475
-513
-526
-580
-601
-631
-644
-651
-687
-704
-716
-695
-671
-611
-594
-544
-506
-448
-374
-340
-262
-227
-156
-90
-43
26
110
188
230
289
331
381
384
378
366
352
339
342
326
294
286
241
194
148
121
103
48
8
4
-20
-37
-39
-76
-70
-60
-45
-25
-15
33
50
52
64
81
69
67
43
19
4
-29
-59
-92
-113
-132
-140
-141
-190
-196
-205
-236
-231
-252
-299
-272
-321
-372
-379
-422
-435
-444
-422
-412
-379
-330
-223
-147
-57
16
91
143
194
286
340
382
425
473
481
502
512
504
486
493
510
521
505
508
492
473
449
400
355
299
246
203
159
109
91
66
53
43
20
36
11
-2
53
80
130
200
227
248
258
279
279
298
320
258
238
182
116
60
-16
-47
-84
-152
-175
-224
-252
-286
-316
-312
-308
-298
-342
-379
-392
-400
-389
-398
-399
-375
-381
-374
-357
-335
-261
-223
-202
-135
-95
-67
4
47
87
110
141
172
169
214
199
178
186
121
124
81
43
20
-25
-43
-67
-74
-99
-127
-169
-140
-131
-175
-140
-99
-93
-59
-9
27
60
60
87
126
139
140
142
120
99
93
45
37
8
-28
-50
-89
-113
-141
-181
-195
-204
-232
-274
-300
-325
-355
-386
-421
-440
-438
-447
-420
-391
-344
-318
-281
-238
-165
-67
-34
47
131
192
247
283
326
352
365
366
385
398
378
386
385
390
381
363
378
365
333
295
215
139
90
17
-63
-129
-192
-224
-225
-213
-210
-179
-153
-129
-70
-6
2
59
89
113
182
210
230
239
245
206
201
169
177
169
122
102
78
31
45
54
65
65
48
21
-28
-50
-97
-159
-196
-233
-240
-276
-289
-290
-262
-237
-215
-167
-130
-73
18
111
139
194
293
341
376
388
431
443
462
488
481
475
464
460
431
423
406
386
361
311
244
162
61
-36
-94
-178
-251
-299
-350
-397
-405
-405
-380
-357
-329
-315
-259
-223
-220
-173
-152
-129
-117
-91
-75
-76
-73
-101
-80
-115
-175
-187
-237
-297
-374
-392
-465
-474
-474
-508
-511
-533
-573
-589
-592
-626
-610
-592
-546
-522
-479
-432
-398
-339
-279
-239
-179
-112
-15
84
160
248
331
390
451
528
607
677
701
716
719
732
725
684
663
619
551
486
432
403
366
319
276
251
203
166
126
84
52
35
53
51
64
60
41
60
66
48
58
79
69
103
123
111
101
84
93
53
30
11
-41
-87
-174
-226
-257
-306
-378
-424
-459
-468
-490
-523
-545
-576
-577
-568
-530
-490
-466
-447
-424
-395
-350
-275
-160
-101
-50
44
102
183
261
295
353
381
418
463
470
511
538
520
527
514
511
496
481
445
418
385
348
322
266
241
201
176
142
128
125
121
158
149
150
197
182
128
106
106
118
95
69
74
48
26
-5
-24
-64
-95
-124
-151
-179
-169
-189
-228
-244
-317
-341
-398
-432
-467
-522
-559
-593
-588
-633
-639
-627
-602
-534
-503
-491
-443
-401
-358
-305
-260
-172
-133
-104
-58
-20
50
77
110
132
157
151
168
173
190
205
214
231
230
257
249
256
259
264
263
268
208
170
190
160
172
169
157
182
191
211
259
281
305
300
294
284
251
244
228
184
136
116
69
12
-30
-85
-118
-158
-174
-216
-261
-291
-325
-337
-366
-407
-419
-419
-459
-459
-471
-481
-471
-457
-432
-421
-380
-322
-271
-194
-137
-83
-17
20
50
95
150
142
164
193
184
208
187
204
231
258
258
271
267
277
316
321
310
311
327
303
311
316
301
313
317
307
319
311
325
363
379
384
390
404
434
453
448
453
450
412
354
323
300
246
193
137
80
22
-33
-80
-109
-177
-256
-281
-345
-369
-385
-423
-453
-488
-503
-502
-532
-528
-536
-577
-575
-536
-525
-510
-479
-437
-396
-335
-260
-210
-193
-163
-128
-104
-64
-10
18
-1
15
43
41
34
36
37
15
-3
3
11
19
8
34
41
43
78
89
107
117
95
93
109
113
130
150
143
166
195
192
205
231
271
290
275
259
250
226
193
175
146
135
87
41
10
-18
-51
-87
-135
-199
-278
-330
-355
-381
-405
-389
-407
-429
-408
-418
-426
-399
-357
-340
-301
-265
-210
-161
-93
-29
21
68
111
160
183
202
212
205
205
179
181
152
123
104
99
100
71
69
46
75
51
116
126
116
139
172
162
172
190
194
220
233
251
262
282
281
318
301
321
303
328
323
319
337
295
321
305
286
279
252
226
216
215
177
148
105
54
-11
-40
-80
-157
-188
-231
-235
-247
-251
-240
-231
-215
-220
-202
-211
-224
-201
-189
-155
-171
-151
-131
-99
-81
-77
-85
-101
-116
-116
-107
-121
-92
-115
-107
-103
-105
-103
-86
-67
-29
1
-8
-4
-62
-67
-52
-66
-60
-40
-22
-43
-44
-44
-50
-76
-63
-56
-90
-46
-32
8
-2
-28
-23
-13
-30
-38
-74
-113
-117
-113
-111
-120
-101
-100
-86
-84
-43
-74
-105
-102
-98
-130
-156
-133
-130
-114
-107
-125
-115
-95
-61
-40
-25
-19
27
69
115
151
141
146
165
147
154
169
159
124
102
83
48
33
18
20
14
9
-4
-14
0
0
21
53
63
50
67
93
100
136
115
104
103
85
44
17
46
46
40
34
17
33
21
34
52
50
98
94
81
83
71
62
53
27
-19
-49
-67
-60
-54
-27
-27
7
19
25
63
92
110
107
128
153
177
192
201
190
196
180
176
155
150
145
123
127
118
159
162
141
142
152
128
80
68
35
-2
-30
-29
-65
-88
-105
-128
-100
-108
-85
-71
-83
-75
-56
-75
-70
-63
-63
-49
-63
-70
-81
-104
-115
-107
-86
-96
-103
-111
-155
-189
-194
-218
-224
-209
-210
-225
-223
-238
-222
-207
-220
-202
-238
-236
-236
-244
-209
-188
-207
-184
-147
-121
-74
-49
-15
29
55
69
62
79
110
147
193
199
194
221
214
205
184
168
141
102
96
92
78
61
73
35
8
-19
-58
-84
-106
-122
-150
-170
-172
-149
-144
-104
-89
-91
-59
-40
-38
-47
-52
-72
-69
-79
-68
-61
-44
-6
-24
-18
-10
-20
-26
-9
-28
-7
8
15
37
35
42
25
28
44
54
51
65
56
53
67
98
114
123
152
176
183
192
208
217
247
280
287
281
301
304
306
297
306
305
296
292
269
231
190
149
147
125
127
118
100
94
71
68
47
30
20
23
19
12
-11
-35
-38
-47
-31
-7
21
39
39
47
32
18
11
1
-4
14
17
-9
-10
-38
-89
-117
-169
-190
-182
-197
-215
-214
-246
-271
-296
-321
-329
-358
-380
-368
-359
-341
-325
-317
-276
-261
-219
-180
-166
-121
-94
-85
-56
-33
-5
-4
-4
9
18
31
31
54
75
87
79
82
68
48
39
13
8
-1
3
-10
-11
-20
-6
18
-19
-42
-58
-61
-80
-78
-73
-40
-42
-81
-71
-76
-67
-75
-75
-82
-97
-91
-90
-50
-77
-76
-43
-11
3
-3
2
-16
-17
-50
-79
-56
-58
-76
-86
-63
-93
-80
-76
-63
-57
-52
-15
3
45
81
148
192
175
204
206
195
203
221
237
243
263
255
285
272
268
267
216
206
208
200
221
234
216
204
168
152
150
159
140
100
78
55
43
33
34
51
60
67
91
92
88
65
66
69
84
82
96
89
54
31
8
9
23
24
13
15
-11
-22
-45
-7
-22
-60
-18
-18
-38
-42
-41
-78
-95
-111
-125
-128
-143
-148
-135
-152
-154
-142
-126
-91
-71
-74
-100
-83
-88
-93
-110
-105
-114
-85
-65
-91
-72
-59
-46
-34
-32
0
5
3
46
50
42
60
54
34
15
9
-4
-51
-51
-88
-99
-94
-98
-115
-131
-125
-134
-110
-90
-80
-78
-80
-52
-43
-52
-61
-67
-65
-70
-73
-33
-27
-39
-22
-80
-87
-101
-95
-83
-62
-40
-28
-4
-34
-24
-33
-35
-39
-55
-68
-86
-78
-92
-104
-119
-116
-143
-158
-135
-123
-118
-137
-133
-134
-110
-73
-38
-1
26
42
40
51
69
73
100
108
124
115
102
121
107
107
103
118
135
146
151
137
106
87
65
61
94
106
118
118
140
162
169
152
142
164
164
184
185
187
233
224
204
199
207
234
213
194
189
172
166
155
171
170
168
178
165
134
127
115
95
99
94
80
38
23
0
-23
-54
-76
-97
-111
-127
-131
-133
-104
-84
-103
-91
-112
-92
-82
-97
-93
-102
-138
-123
-100
-91
-56
-73
-63
-69
-71
-78
-108
-110
-104
-115
-128
-91
-100
-76
-70
-70
-71
-55
-32
-25
-12
-32
-25
-29
-44
-56
-76
-89
-92
-109
-80
-69
-78
-75
-83
-67
-62
-23
11
1
21
17
53
65
54
79
69
59
66
64
51
55
35
-9
-65
-73
-124
-115
-109
-116
-110
-93
-74
-92
-90
-107
-139
-143
-151
-160
-150
-170
-180
-197
-197
-198
-229
-201
-187
-182
-171
-157
-173
-200
-191
-171
-153
-124
-112
-96
-116
-92
-93
-80
-49
-54
-33
-8
36
89
119
134
155
184
197
233
268
289
276
267
290
294
315
323
348
343
325
355
350
347
353
336
319
285
266
257
229
235
252
260
239
235
238
228
210
192
172
169
131
89
52
53
25
32
43
29
6
-14
-8
-51
-59
-91
-111
-111
-197
-198
-179
-195
-206
-184
-171
-198
-181
-151
-143
-160
-157
-177
-190
-220
-240
-220
-232
-219
-200
-175
-171
-163
-140
-121
-107
-94
-117
-106
-87
-74
-56
-73
-31
-26
-16
40
61
51
64
89
75
72
68
73
61
69
111
119
106
124
108
104
119
118
132
105
87
84
62
64
61
60
62
42
23
40
51
42
56
69
48
14
-13
-44
-70
-131
-189
-217
-239
-291
-279
-275
-267
-235
-234
-218
-224
-254
-265
-253
-264
-269
-253
-276
-272
-269
-242
-215
-223
-201
-178
-139
-129
-124
-126
-116
-102
-80
-53
-4
12
49
126
130
164
199
197
216
215
219
230
187
178
182
170
148
165
195
199
235
246
267
261
279
288
289
289
291
306
290
290
282
292
290
286
279
298
272
252
247
263
258
250
256
230
192
155
105
81
40
-4
-19
-27
-22
-85
-109
-123
-145
-155
-177
-184
-197
-234
-225
-246
-247
-257
-284
-268
-288
-287
-289
-274
-267
-265
-251
-238
-192
-186
-177
-131
-125
-88
-61
-51
-70
-52
-40
-61
-42
-42
-68
-64
-64
-54
-29
-7
5
3
15
57
116
127
124
139
166
171
172
178
194
192
202
216
200
200
199
222
215
238
222
193
177
155
138
109
61
29
14
19
19
-12
-24
-15
-63
-101
-111
-145
-139
-180
-186
-226
-280
-304
-328
-342
-327
-347
-347
-341
-341
-301
-313
-289
-276
-298
-283
-272
-273
-253
-215
-197
-172
-182
-148
-125
-129
-91
-92
-76
-46
-27
-10
-19
13
42
61
102
108
110
111
135
155
162
188
191
198
198
196
225
237
234
283
307
308
306
280
286
278
281
260
239
224
203
195
191
194
203
175
187
196
168
172
180
156
129
101
84
90
52
40
31
20
-22
-19
-33
-40
-27
-55
-78
-84
-91
-101
-93
-92
-77
-56
-57
-67
-50
-80
-75
-93
-121
-100
-95
-94
-117
-125
-138
-152
-176
-147
-151
-159
-154
-134
-104
-84
-92
-86
-61
-66
-85
-97
-73
-98
-65
-50
-43
-12
2
3
12
50
54
79
104
118
118
172
189
175
168
141
138
129
130
129
127
129
135
126
135
132
113
67
17
4
-10
-20
-31
-41
-46
-30
-7
-6
-32
-34
-83
-80
-83
-73
-64
-83
-55
-79
-110
-99
-81
-107
-130
-155
-154
-186
-183
-186
-193
-199
-186
-167
-151
-151
-179
-192
-211
-182
-180
-182
-149
-151
-121
-76
-83
-95
-102
-91
-84
-79
-98
-83
-50
-21
-23
-5
50
60
90
136
136
181
179
199
186
184
182
193
165
156
155
160
167
166
195
173
152
138
146
124
111
132
118
124
143
147
161
171
182
162
143
122
90
75
46
33
10
15
-3
-24
-46
-37
-50
-85
-107
-114
-137
-133
-124
-106
-79
-84
-81
-57
-64
-72
-43
-33
-19
-18
-1
6
-7
13
19
-5
10
15
17
7
-12
-26
5
24
35
33
13
30
38
24
47
70
46
44
57
92
70
70
41
21
31
33
44
66
52
52
43
33
20
-3
37
31
37
26
-11
12
33
29
23
26
25
23
33
12
14
-14
-40
-56
-58
-68
-75
-99
-102
-95
-106
-116
-120
-125
-158
-172
-175
-149
-163
-167
-160
-172
-185
-179
-171
-174
-167
-168
-174
-160
-175
-190
-190
-181
-174
-200
-143
-115
-115
-121
-86
-72
-89
-65
-77
-58
-24
4
19
20
0
11
37
77
106
131
145
145
161
172
194
195
179
159
157
168
174
158
152
176
146
140
170
160
169
165
187
181
172
195
173
141
108
108
90
108
102
107
103
83
79
64
75
75
80
87
74
81
71
69
58
56
51
77
84
70
86
99
110
76
62
35
19
-17
4
-35
-30
-15
-31
-38
-66
-79
-80
-94
-96
-111
-151
-139
-151
-155
-169
-189
-220
-181
-180
-184
-156
-148
-136
-128
-106
-77
-82
-80
-89
-112
-88
-67
-55
-45
3
8
9
31
27
20
4
-18
-11
-28
-21
-37
-20
-30
-28
2
-5
-14
6
17
-9
23
-16
-13
-4
-33
-20
-27
-28
-21
-31
-49
-51
-56
-43
-11
-19
-25
-18
1
-24
-32
-12
-22
-28
-24
-39
-49
-13
-28
-52
-61
-56
-63
-67
-61
-84
-92
-103
-112
-105
-88
-76
-79
-71
-74
-31
-31
-28
-40
-56
-56
-72
-71
-20
3
10
41
46
64
95
140
140
150
158
150
164
156
161
155
151
169
197
200
205
212
200
192
188
192
179
188
208
216
221
209
184
153
144
138
117
100
84
65
57
64
53
84
60
66
55
56
61
60
78
75
40
-7
-2
-17
-27
-66
-84
-95
-74
-111
-117
-100
-130
-109
-110
-108
-112
-96
-80
-54
-51
-72
-69
-60
-66
-88
-79
-88
-104
-97
-82
-88
-41
-27
-49
-45
-56
-31
-27
-43
-64
-49
-48
-51
-33
-37
-56
-63
-81
-88
-74
-86
-72
-55
-54
-39
-40
-12
-7
-6
1
-5
3
-33
-58
-57
-54
-42
-2
-18
17
34
18
11
30
20
1
-9
-34
-40
-49
-50
-62
-71
-73
-47
-36
-43
-80
-114
-150
-155
-170
-183
-171
-193
-187
-179
-169
-155
-146
-122
-111
-110
-114
-58
-67
-70
-62
-77
-89
-76
-55
-30
-38
-45
-34
-50
-65
-55
-53
-56
-29
-18
34
35
48
115
121
163
190
175
223
207
191
194
190
181
171
168
199
203
211
242
227
236
250
280
281
262
257
274
298
260
239
250
217
206
194
202
185
183
202
191
181
167
180
163
137
138
99
106
105
107
122
106
83
60
24
-8
-35
-73
-103
-153
-193
-201
-215
-228
-220
-224
-193
-181
-182
-185
-170
-198
-237
-266
-266
-259
-264
-205
-181
-181
-171
-155
-128
-101
-81
-101
-93
-86
-95
-71
-87
-88
-74
-65
-69
-32
0
2
36
44
70
65
49
52
48
42
60
75
80
78
59
67
82
91
102
101
88
60
53
49
20
-22
-44
-33
-9
2
17
-1
-11
-27
-31
-25
-12
-27
-51
-62
-93
-120
-125
-119
-141
-148
-159
-163
-142
-148
-151
-174
-168
-143
-130
-108
-110
-109
-123
-134
-125
-90
-86
-93
-91
-68
-57
-88
-58
-61
-66
-28
-33
-27
-12
-12
2
9
30
30
34
53
24
37
18
21
45
43
66
88
86
92
115
123
138
128
148
162
153
162
139
140
129
109
106
115
134
139
115
104
101
131
102
111
118
106
124
150
157
142
124
89
87
86
66
69
81
34
45
65
51
49
57
61
40
54
46
37
17
6
8
-1
13
16
14
4
11
-16
-4
21
-1
-24
-24
-21
-24
-19
12
35
22
20
32
-4
1
14
-2
-13
6
9
16
18
23
15
5
16
19
17
41
37
28
4
3
12
-45
-49
-57
-64
-69
-57
-21
-20
-48
-42
-55
-45
-73
-64
-78
-86
-76
-93
-88
-110
-116
-136
-145
-148
-173
-197
-166
-155
-153
-170
-174
-149
-131
-110
-105
-129
-140
-136
-160
-142
-149
-129
-109
-87
-83
-85
-87
-106
-58
-99
-100
-74
-58
-55
-55
-17
-21
-9
5
24
8
11
32
19
13
52
46
66
55
68
65
36
67
74
86
78
89
66
62
67
63
71
79
78
67
96
103
120
120
126
131
121
111
108
117
97
75
72
36
32
61
74
78
92
119
92
96
105
76
43
30
16
25
34
31
40
15
3
18
-4
-10
3
0
7
21
20
18
-5
-17
2
-1
10
27
6
0
-5
-32
-51
-51
-69
-36
-25
-23
7
14
67
46
39
26
31
24
4
13
1
12
26
12
18
12
23
57
40
33
32
43
31
7
10
40
32
41
60
49
65
47
23
11
-4
-10
-11
11
11
13
14
12
24
31
25
19
8
-18
-17
-11
-19
-38
-33
-61
-55
-45
-68
-67
-59
-57
-66
-77
-84
-78
-69
-93
-101
-106
-93
-79
-70
-71
-89
-103
-114
-105
-95
-69
-80
-83
-66
-65
-73
-91
-84
-66
-76
-38
-32
-53
-47
-72
-82
-84
-70
-77
-73
-75
-76
-78
-81
-60
-62
-49
-43
-32
-23
-6
-6
11
8
5
12
24
58
39
34
72
61
52
65
70
103
97
101
114
106
112
116
112
89
81
65
73
75
73
64
57
49
65
49
57
54
57
74
57
85
73
75
82
58
71
59
56
37
31
26
21
8
6
14
7
1
-7
-21
-7
1
3
7
3
-13
-2
1
-9
9
6
-18
-31
-19
-38
-28
-11
-7
-26
-16
-8
-19
-7
-5
4
6
14
37
55
59
22
13
-1
-21
-23
-27
-43
-24
-19
-13
-2
-3
14
11
5
12
24
34
24
14
13
17
8
8
13
2
3
-6
2
-9
-17
-11
-8
-10
-11
6
3
1
-8
-17
-31
-25
-22
-27
-25
-36
-25
-37
-40
-34
-41
-37
-52
-71
-79
-83
-93
-91
-83
-71
-56
-40
-33
-23
-27
-22
-12
-32
-18
-23
-12
-11
3
19
11
9
3
-1
12
0
7
3
-4
24
-2
-5
9
14
7
12
22
15
-13
-7
-18
-20
-9
7
18
-6
-13
-7
-24
-8
-12
-15
16
27
-4
-8
-2
-31
-32
-26
-8
1
-3
-18
-17
-18
-7
29
35
32
29
26
35
21
17
25
19
12
12
-2
-1
-7
-21
-39
-28
-17
-19
-8
-10
8
-4
-5
10
4
-6
-7
-25
-24
-4
-11
3
11
-3
4
9
5
14
3
45
46
63
80
72
88
84
103
103
89
72
87
74
63
73
64
77
65
72
75
83
85
96
100
116
112
104
105
89
85
87
83
73
65
49
47
31
5
-7
-16
-26
-34
-49
-49
-55
-84
-88
-95
-96
-80
-98
-113
-112
-101
-102
-91
-92
-85
-85
-100
-74
-61
-54
-51
-51
-54
-56
-70
-72
-60
-51
-61
-60
-66
-59
-48
-48
-37
-49
-66
-54
-68
-68
-59
-60
-53
-51
-50
-46
-53
-64
-63
-58
-58
-66
-69
-69
-66
-57
-39
-13
4
11
13
26
20
36
44
31
32
36
27
23
33
30
32
24
18
11
9
0
15
35
36
40
43
32
34
25
27
44
46
46
43
50
41
40
41
39
37
43
41
43
38
38
44
52
62
76
76
82
75
69
56
46
34
27
27
24
35
32
25
25
12
3
22
25
31
30
32
36
35
32
15
2
7
2
-9
5
-1
-4
-5
-13
4
12
10
11
16
27
34
27
30
16
6
1
3
1
-9
-21
-47
-38
-41
-30
-16
-21
-19
-17
-20
-20
-18
-24
-15
-22
-25
-21
-26
-24
-37
-45
-38
-30
-29
-25
-22
-28
-25
-35
-42
-25
-34
-31
-28
-30
-40
-37
-31
-33
-32
-46
-46
-28
-48
-34
-20
-25
-27
-33
-17
-26
-15
-10
-13
-27
-36
-39
-32
-19
1
-1
9
15
17
9
14
28
12
18
26
30
32
41
49
44
40
31
13
14
16
-7
-6
-7
-22
-20
-21
-13
-7
-10
-9
-6
-6
2
-6
-19
-7
1
-7
0
0
-1
17
5
-3
2
9
20
16
28
30
38
45
42
37
38
35
28
19
27
27
23
18
13
0
-15
-7
-13
0
4
13
11
10
14
4
7
-7
-13
-20
-22
-23
-27
-15
-14
-27
-29
-18
-9
-5
-2
17
15
7
2
4
16
7
9
7
-9
-6
0
-13
-11
-7
9
13
30
42
61
59
45
32
19
31
26
27
40
40
37
34
27
16
4
-7
-10
-17
-11
-13
-20
-16
-23
-16
-23
-18
-23
-24
-16
-30
-22
-29
-32
-39
-34
-29
-48
-36
-34
-41
-32
-19
-15
-23
-22
-16
-12
-8
-1
-6
-9
-9
-12
-11
0
10
11
10
8
3
-6
-10
-8
-6
-5
5
14
14
26
28
29
34
28
37
31
29
27
13
16
12
8
4
5
-4
9
-2
-5
-1
5
1
-6
-5
5
1
0
5
2
10
4
-15
-20
-16
-30
-22
-11
-14
-24
-21
-18
-22
-21
-14
-19
-18
-23
-2
-11
-12
12
6
12
8
15
15
17
19
16
6
9
14
12
18
20
11
18
21
19
14
-1
-2
-3
-16
-16
-11
-8
-14
-19
-23
-30
-37
-35
-39
-32
-24
-30
-30
-17
-19
-25
-22
-17
-16
-11
-5
11
12
15
15
15
-1
-5
4
8
10
12
21
23
34
40
47
41
47
50
52
45
51
50
41
40
42
33
29
37
28
19
18
27
18
18
30
21
24
34
27
31
39
36
30
21
13
1
-8
-10
-21
-24
-24
-24
-24
-30
-25
-25
-27
-25
-28
-32
-40
-47
-46
-49
-51
-53
-58
-44
-40
-41
-37
-27
-20
-20
-16
-18
-11
-8
-16
-23
-33
-46
-41
-47
-44
-45
-47
-30
-27
-21
-20
-15
-16
-19
-7
-16
-22
-14
-9
-17
-19
-14
-13
-9
-11
-12
-18
-15
-11
-4
3
10
18
21
20
32
38
38
42
39
43
43
40
35
32
28
22
30
35
33
30
30
23
18
18
23
27
37
27
18
23
19
22
28
24
16
15
17
14
20
14
15
7
1
17
8
10
8
9
11
6
9
7
9
15
11
18
16
28
34
26
25
27
30
35
24
19
20
21
20
26
14
19
26
17
11
2
-5
-14
-12
-14
-27
-33
-39
-38
-35
-30
-17
-18
-15
-20
-21
-25
-21
-23
-23
-28
-29
-30
-35
-29
-31
-38
-34
-32
-33
-31
-31
-29
-30
-23
-14
-13
-22
-35
-35
-31
-36
-34
-25
-23
-25
-20
-15
-15
-24
-12
-12
-20
-16
-14
0
-4
7
-2
-12
-14
-16
-5
-14
-18
-20
-19
-12
-11
0
4
4
6
2
10
7
11
19
25
28
26
27
27
29
15
20
19
21
17
17
24
15
10
12
18
12
12
5
5
1
-2
-5
-10
5
-1
-6
-5
-6
-8
-8
3
-4
-7
3
5
2
8
8
13
12
7
15
17
13
17
19
21
17
19
14
13
10
10
-2
-1
4
9
9
16
28
11
20
22
16
10
12
14
6
4
3
2
9
14
25
24
31
33
27
25
26
23
22
24
24
24
24
32
31
23
11
19
4
7
12
6
13
14
16
16
14
17
20
7
9
6
1
-2
-4
-5
-12
-6
-13
-12
-7
-13
-19
-16
-19
-14
-25
-28
-27
-32
-33
-36
-38
-42
-49
-45
-57
-55
-52
-48
-45
-48
-53
-58
-61
-60
-54
-56
-47
-39
-31
-28
-32
-28
-31
-33
-33
-31
-31
-27
-22
-25
-25
-20
-18
-20
-11
-6
7
6
-4
1
2
3
8
12
16
4
8
9
15
19
21
16
10
8
6
13
14
14
14
11
21
17
16
18
4
10
13
10
19
21
23
21
21
24
28
32
26
23
32
28
25
30
30
35
34
34
30
28
29
27
23
29
28
21
25
32
29
22
25
23
24
23
30
30
27
20
11
8
9
3
5
8
3
-1
2
3
-9
-2
-3
3
11
-3
4
-2
-7
-6
-18
-10
-12
-15
-9
-9
-6
-5
-6
-9
-3
1
-1
7
6
13
16
15
9
5
6
-1
-1
-1
-3
-3
-2
-7
-4
-20
-18
-24
-33
-27
-18
-20
-16
-23
-28
-26
-26
-25
-21
-20
-29
-26
-25
-29
-29
-29
-26
-18
-17
-22
-18
-24
-28
-22
-21
-22
-15
-8
-11
0
-7
-10
-3
-5
-5
-7
-9
-15
-13
-12
-3
0
-13
-5
-4
-3
-3
-4
-5
-5
-3
-2
-4
-8
-4
-7
-5
-5
-6
0
3
5
4
0
1
10
10
7
7
-4
2
-6
2
1
-6
0
-3
-5
-2
5
2
3
6
-1
0
1
-1
6
4
3
9
11
13
7
7
5
2
9
16
16
13
16
13
14
13
22
26
29
34
33
38
36
38
38
30
31
27
30
23
19
24
18
17
16
15
9
10
3
5
7
-1
6
-1
-3
-5
-1
0
-6
0
2
3
2
-4
4
3
4
18
12
10
8
5
4
8
9
14
16
17
11
9
12
1
6
0
-1
-5
-9
-5
-4
-5
-7
-1
-2
-10
-3
-10
-6
-8
-18
-9
-5
-6
-4
-1
-3
-5
-4
0
-4
-8
-10
-9
-14
-18
-19
-26
-28
-31
-32
-35
-29
-32
-28
-23
-29
-30
-34
-37
-35
-29
-31
-29
-24
-19
-12
-14
-16
-15
-14
-9
-13
-6
0
-4
1
-4
-8
-12
-22
-14
-12
-18
-17
-14
-17
-16
-16
-16
-15
-9
-6
-5
-3
-3
0
1
1
6
6
8
12
12
20
19
14
10
9
14
11
15
21
19
19
17
18
24
21
19
27
22
20
20
18
17
15
17
10
2
1
8
9
7
11
18
17
12
12
13
10
7
14
13
4
9
5
0
-1
0
-2
3
7
9
10
12
16
16
20
21
16
15
19
14
6
0
-1
-9
-11
-10
-3
-3
-2
7
10
16
9
20
20
20
16
16
11
4
9
6
1
-2
-2
-5
0
-5
-5
0
1
4
2
5
8
9
5
4
6
3
3
1
-1
-2
-4
-6
-4
-2
0
1
-5
-5
0
-5
-11
-11
-11
-15
-18
-16
-13
-16
-19
-20
-29
-22
-19
-22
-18
-17
-23
-22
-14
-13
-13
-10
-12
-12
-8
-4
-4
-13
-16
-23
-26
-25
-20
-25
-25
-28
-32
-23
-23
-18
-15
-24
-23
-21
-23
-18
-19
-18
-21
-19
-16
-15
-10
-8
-7
-5
-1
6
5
3
3
8
5
12
12
7
13
15
16
12
17
7
8
9
7
9
12
12
16
17
17
21
17
14
11
14
17
16
21
25
13
14
18
12
23
19
21
17
13
23
20
17
19
21
21
23
23
24
23
19
21
15
10
11
8
4
-1
1
1
1
6
9
6
3
3
7
13
17
12
20
21
17
12
12
15
11
10
9
11
5
2
-1
-1
-5
-8
-7
-7
-5
-3
-4
-4
-8
-14
-14
-9
-8
-12
-5
-11
-15
-15
-17
-18
-17
-22
-26
-14
-13
-12
-8
-7
-15
-15
-11
-13
-14
-13
-11
-18
-24
-12
-16
-17
-12
-13
-16
-10
-4
-6
-4
0
-3
-7
5
6
-1
0
-6
-8
-7
-2
-7
-7
-8
-10
-9
-13
-8
-6
-8
-5
-7
-7
-15
-17
-13
-13
-17
-14
-17
-19
-11
-9
-6
-5
6
9
7
12
19
13
11
9
5
3
4
4
11
3
3
3
-1
-1
-3
-1
-1
3
3
5
5
7
2
-1
-2
-5
-6
-7
-8
-4
-11
-4
-2
-2
-3
5
7
0
4
4
6
6
12
12
5
5
2
5
11
9
13
7
7
18
15
14
23
27
17
12
17
18
18
17
15
15
12
10
16
18
13
15
10
7
7
11
16
10
9
13
9
1
6
3
2
10
10
10
11
9
5
2
8
5
7
13
7
5
2
-2
0
-1
-1
-4
1
2
0
2
2
-3
-6
1
-4
2
-1
-2
1
-1
-6
-6
-9
-10
-13
-12
-11
-16
-10
-8
-9
-7
-9
-13
-16
-19
-16
-22
-29
-20
-26
-24
-21
-19
-20
-25
-29
-26
-16
-20
-14
-11
-18
-17
-9
-12
-11
-9
-10
-6
-8
-3
-4
-4
-4
-5
-4
-1
-2
-6
-9
-3
-4
-5
0
2
2
4
10
5
4
6
4
0
2
4
7
2
-3
-2
-2
8
8
8
12
8
3
9
1
0
1
3
1
7
13
7
7
2
-2
-2
-3
-2
-1
-4
-4
-6
-4
-7
-12
-9
-11
-16
-17
-16
-12
-8
-11
-8
-1
-2
2
2
9
10
13
22
18
21
21
22
25
23
26
22
27
30
28
25
24
21
26
26
32
32
37
35
35
37
32
30
28
31
26
28
21
19
13
10
12
12
10
1
1
-3
-3
-8
-18
-17
-20
-21
-24
-21
-20
-23
-27
-27
-31
-31
-29
-30
-27
-26
-25
-16
-11
-15
-9
-10
-5
-1
1
2
-1
1
-1
4
4
2
2
2
6
10
9
8
10
5
2
-1
0
0
-6
-6
-7
-9
-11
-14
-11
-12
-11
-16
-14
-14
-12
-6
-8
-10
-12
-13
-16
-17
-20
-14
-19
-21
-22
-25
-28
-29
-24
-18
-10
-3
-1
-3
2
4
3
2
4
3
4
5
7
4
1
2
-2
0
2
5
3
1
0
3
5
0
-6
-9
-4
-5
-7
2
-4
-7
-10
-15
-8
-13
-18
-17
-14
-16
-18
-12
-10
-10
-10
-5
-2
0
0
2
2
4
6
1
1
4
6
7
12
13
15
13
25
23
24
28
22
31
32
38
31
30
32
32
34
36
33
25
27
24
27
26
26
28
25
21
16
22
21
21
25
18
15
15
16
7
11
11
8
4
2
6
5
8
11
13
13
15
16
15
13
13
4
2
-2
-7
-7
-12
-8
-13
-16
-14
-16
-15
-12
-9
-11
-10
-8
-9
-10
-12
-10
-20
-22
-25
-31
-29
-32
-28
-26
-29
-28
-19
-24
-18
-15
-18
-10
-8
-8
-13
-11
-16
-18
-18
-19
-16
-16
-16
-12
-11
-16
-14
-11
-10
-13
-10
-3
-8
-6
-7
-5
-13
-11
-10
-12
-13
-10
-8
-13
-8
-15
-7
-9
-8
-4
-6
-9
-11
-11
-9
-5
-6
-7
-11
-11
-8
-1
5
2
7
8
3
7
5
3
1
-1
-6
0
2
-1
1
2
0
2
5
3
8
4
5
3
8
10
5
7
4
5
7
10
8
10
9
9
13
12
13
14
16
19
19
19
22
25
25
26
27
23
22
22
24
28
26
23
22
22
25
21
23
20
17
21
20
19
21
15
13
16
11
8
13
10
8
7
2
2
0
2
2
0
1
2
0
0
-5
-4
0
-3
0
0
-1
-1
1
-6
-8
-7
-6
-9
-11
-15
-16
-11
-10
-12
-8
-9
-9
-8
-12
-13
-17
-15
-14
-15
-16
-12
-12
-14
-15
-13
-15
-16
-13
-12
-11
-7
-12
-10
-8
-9
-7
-10
-11
-12
-14
-17
-16
-16
-12
-12
-15
-15
-13
-14
-11
-17
-20
-13
-15
-18
-13
-16
-19
-18
-16
-15
-21
-14
-16
-15
-11
-8
-5
-6
-8
-5
-6
-5
-3
-3
-8
-2
-4
0
7
5
10
10
14
9
13
11
10
11
9
10
9
12
9
7
3
2
3
2
4
4
8
7
9
6
7
10
10
10
6
9
11
11
14
16
20
22
28
27
29
25
23
18
17
19
21
21
21
22
21
20
23
24
19
24
25
22
21
25
20
16
14
13
13
7
10
7
7
5
0
-3
-4
-7
-5
-2
-7
0
1
0
-3
1
-1
-8
-5
-8
-11
-18
-13
-19
-20
-15
-20
-11
-19
-17
-16
-12
-12
-6
-7
-9
-12
-16
-13
-13
-9
-12
-12
-9
-10
-11
-8
-7
-7
-10
-11
-3
-5
-9
-7
-6
-11
-14
-9
-16
-10
-15
-17
-14
-16
-11
-13
-6
-8
-10
-5
-3
-5
-7
-8
-6
-6
-5
-10
-11
-12
-8
-4
-3
-2
6
6
5
8
11
6
5
5
4
4
0
1
1
-3
-3
-4
-4
-3
1
0
0
5
3
6
1
2
-3
2
-1
-1
0
-5
-4
-8
-11
-5
-7
-7
-8
-8
-2
-8
-1
-4
-6
-6
-2
1
1
5
1
5
3
5
9
4
10
12
14
14
13
18
18
22
20
20
23
22
20
20
23
25
27
23
28
23
23
21
21
20
22
24
22
18
14
12
12
13
12
11
6
8
5
2
0
-1
-6
-3
-1
-2
-2
-3
-5
-2
-4
-4
-6
-7
-6
-6
-4
-8
-7
-8
-8
-7
-7
-4
-2
2
2
2
5
2
5
2
1
1
2
3
-2
1
-6
-5
-7
-9
-8
-11
-9
-14
-14
-12
-12
-15
-14
-9
-10
-14
-14
-16
-15
-14
-17
-23
-26
-23
-23
-28
-26
-27
-30
-27
-26
-25
-24
-20
-25
-23
-17
-22
-22
-20
-24
-19
-15
-13
-13
-14
-10
-11
-14
-14
-18
-15
-11
-8
-1
2
2
-1
-3
2
2
3
5
3
1
1
6
11
8
5
3
5
7
9
12
10
7
6
5
7
11
14
16
18
20
21
23
22
20
23
24
26
23
28
28
21
20
25
27
23
24
20
26
23
25
29
23
24
31
30
22
21
19
19
19
19
15
15
13
13
18
15
19
17
17
15
14
15
14
9
3
2
3
1
2
5
-4
-6
-8
-3
-3
-6
-7
-6
-7
-10
-6
-9
-9
-11
-9
-8
-5
-7
-9
-12
-11
-16
-12
-13
-16
-15
-16
-14
-15
-16
-16
-15
-22
-17
-18
-19
-18
-15
-15
-3
-3
-8
-4
-6
-8
-11
-3
-5
-6
-8
-7
-7
-14
-13
-14
-14
-13
-12
-8
-7
-6
-4
-8
-13
-17
-16
-14
-16
-15
-12
-15
-20
-10
-11
-11
-10
-9
-13
-17
-12
-17
-13
-8
-10
-10
-8
-8
-11
-12
-11
-13
-14
-13
-14
-15
-17
-14
-10
-12
-10
-12
-10
-8
-12
-8
-9
-7
-7
-8
-7
-2
2
6
5
7
9
13
22
23
21
18
20
22
21
21
26
21
23
28
25
27
27
32
30
30
31
32
26
22
25
21
17
23
23
23
25
24
26
26
26
27
30
26
29
24
20
23
19
16
17
10
9
7
9
10
7
5
3
-2
-4
4
-1
3
4
3
-4
-1
0
-1
-3
-7
-7
-11
-12
-7
-6
-10
-11
-6
-4
-6
-7
-6
-5
-11
-11
-10
-3
-10
-6
-12
-16
-12
-17
-13
-16
-15
-12
-12
-17
-16
-14
-15
-16
-15
-10
-6
-6
-7
-8
-10
-9
-11
-9
-10
-17
-13
-12
-15
-15
-8
-7
-5
-1
-2
-5
-8
-15
-15
-14
-15
-16
-20
-20
-21
-18
-18
-17
-17
-21
-19
-14
-10
-14
-17
-17
-13
-10
-3
-1
0
-2
-1
0
0
3
4
2
-2
5
7
4
2
5
0
0
5
7
12
9
11
9
7
6
7
4
6
11
6
14
15
13
9
9
9
7
8
6
11
10
13
10
11
13
14
14
17
14
15
21
17
19
16
17
17
19
15
10
14
14
13
8
2
6
6
2
7
8
6
10
7
7
5
8
3
2
2
-4
-4
0
4
6
4
2
5
8
9
9
6
8
8
8
6
3
-1
0
-8
-12
-4
-6
-9
-11
-8
-6
-2
-5
-4
-4
0
3
1
2
-2
-1
-3
-9
-10
-8
-13
-17
-15
-10
-4
-5
-7
-3
-4
-4
-5
-2
3
-2
0
-2
0
-4
2
0
-5
-3
-1
-2
-5
-2
-6
-7
-8
-5
-5
-2
-1
-1
-2
-5
-8
-6
-8
-2
-8
-10
-6
-7
-6
-8
-5
-4
-9
-12
-8
-8
-11
-5
-8
-10
-12
-7
-9
-13
-13
-20
-22
-20
-20
-20
-18
-15
-16
-12
-12
-10
-10
-16
-13
-13
-12
-11
-11
-7
-9
-5
4
-2
-1
8
9
7
12
13
16
16
17
21
15
20
23
23
29
26
22
18
14
16
17
17
15
22
21
14
13
12
14
12
16
10
8
7
6
4
5
8
9
15
12
8
4
3
8
7
8
15
12
13
11
5
5
6
12
16
14
15
13
9
10
6
10
11
9
8
10
6
1
5
2
-1
1
0
1
0
-5
-5
-11
-11
-10
-6
-9
-8
-13
-12
-11
-10
-7
-14
-11
-12
-13
-11
-12
-14
-17
-15
-17
-17
-18
-21
-16
-15
-14
-14
-16
-16
-13
-18
-16
-12
-11
-8
-15
-13
-15
-15
-13
-12
-13
-15
-12
-11
-5
-9
-9
-6
-9
-3
1
0
5
5
3
4
9
5
9
8
8
9
5
9
3
7
10
6
6
4
6
5
7
4
3
6
1
0
-5
0
-1
-3
0
-3
-2
0
-3
-4
-4
-5
-5
-6
-4
-7
-6
-7
-10
-7
-7
-5
-5
-5
-3
-4
-6
-3
-2
-3
1
3
5
3
7
6
6
4
6
9
8
10
7
9
5
6
11
11
10
6
3
7
8
5
10
11
14
15
13
11
12
12
8
13
11
8
5
6
9
12
9
11
6
10
14
11
12
11
6
5
6
7
11
12
14
11
8
9
11
10
8
6
6
6
9
11
11
11
12
15
17
16
19
14
11
7
5
4
3
4
3
0
-1
0
-4
-2
-3
-8
-10
-14
-12
-16
-20
-21
-23
-22
-21
-22
-22
-21
-21
-23
-26
-22
-25
-23
-25
-22
-17
-17
-17
-18
-18
-14
-13
-17
-13
-15
-17
-17
-14
-13
-8
-9
-9
-4
-5
-6
-5
-5
-7
-14
-12
-6
-10
-11
-12
-17
-21
-19
-15
-13
-13
-11
-15
-16
-12
-8
-13
-13
-8
-11
-10
-8
-12
-11
-9
-8
-6
0
2
2
3
6
7
10
16
11
11
13
11
13
12
14
10
18
17
15
18
15
15
21
17
17
19
17
15
17
22
19
23
22
18
20
16
13
19
15
16
15
19
19
21
17
11
17
20
15
18
20
19
21
21
23
25
25
21
17
16
20
17
17
13
12
10
11
12
11
8
10
7
4
7
2
1
-6
-7
-7
-7
-7
-10
-5
-13
-12
-7
-13
-12
-19
-22
-21
-20
-20
-19
-19
-21
-23
-21
-21
-22
-17
-16
-19
-18
-13
-9
-13
-14
-14
-12
-8
-9
-7
-7
-5
-7
-10
-8
-14
-10
-5
-10
-8
-3
2
-4
-9
-6
-5
-9
-4
-7
-9
-6
-12
-6
-8
-8
-5
0
1
-4
2
5
3
-1
-1
-1
-4
-2
-4
-1
-3
-5
-4
-5
-8
-7
-5
-4
-3
-3
-4
-5
-7
-10
-8
-10
-6
-3
-3
-11
-12
-10
-8
-6
-7
-7
-10
-6
-5
-2
-1
1
0
-3
0
4
5
3
-5
-4
-2
-1
2
6
5
11
8
8
9
11
16
18
17
18
19
18
23
16
20
15
16
17
15
18
19
18
19
22
16
18
20
18
18
15
18
16
14
14
13
10
10
12
9
8
10
9
9
6
7
10
9
8
5
7
9
9
8
3
1
-6
-3
-2
-1
-2
0
-5
-1
-1
-6
-1
-3
-1
-5
-1
0
-8
-9
-10
-13
-8
-7
-4
-3
-7
-13
-14
-15
-14
-17
-9
-9
-7
-5
-5
-5
-10
-9
-6
-9
-8
-7
-13
-13
-9
-12
-11
-7
-11
-15
-14
-9
-6
-5
-10
-13
-12
-9
-11
-10
-6
-4
-4
-9
-8
-4
-8
-6
-7
-4
-5
-3
-1
-7
-4
1
-3
-3
0
-2
-5
-4
-4
-7
-7
-7
-7
-10
-3
1
3
-4
-2
-4
-8
-5
-2
-1
3
4
0
3
5
8
3
5
6
2
5
6
6
6
6
4
4
5
3
4
5
6
1
-2
-2
-1
0
-1
-3
-4
0
-3
-1
-1
-2
2
5
3
-1
0
5
2
8
12
11
11
13
10
8
8
7
8
10
13
10
8
10
11
9
9
8
11
13
9
7
10
4
8
4
4
7
1
8
8
8
10
5
8
9
8
10
13
14
12
9
7
4
1
1
1
-3
-3
-2
-4
-1
3
0
-2
3
4
3
0
-5
-3
-2
1
1
2
5
2
1
3
2
-1
0
0
1
1
-2
-2
-2
-2
-4
-6
-4
-2
-4
-6
-8
-12
-16
-16
-13
-12
-16
-16
-15
-15
-11
-14
-10
-8
-10
-7
-11
-12
-9
-7
-6
-6
-8
-5
-9
-10
-12
-11
-11
-10
-7
-8
-10
-7
-9
-11
-15
-11
-8
-11
-10
-10
-8
-10
-9
-10
-8
-6
-4
-4
-9
-7
-7
-5
-7
-10
-4
-2
0
-1
-2
-3
3
2
4
6
6
7
8
3
4
6
2
6
9
5
9
7
6
9
16
14
9
10
7
5
5
9
10
10
10
5
8
7
8
13
8
9
9
13
11
7
9
10
11
9
6
12
11
12
15
15
17
21
20
21
24
20
19
17
20
21
16
17
14
12
12
13
11
15
15
11
11
4
-1
0
5
4
2
-2
-2
-3
-5
-5
-9
-3
-8
-10
-7
-11
-16
-13
-12
-14
-12
-11
-10
-10
-11
-8
-11
-14
-13
-13
-18
-15
-14
-11
-12
-15
-9
-15
-11
-6
-8
-8
-9
-7
-10
-12
-7
-8
-15
-11
-13
-12
-7
-8
-9
-12
-10
-12
-10
-12
-7
-7
-11
-9
-12
-11
-10
-12
-11
-8
-8
-9
-11
-8
-7
-5
-3
-6
-5
-7
-9
-6
-7
-5
-1
-3
-4
-7
-5
1
-2
0
5
4
-1
3
4
1
4
7
9
7
6
8
8
5
6
-1
2
3
-1
3
2
1
3
1
3
5
6
10
9
9
6
2
6
4
2
8
6
4
6
5
4
4
2
2
7
6
9
11
7
8
13
13
7
9
11
7
11
14
14
12
14
16
16
16
20
21
19
16
19
16
17
16
18
16
18
18
15
15
15
13
11
10
9
10
7
8
9
10
14
6
10
7
5
4
-3
-1
-4
-1
-3
-1
0
-3
1
3
-1
-4
-4
-6
-5
-4
-7
-5
-9
-8
-10
-11
-12
-9
-11
-10
-11
-12
-14
-14
-15
-15
-15
-18
-15
-18
-16
-16
-20
-24
-21
-17
-21
-18
-17
-20
-23
-20
-16
-20
-22
-19
-23
-25
-22
-18
-17
-17
-17
-20
-15
-16
-17
-15
-13
-9
-10
-17
-16
-17
-17
-14
-13
-11
-12
-13
-14
-13
-15
-13
-12
-16
-9
-7
-5
-3
-6
-5
-6
-6
0
3
2
6
6
6
4
7
12
12
13
16
14
16
18
22
21
22
26
24
29
28
30
26
30
29
29
27
26
25
20
20
21
21
20
25
26
27
24
18
20
20
22
20
19
18
16
10
11
9
7
9
13
9
9
10
12
12
10
15
15
13
11
11
11
7
6
3
-1
1
0
-2
0
0
-1
0
1
0
-4
-2
-4
-4
-8
-11
-10
-11
-15
-14
-12
-16
-15
-18
-15
-19
-16
-13
-11
-13
-9
-9
-9
-4
-5
-6
-10
-12
-13
-14
-10
-3
-9
-8
-7
-7
-8
-4
-1
0
-6
-9
-8
-7
-9
-5
-8
-10
-9
-10
-11
-14
-13
-16
-15
-13
-14
-18
-15
-16
-18
-15
-19
-14
-16
-14
-14
-16
-13
-10
-9
-9
-4
-7
-8
-4
-3
-5
-9
-8
-4
-3
-6
-2
0
-5
-8
-2
-3
-5
-1
-2
2
0
-1
1
2
7
8
8
12
13
11
8
10
12
11
14
16
13
10
11
11
12
9
10
12
11
13
12
12
11
14
13
12
13
13
11
7
8
8
8
11
12
10
10
8
7
8
9
11
9
11
13
7
10
5
8
8
10
12
3
5
6
5
2
3
4
8
6
10
13
8
6
7
4
2
-1
-2
-3
-2
-2
-5
-1
-2
-5
-2
-2
-2
-5
-2
-3
-6
-10
-10
-5
-3
-3
-4
-6
-6
-4
-6
-8
-9
-11
-9
-9
-5
-4
-6
-8
-7
-3
-4
0
0
-1
-6
-4
-3
2
2
2
4
0
-5
-3
-3
-6
-6
-9
-9
-7
-7
-8
-9
-10
-9
-12
-10
-7
-10
-14
-10
-9
-10
-3
-5
-4
-5
-7
-9
-13
-11
-13
-15
-14
-11
-11
-10
-12
-8
-8
-8
-6
-5
-4
-11
-10
-12
-10
-8
-3
0
-1
1
0
0
-1
3
0
2
7
8
6
6
5
6
6
6
9
13
14
14
17
16
19
14
13
16
12
7
13
15
12
11
11
12
10
15
17
13
8
7
12
9
10
11
14
9
11
9
8
9
12
12
12
8
8
12
10
13
