-1
-2
0
-2
-4
-2
-2
1
6
7
6
5
9
14
13
16
12
12
13
16
11
11
14
13
14
13
17
8
10
9
9
11
14
14
13
17
12
11
12
10
13
17
12
12
13
11
11
12
13
7
7
10
10
9
6
8
9
9
10
11
10
13
13
18
20
19
21
18
22
22
21
18
15
11
10
9
7
8
4
1
-2
-3
-1
-3
-1
-1
-5
-7
-8
-11
-7
-11
-11
-15
-19
-19
-18
-19
-23
-21
-23
-23
-26
-23
-24
-30
-29
-28
-26
-30
-26
-25
-25
-22
-24
-21
-18
-22
-23
-22
-19
-18
-18
-21
-23
-21
-19
-19
-22
-20
-18
-22
-19
-15
-13
-13
-16
-13
-16
-14
-7
-6
-6
-6
-6
-5
-4
-7
-5
-5
-6
-6
-2
-3
-2
0
2
4
3
-1
1
1
1
5
7
11
11
13
15
13
13
12
13
14
15
13
6
14
15
13
13
13
11
14
16
13
11
8
15
15
20
22
25
31
32
27
24
24
20
25
28
26
24
29
28
24
26
26
27
23
22
15
17
20
21
22
19
18
18
14
10
8
8
4
4
3
2
-3
-2
-6
-10
-12
-8
-8
-14
-12
-17
-12
-7
-3
-2
-2
-2
5
2
-1
2
-1
-2
-1
-2
-3
2
-1
-6
-8
-10
-8
-9
-13
-8
-16
-19
-17
-17
-24
-24
-21
-20
-21
-20
-19
-23
-21
-19
-22
-20
-19
-27
-25
-26
-22
-21
-24
-22
-19
-20
-16
-14
-11
-13
-12
-6
-7
-5
3
4
5
4
1
2
7
3
4
0
0
5
3
0
1
2
-1
-3
-4
-6
-2
2
6
4
1
0
0
-2
-5
-1
-1
0
-3
-2
-8
-5
-5
-7
-5
-2
-1
-3
-2
-6
-3
-3
-3
-2
-4
1
9
9
6
8
8
7
6
9
8
4
1
1
0
2
6
3
4
0
-2
2
-1
3
8
6
6
10
9
14
14
17
21
23
23
22
25
28
26
23
25
28
26
27
23
20
19
21
18
17
15
18
17
15
12
12
13
10
14
9
9
12
11
10
6
2
3
5
0
-2
-3
-3
-8
-15
-15
-11
-8
-7
-1
0
0
0
0
3
3
3
8
6
-3
-4
-4
-9
-12
-11
-14
-13
-11
-9
-10
-12
-11
-12
-10
-8
-7
-10
-11
-9
-13
-16
-18
-14
-22
-19
-16
-21
-20
-22
-23
-24
-22
-21
-17
-17
-24
-23
-21
-18
-17
-13
-9
-12
-9
-9
-6
-6
-8
-5
-5
-1
0
0
-6
-6
-4
-6
-10
-14
-9
-7
-9
-14
-15
-9
-9
-4
-3
-3
-3
-4
1
-6
-10
-11
-4
-8
-10
-10
-11
-7
-6
-4
-10
-9
-3
0
1
3
5
4
4
5
9
11
17
18
20
19
18
16
16
20
18
19
22
23
21
24
29
26
24
23
19
17
16
16
23
22
20
24
24
28
28
25
21
18
9
8
10
14
13
10
5
4
4
3
7
8
12
9
12
10
4
10
12
12
13
13
11
8
7
3
5
-1
2
-4
-7
-1
4
0
-5
-3
-5
-4
-5
-8
-5
-8
-7
-11
-10
-9
-6
-9
-16
-19
-25
-18
-14
-13
-17
-16
-15
-19
-17
-16
-14
-12
-14
-18
-11
-14
-12
-15
-13
-12
-8
-2
-11
-6
-8
-7
-7
-4
-9
-10
-7
-5
-2
-6
-8
-7
-3
-12
-12
-7
-6
-8
-6
-3
-5
-4
-5
-9
-2
-3
3
1
0
-4
-5
-5
-7
-4
-7
-5
-6
-5
-3
0
0
-2
-6
-4
-4
-2
1
-4
-9
-10
-5
-4
-6
0
-6
-7
-8
-7
-7
-6
-3
-3
-4
0
0
-2
6
3
6
7
9
11
7
8
10
12
15
20
19
15
19
18
16
14
15
16
12
13
14
14
14
11
6
6
8
11
7
6
8
11
8
8
7
8
7
9
8
3
4
3
0
1
6
4
1
6
3
2
2
-1
9
4
6
8
10
14
11
13
14
11
10
11
10
14
10
6
3
1
3
4
6
6
6
0
3
3
1
3
3
4
2
-4
-2
-1
-1
-3
-9
-7
-8
-9
-11
-16
-14
-13
-17
-15
-16
-18
-14
-13
-8
-7
-8
-10
-10
-12
-13
-11
-14
-11
-14
-16
-17
-13
-10
-6
-9
-7
-8
-11
-4
-2
-3
-3
-1
1
-4
-1
-1
-3
6
7
3
-1
-1
-4
-3
-7
-8
-9
-13
-13
-15
-13
-15
-19
-12
-14
-17
-13
-14
-13
-14
-12
-16
-14
-14
-13
-8
-10
-6
-5
-6
-8
-9
-9
-7
-3
-2
3
3
10
8
11
8
5
6
5
3
-1
6
3
8
8
6
5
8
12
11
11
7
9
10
9
10
6
7
8
7
8
11
9
7
6
7
7
6
10
13
16
12
16
17
14
16
15
19
18
22
19
22
23
21
22
21
19
22
20
19
19
11
15
13
9
11
13
12
12
13
9
11
8
10
6
2
0
2
-2
-4
0
-2
0
0
-1
-4
-7
-7
-7
-11
-8
-2
-5
-3
-2
0
6
3
0
-2
-7
-4
-4
-6
-4
-4
-7
-9
-9
-6
-4
-4
-5
-10
-13
-11
-10
-12
-10
-9
-12
-11
-11
-10
-10
-13
-11
-12
-16
-14
-11
-16
-17
-14
-18
-16
-16
-16
-17
-14
-14
-17
-13
-11
-12
-11
-14
-16
-16
-13
-13
-14
-16
-16
-12
-12
-16
-24
-22
-20
-22
-20
-21
-20
-16
-13
-13
-15
-23
-18
-17
-16
-13
-10
-8
-6
-3
-8
-9
-5
-3
-3
-3
-1
4
2
3
3
6
9
12
10
15
17
17
22
20
23
26
23
23
25
24
27
29
23
18
19
21
20
21
25
21
26
30
30
28
22
24
22
19
16
16
18
15
17
19
16
16
19
18
18
23
22
19
21
21
20
21
22
23
19
18
19
21
18
18
17
10
11
13
12
14
13
11
7
5
1
-3
-7
-13
-15
-17
-19
-21
-24
-24
-18
-16
-16
-18
-15
-18
-22
-20
-24
-20
-17
-20
-22
-19
-19
-20
-25
-28
-23
-16
-18
-14
-13
-19
-14
-18
-12
-8
-5
-4
-4
-10
-12
-11
-11
-11
-12
-9
-9
-8
-9
-11
-14
-12
-13
-18
-15
-20
-18
-17
-16
-12
-13
-15
-16
-15
-15
-10
-14
-11
-11
-12
-15
-17
-13
-11
-9
-10
-10
-9
-7
-4
-2
-3
0
4
6
5
4
4
-2
2
9
7
9
4
5
7
7
8
7
3
4
8
6
11
12
11
10
10
11
11
9
11
8
8
12
15
15
15
17
11
12
17
18
17
15
15
16
20
25
23
20
19
20
23
20
23
23
19
14
16
17
18
22
19
16
17
16
16
15
13
11
8
8
9
9
8
6
5
4
-2
-4
0
-1
-5
-3
-1
-3
-1
-1
-5
-3
-3
-3
-3
-7
-8
-6
-10
-9
-8
-11
-12
-14
-11
-8
-9
-10
-13
-11
-14
-9
-10
-8
-10
-15
-6
-8
-11
-12
-10
-11
-12
-7
-10
-6
-10
-8
-3
-4
-3
-4
-6
-9
-9
-4
-8
-8
-7
-15
-9
-11
-7
-9
-9
-7
-9
-4
-6
-11
-9
-10
-13
-14
-15
-12
-11
-10
-11
-7
-3
-3
-2
-10
-13
-9
-5
-1
1
0
2
5
-1
-2
-4
-5
-6
-5
-5
-5
-3
-4
-4
-4
-6
-2
2
-3
-4
-4
2
0
-1
-1
6
6
9
8
7
12
10
10
5
6
13
14
15
17
17
14
19
21
18
13
17
15
12
13
10
10
8
7
3
9
8
14
15
12
12
9
10
9
7
9
9
6
3
2
6
3
2
-1
2
5
2
4
5
8
10
10
8
11
12
11
7
4
4
10
10
6
4
2
3
0
-4
-4
-4
-3
-3
-4
-7
-10
-9
-8
-12
-11
-14
-16
-14
-15
-19
-14
-17
-18
-18
-16
-12
-9
-11
-13
-9
-4
-4
-4
-1
-4
0
1
2
3
3
7
8
10
5
11
13
11
13
4
3
3
4
1
-2
-3
-3
-4
-4
-5
-4
-6
-8
-9
-14
-10
-6
-7
-7
-11
-16
-17
-17
-19
-23
-20
-24
-21
-20
-20
-19
-18
-20
-20
-14
-9
-7
-10
-10
-8
-7
-9
-10
-7
-5
2
3
0
4
8
9
8
8
5
1
5
7
4
4
9
8
11
8
8
7
7
9
4
6
7
9
8
8
9
9
13
14
16
17
14
17
16
14
14
13
15
15
15
18
19
22
20
15
19
20
16
12
12
11
10
11
10
12
11
10
8
5
2
5
6
5
0
1
-2
2
4
0
2
-2
3
2
1
-6
0
1
-3
-2
-5
-4
-4
-1
-3
0
2
3
-4
-1
4
3
1
-1
-5
-5
-5
-3
-7
-10
-13
-14
-11
-9
-14
-6
-2
-4
-2
-3
4
4
0
-6
-13
-16
-14
-14
-16
-14
-14
-4
-5
-6
-5
-10
-8
-9
-8
-3
0
5
-1
-7
-10
-5
0
-1
-2
2
-1
-8
-16
-25
-20
-16
-15
-13
-6
-12
-12
-16
-20
-28
-34
-29
-26
-23
-20
-15
-10
-13
-13
-16
-14
-11
-10
-10
-15
-14
-12
-12
-19
-19
-27
-26
-19
-12
-4
2
9
17
23
26
31
27
31
32
30
34
30
27
28
25
21
19
10
7
9
17
20
20
25
26
24
14
6
-2
1
2
2
2
2
0
2
5
12
9
14
14
17
19
17
18
17
16
18
23
25
30
31
37
42
48
60
61
61
60
56
55
49
50
53
49
39
30
21
14
14
14
7
6
3
4
7
13
20
21
17
10
-2
-15
-19
-24
-21
-26
-31
-32
-38
-49
-58
-62
-62
-62
-65
-66
-67
-60
-57
-54
-55
-59
-58
-61
-57
-51
-49
-57
-66
-78
-80
-72
-58
-53
-50
-53
-56
-55
-63
-60
-64
-66
-63
-51
-42
-32
-18
-7
4
11
16
24
38
44
43
47
47
54
63
65
65
78
85
84
85
97
113
127
148
156
155
155
154
137
121
101
84
67
37
9
-16
-34
-50
-66
-79
-94
-102
-112
-129
-145
-156
-170
-186
-210
-229
-237
-243
-256
-266
-276
-288
-292
-289
-279
-260
-234
-209
-181
-156
-127
-92
-56
-25
6
37
74
105
138
168
191
220
246
274
292
319
354
379
407
437
471
493
504
518
541
560
575
586
590
588
575
557
529
486
427
357
280
209
146
94
37
-23
-83
-135
-181
-218
-265
-325
-388
-458
-526
-598
-677
-750
-815
-880
-933
-973
-982
-962
-939
-897
-837
-757
-670
-577
-478
-378
-279
-181
-101
-50
-8
27
40
42
39
27
27
46
70
135
207
285
363
442
509
550
587
602
591
562
526
480
424
355
280
200
147
105
91
104
139
211
287
372
468
573
672
741
780
793
781
757
714
628
528
436
350
273
191
141
109
100
87
85
91
85
74
35
-35
-128
-247
-391
-538
-721
-903
-1085
-1268
-1436
-1558
-1653
-1712
-1720
-1697
-1631
-1535
-1401
-1268
-1148
-1016
-891
-777
-663
-547
-452
-379
-292
-221
-172
-107
-34
27
93
183
317
474
651
836
997
1147
1295
1430
1507
1546
1559
1526
1450
1345
1223
1050
859
664
511
396
313
283
295
342
424
545
689
848
1005
1138
1226
1269
1280
1255
1174
1038
875
700
545
405
292
193
145
149
192
245
285
319
311
294
249
173
22
-162
-425
-743
-1087
-1436
-1775
-2127
-2429
-2691
-2830
-2857
-2850
-2770
-2652
-2502
-2376
-2251
-2111
-1986
-1844
-1756
-1672
-1614
-1593
-1550
-1502
-1462
-1392
-1258
-1061
-821
-529
-193
216
627
1013
1408
1763
2091
2364
2584
2750
2887
2919
2875
2787
2654
2515
2400
2293
2204
2141
2135
2210
2311
2451
2629
2807
2946
3049
3090
3068
2942
2707
2443
2113
1722
1317
885
456
81
-179
-417
-598
-716
-842
-917
-944
-964
-1088
-1234
-1369
-1602
-1918
-2301
-2691
-3116
-3572
-4015
-4454
-4784
-5030
-5176
-5190
-5102
-4894
-4600
-4181
-3748
-3316
-2913
-2573
-2282
-2040
-1870
-1772
-1665
-1590
-1545
-1420
-1269
-1079
-824
-482
-75
399
923
1465
1964
2433
2853
3213
3512
3649
3720
3715
3650
3540
3411
3266
3139
3039
2891
2826
2872
2980
3104
3260
3412
3576
3752
3902
4010
4057
4035
3938
3841
3647
3390
3077
2716
2310
1907
1519
1214
928
622
346
86
-140
-328
-543
-809
-1084
-1406
-1797
-2201
-2657
-3115
-3574
-4025
-4393
-4763
-5086
-5334
-5505
-5617
-5647
-5542
-5351
-5117
-4860
-4592
-4272
-3933
-3609
-3354
-3076
-2806
-2545
-2259
-2028
-1845
-1661
-1415
-1144
-870
-584
-164
321
737
1181
1635
2104
2542
2918
3212
3434
3660
3794
3851
3814
3685
3550
3386
3230
3135
3070
3064
3180
3332
3522
3760
4093
4455
4685
4847
5017
5135
5176
5051
4757
4387
3946
3460
2929
2337
1788
1297
829
411
71
-170
-388
-560
-768
-1032
-1303
-1685
-2123
-2663
-3256
-3828
-4361
-4976
-5580
-6087
-6522
-6873
-7134
-7241
-7215
-7022
-6715
-6309
-5834
-5356
-4887
-4445
-4117
-3799
-3489
-3243
-3035
-2869
-2688
-2424
-2137
-1761
-1320
-837
-268
389
1080
1759
2464
3140
3723
4186
4575
4899
5164
5327
5293
5165
4973
4757
4504
4276
4099
4008
3990
4057
4196
4384
4724
5078
5376
5567
5689
5753
5684
5484
5157
4744
4268
3771
3210
2620
2105
1671
1264
854
547
298
96
-33
-196
-477
-802
-1151
-1596
-2192
-2821
-3479
-4159
-4834
-5555
-6183
-6729
-7135
-7396
-7565
-7581
-7445
-7240
-6999
-6710
-6382
-5988
-5586
-5281
-5013
-4718
-4426
-4182
-3978
-3712
-3405
-3052
-2601
-2127
-1562
-902
-220
518
1269
1986
2696
3385
3959
4505
4984
5405
5763
5990
6084
6007
5882
5772
5630
5486
5369
5275
5177
5118
5193
5416
5640
5786
5893
5992
6105
6066
5814
5425
4972
4426
3809
3124
2392
1744
1153
556
19
-383
-640
-862
-1097
-1398
-1652
-1896
-2088
-2407
-2917
-3502
-4056
-4626
-5256
-5853
-6423
-6886
-7254
-7473
-7590
-7532
-7307
-7005
-6700
-6338
-5967
-5504
-5100
-4829
-4626
-4470
-4255
-4095
-3968
-3875
-3675
-3407
-3098
-2645
-2097
-1497
-802
-29
781
1630
2492
3338
3958
4400
4859
5213
5402
5404
5340
5251
5130
4995
4912
4930
5011
5142
5335
5482
5725
6159
6586
6849
6985
7083
7086
6998
6729
6185
5514
4742
4029
3285
2561
1892
1319
782
299
-23
-255
-369
-527
-672
-963
-1292
-1579
-1971
-2541
-3225
-3891
-4619
-5368
-6097
-6689
-7176
-7597
-7761
-7779
-7665
-7423
-7065
-6679
-6296
-5843
-5388
-4987
-4798
-4680
-4599
-4544
-4487
-4445
-4347
-4206
-3932
-3651
-3225
-2620
-1954
-1256
-516
277
1146
1996
2775
3456
3964
4390
4786
5074
5165
5162
5137
5064
4993
4965
5041
5095
5298
5553
5766
6187
6687
7082
7280
7417
7576
7618
7516
7268
6856
6164
5493
4843
4098
3350
2730
2112
1419
908
556
289
3
-284
-603
-960
-1297
-1705
-2247
-2990
-3804
-4561
-5373
-6166
-6862
-7496
-8100
-8524
-8693
-8668
-8507
-8131
-7663
-7300
-6789
-6116
-5553
-5188
-4851
-4647
-4628
-4639
-4643
-4682
-4769
-4724
-4523
-4164
-3643
-2985
-2146
-1312
-443
599
1570
2383
3150
3806
4182
4569
4904
4936
4833
4651
4428
4173
4132
4113
4200
4356
4610
5029
5501
6092
6782
7286
7578
7869
8111
8158
7990
7665
7096
6399
5731
5041
4363
3711
3109
2543
1998
1661
1458
1325
1120
966
679
286
-127
-654
-1382
-2254
-3099
-4050
-5108
-6035
-6849
-7632
-8229
-8554
-8692
-8719
-8525
-8196
-7847
-7506
-7086
-6649
-6219
-5919
-5629
-5387
-5268
-5113
-4973
-4961
-4871
-4665
-4387
-3982
-3420
-2687
-1965
-1179
-260
709
1683
2655
3511
4187
4734
5288
5644
5721
5736
5647
5370
5184
4996
4868
4803
4742
4866
5042
5488
6042
6505
6872
7255
7584
7720
7761
7656
7221
6592
5953
5259
4500
3836
3191
2400
1571
1046
828
614
410
251
19
-263
-515
-751
-1272
-1924
-2579
-3361
-4253
-5115
-5895
-6667
-7372
-7960
-8318
-8446
-8326
-7976
-7613
-7187
-6693
-6035
-5496
-5142
-4880
-4747
-4751
-4848
-4933
-5072
-5279
-5411
-5297
-5110
-4764
-4110
-3337
-2588
-1714
-584
618
1637
2619
3479
4086
4518
4894
4959
4785
4602
4304
4040
3812
3827
3929
3913
4116
4510
5077
5836
6560
7101
7510
7882
8219
8288
8128
7754
7112
6322
5527
4734
3963
3301
2590
1880
1382
1124
1048
977
946
869
623
399
196
-242
-1015
-1852
-2743
-3732
-4704
-5525
-6402
-7246
-7910
-8298
-8422
-8349
-8067
-7712
-7390
-6972
-6388
-5722
-5232
-5011
-4874
-4722
-4725
-4785
-4793
-4886
-4947
-4957
-4729
-4344
-3890
-3259
-2516
-1779
-932
110
1209
2278
3189
3889
4507
5084
5344
5343
5212
4977
4600
4259
4032
3938
3809
3816
4149
4621
5163
5811
6536
7001
7478
7914
8106
7959
7655
7154
6408
5689
5070
4383
3556
2761
2031
1455
1123
1022
970
748
625
516
352
177
-79
-619
-1412
-2222
-3120
-4024
-4940
-5821
-6694
-7501
-7934
-8041
-8029
-7936
-7620
-7308
-6870
-6282
-5692
-5236
-5041
-4861
-4765
-4822
-4832
-4808
-4922
-5125
-5199
-5105
-4944
-4514
-3884
-3223
-2547
-1607
-429
734
1726
2667
3484
4117
4608
4955
5072
4938
4672
4306
3990
3823
3759
3737
3859
4249
4666
5193
5868
6505
6988
7349
7726
7755
7530
7131
6477
5713
4963
4237
3474
2661
1832
1124
635
372
328
288
209
119
-15
-57
-299
-697
-1228
-1950
-2647
-3340
-4167
-4977
-5656
-6311
-6901
-7262
-7303
-7226
-7100
-6837
-6426
-5973
-5509
-4949
-4547
-4299
-4173
-4066
-3971
-3972
-4014
-4142
-4222
-4322
-4219
-3975
-3641
-3088
-2425
-1702
-861
246
1203
2116
3019
3842
4397
4845
5162
5221
5063
4825
4690
4396
4155
4130
4238
4372
4609
5076
5637
6140
6606
6983
7183
7243
7202
7010
6609
6060
5364
4600
3831
2978
2040
1185
523
-7
-338
-579
-649
-712
-890
-1038
-1177
-1435
-1816
-2244
-2734
-3409
-4111
-4673
-5184
-5737
-6160
-6504
-6622
-6543
-6439
-6166
-5799
-5392
-5072
-4757
-4370
-4024
-3843
-3707
-3555
-3549
-3587
-3582
-3623
-3764
-3887
-3753
-3506
-3213
-2740
-2132
-1432
-717
41
865
1604
2304
2872
3344
3696
3912
3975
3998
3995
3957
3925
3964
4209
4406
4556
4926
5358
5823
6302
6642
6885
6941
6810
6521
6179
5727
5153
4589
3892
3094
2308
1701
1143
606
145
-337
-610
-822
-1074
-1386
-1735
-2060
-2501
-3054
-3424
-3909
-4604
-5133
-5508
-5938
-6254
-6360
-6313
-6313
-6219
-5899
-5525
-5204
-4952
-4642
-4296
-4036
-3785
-3523
-3425
-3358
-3247
-3214
-3193
-3098
-2961
-2745
-2426
-2007
-1551
-939
-178
498
1067
1830
2586
3178
3554
3893
4202
4172
4108
4069
4011
3939
4110
4473
4579
4807
5192
5623
5998
6279
6588
6679
6646
6544
6292
5857
5379
4933
4223
3436
2716
2056
1382
839
407
-73
-504
-815
-1105
-1489
-1803
-2042
-2299
-2781
-3264
-3664
-4155
-4702
-5142
-5550
-5884
-5918
-5868
-5747
-5514
-5197
-4832
-4404
-3978
-3699
-3472
-3176
-2865
-2774
-2716
-2554
-2449
-2507
-2508
-2363
-2313
-2278
-2059
-1744
-1417
-1042
-540
-4
385
812
1359
1743
2073
2364
2603
2768
2854
2892
2932
3029
3109
3307
3671
3988
4324
4739
5108
5491
5737
5878
5906
5827
5537
5129
4761
4452
4090
3565
3008
2340
1773
1257
774
352
-141
-517
-893
-1230
-1569
-1899
-2325
-2841
-3297
-3732
-4154
-4613
-5067
-5560
-5821
-5919
-5909
-5766
-5542
-5345
-5103
-4756
-4308
-3841
-3529
-3251
-3007
-2813
-2630
-2511
-2470
-2487
-2506
-2420
-2249
-2109
-1881
-1684
-1436
-1036
-571
3
586
1165
1658
2208
2806
3255
3535
3611
3651
3580
3448
3388
3385
3398
3602
3954
4224
4563
5029
5492
5896
6221
6448
6429
6302
6042
5565
5009
4544
3997
3301
2473
1724
1052
379
-102
-499
-888
-1360
-1666
-1943
-2269
-2585
-2872
-3362
-3916
-4306
-4705
-5195
-5700
-6042
-6386
-6435
-6224
-5961
-5543
-5125
-4654
-4110
-3523
-2977
-2596
-2334
-2059
-1836
-1770
-1618
-1407
-1427
-1501
-1441
-1363
-1264
-1056
-730
-374
-63
402
1009
1424
1724
2124
2492
2726
2905
2984
3048
2938
2874
2798
2800
2911
3100
3468
3903
4351
4831
5368
5880
6226
6389
6421
6297
6053
5616
5074
4499
3874
3255
2616
1888
1196
661
155
-263
-545
-875
-1251
-1634
-1995
-2418
-2883
-3365
-3965
-4657
-5295
-5772
-6346
-6848
-7041
-7280
-7343
-7006
-6552
-6087
-5513
-4878
-4241
-3622
-3041
-2546
-2215
-1989
-1831
-1841
-1872
-1786
-1679
-1714
-1643
-1338
-1057
-740
-350
102
542
1077
1717
2313
2744
3150
3521
3695
3753
3790
3645
3402
3284
3055
2911
2997
3315
3729
4009
4436
5050
5600
6114
6579
6823
6726
6572
6263
5750
5021
4449
3869
2997
2090
1302
740
153
-289
-642
-989
-1350
-1645
-1962
-2386
-2792
-3240
-3780
-4351
-4878
-5384
-5986
-6448
-6848
-7184
-7232
-7076
-6780
-6458
-6057
-5500
-4894
-4317
-3712
-3064
-2648
-2161
-1709
-1473
-1258
-1088
-966
-960
-949
-876
-854
-800
-495
-144
141
589
1155
1638
2056
2547
3073
3480
3731
3943
4003
3909
3812
3760
3669
3693
4033
4257
4385
4763
5335
5844
6188
6520
6680
6610
6562
6439
6062
5628
5289
4766
3953
3142
2446
1683
872
137
-545
-1215
-1791
-2304
-2812
-3355
-3826
-4248
-4790
-5411
-5946
-6443
-6977
-7370
-7602
-7750
-7683
-7400
-7146
-6752
-6278
-5732
-5089
-4469
-3960
-3480
-2980
-2505
-2210
-1996
-1646
-1260
-937
-694
-362
-2
323
626
947
1302
1667
2063
2409
2627
2748
3009
3329
3394
3319
3297
3201
3074
2978
2978
3097
3323
3814
4252
4541
4988
5551
6005
6148
6342
6473
6281
6050
5752
5283
4684
4260
3842
3203
2525
2042
1611
1074
668
354
-149
-682
-1209
-1815
-2552
-3169
-3764
-4586
-5410
-5973
-6545
-7168
-7512
-7830
-8017
-7875
-7530
-7134
-6733
-6145
-5374
-4758
-4207
-3669
-3282
-3035
-2703
-2429
-2319
-2122
-1774
-1560
-1382
-1016
-621
-155
328
854
1378
1931
2503
2935
3206
3455
3720
3814
3786
3693
3485
3136
2907
2834
2636
2646
3113
3626
3950
4364
5019
5787
6416
6812
6997
7067
6953
6708
6309
5749
5169
4697
4022
3264
2675
2192
1702
1237
839
453
-8
-384
-758
-1275
-1890
-2410
-3056
-4020
-4907
-5586
-6322
-7057
-7561
-7959
-8244
-8367
-8141
-7793
-7493
-7000
-6255
-5626
-5087
-4410
-3837
-3370
-2904
-2558
-2230
-1908
-1625
-1490
-1355
-1167
-958
-610
-195
231
685
1218
1909
2586
2987
3459
3992
4277
4393
4341
4346
4058
3677
3407
3198
3234
3513
3815
3946
4289
4874
5520
6041
6406
6594
6643
6685
6532
6190
5862
5479
4872
4000
3174
2608
1968
1178
494
85
-479
-1008
-1393
-1807
-2458
-3052
-3463
-4102
-4913
-5589
-6195
-6927
-7491
-7878
-8146
-8244
-8203
-7951
-7561
-7112
-6450
-5675
-5044
-4417
-3764
-3200
-2686
-2282
-2008
-1701
-1306
-1035
-866
-638
-346
51
482
926
1483
2030
2572
3153
3717
4032
4258
4476
4507
4276
4021
3699
3373
2970
2662
2519
2674
3043
3272
3511
4061
4847
5490
5951
6402
6641
6542
6436
6223
5874
5361
4866
4251
3408
2612
2115
1687
1158
736
366
52
-282
-595
-971
-1540
-2097
-2674
-3457
-4262
-4899
-5720
-6556
-7136
-7597
-7971
-8149
-8091
-7951
-7794
-7476
-6878
-6231
-5711
-5022
-4388
-3815
-3251
-2792
-2397
-1967
-1630
-1367
-1003
-795
-559
-233
223
657
1107
1724
2403
2958
3510
4041
4621
5011
5187
5167
5080
4786
4371
4032
3898
3945
3838
3749
3811
4099
4498
4971
5324
5540
5564
5658
5667
5543
5459
5316
4991
4495
3864
3315
2741
2095
1416
715
21
-563
-1151
-1747
-2317
-2894
-3406
-3969
-4417
-4867
-5468
-6001
-6485
-6899
-7215
-7340
-7418
-7536
-7560
-7402
-7196
-6868
-6384
-6156
-5848
-5444
-4931
-4456
-3989
-3340
-2711
-2145
-1497
-836
-243
296
872
1302
1717
2140
2707
3031
3262
3681
3992
4182
4304
4447
4338
4159
4117
4104
4043
4161
4483
4642
4655
4823
5248
5452
5590
5759
5596
5345
5143
4947
4594
4280
4119
3931
3602
3290
3041
2732
2401
2057
1674
1193
763
251
-477
-1217
-1868
-2579
-3320
-4059
-4791
-5539
-6162
-6559
-6880
-7216
-7289
-7223
-7176
-7075
-6814
-6521
-6305
-6060
-5835
-5606
-5282
-4914
-4607
-4268
-3941
-3459
-2935
-2384
-1803
-1238
-684
135
934
1598
2357
3162
3685
4117
4642
5098
5351
5405
5360
5212
4993
4813
4728
4486
4503
4736
4796
4707
4881
5288
5383
5462
5551
5362
5079
4849
4590
4117
3693
3545
3158
2485
2019
1704
1132
650
392
46
-404
-817
-1188
-1781
-2332
-2701
-3186
-3861
-4466
-4936
-5579
-6120
-6370
-6651
-6995
-7045
-6867
-6781
-6696
-6458
-6109
-5958
-5701
-5259
-5034
-4774
-4373
-4088
-3856
-3514
-3134
-2807
-2476
-1942
-1391
-876
-199
558
1147
1750
2545
3252
3730
4367
5010
5321
5459
5547
5419
5097
4878
4691
4424
4344
4470
4493
4439
4698
5180
5474
5655
5802
5796
5546
5360
5126
4604
4050
3715
3179
2490
1915
1531
908
417
191
-114
-475
-786
-1025
-1442
-1822
-2080
-2485
-3104
-3610
-4072
-4765
-5346
-5662
-6003
-6388
-6566
-6585
-6541
-6347
-6100
-5862
-5689
-5479
-5244
-4996
-4745
-4519
-4345
-4106
-3769
-3520
-3288
-2970
-2599
-2273
-1831
-1245
-668
-123
496
1220
1910
2584
3339
4040
4499
4846
5120
5292
5320
5358
5375
5469
5652
5800
5878
5878
6052
6383
6531
6543
6524
6279
6004
5671
5317
4958
4740
4402
3854
3208
2735
2242
1631
1041
435
-118
-776
-1445
-2143
-2847
-3445
-3953
-4485
-4997
-5386
-5847
-6257
-6615
-6799
-6748
-6705
-6670
-6531
-6262
-6084
-5919
-5583
-5400
-5365
-5249
-4960
-4692
-4555
-4250
-3844
-3441
-3108
-2582
-2086
-1639
-1089
-497
21
553
1118
1701
2212
2494
2843
3332
3685
3913
4141
4204
4174
4174
4161
4319
4736
5179
5420
5489
5733
6194
6464
6555
6525
6143
5689
5343
4912
4354
3947
3642
3224
2588
2196
2062
1735
1347
976
564
154
-179
-677
-1451
-2177
-2891
-3683
-4425
-5043
-5506
-6162
-6635
-6757
-6848
-6799
-6394
-6011
-5819
-5472
-5018
-4705
-4375
-4149
-4189
-4247
-4177
-4042
-4157
-4185
-3989
-3738
-3510
-3054
-2422
-1916
-1249
-449
337
1033
1690
2340
2842
3125
3368
3735
3876
3862
3872
3907
3839
3869
3986
4286
4776
5136
5489
5844
6320
6832
7060
7090
6919
6496
5986
5532
4959
4237
3759
3266
2632
1948
1566
1313
870
533
364
76
-286
-570
-1117
-1865
-2526
-3126
-3836
-4687
-5404
-5959
-6555
-7036
-7187
-7217
-7083
-6699
-6301
-5952
-5422
-4745
-4240
-3869
-3618
-3535
-3492
-3372
-3350
-3372
-3331
-3116
-2888
-2711
-2381
-1863
-1362
-801
-148
558
1214
1761
2377
2885
3141
3561
3975
4050
3912
3827
3750
3444
3269
3252
3489
3850
4111
4354
4589
5115
5781
6165
6236
6271
6079
5686
5289
4752
4124
3625
3119
2394
1642
1178
978
497
72
-42
-335
-705
-997
-1328
-1870
-2396
-2893
-3519
-4306
-4933
-5407
-5942
-6389
-6643
-6791
-6711
-6474
-6209
-5926
-5613
-5057
-4541
-4204
-3977
-3721
-3412
-3221
-3067
-2961
-2746
-2478
-2239
-2008
-1701
-1348
-930
-445
70
625
1228
1779
2401
2932
3386
3914
4264
4439
4503
4452
4386
4393
4310
4500
4829
4916
4943
5164
5493
5754
6006
6153
6122
5777
5468
5201
4792
4343
3941
3482
2865
2280
1872
1480
961
425
-15
-520
-1030
-1493
-2156
-2846
-3396
-4032
-4605
-5099
-5532
-6077
-6587
-6833
-6896
-6918
-6665
-6132
-5872
-5684
-5108
-4531
-4205
-3917
-3628
-3528
-3505
-3297
-3120
-3079
-3066
-2700
-2296
-2053
-1568
-860
-304
266
1065
1815
2312
2854
3289
3498
3671
3958
4131
3989
3793
3740
3426
3148
3234
3475
3840
4348
4762
5044
5504
6045
6454
6489
6365
6220
5760
5065
4498
3874
3196
2713
2132
1320
806
571
315
-120
-314
-384
-643
-1050
-1382
-1920
-2678
-3198
-3813
-4682
-5498
-6065
-6607
-7203
-7384
-7219
-7067
-6967
-6491
-5987
-5631
-5008
-4351
-3920
-3689
-3348
-3165
-3113
-3032
-2843
-2855
-2857
-2581
-2278
-2103
-1627
-905
-332
233
1065
1852
2479
3050
3636
3964
4205
4635
4897
4702
4434
4415
4201
4034
4176
4591
4831
4966
5260
5592
6007
6336
6501
6385
6089
5795
5243
4736
4317
3763
3102
2478
1899
1298
926
657
242
-280
-676
-839
-1256
-1828
-2405
-3114
-3837
-4460
-5060
-5739
-6356
-6867
-7158
-7333
-7352
-7135
-6685
-6226
-5760
-5195
-4576
-3934
-3500
-3208
-3095
-3039
-2964
-2979
-3026
-3009
-2903
-2703
-2241
-1830
-1337
-649
61
819
1734
2673
3334
3921
4335
4513
4684
4855
4833
4559
4207
3862
3619
3486
3552
3920
4317
4760
5197
5735
6378
6920
7185
7162
6922
6557
5964
5189
4462
3770
2928
2124
1377
678
197
-108
-344
-621
-828
-853
-1046
-1474
-1898
-2520
-3280
-4001
-4766
-5636
-6407
-7097
-7736
-8225
-8414
-8270
-8016
-7651
-7069
-6491
-5891
-5132
-4404
-3995
-3643
-3242
-2985
-3014
-2978
-2818
-2742
-2707
-2446
-2129
-1935
-1342
-583
114
755
1702
2648
3287
4033
4782
5314
5677
5967
6044
5772
5519
5361
5065
4938
5195
5344
5266
5410
5760
6051
6432
6829
6860
6455
6262
6040
5409
4819
4482
3807
2846
2132
1501
786
209
-270
-853
-1458
-1853
-2185
-2649
-3171
-3705
-4302
-4995
-5517
-6011
-6660
-7177
-7515
-7849
-7877
-7598
-7297
-7047
-6686
-6243
-5755
-5309
-4681
-4262
-4134
-3875
-3487
-3323
-3137
-2783
-2472
-2301
-2007
-1440
-1018
-568
83
838
1447
2086
2897
3661
4170
4605
5110
5460
5591
5685
5687
5451
5105
4981
5029
5303
5617
5809
5974
6276
6708
7143
7379
7264
6984
6627
6159
5530
4906
4392
3694
2857
2106
1465
902
452
-28
-592
-1081
-1409
-1701
-2161
-2691
-3404
-4020
-4661
-5310
-6031
-6603
-7124
-7713
-8079
-8145
-8042
-8003
-7696
-7245
-6986
-6577
-5907
-5338
-4994
-4633
-4221
-3909
-3724
-3436
-3143
-2950
-2776
-2476
-2099
-1691
-1233
-686
58
814
1465
2201
3022
3800
4338
4877
5601
5961
6042
5991
6005
5827
5615
5796
6191
6219
6136
6308
6646
6932
7104
7269
7092
6643
6228
5870
5355
4827
4344
3792
3044
2293
1648
1123
632
17
-654
-1158
-1550
-2150
-2769
-3400
-4082
-4840
-5503
-6007
-6610
-7229
-7714
-7954
-8010
-7822
-7499
-7205
-6934
-6574
-6100
-5624
-5091
-4712
-4622
-4522
-4367
-4298
-4227
-4069
-3950
-3796
-3550
-3114
-2521
-1941
-1241
-448
449
1367
2176
2858
3493
4003
4349
4689
4985
5067
4962
4870
4857
4791
4783
5209
5793
6083
6335
6755
7296
7860
8190
8351
8109
7660
7280
6691
5928
5243
4563
3706
2926
2113
1392
878
454
4
-475
-765
-1082
-1631
-2263
-2804
-3468
-4288
-5089
-5913
-6788
-7576
-8111
-8479
-8634
-8601
-8373
-7956
-7521
-7001
-6451
-5853
-5167
-4718
-4426
-4030
-3655
-3511
-3469
-3361
-3286
-3234
-3096
-2762
-2535
-2119
-1480
-789
-17
911
1945
2723
3522
4425
5089
5641
6132
6278
6097
5869
5659
5411
5179
5438
5743
5775
5933
6245
6615
7078
7544
7644
7395
7130
6910
6393
5831
5433
4865
4056
3241
2457
1684
936
397
-167
-830
-1379
-1794
-2309
-2931
-3550
-4198
-4825
-5543
-6153
-6789
-7478
-8004
-8322
-8345
-8202
-8005
-7718
-7219
-6731
-6214
-5726
-5232
-4919
-4880
-4719
-4424
-4248
-4292
-4167
-3914
-3743
-3474
-2957
-2419
-2018
-1383
-451
406
1309
2148
2936
3581
4078
4600
5168
5469
5570
5467
5236
5072
5013
5172
5621
6040
6180
6352
6791
7279
7725
8032
8048
7658
7235
6766
6084
5458
4922
4290
3525
2800
2160
1522
963
531
16
-424
-774
-1185
-1768
-2466
-3207
-3927
-4638
-5430
-6233
-6989
-7762
-8343
-8648
-8485
-8260
-7999
-7471
-6810
-6211
-5557
-4806
-4262
-4099
-4036
-3818
-3740
-3893
-3929
-3879
-3806
-3738
-3403
-2957
-2580
-2070
-1330
-372
590
1607
2518
3302
3930
4485
5009
5580
5944
5833
5569
5440
5198
4994
5162
5715
5948
6096
6503
7013
7381
7838
8189
8007
7552
7156
6614
5939
5264
4666
3961
3291
2549
1794
1300
868
407
-102
-430
-787
-1268
-1891
-2544
-3369
-4191
-4844
-5648
-6500
-7380
-8149
-8614
-8870
-8795
-8628
-8299
-7791
-7260
-6685
-5974
-5330
-4953
-4812
-4628
-4500
-4448
-4407
-4449
-4556
-4545
-4427
-4160
-3692
-3191
-2584
-1830
-828
370
1382
2318
3310
4007
4585
5280
5925
6190
6188
6039
5801
5536
5480
5741
6088
6361
6612
6979
7402
7922
8354
8486
8376
8108
7655
7074
6474
5784
5009
4182
3406
2489
1633
1046
525
-164
-720
-1071
-1344
-1776
-2295
-2913
-3542
-4144
-4899
-5647
-6331
-7120
-7813
-8247
-8538
-8606
-8532
-8178
-7694
-7266
-6693
-5906
-5258
-4811
-4478
-4224
-3951
-3827
-3880
-3956
-4006
-4061
-4009
-3870
-3658
-3340
-2957
-2286
-1409
-470
517
1573
2528
3354
4225
5065
5814
6176
6227
6143
5998
5879
5982
6289
6586
6732
6903
7287
7694
8155
8548
8679
8487
8145
7832
7271
6716
6169
5519
4738
3889
2998
2159
1389
618
-69
-745
-1351
-1909
-2530
-3189
-3873
-4582
-5166
-5785
-6481
-7141
-7818
-8299
-8554
-8559
-8369
-8104
-7813
-7314
-6648
-6119
-5522
-4921
-4544
-4382
-4245
-4170
-4142
-4273
-4382
-4318
-4255
-4166
-3890
-3546
-3101
-2551
-1823
-939
-4
810
1638
2435
3068
3753
4325
4766
4981
5047
5011
4956
4968
5193
5776
6267
6614
7047
7522
7996
8513
8884
8918
8618
8223
7815
7196
6548
6080
5447
4649
3912
3074
2347
1682
1095
483
-168
-781
-1277
-1887
-2630
-3499
-4335
-5102
-5871
-6668
-7395
-8005
-8545
-8829
-8877
-8703
-8402
-8057
-7498
-6822
-6310
-5708
-5094
-4773
-4627
-4465
-4292
-4346
-4506
-4583
-4606
-4612
-4536
-4247
-3952
-3522
-2963
-2258
-1353
-318
586
1523
2474
3214
3933
4687
5252
5532
5604
5552
5456
5452
5622
6171
6543
6701
7048
7601
8209
8778
9157
9191
9027
8704
8285
7763
7203
6617
5925
5086
4219
3434
2712
2050
1368
638
-71
-718
-1301
-2053
-2917
-3705
-4380
-5174
-5880
-6504
-7290
-8075
-8546
-8723
-8760
-8518
-8169
-7746
-7217
-6594
-5861
-5228
-4679
-4303
-4272
-4253
-4101
-4329
-4684
-4708
-4700
-4858
-4803
-4481
-4119
-3751
-3248
-2313
-1340
-453
523
1381
2101
2667
3212
3825
4199
4278
4299
4264
4157
4257
4637
5271
5838
6205
6741
7496
8190
8830
9238
9275
9100
8836
8384
7825
7270
6723
6131
5316
4456
3764
3048
2380
1919
1303
655
255
-324
-1058
-1916
-2759
-3518
-4474
-5451
-6380
-7245
-8054
-8621
-8973
-9158
-9039
-8723
-8213
-7627
-6986
-6297
-5612
-5120
-4736
-4493
-4393
-4296
-4413
-4693
-4801
-4818
-4964
-4945
-4815
-4550
-4143
-3598
-2771
-1875
-923
-1
975
1949
2731
3432
4102
4685
4815
4802
4846
4784
4712
4977
5491
5861
6189
6551
7064
7651
8250
8728
8833
8754
8621
8317
7849
7483
6995
6467
5760
4890
4125
3360
2725
2035
1299
646
53
-564
-1328
-2092
-2912
-3607
-4385
-5306
-6116
-6848
-7543
-8031
-8275
-8300
-8174
-7946
-7493
-6909
-6423
-5829
-5096
-4651
-4494
-4290
-4157
-4238
-4366
-4517
-4610
-4684
-4762
-4792
-4624
-4289
-3824
-3356
-2659
-1724
-901
-87
864
1688
2277
2844
3405
3801
3933
4092
4227
4135
4145
4405
5009
5596
6086
6521
6985
7651
8313
8762
8895
8888
8630
8200
7730
7239
6739
6188
5549
4708
3807
3162
2691
2155
1502
997
518
-76
-803
-1655
-2448
-3263
-4140
-5098
-6071
-6888
-7530
-8131
-8546
-8622
-8568
-8290
-7723
-7126
-6594
-5971
-5271
-4780
-4502
-4163
-3897
-4001
-4245
-4423
-4560
-4758
-4892
-4880
-4785
-4607
-4213
-3680
-3006
-2141
-1228
-361
485
1449
2164
2745
3436
3917
4038
4114
4272
4332
4137
4195
4683
5123
5485
5957
6416
6921
7649
8254
8581
8616
8502
8265
7820
7292
6870
6451
5815
4928
4019
3335
2871
2306
1645
1070
503
-121
-695
-1346
-2135
-2846
-3608
-4485
-5395
-6261
-6934
-7572
-8100
-8287
-8214
-7947
-7447
-6943
-6423
-5831
-5237
-4612
-4247
-4045
-3919
-3938
-4132
-4378
-4543
-4641
-4676
-4778
-4727
-4535
-4189
-3604
-2895
-2056
-1136
-305
517
1318
2026
2552
3066
3524
3841
3957
4096
4156
4024
3998
4199
4737
5333
5811
6187
6696
7384
8039
8503
8772
8697
8368
7997
7502
6998
6496
5849
5055
4118
3307
2770
2335
1780
1229
813
427
-45
-664
-1364
-2160
-2997
-3932
-4895
-5770
-6498
-7193
-7869
-8238
-8429
-8344
-7911
-7402
-6895
-6317
-5648
-5047
-4505
-4146
-3882
-3862
-3983
-4058
-4304
-4591
-4765
-4905
-4952
-4853
-4579
-4014
-3433
-2820
-1975
-1053
-137
785
1614
2294
2876
3422
3834
4091
4259
4343
4183
4062
4039
4319
4918
5420
5734
6137
6795
7428
8012
8406
8513
8457
8259
7827
7266
6850
6374
5607
4694
3886
3245
2604
1980
1385
807
317
-136
-671
-1358
-2139
-2900
-3667
-4569
-5479
-6168
-6887
-7648
-8100
-8269
-8342
-8153
-7707
-7277
-6857
-6206
-5475
-4937
-4615
-4309
-4154
-4234
-4259
-4256
-4405
-4523
-4646
-4629
-4621
-4423
-3886
-3264
-2648
-1938
-986
-85
731
1557
2253
2777
3303
3874
4239
4378
4565
4517
4311
4198
4300
4666
5151
5519
5809
6268
6914
7640
8233
8549
8612
8428
8192
7797
7300
6740
6131
5394
4451
3705
3154
2619
2066
1523
1037
582
192
-314
-1066
-1929
-2681
-3557
-4544
-5300
-6094
-7039
-7728
-8138
-8355
-8246
-8029
-7636
-7226
-6754
-6104
-5546
-4982
-4694
-4665
-4672
-4716
-4850
-5022
-5160
-5270
-5368
-5335
-5036
-4604
-4049
-3284
-2491
-1672
-690
302
1135
1860
2503
3032
3533
4001
4299
4356
4362
4391
4269
4116
4255
4800
5200
5519
6004
6601
7236
7833
8373
8606
8526
8243
7962
7465
6807
6188
5564
4856
4061
3349
2787
2324
1744
1248
954
571
102
-591
-1354
-2133
-2958
-3788
-4638
-5501
-6401
-7196
-7810
-8256
-8454
-8291
-7983
-7740
-7345
-6710
-6041
-5502
-5048
-4811
-4851
-4960
-4989
-5208
-5457
-5586
-5673
-5655
-5512
-5110
-4552
-3878
-3080
-2223
-1261
-215
714
1526
2256
2959
3566
3995
4355
4614
4629
4559
4522
4336
4234
4256
4699
5275
5664
6084
6745
7510
8145
8658
8908
8848
8547
8103
7482
6767
6112
5366
4558
3791
3084
2520
2095
1690
1320
1043
772
331
-388
-1064
-1815
-2697
-3555
-4495
-5394
-6235
-7044
-7648
-7970
-8184
-8144
-7971
-7767
-7255
-6715
-6240
-5704
-5344
-5170
-4984
-4959
-5023
-5178
-5375
-5597
-5748
-5675
-5445
-5103
-4563
-3779
-3128
-2347
-1277
-225
615
1489
2404
2970
3577
4267
4672
4837
5017
5078
4858
4600
4496
4552
4876
5327
5642
5969
6551
7299
7923
8396
8662
8586
8358
8022
7398
6753
6290
5703
4810
4077
3425
2764
2144
1633
1221
723
318
-220
-938
-1607
-2227
-2940
-3804
-4645
-5374
-6106
-6820
-7378
-7885
-8108
-8118
-8132
-7975
-7544
-7108
-6853
-6417
-6065
-5920
-5856
-5738
-5674
-5842
-5956
-6024
-5978
-5764
-5483
-5029
-4387
-3617
-2872
-2134
-1125
-139
622
1515
2484
3098
3652
4244
4714
4884
4978
5094
4884
4533
4375
4490
4840
5291
5616
6036
6671
7333
7956
8441
8629
8516
8235
7821
7243
6542
5987
5413
4600
3775
3186
2589
1966
1551
1206
787
346
-142
-688
-1346
-2039
-2689
-3524
-4354
-5108
-5808
-6533
-7169
-7570
-7751
-7828
-7837
-7586
-7204
-6811
-6405
-6019
-5746
-5628
-5582
-5532
-5572
-5749
-5868
-5829
-5670
-5421
-5129
-4588
-3863
-3056
-2226
-1378
-478
450
1369
2142
2782
3333
3827
4255
4607
4760
4804
4842
4595
4274
4199
4400
4854
5277
5646
6181
6782
7393
8079
8547
8561
8286
7955
7626
6962
6247
5798
5216
4373
3664
3185
2589
2041
1693
1374
1011
668
218
-330
-1033
-1789
-2437
-3324
-4250
-5074
-5963
-6770
-7409
-7953
-8178
-8213
-8322
-8160
-7774
-7423
-7069
-6805
-6568
-6426
-6362
-6305
-6216
-6298
-6436
-6307
-6100
-5790
-5413
-4789
-3959
-3195
-2333
-1339
-355
580
1543
2367
2987
3589
4235
4752
4982
5091
5145
5044
4872
4658
4514
4651
5136
5634
5980
6455
7066
7646
8155
8516
8529
8178
7692
7185
6455
5775
5328
4739
3968
3304
2763
2223
1916
1568
1209
853
467
-63
-663
-1298
-2047
-2826
-3776
-4646
-5438
-6284
-7031
-7601
-8079
-8247
-8184
-8173
-7868
-7476
-7175
-6765
-6354
-6148
-6049
-6006
-6028
-6115
-6241
-6197
-5979
-5752
-5411
-4873
-4273
-3445
-2471
-1561
-572
430
1362
2302
3094
3678
4152
4566
4872
5018
4984
5010
4899
4577
4398
4421
4584
5139
5767
6142
6565
7144
7772
8333
8594
8446
8133
7630
7151
6439
5770
5252
4584
3803
3254
2801
2300
2001
1699
1421
1130
799
434
-117
-902
-1679
-2424
-3380
-4304
-5215
-6218
-7080
-7752
-8277
-8455
-8513
-8531
-8288
-7896
-7536
-7155
-6791
-6496
-6337
-6494
-6490
-6409
-6503
-6490
-6323
-6119
-5703
-5125
-4418
-3513
-2649
-1713
-640
441
1449
2398
3159
3792
4198
4558
4945
5041
4960
4957
4833
4541
4423
4502
4683
5228
5729
6139
6670
7218
7934
8474
8617
8538
8213
7683
7097
6260
5505
4875
4150
3620
3063
2426
1937
1720
1530
1280
1051
742
262
-373
-1039
-1691
-2448
-3413
-4403
-5351
-6350
-7184
-7844
-8329
-8657
-8846
-8775
-8450
-8045
-7650
-7303
-6908
-6549
-6453
-6287
-6086
-6113
-6153
-6026
-5942
-5737
-5202
-4614
-3987
-3247
-2350
-1299
-326
615
1594
2449
3156
3874
4428
4898
5269
5429
5491
5525
5363
5120
4966
4971
5143
5482
5887
6294
6696
7177
7837
8282
8500
8462
8245
7893
7224
6482
5933
5330
4518
3836
3245
2562
1953
1682
1502
1150
727
436
28
-692
-1358
-1949
-2770
-3814
-4695
-5491
-6417
-7283
-7923
-8445
-8772
-8833
-8810
-8621
-8312
-8066
-7773
-7348
-6934
-6818
-6654
-6386
-6280
-6302
-6057
-5631
-5301
-4850
-4196
-3458
-2718
-1812
-770
142
1040
1917
2767
3534
4119
4645
4995
5293
5487
5498
5441
5332
5108
4943
5060
5494
5999
6380
6753
7058
7571
8148
8467
8476
8123
7717
7171
6536
5806
5218
4621
3894
3303
2831
2372
1988
1791
1558
1199
911
552
-29
-884
-1638
-2375
-3374
-4391
-5222
-6155
-7157
-7845
-8335
-8694
-8935
-8996
-8892
-8679
-8376
-8026
-7719
-7465
-7230
-7137
-6913
-6572
-6416
-6232
-5951
-5619
-5194
-4562
-3808
-3127
-2359
-1397
-459
388
1320
2296
3048
3646
4225
4721
5118
5544
5816
5912
5951
5901
5669
5607
5816
6075
6375
6605
6846
7164
7577
8030
8227
8031
7739
7427
6860
6232
5758
5280
4766
4176
3629
3125
2595
2156
1829
1369
889
433
-90
-793
-1545
-2296
-3016
-3861
-4764
-5511
-6259
-7076
-7749
-8169
-8484
-8668
-8632
-8462
-8349
-8181
-7861
-7506
-7247
-7001
-6789
-6657
-6409
-6218
-6064
-5668
-5144
-4639
-4108
-3364
-2590
-1670
-732
283
1189
1922
2669
3440
3955
4269
4697
5009
5192
5277
5394
5413
5199
4989
5060
5327
5768
6319
6633
6963
7450
7933
8374
8549
8305
7844
7421
6792
5990
5377
4957
4415
3596
2999
2623
2173
1866
1805
1486
1063
800
387
-282
-1146
-1920
-2730
-3854
-4927
-5754
-6735
-7678
-8306
-8801
-9198
-9293
-9195
-9019
-8792
-8570
-8206
-7876
-7476
-7158
-7071
-6796
-6393
-6254
-6080
-5645
-5208
-4777
-4191
-3428
-2618
-1687
-799
49
857
1663
2595
3381
3971
4496
5074
5611
5961
6101
6166
6255
6113
5869
5969
6402
6621
6742
6901
7117
7422
7785
8211
8130
7713
7380
7035
6424
5863
5395
4917
4341
3598
3099
2670
2224
1839
1479
937
366
-157
-761
-1589
-2537
-3265
-3979
-4809
-5595
-6256
-7030
-7681
-8065
-8334
-8569
-8614
-8530
-8407
-8319
-8161
-7807
-7528
-7367
-7127
-6964
-6689
-6233
-5929
-5619
-4999
-4399
-3841
-3102
-2325
-1489
-693
128
1030
1721
2348
3141
3711
3954
4386
4919
5264
5446
5639
5782
5794
5699
5699
6030
6437
6784
7017
7209
7428
7733
8033
8212
7918
7349
6966
6447
5709
5152
4875
4442
3810
3218
2963
2574
2098
1938
1623
1061
588
107
-689
-1629
-2545
-3380
-4236
-5237
-6077
-6778
-7609
-8225
-8622
-8844
-8923
-8931
-8652
-8261
-7990
-7789
-7362
-6995
-6797
-6628
-6514
-6294
-6148
-5978
-5603
-5140
-4665
-4081
-3238
-2347
-1463
-534
548
1496
2167
2956
3833
4268
4434
4961
5409
5503
5498
5618
5678
5448
5284
5472
5936
6334
6702
6967
7253
7596
7849
8101
8154
7666
6995
6492
5864
5097
4544
4209
3643
2884
2441
2234
1928
1518
1254
993
593
214
-309
-1129
-2040
-2950
-3802
-4725
-5703
-6445
-7161
-7825
-8294
-8625
-8744
-8634
-8551
-8336
-7954
-7592
-7288
-6877
-6586
-6465
-6340
-6184
-5861
-5701
-5638
-5264
-4764
-4340
-3638
-2654
-1709
-941
-187
847
1796
2534
3326
4033
4300
4609
5095
5446
5605
5572
5606
5583
5407
5216
5507
6141
6478
6710
7068
7520
7809
8151
8435
8280
7732
7255
6866
6043
5201
4678
4174
3396
2719
2383
2087
1660
1386
1251
871
481
53
-629
-1508
-2370
-3246
-4153
-5087
-6100
-6985
-7681
-8240
-8712
-8968
-8958
-8813
-8728
-8335
-7756
-7438
-7058
-6579
-6310
-6190
-5988
-5692
-5486
-5524
-5385
-4959
-4517
-4007
-3323
-2465
-1534
-723
133
1260
2247
2920
3740
4451
4719
5004
5525
5891
5865
5737
5801
5765
5455
5390
5899
6340
6533
6822
7172
7490
7770
8088
8249
7862
7197
6708
6232
5431
4625
4220
3763
2928
2254
2012
1740
1256
895
654
228
-196
-676
-1367
-2203
-3107
-3994
-4689
-5566
-6536
-7282
-7867
-8405
-8809
-8928
-8779
-8602
-8510
-8104
-7566
-7259
-6877
-6442
-6138
-6060
-5893
-5565
-5439
-5434
-5228
-4774
-4247
-3671
-2874
-1923
-1079
-334
551
1527
2355
3060
3878
4395
4597
5070
5581
5789
5702
5613
5659
5609
5373
5595
6173
6520
6720
6993
7452
7844
8144
8402
8345
7760
7096
6692
6039
5188
4551
4038
3356
2575
2135
1931
1543
1079
819
595
219
-250
-943
-1740
-2594
-3534
-4390
-5157
-6076
-7038
-7786
-8313
-8714
-9003
-8967
-8658
-8443
-8170
-7527
-6984
-6660
-6230
-5863
-5683
-5589
-5358
-5057
-5057
-5124
-4852
-4381
-3882
-3264
-2401
-1499
-693
214
1325
2415
3219
3888
4571
4905
5215
5750
6077
6007
5808
5675
5563
5357
5263
5703
6200
6478
6761
7222
7684
8019
8291
8396
8181
7541
7004
6505
5727
4832
4195
3605
2883
2172
1707
1373
871
562
401
73
-329
-796
-1511
-2321
-3109
-3988
-4846
-5619
-6568
-7442
-8055
-8511
-8856
-9082
-8978
-8747
-8575
-8160
-7527
-7101
-6765
-6287
-6018
-5896
-5605
-5236
-5018
-5036
-4906
-4515
-4150
-3741
-3168
-2357
-1510
-732
227
1270
2215
3010
3843
4512
4864
5230
5739
6000
5856
5716
5632
5477
5150
5202
5751
6187
6329
6572
7042
7541
7882
8114
8245
7917
7391
6937
6499
5733
4924
4366
3674
2821
2149
1751
1328
754
334
190
-113
-583
-1128
-1840
-2622
-3479
-4241
-4903
-5702
-6639
-7343
-7868
-8270
-8574
-8708
-8507
-8368
-8212
-7764
-7242
-6854
-6519
-6206
-5976
-5774
-5481
-5129
-4930
-4850
-4591
-4069
-3517
-3017
-2310
-1445
-766
-61
876
1863
2635
3243
3897
4348
4703
5196
5681
5865
5857
5839
5831
5796
5807
6169
6694
6882
6948
7184
7557
7930
8095
8005
7734
7209
6670
6245
5670
5012
4398
3860
3240
2593
2126
1813
1325
713
293
-99
-589
-1192
-1968
-2897
-3709
-4613
-5474
-6202
-6918
-7676
-8195
-8398
-8575
-8651
-8514
-8125
-7912
-7696
-7086
-6578
-6328
-6072
-5933
-5880
-5679
-5389
-5245
-5183
-4998
-4492
-3923
-3380
-2695
-1781
-915
-167
727
1713
2594
3257
3891
4412
4688
4985
5403
5620
5510
5372
5316
5277
5133
5234
5779
6231
6467
6800
7188
7594
8009
8115
7915
7503
6917
6327
5700
4929
4174
3587
2954
2246
1691
1343
1064
665
236
-2
-243
-707
-1292
-2101
-2942
-3783
-4685
-5419
-6164
-7042
-7792
-8165
-8393
-8592
-8574
-8235
-7889
-7665
-7255
-6686
-6236
-5928
-5656
-5531
-5377
-5140
-4987
-4910
-4872
-4688
-4187
-3591
-3086
-2381
-1494
-718
131
1099
2074
2913
3629
4255
4617
4897
5289
5606
5632
5538
5394
5310
5352
5521
5926
6429
6815
7095
7402
7779
8189
8436
8222
7916
7472
6810
6217
5659
4954
4198
3527
2895
2310
1750
1394
1096
594
200
-102
-504
-1050
-1879
-2776
-3633
-4575
-5494
-6223
-6974
-7786
-8372
-8591
-8669
-8719
-8515
-8099
-7749
-7471
-6950
-6408
-6050
-5771
-5632
-5550
-5354
-5187
-5041
-4892
-4762
-4498
-3925
-3291
-2612
-1792
-905
4
892
1840
2746
3483
4082
4527
4813
5210
5550
5662
5670
5627
5386
5320
5391
5631
6064
6361
6582
6852
7198
7651
8086
8095
7830
7496
6970
6260
5619
5008
4295
3500
2713
2118
1555
1046
719
281
-186
-486
-759
-1190
-1863
-2637
-3347
-4087
-5051
-5849
-6448
-7212
-7881
-8227
-8410
-8531
-8496
-8174
-7831
-7610
-7158
-6558
-6125
-5857
-5644
-5546
-5435
-5182
-5032
-4948
-4797
-4513
-4071
-3491
-2898
-2192
-1378
-586
229
1046
1906
2858
3553
4079
4602
5066
5489
5749
5844
5846
5731
5582
5586
5722
6028
6445
6740
6947
7311
7729
8106
8327
8159
7745
7305
6688
6021
5344
4705
4061
3316
2539
1933
1412
939
570
102
-345
-753
-1144
-1687
-2452
-3233
-3924
-4798
-5710
-6375
-7016
-7733
-8191
-8315
-8419
-8366
-8117
-7751
-7447
-7118
-6604
-6140
-5818
-5538
-5467
-5391
-5153
-4976
-4948
-4776
-4559
-4252
-3705
-3169
-2438
-1578
-739
146
1055
1915
2763
3533
4111
4565
4879
5233
5588
5747
5830
5776
5604
5531
5603
5910
6359
6701
6934
7219
7536
7902
8245
8310
8018
7552
6975
6347
5710
5050
4405
3700
2882
2135
1574
1096
684
233
-251
-642
-1039
-1463
-2032
-2843
-3688
-4462
-5280
-6057
-6665
-7380
-8008
-8290
-8458
-8495
-8296
-7974
-7679
-7404
-7015
-6500
-6121
-5842
-5675
-5668
-5641
-5421
-5282
-5165
-5016
-4842
-4418
-3865
-3359
-2581
-1652
-954
-114
779
1638
2526
3267
3873
4292
4663
5112
5465
5564
5621
5573
5451
5434
5678
6165
6481
6728
7027
7405
7855
8276
8467
8285
7982
7574
6955
6311
5719
5020
4272
3561
2811
2150
1582
1092
640
82
-367
-674
-1126
-1737
-2500
-3318
-4075
-4857
-5639
-6262
-6967
-7694
-8087
-8179
-8286
-8231
-7870
-7503
-7318
-7018
-6480
-6026
-5782
-5547
-5481
-5547
-5325
-5140
-5089
-4976
-4752
-4384
-3812
-3217
-2588
-1693
-818
-14
904
1722
2554
3380
3914
4344
4723
5079
5386
5509
5585
5543
5403
5454
5678
6012
6332
6684
7023
7349
7824
8226
8499
8422
8050
7604
7027
6318
5675
5039
4291
3546
2722
2026
1463
929
561
103
-356
-743
-1096
-1622
-2319
-3076
-3837
-4641
-5528
-6294
-7000
-7697
-8208
-8436
-8463
-8404
-8188
-7788
-7353
-7004
-6566
-6106
-5774
-5558
-5435
-5393
-5330
-5230
-5159
-4957
-4807
-4613
-4146
-3601
-3032
-2178
-1318
-521
395
1263
2075
2921
3597
4106
4572
4958
5317
5457
5489
5504
5364
5251
5316
5629
6061
6427
6765
7159
7484
7933
8288
8336
8112
7714
7185
6500
5865
5226
4552
3845
3083
2334
1758
1341
861
354
-133
-550
-920
-1334
-1889
-2715
-3474
-4208
-4996
-5770
-6382
-7011
-7661
-8041
-8167
-8161
-8003
-7646
-7256
-7010
-6685
-6201
-5805
-5569
-5394
-5353
-5426
-5358
-5243
-5154
-5057
-4873
-4552
-4032
-3512
-2802
-1928
-1109
-233
620
1465
2349
3094
3686
4152
4610
5100
5297
5385
5477
5399
5237
5286
5528
5924
6379
6760
7120
7465
7972
8439
8630
8496
8225
7832
7255
6618
5977
5277
4495
3700
2857
2164
1604
1062
620
112
-417
-757
-1096
-1609
-2309
-3042
-3790
-4587
-5364
-6085
-6790
-7470
-7936
-8132
-8249
-8269
-7995
-7608
-7298
-7016
-6533
-6051
-5709
-5542
-5379
-5249
-5123
-5009
-4909
-4729
-4667
-4529
-4035
-3584
-3161
-2409
-1504
-696
225
1118
1929
2714
3314
3848
4307
4752
5105
5234
5287
5285
5120
5013
5154
5438
5750
6120
6564
6945
7340
7803
8214
8232
8029
7793
7344
6718
6076
5435
4682
3895
3063
2338
1706
1078
623
208
-262
-710
-1047
-1382
-1967
-2710
-3434
-4118
-4994
-5739
-6343
-7078
-7673
-7993
-8130
-8162
-7961
-7590
-7160
-6917
-6577
-6084
-5683
-5414
-5215
-5141
-5066
-4976
-4976
-4862
-4679
-4540
-4268
-3763
-3230
-2643
-1902
-1136
-311
527
1385
2322
3038
3628
4202
4673
5059
5313
5433
5466
5370
5265
5303
5595
5888
6172
6534
6891
7272
7737
8184
8440
8251
7875
7573
7032
6338
5800
5182
4378
3512
2774
2192
1534
1016
532
12
-507
-906
-1357
-1927
-2588
-3361
-4082
-4766
-5528
-6171
-6796
-7449
-7814
-7924
-7883
-7763
-7510
-7126
-6847
-6554
-6129
-5657
-5380
-5248
-5230
-5196
-5105
-5071
-4943
-4759
-4663
-4490
-3928
-3409
-2838
-2051
-1316
-548
333
1109
1891
2662
3258
3751
4284
4741
5057
5185
5227
5233
5065
5033
5312
5686
5972
6337
6733
7076
7464
7951
8344
8284
8000
7722
7159
6505
5989
5386
4671
3858
3088
2397
1746
1189
691
221
-313
-753
-1157
-1582
-2175
-2954
-3655
-4376
-5175
-5929
-6548
-7208
-7759
-7988
-8102
-8082
-7862
-7495
-7108
-6779
-6437
-5989
-5593
-5387
-5277
-5236
-5190
-5145
-5102
-4972
-4839
-4750
-4376
-3849
-3385
-2730
-1958
-1199
-266
621
1435
2343
3022
3529
3990
4452
4790
5026
5128
5088
5015
4905
5043
5429
5731
6020
6411
6826
7266
7770
8191
8394
8211
7934
7613
7007
6381
5826
5175
4368
3539
2791
2154
1587
1014
540
55
-453
-784
-1185
-1796
-2515
-3198
-3860
-4624
-5415
-6079
-6752
-7390
-7702
-7831
-7844
-7717
-7453
-7089
-6739
-6376
-5916
-5492
-5217
-5068
-5005
-4927
-4828
-4814
-4744
-4589
-4536
-4304
-3824
-3395
-2838
-2124
-1358
-536
356
1218
2112
2966
3502
3992
4520
4922
5136
5199
5182
5049
4905
4900
5182
5489
5750
6144
6527
6933
7460
7986
8307
8248
7982
7695
7191
6586
5982
5359
4667
3820
3014
2391
1804
1171
682
271
-227
-704
-1078
-1565
-2279
-3014
-3666
-4361
-5187
-5862
-6528
-7267
-7787
-7967
-8088
-8103
-7851
-7490
-7165
-6843
-6456
-6104
-5759
-5532
-5449
-5358
-5211
-5151
-5187
-5090
-4956
-4874
-4415
-3849
-3344
-2665
-1934
-1110
-228
592
1504
2375
2999
3556
4085
4527
4893
5037
5045
5002
4835
4745
4893
5269
5611
5878
6286
6730
7175
7689
8227
8386
8133
7887
7544
6998
6409
5888
5231
4446
3665
3002
2444
1766
1175
717
226
-227
-615
-1091
-1680
-2355
-3050
-3800
-4558
-5308
-6011
-6712
-7334
-7692
-7887
-7912
-7819
-7595
-7261
-6919
-6570
-6175
-5789
-5539
-5413
-5363
-5212
-5017
-4990
-4901
-4779
-4680
-4362
-3878
-3373
-2786
-2069
-1344
-523
401
1235
2042
2842
3442
3949
4443
4872
5140
5218
5209
5113
4911
4851
5137
5500
5727
6062
6470
6892
7402
7872
8201
8206
7968
7757
7324
6720
6131
5534
4857
4020
3231
2653
2073
1460
952
439
-125
-535
-964
-1524
-2126
-2797
-3516
-4218
-4978
-5711
-6350
-7017
-7532
-7761
-7857
-7821
-7594
-7374
-7127
-6829
-6437
-6054
-5729
-5537
-5491
-5442
-5304
-5219
-5200
-4983
-4853
-4713
-4320
-3872
-3367
-2626
-1922
-1194
-308
527
1357
2182
2899
3415
3887
4338
4707
4900
4973
4952
4818
4705
4914
5268
5506
5821
6251
6651
7098
7585
8035
8144
7952
7725
7395
6909
6378
5769
5114
4378
3538
2908
2351
1713
1150
683
164
-300
-712
-1140
-1746
-2445
-3097
-3781
-4529
-5248
-5893
-6606
-7218
-7498
-7617
-7719
-7579
-7267
-7003
-6699
-6355
-6031
-5727
-5503
-5365
-5376
-5228
-5054
-5050
-4989
-4837
-4718
-4397
-3875
-3371
-2758
-2097
-1364
-466
399
1183
2053
2797
3303
3829
4368
4806
5036
5083
5123
5028
4902
4966
5276
5583
5844
6169
6548
6957
7468
7901
8145
8048
7749
7470
6987
6486
5948
5391
4716
3956
3225
2676
2120
1498
1019
505
-8
-447
-903
-1471
-2169
-2907
-3566
-4321
-5048
-5660
-6273
-6893
-7325
-7489
-7606
-7574
-7384
-7127
-6857
-6557
-6244
-5914
-5667
-5541
-5533
-5510
-5345
-5307
-5258
-5090
-4959
-4761
-4256
-3756
-3178
-2429
-1758
-934
-85
606
1393
2133
2717
3232
3726
4189
4514
4673
4687
4671
4577
4554
4771
5140
5411
5725
6121
6512
7018
7533
7948
8064
7879
7642
7259
6730
6226
5692
5082
4391
3658
3051
2538
2027
1501
1012
499
49
-385
-954
-1570
-2277
-2992
-3679
-4413
-5133
-5772
-6465
-7031
-7342
-7501
-7518
-7416
-7219
-6914
-6599
-6253
-5919
-5645
-5422
-5394
-5337
-5211
-5132
-5151
-5023
-4835
-4698
-4299
-3826
-3331
-2674
-1955
-1212
-336
489
1241
2061
2717
3217
3675
4130
4479
4643
4665
4634
4542
4376
4433
4670
4950
5260
5676
6140
6643
7124
7559
7857
7725
7471
7169
6719
6193
5646
5058
4398
3605
2971
2469
1915
1432
937
488
49
-336
-778
-1364
-1976
-2666
-3395
-4106
-4853
-5486
-6125
-6743
-7074
-7283
-7381
-7278
-7113
-6862
-6579
-6275
-5928
-5595
-5286
-5132
-5125
-5081
-4937
-4862
-4757
-4577
-4483
-4214
-3732
-3302
-2771
-2088
-1432
-661
208
1004
1806
2506
3095
3585
4056
4510
4755
4873
4895
4789
4653
4639
4811
5060
5265
5565
5882
6220
6718
7216
7535
7574
7460
7229
6853
6423
5957
5408
4831
4140
3413
2794
2224
1661
1093
624
179
-269
-710
-1162
-1779
-2423
-3068
-3818
-4557
-5216
-5814
-6469
-6958
-7245
-7446
-7548
-7430
-7240
-7048
-6818
-6465
-6154
-5855
-5614
-5524
-5433
-5294
-5201
-5145
-4961
-4785
-4574
-4177
-3723
-3246
-2581
-1834
-1100
-305
499
1321
2094
2777
3333
3800
4269
4633
4810
4848
4818
4719
4625
4622
4826
5076
5325
5633
5979
6385
6825
7219
7441
7449
7328
7039
6593
6131
5604
5041
4440
3740
3100
2500
1958
1461
964
483
11
-418
-890
-1413
-2041
-2630
-3230
-3890
-4533
-5117
-5796
-6395
-6754
-7048
-7200
-7184
-7050
-6899
-6687
-6406
-6071
-5764
-5510
-5274
-5260
-5152
-5007
-4929
-4795
-4587
-4451
-4121
-3609
-3133
-2565
-1893
-1256
-555
159
937
1714
2372
2982
3442
3957
4440
4744
4920
4918
4820
4708
4681
4788
5008
5276
5514
5792
6111
6488
6911
7252
7336
7303
7075
6724
6338
5827
5270
4698
4041
3388
2854
2300
1794
1278
739
223
-207
-656
-1143
-1711
-2347
-2971
-3645
-4328
-4970
-5611
-6249
-6704
-6994
-7140
-7217
-7134
-6880
-6675
-6490
-6193
-5917
-5708
-5572
-5507
-5406
-5288
-5172
-5053
-4862
-4726
-4486
-3937
-3499
-2941
-2295
-1635
-867
-143
563
1342
2057
2658
3255
3706
4096
4452
4622
4695
4731
4663
4622
4667
4742
4969
5278
5553
5843
6260
6724
7018
7118
7159
7010
6641
6230
5774
5197
4660
4104
3460
2784
2192
1637
1098
595
186
-183
-610
-1037
-1562
-2164
-2718
-3303
-4001
-4634
-5170
-5797
-6394
-6804
-6995
-7160
-7229
-7024
-6841
-6735
-6489
-6199
-5964
-5712
-5514
-5374
-5206
-5076
-4954
-4738
-4554
-4377
-4010
-3538
-3125
-2509
-1838
-1203
-474
260
1039
1819
2499
3159
3711
4163
4613
4907
5101
5249
5195
5165
5117
5064
5237
5488
5710
5967
6251
6604
6991
7244
7324
7385
7153
6778
6402
5894
5336
4810
4190
3523
2923
2299
1799
1263
728
325
-98
-577
-1056
-1667
-2317
-2877
-3493
-4173
-4760
-5331
-5946
-6408
-6740
-6972
-7097
-7084
-7047
-6996
-6881
-6689
-6409
-6167
-6022
-5908
-5763
-5587
-5408
-5175
-4921
-4697
-4417
-3904
-3437
-2914
-2259
-1632
-976
-323
393
1131
1770
2388
2906
3385
3883
4329
4592
4787
4907
4867
4838
4869
4942
5193
5450
5680
5877
6152
6506
6771
6929
6965
6812
6482
6201
5819
5325
4870
4384
3831
3230
2668
2159
1666
1144
688
247
-225
-754
-1347
-1988
-2585
-3242
-3940
-4589
-5096
-5632
-6145
-6479
-6693
-6857
-6925
-6855
-6784
-6632
-6500
-6318
-6115
-5955
-5899
-5866
-5685
-5518
-5372
-5101
-4861
-4637
-4143
-3579
-3103
-2448
-1809
-1151
-505
195
962
1595
2204
2791
3233
3673
4213
4526
4672
4870
4874
4864
4883
4904
5012
5251
5467
5663
5930
6276
6643
6732
6823
6942
6669
6333
6069
5575
5078
4527
4066
3559
2963
2468
2015
1449
929
586
116
-330
-819
-1434
-1998
-2543
-3128
-3730
-4338
-4858
-5427
-5953
-6199
-6431
-6614
-6665
-6669
-6670
-6593
-6434
-6280
-6079
-5966
-5812
-5700
-5523
-5331
-5120
-4861
-4609
-4276
-3752
-3242
-2770
-2160
-1577
-989
-319
364
1060
1706
2370
2950
3361
3853
4296
4515
4686
4843
4869
4897
4921
4908
5015
5257
5459
5673
5964
6266
6532
6682
6855
6880
6534
6283
5945
5430
4941
4445
3981
3403
2774
2307
1828
1271
834
456
28
-400
-911
-1464
-1994
-2530
-3176
-3845
-4477
-5055
-5627
-6152
-6469
-6767
-6988
-7095
-7144
-7085
-6923
-6866
-6681
-6441
-6381
-6246
-6030
-5842
-5658
-5451
-5194
-4897
-4523
-4045
-3526
-2944
-2310
-1711
-1084
-388
316
1015
1659
2322
2852
3326
3815
4248
4462
4674
4892
4947
4964
4935
4917
5015
5243
5421
5578
5800
6099
6303
6531
6795
6728
6439
6238
5923
5373
4912
4491
3952
3308
2824
2415
1855
1314
948
557
149
-254
-793
-1300
-1774
-2374
-2956
-3510
-4138
-4686
-5165
-5614
-5990
-6337
-6448
-6599
-6764
-6714
-6633
-6607
-6473
-6263
-6190
-6003
-5748
-5484
-5287
-5025
-4721
-4384
-3968
-3523
-2997
-2398
-1745
-1222
-645
50
722
1281
1894
2520
2982
3456
3947
4378
4624
4849
5073
5145
5096
5069
5054
5082
5312
5479
5570
5719
5948
6101
6304
6503
6406
6173
5941
5590
5046
4575
4217
3729
3164
2712
2271
1712
1214
838
397
-39
-490
-1098
-1562
-2083
-2665
-3225
-3792
-4371
-4913
-5312
-5747
-6191
-6548
-6686
-6956
-7104
-7040
-6992
-7003
-6925
-6753
-6662
-6456
-6155
-5917
-5617
-5361
-4975
-4544
-4026
-3486
-2944
-2332
-1729
-1217
-670
82
650
1124
1715
2255
2752
3234
3727
4144
4421
4682
4945
5047
5018
5073
5041
4949
5055
5313
5437
5523
5637
5816
6044
6119
6122
6083
5828
5539
5182
4760
4363
3868
3488
3113
2526
1969
1553
1083
656
328
-127
-639
-1116
-1563
-2126
-2654
-3200
-3747
-4323
-4745
-5190
-5773
-6117
-6370
-6717
-6936
-6983
-7050
-7125
-7146
-7040
-6959
-6798
-6463
-6190
-5885
-5531
-5103
-4610
-4041
-3441
-2911
-2281
-1680
-1167
-589
41
506
993
1596
2134
2626
3164
3676
4057
4436
4875
5202
5369
5519
5620
5532
5448
5386
5474
5604
5630
5595
5653
5808
5880
5900
5908
5869
5556
5238
5015
4605
4123
3808
3471
2884
2337
1942
1468
933
502
84
-488
-1016
-1563
-2081
-2649
-3174
-3659
-4166
-4601
-5005
-5532
-5899
-6207
-6546
-6783
-6963
-7123
-7259
-7310
-7318
-7236
-7068
-6787
-6495
-6210
-5714
-5214
-4740
-4106
-3437
-2866
-2217
-1535
-1021
-517
-58
377
762
1192
1663
2069
2510
2957
3294
3697
4263
4620
4807
5094
5257
5253
5216
5246
5100
4992
5042
5055
4963
4967
5077
5118
5131
5229
5154
4903
4799
4580
4205
3929
3708
3348
2940
2564
2116
1549
1029
569
21
-586
-1095
-1553
-2115
-2644
-3063
-3491
-3957
-4397
-4817
-5246
-5682
-6085
-6409
-6755
-7145
-7433
-7520
-7588
-7695
-7587
-7237
-6998
-6684
-6125
-5533
-5021
-4377
-3573
-2919
-2344
-1620
-944
-497
-77
366
723
1030
1408
1794
2174
2612
3096
3403
3934
4519
4801
5179
5585
5757
5740
5768
5753
5515
5220
5202
5138
4810
4676
4703
4656
4608
4671
4718
4678
4563
4569
4470
4182
3972
3656
3244
2815
2249
1643
1082
463
-195
-738
-1241
-1748
-2267
-2653
-2985
-3365
-3741
-4012
-4396
-4882
-5259
-5631
-6010
-6444
-6882
-7281
-7559
-7766
-7843
-7800
-7632
-7306
-6871
-6223
-5600
-4901
-4095
-3334
-2623
-1873
-1105
-574
-177
226
505
628
880
1169
1343
1558
2015
2535
2939
3474
4091
4599
5067
5570
5882
6017
6011
5914
5684
5325
4970
4589
4272
4075
3865
3744
3835
3963
4071
4166
4389
4521
4494
4471
4399
4048
3665
3307
2707
2024
1287
534
-168
-911
-1488
-1927
-2321
-2708
-3010
-3275
-3533
-3879
-4262
-4560
-4995
-5504
-5972
-6527
-7055
-7475
-7749
-7987
-8130
-8072
-7869
-7518
-7012
-6336
-5639
-4857
-4001
-3254
-2493
-1688
-1043
-505
-19
316
528
683
814
1026
1096
1372
1832
2172
2652
3188
3715
4318
4900
5362
5738
5896
5936
5891
5673
5393
4980
4494
4124
3752
3453
3363
3303
3318
3470
3735
4025
4235
4505
4593
4530
4342
4086
3702
3112
2451
1705
923
133
-645
-1248
-1688
-2137
-2534
-2786
-2999
-3229
-3404
-3501
-3781
-4137
-4462
-4821
-5296
-5828
-6290
-6739
-7162
-7453
-7477
-7433
-7254
-6822
-6230
-5565
-4771
-3916
-3078
-2202
-1513
-823
-176
222
479
666
790
812
776
840
963
1068
1347
1779
2233
2741
3353
3978
4561
5006
5335
5623
5728
5640
5403
5078
4701
4098
3497
3069
2602
2230
2242
2343
2432
2730
3193
3640
3981
4336
4560
4561
4392
4076
3473
2830
2078
1116
295
-496
-1283
-1962
-2445
-2796
-3060
-3173
-3167
-3203
-3287
-3354
-3451
-3658
-3956
-4359
-4836
-5333
-5908
-6387
-6833
-7201
-7324
-7266
-7011
-6636
-6090
-5360
-4530
-3672
-2768
-1863
-1123
-562
-64
367
578
660
702
601
465
430
496
601
827
1123
1579
2097
2621
3219
3812
4340
4795
5084
5237
5221
5015
4704
4316
3773
3231
2826
2427
2086
1851
1851
2086
2400
2788
3223
3649
4067
4383
4540
4537
4271
3817
3234
2476
1645
832
-35
-873
-1626
-2213
-2626
-3008
-3221
-3288
-3280
-3170
-2997
-2935
-2977
-3106
-3312
-3547
-3932
-4377
-4813
-5269
-5679
-5971
-6048
-5955
-5782
-5423
-4854
-4249
-3549
-2767
-1984
-1308
-740
-155
322
616
753
859
829
796
715
566
549
541
611
791
1142
1558
2001
2528
3159
3669
4014
4417
4655
4597
4464
4293
4002
3633
3235
2824
2433
2135
2020
1981
1998
2131
2400
2736
3161
3487
3663
3819
3803
3551
3232
2765
2158
1398
545
-282
-1061
-1712
-2277
-2732
-3035
-3161
-3183
-3052
-2873
-2700
-2503
-2315
-2265
-2339
-2403
-2618
-2911
-3212
-3609
-3974
-4350
-4598
-4791
-4920
-4786
-4514
-4184
-3660
-3009
-2379
-1786
-1153
-534
-98
288
546
640
564
379
182
-124
-377
-587
-720
-735
-569
-310
29
575
1142
1769
2379
2929
3362
3636
3780
3768
3603
3333
3100
2744
2365
2048
1783
1618
1621
1732
1887
2094
2302
2575
2826
2937
3006
3115
2996
2697
2363
1981
1418
781
234
-343
-915
-1302
-1594
-1873
-1959
-1920
-1807
-1663
-1466
-1203
-1022
-853
-771
-780
-867
-1076
-1443
-1907
-2289
-2691
-3064
-3340
-3487
-3577
-3559
-3340
-3030
-2620
-2181
-1701
-1252
-852
-521
-325
-223
-287
-443
-616
-854
-1109
-1359
-1596
-1735
-1734
-1636
-1389
-1079
-657
-120
460
1070
1639
2166
2573
2858
3072
3142
3086
2980
2824
2588
2337
2157
1988
1862
1825
1878
2026
2205
2348
2485
2676
2783
2787
2722
2615
2386
2016
1674
1341
917
520
167
-182
-384
-512
-599
-649
-668
-575
-467
-424
-357
-345
-411
-486
-674
-830
-963
-1214
-1495
-1725
-1945
-2090
-2158
-2219
-2281
-2340
-2345
-2281
-2248
-2214
-2164
-2168
-2183
-2173
-2239
-2265
-2335
-2484
-2572
-2537
-2504
-2466
-2333
-2214
-2090
-1922
-1612
-1247
-958
-639
-256
75
373
696
1046
1395
1560
1759
1986
2114
2231
2291
2331
2333
2344
2371
2467
2501
2492
2557
2616
2670
2693
2655
2709
2609
2431
2355
2229
2103
1915
1748
1648
1532
1392
1365
1355
1235
1098
1010
906
805
716
597
481
328
222
120
28
-97
-251
-397
-582
-717
-807
-893
-1073
-1314
-1464
-1653
-1896
-2183
-2416
-2691
-3043
-3280
-3501
-3785
-3997
-4173
-4261
-4254
-4225
-4112
-3918
-3707
-3431
-3218
-2961
-2581
-2258
-1992
-1661
-1394
-1196
-953
-744
-586
-439
-232
-4
251
580
967
1275
1657
2121
2509
2970
3318
3557
3705
3830
3892
3838
3765
3655
3506
3321
3204
3092
2956
2888
2873
2804
2814
2906
2913
2907
2853
2805
2775
2696
2605
2476
2315
2130
1836
1532
1257
948
708
501
285
67
-125
-328
-564
-744
-938
-1174
-1415
-1663
-1955
-2307
-2681
-3046
-3494
-3907
-4246
-4571
-4864
-5070
-5185
-5295
-5306
-5178
-5004
-4814
-4519
-4239
-3939
-3586
-3275
-3039
-2852
-2648
-2461
-2327
-2117
-1907
-1765
-1520
-1176
-858
-498
-8
486
1003
1539
2067
2606
3065
3427
3741
3966
4083
4093
4029
3926
3800
3627
3487
3377
3273
3266
3269
3315
3414
3564
3785
3978
4155
4304
4323
4264
4164
3924
3595
3245
2789
2346
1881
1407
942
535
201
-127
-438
-656
-788
-948
-1089
-1251
-1451
-1691
-1995
-2367
-2777
-3240
-3693
-4108
-4506
-4904
-5240
-5513
-5698
-5742
-5716
-5582
-5337
-5063
-4746
-4413
-4082
-3734
-3417
-3179
-2943
-2698
-2521
-2344
-2170
-1983
-1788
-1524
-1218
-913
-534
-105
392
906
1370
1845
2310
2727
3083
3271
3384
3503
3565
3550
3539
3513
3497
3466
3504
3590
3674
3804
4027
4191
4329
4462
4572
4645
4645
4597
4484
4334
4118
3919
3610
3195
2791
2405
1979
1603
1273
952
621
247
-82
-376
-720
-1089
-1431
-1769
-2067
-2417
-2769
-3081
-3391
-3712
-3953
-4173
-4409
-4630
-4817
-4910
-4985
-5042
-5002
-4942
-4876
-4749
-4558
-4317
-4052
-3789
-3477
-3143
-2841
-2496
-2187
-1908
-1647
-1414
-1149
-904
-681
-450
-212
10
285
583
871
1177
1451
1726
1951
2191
2441
2598
2732
2898
3035
3182
3336
3433
3520
3642
3778
3853
3912
3976
3978
3924
3898
3833
3705
3556
3425
3240
3014
2823
2593
2298
2011
1681
1321
986
637
284
-115
-488
-795
-1108
-1371
-1589
-1850
-2096
-2272
-2436
-2591
-2717
-2868
-3038
-3222
-3376
-3570
-3732
-3820
-3879
-3883
-3789
-3706
-3601
-3472
-3336
-3131
-2857
-2575
-2347
-2088
-1881
-1687
-1489
-1297
-1135
-1023
-903
-771
-654
-544
-385
-207
-53
137
384
628
917
1238
1519
1751
1991
2255
2462
2612
2744
2834
2906
2944
2989
3023
3068
3085
3094
3079
3091
3096
3052
3060
3029
2923
2854
2770
2611
2421
2190
1942
1684
1349
1026
735
419
151
-116
-394
-614
-800
-1000
-1135
-1252
-1343
-1399
-1473
-1594
-1730
-1824
-1955
-2053
-2142
-2252
-2321
-2387
-2426
-2455
-2451
-2438
-2373
-2270
-2178
-2015
-1880
-1773
-1646
-1577
-1471
-1366
-1296
-1205
-1161
-1165
-1113
-1060
-1002
-923
-857
-757
-605
-476
-291
-58
156
399
614
835
1057
1288
1462
1593
1714
1768
1812
1868
1924
1931
1942
1974
1984
1976
1985
2017
2013
2010
1966
1900
1754
1581
1407
1196
1034
840
640
467
265
52
-154
-295
-401
-515
-598
-698
-755
-831
-913
-956
-1034
-1092
-1127
-1200
-1205
-1190
-1133
-1098
-1077
-1069
-1059
-1019
-987
-942
-860
-785
-779
-766
-741
-754
-720
-639
-632
-645
-625
-600
-570
-571
-578
-529
-559
-553
-531
-513
-470
-451
-405
-378
-341
-250
-150
-44
108
256
426
582
724
861
945
988
1051
1100
1149
1189
1231
1218
1206
1235
1214
1266
1309
1361
1345
1341
1357
1288
1245
1193
1093
950
841
705
528
362
220
80
-78
-159
-238
-314
-390
-402
-416
-391
-316
-263
-247
-244
-240
-278
-293
-356
-360
-395
-440
-464
-454
-434
-428
-376
-334
-283
-231
-151
-143
-134
-141
-187
-265
-343
-425
-524
-581
-680
-790
-896
-966
-1009
-1004
-1011
-1023
-982
-939
-835
-760
-771
-735
-690
-685
-684
-688
-656
-592
-516
-448
-337
-225
-135
3
103
226
388
532
660
746
793
877
930
958
990
949
898
843
830
809
780
749
712
677
659
705
761
857
896
875
838
790
735
633
570
483
415
353
248
172
125
54
39
45
81
143
175
192
193
209
196
178
137
65
-55
-167
-316
-493
-642
-803
-914
-1057
-1128
-1219
-1303
-1329
-1333
-1317
-1326
-1291
-1295
-1300
-1254
-1216
-1174
-1160
-1127
-1131
-1175
-1155
-1094
-1031
-915
-825
-734
-601
-456
-312
-150
60
244
413
599
697
781
918
955
982
1030
1083
1126
1194
1199
1203
1240
1291
1357
1396
1485
1561
1600
1603
1623
1606
1598
1611
1568
1496
1408
1350
1274
1200
1147
1037
934
851
787
704
675
656
587
504
408
328
222
73
-89
-251
-457
-647
-880
-1056
-1235
-1382
-1545
-1696
-1782
-1857
-1914
-1965
-1968
-1987
-1955
-1947
-1899
-1871
-1857
-1848
-1838
-1820
-1776
-1735
-1671
-1581
-1488
-1384
-1291
-1143
-988
-830
-673
-574
-416
-281
-144
9
121
245
358
464
548
673
813
960
1059
1189
1312
1418
1524
1603
1665
1732
1843
1910
1950
1994
2023
2017
2007
2019
2020
1963
1949
1938
1862
1780
1712
1603
1447
1265
1072
906
709
504
271
66
-144
-323
-562
-756
-934
-1128
-1288
-1471
-1562
-1685
-1825
-1905
-1975
-2059
-2131
-2167
-2177
-2181
-2159
-2132
-2093
-2016
-1921
-1776
-1649
-1555
-1466
-1397
-1349
-1303
-1226
-1122
-1043
-966
-842
-729
-586
-503
-425
-286
-168
-40
96
269
421
538
663
796
882
985
1131
1258
1365
1485
1634
1780
1873
1955
2044
2119
2207
2256
2324
2352
2366
2357
2324
2289
2240
2199
2127
2039
1896
1764
1655
1498
1301
1062
844
584
307
43
-194
-404
-593
-788
-975
-1118
-1265
-1342
-1429
-1512
-1561
-1580
-1576
-1596
-1620
-1578
-1565
-1596
-1610
-1586
-1573
-1567
-1560
-1600
-1582
-1544
-1515
-1474
-1443
-1393
-1359
-1331
-1275
-1207
-1117
-997
-926
-860
-787
-716
-613
-534
-457
-325
-248
-174
-25
128
253
383
610
789
975
1148
1325
1515
1705
1822
1946
2086
2164
2237
2261
2212
2159
2100
2026
1916
1791
1688
1577
1464
1309
1189
1057
863
678
512
323
145
-84
-296
-497
-717
-922
-1089
-1232
-1363
-1404
-1399
-1391
-1372
-1382
-1347
-1262
-1214
-1149
-1075
-1047
-1053
-1055
-1071
-1105
-1154
-1188
-1235
-1268
-1270
-1262
-1225
-1199
-1144
-1128
-1047
-934
-858
-797
-743
-691
-652
-610
-571
-528
-494
-454
-376
-324
-206
-40
103
247
441
633
840
1063
1257
1474
1689
1854
1978
2100
2213
2262
2260
2266
2218
2090
2007
1917
1774
1658
1535
1385
1267
1172
1060
967
881
749
598
460
336
207
44
-99
-243
-381
-509
-638
-782
-902
-931
-966
-988
-952
-930
-885
-849
-796
-722
-626
-607
-627
-665
-703
-745
-806
-877
-928
-1010
-1068
-1045
-1053
-1052
-989
-904
-829
-753
-682
-602
-500
-397
-352
-305
-284
-245
-214
-189
-158
-102
-37
20
68
190
323
448
603
715
822
900
1004
1096
1139
1111
1085
1006
908
816
724
665
549
448
379
293
230
190
79
47
52
41
9
-14
-33
-69
-95
-129
-163
-191
-221
-254
-284
-335
-377
-407
-400
-441
-490
-472
-439
-443
-444
-439
-456
-476
-512
-515
-546
-547
-570
-642
-669
-729
-771
-815
-825
-836
-779
-697
-602
-547
-497
-376
-264
-182
-94
-4
117
180
258
337
367
439
499
557
603
665
738
784
797
803
800
834
866
872
826
774
737
667
602
546
484
413
325
297
270
237
219
184
198
186
205
213
215
231
251
273
293
276
248
248
202
155
135
77
51
31
-8
-25
-60
-112
-157
-194
-244
-318
-348
-368
-416
-455
-511
-540
-571
-602
-644
-668
-670
-658
-630
-581
-530
-461
-400
-302
-175
-90
23
80
178
220
265
351
393
418
437
449
473
517
538
504
480
428
380
331
300
294
226
139
45
-59
-125
-186
-253
-307
-375
-420
-407
-402
-357
-306
-237
-180
-145
-113
-95
-101
-105
-76
-99
-119
-146
-167
-218
-227
-200
-159
-147
-137
-145
-133
-137
-127
-89
-78
-73
-111
-163
-253
-346
-412
-491
-545
-593
-625
-613
-555
-506
-445
-320
-208
-78
36
136
244
340
402
467
485
499
561
571
574
585
581
590
606
590
571
572
561
550
543
501
462
362
295
194
94
3
-57
-124
-222
-213
-235
-218
-207
-207
-186
-146
-85
-55
-67
-61
-16
16
37
48
21
12
7
-48
-91
-113
-159
-183
-228
-271
-286
-280
-266
-272
-299
-279
-220
-202
-186
-191
-200
-237
-261
-290
-318
-276
-265
-264
-224
-123
-53
51
145
256
366
465
586
664
723
749
736
750
746
716
717
691
664
559
479
384
272
206
117
42
-26
-81
-99
-139
-164
-218
-260
-277
-287
-271
-272
-257
-265
-289
-286
-250
-261
-224
-169
-126
-88
-74
-74
-45
10
10
27
-27
-46
-47
-75
-96
-115
-164
-181
-208
-285
-337
-383
-395
-397
-415
-454
-457
-438
-416
-391
-338
-307
-259
-237
-217
-194
-108
-35
33
79
136
206
268
315
374
457
542
593
564
561
546
526
476
421
339
299
216
111
9
-102
-174
-224
-278
-357
-393
-427
-425
-443
-439
-429
-395
-315
-272
-198
-174
-128
-71
-52
-29
16
56
99
92
103
115
119
107
115
116
98
78
20
28
-13
-79
-82
-97
-167
-202
-235
-262
-323
-357
-379
-362
-335
-326
-305
-279
-198
-129
-70
6
78
179
285
383
463
537
632
664
711
740
781
876
902
914
873
851
871
845
811
739
674
584
489
373
260
169
59
-34
-147
-261
-316
-372
-401
-449
-477
-459
-424
-414
-384
-317
-279
-248
-203
-184
-181
-161
-162
-164
-196
-183
-191
-256
-300
-331
-330
-291
-272
-286
-281
-278
-278
-302
-348
-382
-408
-469
-498
-516
-567
-594
-592
-595
-610
-594
-513
-410
-328
-238
-125
2
117
232
316
406
504
586
652
708
742
764
761
758
782
760
757
708
661
645
572
519
482
385
303
258
189
104
35
-33
-75
-131
-191
-237
-286
-289
-278
-296
-307
-264
-210
-157
-108
-100
-69
5
19
-3
-18
-49
-60
-114
-138
-186
-269
-288
-351
-375
-412
-475
-496
-555
-582
-580
-600
-637
-670
-674
-687
-677
-668
-644
-648
-634
-524
-486
-450
-361
-331
-238
-133
-46
41
135
232
328
430
512
600
698
757
770
805
836
860
836
793
774
751
730
663
620
582
539
516
511
494
424
392
378
314
269
256
239
246
224
221
235
215
199
209
183
190
221
173
158
147
143
150
127
94
70
35
1
-53
-150
-211
-260
-341
-413
-505
-605
-668
-722
-766
-850
-892
-852
-853
-846
-829
-812
-777
-753
-715
-657
-618
-567
-492
-407
-339
-264
-188
-135
-65
7
93
165
195
238
301
362
423
478
516
538
573
577
534
534
523
481
462
454
402
353
351
368
349
352
358
366
357
350
350
346
357
365
333
301
254
222
200
154
116
62
14
-3
-66
-115
-137
-205
-254
-321
-362
-413
-465
-531
-561
-589
-627
-632
-676
-718
-718
-714
-695
-716
-733
-679
-654
-603
-549
-487
-424
-313
-242
-201
-152
-115
-52
-39
-43
33
65
74
89
109
128
139
170
182
228
263
292
290
290
300
319
333
324
372
387
405
414
424
391
397
430
447
466
459
465
514
546
580
557
557
587
592
613
547
499
455
394
302
245
176
89
25
-18
-75
-124
-156
-207
-243
-272
-317
-360
-399
-404
-408
-423
-431
-454
-467
-468
-468
-467
-453
-434
-379
-308
-243
-210
-166
-111
-48
-11
0
26
48
71
57
37
6
-47
-63
-66
-114
-157
-184
-163
-153
-179
-162
-155
-120
-80
-40
-31
-23
26
47
46
51
68
58
83
124
150
200
236
274
304
347
409
393
419
471
489
506
496
467
432
397
341
252
158
42
-12
-78
-145
-202
-269
-320
-356
-379
-401
-407
-395
-366
-340
-335
-376
-355
-353
-347
-317
-305
-298
-263
-219
-201
-162
-113
-89
-32
33
78
75
67
80
44
37
28
-17
-49
-62
-79
-100
-161
-174
-167
-187
-163
-136
-161
-148
-85
-68
-17
-11
7
28
16
33
26
45
78
129
150
129
168
185
198
264
283
307
320
339
352
332
332
301
282
262
220
190
129
66
45
1
-43
-60
-47
-62
-76
-63
-46
-77
-83
-29
-27
-13
-8
-8
6
24
35
58
68
81
74
76
67
90
80
76
108
81
68
35
69
53
21
17
-4
-46
-56
-55
-68
-50
-98
-77
-66
-49
-39
-74
-58
-71
-84
-77
-57
-30
-10
-10
-2
-17
-8
5
6
2
17
26
-1
9
34
13
6
14
6
26
50
41
39
10
7
44
52
8
12
-1
-17
-20
-44
-63
-56
-49
-29
-10
-41
-52
-42
-12
-31
-25
-27
-50
-26
-16
-38
-61
-105
-108
-109
-114
-86
-96
-123
-138
-140
-167
-179
-156
-167
-178
-134
-118
-151
-136
-117
-91
-54
-70
-58
-13
-21
-34
-26
-23
2
8
-9
-12
-16
-2
-3
25
44
34
60
71
98
79
72
39
4
-4
-21
5
-1
-4
3
21
19
6
39
41
42
55
82
96
144
176
191
209
189
165
179
174
178
161
126
113
88
110
127
132
125
127
128
105
83
64
31
14
18
-34
-47
-69
-72
-88
-146
-168
-124
-118
-70
-52
-47
-26
-13
0
30
54
82
90
103
115
70
39
19
12
-14
-1
17
5
4
-13
-18
-44
-48
-33
-67
-76
-109
-110
-147
-128
-121
-121
-132
-176
-166
-159
-123
-133
-122
-124
-87
-26
9
76
99
116
169
211
224
227
231
212
197
189
174
190
191
194
161
176
181
164
149
152
142
127
110
49
-2
-48
-79
-96
-144
-181
-180
-211
-249
-274
-255
-217
-208
-199
-206
-177
-164
-141
-95
-131
-152
-132
-120
-119
-140
-156
-138
-118
-108
-105
-84
-43
-48
-52
-49
-19
-13
-24
-60
-103
-100
-122
-133
-146
-133
-134
-120
-120
-130
-105
-70
-64
-36
5
25
68
78
73
58
96
112
129
111
77
68
91
65
64
69
85
113
141
138
137
160
167
210
178
179
183
148
146
123
96
108
100
71
42
56
100
121
165
177
178
186
205
198
176
181
140
152
153
140
127
109
71
22
-10
-12
17
8
-23
-59
-54
-82
-96
-100
-125
-157
-131
-141
-167
-145
-143
-149
-180
-212
-198
-169
-143
-166
-161
-156
-144
-120
-107
-60
-47
9
60
84
80
81
71
57
51
20
43
42
43
40
55
93
114
133
108
129
141
131
92
79
62
65
68
61
43
33
41
36
-8
-27
-8
-19
1
-19
-60
-63
-58
-82
-86
-112
-104
-71
-70
-96
-124
-158
-171
-183
-220
-220
-203
-185
-207
-227
-235
-248
-248
-266
-228
-228
-196
-205
-201
-158
-152
-137
-94
-79
-83
-51
-13
41
55
39
57
71
96
100
132
157
142
158
156
164
187
187
171
123
120
173
184
180
149
146
162
163
165
154
142
121
111
91
50
71
104
113
101
87
108
118
130
107
125
137
139
116
79
56
29
30
23
-2
3
-3
4
1
-26
-34
-59
-74
-74
-70
-88
-92
-116
-134
-173
-187
-201
-195
-188
-201
-187
-158
-112
-102
-101
-61
-15
7
-1
16
11
61
84
89
64
62
84
92
93
95
101
96
98
93
114
104
111
111
69
97
85
96
93
58
33
7
12
22
-7
-11
24
1
-24
-9
-1
9
3
-21
-40
-31
-5
10
4
-16
-11
7
28
25
25
52
73
65
38
37
13
13
47
-2
-20
-3
-16
-44
-37
-73
-91
-68
-82
-100
-113
-111
-106
-138
-160
-154
-176
-162
-150
-152
-133
-134
-146
-161
-189
-191
-178
-178
-177
-156
-151
-118
-100
-103
-101
-89
-50
-40
-36
-46
-48
-35
-17
-34
-51
-15
-34
-12
0
-16
-4
-28
-22
-34
-29
-12
28
33
10
21
26
10
-7
-3
17
34
36
58
99
144
153
185
175
202
247
277
277
260
251
234
284
260
226
220
243
215
176
173
141
146
117
109
89
78
56
5
-25
-45
-61
-70
-106
-135
-129
-97
-78
-69
-65
-50
-24
-25
-6
-17
-15
-17
-49
-40
-43
-29
5
-5
-24
-48
-45
-57
-79
-93
-116
-142
-120
-107
-88
-93
-80
-45
-30
-9
-3
19
13
30
38
20
43
53
67
74
90
104
116
120
129
154
198
218
222
236
246
244
234
225
198
200
176
169
134
103
109
69
68
42
34
34
24
-20
-51
-93
-124
-133
-143
-164
-221
-244
-245
-268
-307
-316
-322
-334
-337
-310
-304
-330
-313
-317
-323
-319
-294
-306
-316
-299
-303
-302
-306
-288
-252
-242
-201
-165
-150
-111
-59
-30
-19
-6
24
56
72
90
70
83
109
146
159
179
198
205
241
248
250
261
281
278
277
273
293
309
290
270
249
235
223
237
206
193
172
158
176
165
139
148
115
98
96
66
34
-7
-41
-53
-59
-52
-48
-106
-132
-139
-150
-133
-132
-150
-172
-201
-179
-211
-228
-211
-194
-194
-195
-191
-188
-176
-185
-184
-190
-171
-149
-142
-144
-135
-137
-94
-83
-41
-19
-7
22
33
52
88
99
123
154
168
180
180
184
196
210
214
232
262
254
289
326
340
331
354
361
350
346
352
370
341
346
342
317
318
286
242
230
241
234
207
208
176
160
146
79
85
57
20
3
-72
-119
-147
-193
-237
-266
-300
-347
-389
-415
-432
-440
-476
-475
-484
-491
-490
-497
-528
-538
-562
-587
-565
-564
-537
-534
-508
-476
-430
-356
-326
-294
-247
-216
-167
-109
-72
-44
1
16
28
61
81
119
122
115
132
170
188
200
214
216
247
243
265
287
292
313
310
306
308
302
287
300
282
282
288
291
272
267
261
259
256
270
312
260
284
294
266
229
214
216
179
144
115
103
71
35
17
-16
-50
-81
-89
-109
-151
-191
-239
-263
-263
-259
-297
-307
-330
-324
-324
-301
-292
-283
-280
-285
-266
-224
-222
-188
-154
-139
-125
-132
-69
-45
-44
-65
-56
-25
-5
26
47
54
73
117
123
145
134
142
150
162
166
175
194
197
192
216
194
208
232
218
238
258
279
268
282
278
280
288
326
351
313
310
310
290
288
279
258
226
213
171
127
95
23
-7
-50
-119
-144
-166
-202
-211
-239
-254
-268
-293
-312
-340
-355
-360
-382
-422
-451
-459
-469
-457
-460
-461
-445
-428
-412
-407
-385
-389
-315
-277
-247
-225
-197
-173
-164
-160
-148
-115
-111
-79
-93
-89
-80
-43
-13
9
25
64
110
117
135
146
189
237
236
271
288
297
295
293
294
282
273
278
280
249
268
284
281
278
254
253
279
255
194
183
130
92
65
37
26
0
11
23
-20
-60
-24
-35
-44
-53
-51
-66
-78
-77
-106
-100
-108
-100
-116
-87
-99
-124
-115
-108
-109
-122
-95
-92
-105
-96
-107
-102
-71
-38
-46
-48
-67
-58
-17
-32
-19
-8
-29
-34
-12
7
41
50
67
82
107
109
112
125
114
147
188
189
199
206
216
239
259
237
288
258
242
219
200
219
219
206
192
198
165
184
166
156
96
79
69
53
29
17
7
-18
3
-24
-25
-61
-73
-130
-144
-165
-193
-227
-226
-202
-232
-207
-208
-214
-212
-216
-216
-220
-230
-255
-240
-220
-260
-286
-268
-281
-296
-300
-313
-338
-299
-274
-279
-297
-298
-254
-264
-252
-249
-248
-203
-152
-145
-130
-93
-76
-43
-36
-23
25
76
104
127
130
165
182
191
211
225
285
290
307
288
277
299
306
288
248
251
246
232
219
237
210
211
212
188
177
171
155
152
119
128
134
96
98
49
-1
4
12
13
-22
-25
-51
-89
-104
-121
-138
-139
-158
-162
-166
-187
-151
-144
-166
-174
-191
-179
-166
-185
-181
-155
-156
-138
-135
-144
-143
-112
-105
-65
-41
-23
7
8
13
29
73
110
117
142
149
158
181
169
134
138
159
168
173
141
181
199
197
169
150
163
135
147
138
102
94
81
86
83
70
81
76
61
58
70
67
85
80
76
89
108
151
144
144
144
136
114
112
87
61
63
23
26
13
14
0
-12
-43
-56
-70
-94
-81
-109
-127
-144
-165
-169
-221
-243
-234
-239
-245
-275
-276
-284
-281
-286
-288
-287
-277
-242
-226
-209
-221
-205
-181
-194
-179
-154
-160
-144
-139
-114
-91
-99
-77
-92
-73
-38
-25
0
23
57
59
71
96
70
73
70
80
64
59
81
105
94
84
57
67
87
91
106
80
97
77
89
92
76
75
81
76
81
61
49
77
57
35
22
20
35
20
0
-10
-3
-1
5
12
-6
15
20
27
30
18
14
42
38
22
2
14
17
5
10
0
7
-6
-30
-28
-25
-23
-22
-19
-38
-19
6
2
38
45
25
72
78
58
72
66
68
65
60
65
70
46
43
38
39
105
123
96
121
140
135
134
150
156
166
179
171
151
139
135
145
105
98
88
89
94
96
87
51
32
63
49
41
38
13
37
31
29
1
-21
-23
-59
-64
-71
-69
-71
-99
-129
-131
-124
-144
-143
-144
-157
-140
-155
-154
-145
-151
-158
-182
-191
-213
-201
-203
-232
-216
-223
-225
-211
-218
-189
-204
-180
-142
-153
-145
-142
-148
-136
-116
-123
-81
-85
-53
-57
-74
-49
-41
-33
6
41
28
47
63
61
58
90
109
97
100
110
111
127
123
112
124
136
134
131
104
92
97
104
125
106
77
80
78
65
72
90
106
99
112
72
52
77
31
22
19
8
27
15
-2
-13
-34
-34
-50
-51
-46
-55
-51
-92
-123
-123
-135
-127
-130
-133
-138
-115
-136
-141
-127
-108
-89
-73
-70
-55
-14
-1
20
30
39
31
58
45
55
54
55
78
78
96
116
124
133
170
174
181
198
172
177
193
188
172
173
181
177
159
161
133
137
146
126
159
164
130
154
160
156
177
162
157
157
156
136
125
116
101
72
71
61
40
21
16
-14
-8
-41
-77
-86
-103
-147
-177
-190
-218
-241
-261
-265
-276
-255
-273
-276
-296
-303
-281
-279
-278
-283
-287
-270
-225
-225
-213
-195
-187
-175
-166
-151
-144
-142
-127
-101
-88
-75
-37
-39
-59
-43
-7
2
9
18
-23
20
22
15
21
0
28
46
60
89
112
99
112
91
108
117
138
152
142
134
133
163
140
181
138
109
120
113
128
124
153
125
124
141
125
116
73
44
35
-1
-32
-39
-39
-99
-117
-132
-119
-117
-121
-124
-118
-101
-117
-107
-124
-117
-122
-125
-125
-115
-105
-106
-93
-105
-103
-92
-87
-73
-46
-35
-16
18
25
48
38
48
67
67
78
81
85
95
104
115
133
142
132
143
158
172
175
174
173
193
207
207
209
196
196
200
200
201
187
195
179
192
186
182
185
172
170
153
132
121
131
137
130
103
101
61
38
30
-7
-1
-37
-51
-53
-70
-97
-98
-106
-142
-137
-199
-213
-221
-225
-230
-239
-243
-273
-272
-263
-270
-265
-270
-283
-295
-254
-259
-252
-240
-256
-245
-232
-217
-201
-207
-187
-166
-184
-149
-116
-105
-107
-104
-78
-71
-44
9
14
16
42
53
69
99
93
70
94
102
123
116
123
111
103
154
162
180
190
164
152
160
149
149
145
132
139
144
156
138
120
131
103
92
52
18
15
-26
-47
-74
-98
-86
-94
-118
-115
-124
-136
-156
-155
-164
-162
-163
-176
-150
-155
-125
-121
-120
-109
-126
-96
-79
-69
-66
-19
12
-2
17
32
52
85
100
108
120
129
137
137
138
118
126
150
141
137
125
137
127
134
159
158
149
173
186
198
185
182
187
178
183
161
166
173
175
145
146
139
156
163
165
192
184
171
172
151
128
163
145
111
113
87
80
70
31
19
-4
-30
-37
-76
-118
-136
-137
-131
-138
-173
-189
-195
-213
-231
-244
-247
-275
-300
-329
-342
-324
-325
-334
-336
-327
-320
-290
-294
-268
-247
-233
-214
-195
-157
-155
-121
-122
-115
-127
-113
-79
-80
-44
-17
7
12
35
26
30
69
79
99
109
93
126
140
150
143
123
143
171
183
168
170
146
128
130
132
133
143
136
126
116
88
117
101
86
74
74
61
47
36
-6
-11
-18
-23
-14
-30
-48
-55
-79
-118
-101
-97
-82
-85
-108
-134
-121
-115
-132
-129
-149
-138
-149
-119
-104
-119
-127
-130
-138
-118
-81
-57
-42
-37
-30
-24
17
27
37
37
62
65
73
81
86
81
75
92
101
133
137
148
139
113
124
174
168
169
167
158
174
157
133
121
128
133
157
161
162
168
167
159
145
130
127
137
148
142
131
113
103
90
49
47
50
37
38
19
7
-12
-3
-39
-50
-54
-47
-43
-63
-49
-71
-78
-97
-114
-132
-118
-113
-137
-149
-165
-167
-155
-139
-159
-168
-147
-139
-131
-128
-121
-121
-96
-68
-66
-85
-78
-77
-87
-84
-75
-68
-58
-54
-51
-42
-52
-35
-31
-24
-16
-36
-7
8
-18
-4
2
-1
12
-6
10
6
11
20
27
25
32
53
13
5
24
36
34
16
21
39
33
48
21
57
55
32
58
32
-10
-6
6
-11
-8
-30
-56
-46
-47
-82
-90
-94
-97
-112
-97
-78
-75
-83
-91
-106
-85
-66
-72
-71
-60
-54
-60
-80
-47
-18
-33
-23
0
-5
2
18
23
27
12
18
48
73
66
72
80
73
79
57
66
109
82
114
111
114
133
119
130
119
116
105
106
94
88
90
93
82
63
72
64
80
72
64
56
50
48
51
57
50
59
56
60
69
81
89
81
67
76
79
86
86
64
65
55
50
50
46
40
29
39
19
24
28
7
-7
3
-1
-24
0
-20
-20
-17
-27
-38
-63
-78
-63
-76
-106
-85
-115
-129
-126
-118
-121
-115
-101
-100
-115
-135
-117
-129
-111
-118
-115
-115
-93
-104
-90
-96
-80
-63
-75
-41
-50
-63
-69
-53
-56
-37
-18
15
24
24
39
38
28
54
54
52
50
35
41
11
0
-25
-19
-20
-10
20
-5
5
23
18
26
25
21
15
44
55
66
36
26
35
25
9
-1
1
1
-31
-45
-44
-32
-30
-44
-52
-71
-53
-76
-96
-104
-97
-104
-94
-98
-65
-54
-84
-84
-79
-46
-22
-12
-22
-48
-37
-40
-56
-28
-34
-3
24
36
48
42
47
32
41
38
41
69
96
91
81
76
67
79
75
68
79
69
65
75
70
70
92
84
84
79
92
108
86
97
98
89
93
108
111
120
132
102
103
104
89
106
88
86
75
54
82
75
60
46
24
18
-2
-1
-25
-34
-49
-24
-33
-45
-32
-47
-54
-90
-95
-69
-48
-41
-39
-46
-101
-102
-87
-105
-88
-75
-84
-75
-73
-57
-70
-66
-57
-70
-84
-65
-77
-79
-62
-75
-55
-63
-62
-49
-40
-62
-56
-70
-55
-59
-42
-35
-17
-16
13
20
18
37
59
70
77
96
66
67
63
68
81
80
57
56
44
35
37
28
30
24
-11
-9
-7
-43
-35
-34
-32
-38
-65
-60
-70
-85
-98
-113
-79
-78
-64
-60
-42
-47
-76
-66
-51
-25
-26
-35
-29
-20
1
-8
-16
13
-10
6
17
17
43
51
53
48
38
39
36
22
37
29
11
15
28
6
-5
7
6
14
25
54
55
47
72
57
41
51
48
32
42
41
55
39
44
45
39
60
45
62
69
66
75
78
67
57
63
61
62
50
58
66
55
51
25
6
5
10
-11
-1
-8
15
25
21
22
1
1
-4
-6
-21
-16
-17
-6
-36
-33
-26
-9
8
-21
-37
-30
-26
-34
-43
-33
-45
-68
-72
-56
-47
-41
-26
-29
-15
-23
-9
-2
-27
-28
-32
-17
-28
-28
-20
-37
-25
-30
-41
-42
-28
-24
-20
-9
-3
-7
-11
-4
-6
-17
-7
-12
-20
-16
-17
-19
-13
-14
-22
-37
-29
-30
-47
-58
-44
-68
-81
-62
-40
-53
-60
-54
-71
-66
-56
-65
-84
-80
-87
-85
-66
-69
-73
-73
-45
-36
-18
-25
-11
-14
-17
12
17
12
0
12
14
30
26
35
18
35
28
9
21
8
12
24
31
58
70
58
65
55
56
73
85
79
66
74
66
73
78
83
79
71
79
91
80
90
92
89
80
78
93
92
83
97
104
102
101
99
92
67
69
72
68
70
78
82
83
74
62
40
28
26
27
11
17
21
-3
0
-4
-11
3
-5
-13
-30
-26
-20
-40
-47
-45
-45
-58
-68
-73
-79
-77
-82
-87
-73
-76
-78
-68
-90
-87
-83
-100
-98
-104
-90
-93
-83
-66
-80
-79
-63
-67
-68
-40
-33
-45
-54
-50
-52
-48
-33
-33
-29
-40
-24
-22
-27
-25
-28
-19
-23
-14
-8
-3
-1
26
2
6
28
37
52
41
46
44
43
46
32
29
23
20
19
17
31
25
7
4
-9
3
14
7
2
9
8
-4
-6
-15
-17
-16
-9
-11
-12
-14
-25
-31
-34
-29
-29
-28
-13
-15
-21
-30
-34
-34
-31
-17
-26
-37
-13
-27
-28
-33
-36
-35
-32
-15
-23
-21
-20
-14
-14
-15
-7
7
11
17
23
18
23
24
24
36
38
51
55
67
71
69
69
83
90
89
105
105
99
97
96
100
86
91
90
90
82
80
61
31
29
14
18
9
12
9
0
4
1
-9
-8
-10
-17
-11
-19
-27
-31
-28
-43
-34
-18
-27
-27
-32
-33
-39
-43
-16
-1
-4
-2
-11
-6
1
14
9
3
-12
-14
-1
1
3
1
-6
-4
-7
5
9
9
6
-2
1
-1
15
22
21
14
22
20
16
43
31
25
26
17
16
11
4
-19
-12
-18
-25
-19
-27
-23
-15
-16
-23
-27
-12
-26
-27
-19
-37
-36
-39
-50
-51
-61
-56
-54
-56
-61
-54
-37
-43
-41
-40
-33
-35
-37
-43
-56
-58
-60
-59
-66
-58
-45
-45
-47
-37
-38
-24
-32
-40
-46
-44
-34
-50
-39
-45
-35
-29
-30
-21
-24
-18
-20
-17
-21
-17
5
12
10
9
13
9
21
37
44
28
29
48
33
34
31
30
34
51
52
59
54
57
55
53
51
52
54
58
57
56
56
46
56
49
36
40
45
41
54
39
47
42
43
37
35
38
47
46
31
46
43
41
45
36
39
41
35
23
17
13
17
8
28
21
16
24
7
8
6
1
8
2
-3
-10
-12
-5
-7
-11
-16
-8
-19
-21
-32
-31
-38
-35
-29
-33
-26
-16
-20
-23
-14
-9
-13
-14
-12
-21
-13
-19
-21
-28
-24
-25
-29
-22
-37
-25
-28
-24
-19
-25
-22
-17
-8
-12
-5
6
0
3
5
3
7
6
14
3
-3
-8
-7
-11
-10
-7
-9
-20
-27
-16
-20
-17
-14
-33
-33
-30
-34
-30
-32
-35
-24
-19
-12
-21
-22
-17
-27
-24
-29
-32
-38
-30
-14
-7
-12
-3
2
-11
-3
-4
-9
-10
-11
-21
-24
-33
-36
-29
-34
-38
-32
-25
-19
-21
-18
-14
-13
-8
-5
1
13
12
8
6
9
2
10
19
17
33
28
37
35
40
64
77
68
68
68
66
64
64
65
47
64
57
55
58
57
53
48
48
52
50
52
51
38
38
31
29
39
30
31
31
32
26
18
11
-7
7
-3
-6
-2
-7
-13
-19
-14
-15
-15
-15
-9
-6
-19
-28
-22
-28
-32
-39
-48
-49
-49
-43
-45
-48
-35
-35
-34
-33
-21
-20
-21
-16
-20
-13
-10
-3
-9
-5
-1
-2
-4
-15
-11
-13
-12
-12
-10
-12
-7
-6
-13
-16
-14
-6
-16
-16
-23
-15
-9
-12
-13
-10
-14
-15
-7
-11
-8
-17
-17
-18
-31
-27
-20
-25
-23
-18
-15
-12
-20
-14
-15
-10
-10
-10
6
0
3
11
9
5
7
13
20
8
7
20
10
16
19
12
13
10
8
9
8
5
13
6
11
5
-1
14
9
2
1
-7
2
4
10
11
15
7
4
11
1
4
6
13
9
1
4
0
-1
7
-4
7
2
9
10
8
4
-4
-11
-5
3
0
8
-10
-7
1
14
20
13
22
28
24
33
38
39
42
37
42
34
24
36
28
29
24
21
30
21
24
26
16
10
13
9
11
7
7
-4
-18
-16
-13
-16
-8
-6
-12
-14
-16
-15
-13
-2
-9
-12
-10
-13
-10
-11
-6
-7
-11
-15
-17
-23
-27
-12
-15
-20
-25
-23
-13
-12
-14
1
5
5
4
5
2
-2
3
-12
-14
-7
-3
-13
-8
-6
5
12
19
20
17
14
13
13
6
12
4
5
9
9
0
6
1
1
1
-7
-4
-14
-19
-16
-17
-20
-31
-36
-31
-34
-33
-35
-34
-38
-33
-44
-35
-27
-30
-40
-27
-29
-33
-26
-29
-23
-29
-31
-27
-28
-38
-39
-32
-28
-33
-38
-33
-32
-25
-30
-28
-19
-12
-8
-11
-8
-2
-6
10
11
5
8
7
15
12
6
20
17
22
36
35
40
42
48
44
43
48
48
45
46
50
48
49
55
56
44
49
51
44
43
49
54
50
53
46
43
46
43
48
42
34
38
34
32
34
27
26
29
28
28
23
26
18
24
17
0
9
6
-3
-14
-16
-24
-25
-21
-20
-16
-15
-18
-28
-29
-41
-43
-43
-36
-34
-31
-33
-33
-48
-46
-37
-39
-27
-36
-26
-26
-26
-21
-18
-14
-15
-11
-7
-10
-5
6
-3
6
-7
-6
-5
-3
6
5
-2
-6
-3
-6
-3
-10
-12
-4
-8
-6
-8
-7
-3
-10
0
-1
4
2
-4
-4
0
2
3
10
6
4
-3
-1
-1
-2
1
-2
-10
-10
-7
-9
-2
-11
-22
-13
-19
-21
-15
-12
-6
-12
-17
-11
-12
-27
-19
-24
-24
-32
-37
-37
-33
-24
-31
-23
-28
-27
-26
-24
-23
-24
-20
-24
-13
-12
-2
0
-5
9
9
17
20
22
18
24
25
26
33
34
31
30
35
42
39
41
45
32
31
27
35
38
33
34
33
26
30
29
33
31
29
26
28
29
26
24
19
17
19
14
8
9
9
11
3
2
4
7
9
3
4
0
1
-8
-4
0
-12
-8
-13
-10
-17
-10
-10
-21
-12
-18
-16
-13
-16
-20
-13
-13
-12
3
0
-7
1
-2
-6
-9
-15
-21
-22
-17
-15
-13
-2
7
16
18
21
17
22
19
14
16
18
18
24
23
20
19
17
19
20
12
9
10
1
1
-4
2
-2
1
4
-6
-2
-2
-5
-5
-15
-15
-18
-24
-19
-19
-31
-28
-36
-40
-30
-36
-41
-44
-54
-49
-48
-48
-43
-38
-36
-39
-34
-33
-35
-34
-29
-30
-24
-29
-34
-32
-38
-32
-32
-32
-18
-20
-20
-14
-11
-8
-2
7
19
18
18
26
27
24
25
28
30
32
27
34
39
43
47
53
55
55
52
47
51
45
42
41
42
32
26
22
20
14
14
19
8
10
9
14
18
20
22
17
23
22
17
17
8
8
2
-3
-1
-3
-2
-5
-5
-5
1
-2
-3
4
-6
-4
-9
-11
-15
-12
-9
-19
-14
-19
-25
-24
-17
-21
-24
-18
-18
-20
-18
-18
-14
-12
-9
-2
-4
-1
-5
-3
-13
-11
-9
-2
-3
5
4
2
9
4
11
9
12
11
6
8
10
11
17
10
16
11
7
8
3
3
-1
-5
-7
-2
-9
-12
-15
-14
-10
-20
-12
-10
-14
-8
-14
-12
-10
-11
-8
-4
2
0
-3
-5
-5
-11
1
9
7
2
5
6
3
0
1
4
-2
-5
3
5
-2
-5
0
-2
-3
-11
-20
-15
-16
-17
-15
-9
-4
-5
-6
-5
1
0
-2
-4
-11
-8
-7
0
-4
-7
-4
-8
-4
-4
-6
-3
-3
5
1
-2
3
2
1
5
13
5
12
15
17
12
11
18
12
15
15
11
9
19
18
10
11
15
23
17
13
8
8
8
6
8
9
7
18
12
12
9
4
1
-3
-2
3
4
2
0
-4
-2
-6
0
5
3
5
-5
-3
-6
-7
-8
0
0
-4
-1
-3
3
-4
1
-6
-2
1
2
0
-3
-1
0
1
0
6
9
11
9
7
9
4
6
12
13
16
13
17
16
14
14
14
16
11
11
4
3
1
0
-5
-7
-5
-17
-18
-15
-18
-17
-25
-33
-31
-30
-33
-37
-41
-42
-36
-41
-44
-40
-34
-34
-32
-30
-26
-30
-28
-24
-24
-14
-16
-7
-11
-21
-10
1
-7
1
4
5
6
2
2
3
5
2
8
5
12
16
18
17
12
10
13
13
10
6
6
8
11
10
12
9
10
15
12
16
11
13
14
18
17
20
23
24
17
24
24
21
27
27
29
30
29
31
21
20
13
6
7
10
10
9
8
6
1
1
7
3
-2
-7
-1
-13
-12
-11
-14
-11
-12
-4
-8
-12
-6
-13
-15
-12
-12
-9
-11
-6
-10
-14
-14
-10
-4
-1
4
3
6
-3
-11
-2
0
1
5
4
6
11
4
4
10
8
7
15
14
16
20
18
22
15
19
23
15
18
21
15
5
9
6
3
7
6
4
3
3
6
3
1
3
0
-3
-7
-10
-14
-19
-22
-21
-12
-11
-13
-10
-20
-17
-15
-17
-19
-14
-13
-12
-20
-16
-12
-16
-10
-14
-17
-10
-10
-17
-16
-16
-20
-15
-13
-23
-21
-22
-22
-22
-25
-23
-19
-24
-17
-9
-14
-17
-17
-17
-21
-20
-23
-19
-17
-18
-16
-12
-7
-5
-4
-5
1
-2
0
5
4
7
0
2
5
1
8
11
10
9
6
9
15
17
16
22
25
26
27
30
30
26
30
30
26
24
26
18
12
22
20
21
25
27
23
19
24
16
14
17
13
12
8
10
10
9
4
7
9
13
18
12
13
11
9
12
15
15
12
9
6
-2
-1
1
2
2
3
3
8
4
5
4
2
5
9
7
5
4
4
2
4
3
1
2
1
-2
-5
1
-3
-5
-1
-8
-3
-5
-7
1
0
-4
-5
-7
-15
-16
-15
-18
-22
-27
-21
-22
-21
-21
-23
-19
-24
-18
-17
-17
-13
-21
-20
-22
-23
-21
-30
-26
-26
-28
-18
-13
-13
-15
-15
-16
-15
-13
-11
-13
-17
-10
-5
-1
0
0
-2
-2
0
-1
3
3
1
2
3
8
5
5
7
5
8
11
11
13
10
8
7
4
3
5
8
11
6
10
13
13
13
11
8
4
7
4
8
11
13
9
9
4
2
4
1
-5
-11
-10
-8
-1
-1
-1
-1
-3
-2
5
8
1
-2
-2
-1
-2
-3
-3
-2
-5
-5
1
-2
-1
4
3
2
5
11
10
8
8
9
8
9
8
7
10
8
8
9
9
4
6
7
7
6
4
3
2
1
0
3
7
7
0
-4
-10
-2
0
1
6
6
7
3
8
14
12
8
13
10
5
10
8
9
11
12
17
21
20
19
15
13
15
15
9
5
2
3
0
-2
1
-3
-2
-1
-3
-1
-4
-5
-8
-12
-12
-12
-16
-17
-17
-19
-15
-12
-6
-9
-5
-6
-5
-7
-8
-8
-14
-11
-13
-13
-16
-19
-19
-17
-13
-7
-6
-9
-8
-7
-11
-12
-5
-6
-10
-5
-5
-8
-5
-6
-13
-21
-19
-13
-15
-10
-19
-22
-20
-16
-13
-14
-9
-9
-14
-15
-11
-6
-10
-14
-13
-14
-12
-10
-13
-16
-14
-7
-5
3
3
-3
0
2
8
11
6
7
8
10
11
20
17
13
16
15
16
22
24
25
24
23
24
28
27
24
25
18
20
17
20
18
14
17
8
12
14
14
9
8
9
10
16
13
14
11
8
11
8
11
6
7
-1
-4
-6
-5
-2
-4
2
-4
4
3
7
6
4
3
-2
-5
-4
-1
-1
4
4
3
3
6
10
7
7
9
12
14
17
14
10
8
5
6
2
8
2
1
4
-1
0
-1
-2
-1
4
4
-3
-4
0
-5
-12
-12
-10
-15
-19
-18
-20
-25
-24
-23
-23
-17
-16
-17
-23
-25
-25
-24
-22
-26
-24
-19
-18
-14
-19
-15
-14
-16
-11
-12
-10
-14
-14
-14
-16
-13
-10
-14
-12
-13
-12
-6
-4
4
3
-1
-5
-4
-2
-1
4
-5
-4
0
-4
-2
-5
-2
-5
-8
-7
-7
-4
-1
-8
-7
-4
-2
-1
4
5
4
6
7
6
7
4
1
1
-4
2
3
6
6
8
14
10
12
14
18
11
15
21
23
22
23
25
25
25
27
26
27
23
21
20
18
17
14
14
22
18
16
17
16
14
4
9
5
5
5
0
0
-5
-4
1
0
-1
-4
-5
-6
1
2
5
10
4
3
4
3
3
3
7
6
7
11
12
14
13
16
13
10
15
20
14
12
15
11
11
7
4
9
6
0
-3
-3
-5
-6
0
-4
-5
-7
-9
-11
-12
-9
-13
-21
-16
-15
-18
-16
-19
-23
-23
-25
-25
-23
-26
-30
-31
-30
-30
-26
-26
-28
-25
-24
-20
-19
-20
-23
-21
-23
-21
-18
-19
-22
-28
-25
-15
-15
-15
-14
-13
-13
-6
-6
-3
-4
-5
-8
-3
2
1
1
2
5
2
3
4
4
-2
0
1
5
6
3
3
-2
-2
1
8
7
6
7
7
9
11
11
8
11
11
17
12
11
12
20
18
19
19
22
25
24
21
18
21
23
24
20
18
17
17
19
18
15
20
14
10
10
8
5
1
6
2
0
1
-3
-2
0
-3
-6
-2
-1
1
3
0
-2
-2
-3
-1
-2
-3
0
-2
-6
-3
-3
-3
-2
3
4
4
8
5
5
5
7
5
7
3
9
8
9
7
3
4
3
8
10
10
7
14
14
12
11
9
12
13
11
9
10
8
7
2
3
0
1
0
-4
2
2
-1
-1
0
-4
0
-7
-3
-1
-9
-8
-9
-15
-17
-15
-20
-22
-22
-23
-24
-22
-20
-25
-22
-19
-18
-18
-19
-15
-18
-19
-14
-15
-18
-15
-14
-14
-17
-18
-14
-14
-14
-13
-14
-8
-7
-5
-2
-3
-9
-9
-12
-9
-9
-8
-7
-13
-13
-9
-1
-2
0
-5
-9
-7
-5
-5
-3
-4
-12
-12
-11
-14
-8
-3
