-20
-21
-19
-20
-17
-17
-10
-11
-9
-10
-8
-4
-3
-2
-1
0
-2
4
-1
3
2
1
3
4
2
8
6
4
4
4
8
7
10
3
3
1
5
8
8
12
8
10
10
8
5
5
5
4
6
8
8
8
5
3
4
5
13
12
11
13
13
11
9
11
12
11
12
11
15
13
12
16
13
14
14
8
9
10
5
3
8
8
10
6
5
6
3
3
4
0
0
2
1
4
2
0
2
6
5
6
8
6
6
5
9
9
7
6
5
4
3
4
5
4
4
1
0
2
3
3
1
-1
-1
-1
1
3
1
-1
-1
-2
-3
-3
-7
-8
-7
-8
-3
2
-1
-1
-2
-2
-1
-2
-3
1
-1
-5
-5
-6
-2
-4
1
0
0
-3
-4
1
-2
-6
-9
-8
-11
-9
-7
-10
-10
-7
-7
-8
-11
-10
-9
-13
-10
-7
-7
-6
-6
-7
-8
-8
-8
-9
-11
-13
-13
-16
-20
-16
-15
-14
-16
-12
-9
-11
-10
-8
-6
-6
-10
-9
-8
-11
-9
-2
0
-3
-9
-7
-5
-3
-2
-3
-2
-1
0
0
1
-2
0
-3
-2
-4
-1
4
1
2
-1
-4
-6
-3
2
-1
-1
1
1
2
0
4
6
5
9
9
7
5
9
9
11
13
19
19
11
21
20
21
23
23
24
26
25
24
21
23
23
20
19
22
22
18
18
21
19
16
18
15
10
9
10
10
12
10
10
9
8
10
11
8
6
8
6
6
7
2
2
-3
0
1
1
4
1
2
2
1
-2
-6
-5
-5
-9
-7
-6
-6
-6
-6
-6
-12
-11
-14
-14
-18
-17
-15
-15
-14
-17
-18
-22
-19
-20
-20
-20
-17
-20
-26
-21
-21
-18
-19
-20
-16
-19
-17
-17
-15
-13
-13
-11
-12
-6
-4
-9
-9
-6
-6
-4
-6
-1
-4
-4
-2
-1
2
3
4
-1
3
3
2
2
1
1
-1
0
1
0
-2
2
1
-4
-1
0
-2
-2
-1
2
1
-2
1
0
-8
-1
1
-4
-1
0
-2
-1
5
4
4
2
8
3
2
11
10
11
8
12
15
13
13
8
6
8
5
4
3
5
9
5
6
3
6
6
9
6
3
6
7
5
2
2
4
3
5
8
1
1
5
9
5
7
10
8
11
11
9
9
12
11
10
9
7
8
4
2
2
0
4
6
7
4
5
6
8
12
12
11
7
6
7
4
1
6
2
5
4
5
10
4
4
4
4
5
4
9
3
2
1
-2
-2
-2
-3
-5
-5
-8
-10
-11
-7
-12
-11
-8
-8
-12
-10
-10
-10
-5
-9
-12
-12
-13
-15
-16
-14
-12
-12
-16
-19
-15
-19
-19
-21
-19
-21
-19
-11
-13
-12
-12
-10
-9
-8
-10
-7
-6
-2
-1
-4
-2
-7
-8
-7
-8
-9
-5
-5
-8
-7
-7
-5
-1
-7
-6
-2
3
3
3
1
0
0
-3
-2
-3
0
-4
-8
-10
-7
-4
0
2
-1
-2
1
8
10
8
5
4
5
7
6
9
9
11
8
9
12
10
13
10
8
10
14
14
12
16
20
19
21
17
17
17
18
20
15
14
14
16
14
14
14
10
12
8
7
8
8
8
3
0
0
1
4
2
-1
-1
4
6
1
2
3
1
2
0
2
3
6
5
3
5
7
11
9
9
12
10
8
7
6
3
6
6
3
3
3
5
1
0
-2
-6
-4
-4
-5
-10
-7
-7
-9
-8
-4
-7
-9
-10
-10
-11
-11
-10
-8
-7
-8
-6
-7
-11
-13
-10
-8
-8
-9
-8
-13
-15
-18
-14
-16
-14
-12
-14
-13
-16
-14
-15
-18
-16
-18
-17
-16
-15
-15
-16
-17
-15
-15
-17
-14
-14
-11
-12
-14
-15
-17
-15
-17
-15
-14
-10
-10
-15
-13
-10
-5
-2
-2
-1
-2
-2
2
4
7
6
10
8
10
11
11
12
11
13
14
20
21
19
14
18
20
20
21
18
17
16
20
14
14
15
9
11
13
10
8
9
12
9
2
8
8
6
5
3
4
4
6
6
5
6
9
8
5
6
8
11
11
9
11
13
9
5
6
8
11
8
7
4
7
6
4
1
2
1
7
7
5
3
0
1
2
4
3
3
3
1
0
2
0
6
7
4
3
3
6
7
4
2
7
3
1
3
4
0
2
0
-2
0
-1
4
-3
-3
0
-6
-8
-15
-15
-16
-15
-11
-11
-14
-17
-15
-19
-17
-18
-14
-14
-13
-16
-21
-24
-18
-24
-24
-17
-20
-16
-20
-19
-22
-17
-16
-15
-14
-14
-13
-11
-8
-10
-12
-11
-9
-6
-5
-3
-2
-4
-4
-4
0
-1
1
3
2
3
3
2
7
6
4
5
7
5
2
0
-2
-2
-1
0
-3
-3
1
-3
-5
0
1
1
3
5
2
7
5
8
10
9
11
9
10
12
17
12
12
13
15
18
20
17
13
17
18
17
13
15
17
14
14
13
10
12
11
11
9
10
7
13
6
3
9
5
6
6
2
2
3
3
2
2
2
1
-2
-3
-1
-3
-2
-7
-6
-2
-4
-1
-4
0
2
4
8
1
-1
1
-1
3
5
2
6
4
1
4
4
5
6
3
6
4
0
4
0
0
3
5
6
5
6
0
-2
-4
-3
-5
-4
-4
-8
-11
-8
-7
-6
-8
-10
-11
-9
-9
-11
-12
-20
-15
-11
-9
-8
-11
-10
-10
-14
-11
-12
-11
-10
-10
-7
-9
-7
-6
-6
-12
-12
-8
-4
-3
-7
-9
-5
-5
-7
-4
-6
-8
-9
-6
-5
-9
-11
-10
-14
-15
-7
-8
-8
-5
-11
-14
-8
-5
-9
-9
-7
-4
-8
-3
-3
-3
3
4
1
2
6
4
1
0
-1
3
6
5
4
-3
-4
-3
3
3
4
5
3
3
2
1
1
5
2
3
6
8
7
2
3
6
8
8
11
11
11
14
18
18
18
20
24
23
24
26
21
25
25
25
26
22
23
22
23
21
25
22
22
20
15
19
25
23
20
20
18
20
16
16
15
12
11
10
10
11
11
4
2
3
-2
-2
1
-2
-5
-8
-7
-3
-8
-14
-9
-11
-12
-11
-13
-14
-15
-16
-17
-17
-21
-15
-13
-18
-22
-20
-20
-24
-23
-23
-25
-23
-23
-29
-23
-23
-25
-23
-20
-22
-21
-22
-24
-23
-25
-24
-22
-23
-22
-19
-19
-15
-16
-16
-13
-13
-12
-10
-14
-9
-6
-6
-6
-5
-3
-2
-3
-2
-2
-3
-6
-6
-4
-9
-2
3
5
1
2
-4
-3
0
-3
-2
0
-1
-3
5
0
4
4
1
6
3
5
5
5
8
10
9
11
6
5
10
11
13
13
14
15
16
16
13
19
20
16
14
16
19
20
19
25
23
19
25
26
20
20
25
23
18
20
22
21
17
18
17
13
12
16
16
13
12
10
12
13
10
12
13
11
6
4
7
9
8
1
3
0
0
6
-1
-2
3
3
7
5
1
1
0
1
1
0
3
1
1
-5
-6
-7
-12
-2
-9
-11
-7
-8
-5
-4
-4
-9
-8
-12
-13
-10
-13
-11
-16
-13
-13
-10
-13
-17
-19
-18
-15
-18
-18
-17
-16
-12
-12
-12
-10
-13
-12
-13
-17
-13
-16
-14
-16
-19
-18
-15
-16
-16
-12
-17
-19
-15
-12
-14
-16
-15
-14
-15
-18
-15
-12
-11
-13
-14
-8
-9
-10
-11
-8
-8
-1
-4
-6
-7
-8
-3
-4
-3
-5
-2
1
2
2
-1
4
2
-2
-1
1
8
7
7
9
8
7
2
2
4
1
3
4
5
3
5
8
6
8
8
13
17
17
12
11
20
16
23
15
13
18
17
18
14
17
17
17
18
21
19
21
26
23
24
25
25
25
22
24
22
20
20
19
12
15
18
11
15
13
9
13
10
10
7
11
12
4
4
7
10
7
6
2
3
0
2
1
-2
0
-1
-3
-2
-7
-8
-1
-3
-7
-12
-5
-2
-4
-9
-8
-11
-11
-7
-7
-9
-8
-9
-12
-11
-12
-10
-9
-11
-13
-13
-10
-10
-13
-13
-16
-13
-14
-14
-10
-13
-10
-7
-13
-14
-7
-10
-11
-9
-17
-17
-15
-11
-14
-18
-17
-17
-15
-14
-14
-13
-8
-11
-14
-13
-12
-8
-10
-14
-15
-14
-12
-8
-6
-9
-9
-6
-7
-8
-7
-6
-6
-6
-8
-6
-9
-7
-6
-7
-4
-5
-3
-6
-8
-6
-2
-2
-1
0
2
5
6
6
2
4
7
9
8
7
11
12
9
12
6
10
14
17
17
18
15
19
18
12
14
17
18
14
14
12
11
11
10
7
10
12
7
6
8
9
9
5
12
8
6
8
9
12
5
7
8
8
3
0
6
4
6
5
4
11
10
8
9
10
13
15
18
17
18
15
12
11
5
4
5
2
1
1
0
3
0
-2
0
5
7
6
9
7
7
6
4
-1
-4
-3
0
-6
-6
-3
-4
-1
1
1
3
10
10
13
7
9
8
6
4
-5
-2
1
-3
-4
-8
-9
-9
-10
-9
-9
-5
-4
-4
-8
-14
-12
-9
-17
-22
-22
-25
-29
-32
-33
-39
-34
-34
-32
-25
-29
-22
-19
-22
-29
-28
-26
-26
-26
-29
-30
-30
-31
-33
-30
-28
-28
-21
-19
-17
-13
-11
-5
-6
-2
0
-7
-6
-10
-14
-6
-10
-7
-4
-6
1
3
3
5
7
11
10
10
10
11
15
11
10
8
14
12
12
12
11
17
23
26
23
29
24
32
35
31
33
33
36
34
32
30
32
32
30
27
29
28
27
26
22
25
23
21
18
17
16
14
16
11
9
14
17
14
13
13
13
18
19
24
23
22
24
23
17
12
13
16
15
11
5
13
16
12
14
14
14
21
23
19
12
7
4
-3
-6
-10
-9
-12
-17
-24
-24
-24
-24
-27
-33
-32
-35
-38
-44
-40
-44
-46
-46
-54
-56
-52
-56
-59
-62
-64
-54
-47
-36
-35
-30
-22
-11
-2
-1
7
8
11
9
3
7
15
19
22
30
38
43
51
53
44
41
39
37
30
23
20
10
1
-17
-20
-29
-39
-45
-55
-61
-64
-72
-80
-85
-89
-95
-100
-107
-115
-117
-117
-114
-111
-106
-98
-85
-76
-61
-42
-27
-14
0
15
23
35
50
56
59
64
72
81
90
98
102
118
133
141
153
168
186
193
196
197
192
179
164
150
129
113
97
82
60
46
29
13
-1
-14
-23
-39
-49
-68
-86
-106
-122
-136
-160
-176
-187
-195
-198
-198
-197
-190
-176
-165
-153
-133
-115
-91
-71
-54
-27
-6
6
21
34
40
60
78
91
102
115
126
137
146
149
154
164
170
178
177
175
176
175
174
170
165
154
144
135
129
120
112
103
93
79
70
58
48
41
26
13
1
-8
-12
-33
-59
-68
-77
-95
-111
-133
-150
-162
-184
-207
-222
-234
-249
-263
-266
-270
-273
-279
-276
-266
-254
-236
-221
-209
-199
-181
-169
-156
-143
-131
-120
-95
-85
-74
-54
-37
-22
-6
9
25
47
67
82
101
121
148
179
206
228
247
268
292
312
320
333
345
344
344
344
338
335
315
298
274
249
229
210
177
147
110
75
34
-9
-44
-86
-123
-168
-217
-256
-281
-321
-360
-397
-431
-456
-471
-485
-494
-484
-468
-452
-430
-398
-362
-326
-279
-241
-206
-170
-136
-97
-81
-54
-23
-1
14
38
70
103
141
187
230
265
303
335
357
371
378
397
398
402
426
449
459
468
480
479
504
527
530
540
535
529
526
513
481
436
393
350
297
245
206
164
127
89
54
11
-41
-83
-132
-201
-266
-341
-420
-504
-597
-680
-761
-828
-872
-894
-914
-917
-900
-878
-818
-753
-693
-608
-509
-418
-338
-279
-232
-206
-174
-152
-152
-179
-177
-150
-132
-89
-12
75
147
226
301
372
447
514
531
529
502
470
436
369
302
231
164
79
47
46
46
59
88
132
189
277
363
430
463
513
566
622
661
674
673
662
640
626
621
609
595
557
521
491
498
499
466
445
396
333
261
173
53
-87
-233
-395
-586
-753
-920
-1101
-1264
-1416
-1542
-1609
-1660
-1707
-1723
-1724
-1683
-1626
-1551
-1479
-1394
-1282
-1134
-960
-809
-674
-547
-434
-327
-205
-82
8
81
148
237
340
497
690
840
979
1120
1246
1349
1435
1508
1513
1470
1418
1370
1269
1151
1016
851
713
603
542
518
500
496
528
611
728
849
941
1033
1111
1194
1249
1275
1245
1159
1053
905
782
688
584
467
351
278
255
301
331
349
301
271
233
154
34
-166
-406
-703
-990
-1290
-1564
-1842
-2160
-2469
-2703
-2840
-2911
-2967
-2980
-2945
-2863
-2721
-2550
-2411
-2299
-2133
-1956
-1796
-1634
-1497
-1344
-1179
-1035
-878
-701
-486
-270
-88
100
376
732
1069
1373
1649
1932
2242
2512
2738
2886
2935
2918
2823
2661
2448
2203
1885
1522
1203
987
882
807
757
773
898
1091
1344
1590
1806
1991
2062
2076
1990
1830
1632
1329
970
581
275
79
-93
-239
-304
-260
-98
157
372
496
586
611
546
382
127
-222
-755
-1349
-1961
-2599
-3147
-3652
-4097
-4470
-4679
-4665
-4535
-4344
-4016
-3634
-3252
-2849
-2512
-2199
-1973
-1860
-1878
-1978
-2078
-2192
-2268
-2365
-2381
-2255
-1901
-1423
-871
-266
401
1081
1775
2446
3018
3417
3632
3752
3799
3771
3615
3338
2977
2643
2374
2230
2128
2079
2186
2403
2660
2993
3416
3843
4217
4479
4574
4561
4511
4337
3924
3406
2873
2344
1828
1363
947
611
402
293
249
306
409
438
408
344
160
-97
-460
-1023
-1684
-2360
-3018
-3704
-4343
-4903
-5304
-5557
-5671
-5713
-5655
-5360
-4947
-4559
-4221
-3831
-3446
-3104
-2873
-2782
-2797
-2829
-2872
-3007
-3164
-3171
-3029
-2789
-2429
-1921
-1325
-612
123
836
1544
2170
2662
2964
3227
3393
3480
3397
3163
2936
2715
2623
2549
2483
2442
2561
2880
3203
3562
4003
4392
4788
5153
5324
5347
5258
5140
4823
4392
3896
3495
3071
2586
2126
1742
1531
1390
1238
1065
920
775
636
441
137
-246
-798
-1432
-2168
-2911
-3620
-4302
-5010
-5644
-6095
-6368
-6452
-6510
-6525
-6385
-6134
-5766
-5443
-5153
-4888
-4692
-4527
-4370
-4108
-3841
-3566
-3352
-3140
-2919
-2550
-2084
-1596
-1174
-801
-312
296
883
1433
2026
2563
2960
3283
3596
3892
4059
4148
4139
4075
4022
3908
3683
3432
3161
2911
2838
2786
2826
2988
3129
3336
3686
4071
4445
4787
4995
5072
5057
4961
4806
4514
4135
3680
3194
2734
2388
2122
1874
1640
1345
1165
1044
952
826
582
254
-160
-642
-1255
-1931
-2651
-3397
-4203
-4937
-5580
-6123
-6535
-6858
-7092
-7212
-7136
-6932
-6627
-6314
-5951
-5599
-5210
-4887
-4641
-4353
-4164
-4060
-3964
-3817
-3550
-3205
-2820
-2368
-1783
-1069
-273
554
1305
2119
2951
3612
4208
4635
4954
5101
5153
5096
4890
4696
4445
4132
3851
3741
3705
3865
4039
4280
4660
5039
5434
5683
5849
5929
5839
5511
5052
4488
3870
3214
2506
1835
1303
932
677
508
394
364
318
317
308
171
-97
-445
-890
-1485
-2132
-2847
-3623
-4383
-5152
-5787
-6264
-6609
-6754
-6803
-6719
-6517
-6248
-5910
-5560
-5186
-4784
-4437
-4254
-4124
-4055
-4018
-3994
-4075
-4146
-4123
-4042
-3864
-3624
-3233
-2588
-1783
-938
-23
913
1804
2640
3394
4015
4436
4617
4684
4603
4331
3992
3679
3380
3157
3018
3080
3343
3640
4065
4580
5240
5876
6385
6834
7073
7101
6947
6551
5943
5198
4396
3547
2601
1818
1248
826
563
454
501
662
920
1152
1244
1185
969
584
-39
-763
-1609
-2623
-3596
-4537
-5426
-6103
-6553
-6855
-6961
-6917
-6564
-6102
-5595
-5005
-4499
-4111
-3793
-3622
-3639
-3795
-4093
-4479
-4948
-5268
-5470
-5555
-5446
-5170
-4741
-4015
-3094
-2157
-1252
-310
665
1476
2180
2733
3138
3330
3385
3303
3166
3062
2972
2798
2730
2856
3201
3692
4268
5021
5760
6487
7125
7604
7993
8185
8068
7625
6985
6363
5627
4806
4003
3276
2607
2125
1704
1301
1071
969
896
791
615
379
-14
-467
-1132
-1971
-2832
-3746
-4722
-5701
-6512
-7209
-7699
-7915
-7963
-7813
-7435
-6859
-6196
-5597
-4887
-4085
-3568
-3249
-2989
-2979
-3123
-3276
-3531
-3964
-4312
-4495
-4622
-4630
-4349
-3785
-2989
-2076
-1038
57
1123
2122
2974
3472
3784
3952
3823
3401
2836
2274
1668
1233
936
842
1021
1483
2084
2817
3839
4977
6041
6970
7688
8235
8500
8482
8142
7479
6644
5698
4681
3730
2982
2398
2023
1741
1621
1738
1986
2302
2582
2666
2575
2249
1705
877
-175
-1346
-2682
-4035
-5349
-6474
-7328
-8031
-8479
-8544
-8340
-7857
-7166
-6335
-5530
-4854
-4242
-3783
-3568
-3460
-3521
-3868
-4266
-4685
-5103
-5349
-5363
-5244
-5014
-4442
-3588
-2582
-1508
-303
925
2033
3004
3805
4362
4721
4882
4664
4212
3702
3165
2581
2031
1661
1563
1777
2261
2998
3742
4587
5463
6274
6955
7468
7741
7617
7213
6561
5717
4882
4061
3218
2354
1630
1063
734
568
566
748
1001
1190
1306
1338
1256
919
302
-529
-1471
-2478
-3526
-4583
-5546
-6346
-6949
-7261
-7261
-6981
-6558
-5953
-5371
-4759
-4113
-3567
-3139
-2969
-3007
-3180
-3462
-3893
-4376
-4818
-5127
-5309
-5331
-5220
-4883
-4212
-3448
-2446
-1402
-367
690
1617
2394
2959
3392
3457
3421
3209
2841
2386
2035
1836
1678
1779
2134
2743
3497
4320
5209
6038
6826
7545
7910
7949
7778
7383
6723
5861
4957
4043
3230
2443
1673
1121
812
683
696
785
845
1006
1012
949
698
184
-403
-1189
-2207
-3214
-4178
-5120
-5911
-6491
-6916
-7089
-6879
-6535
-6024
-5328
-4606
-3888
-3294
-2784
-2384
-2202
-2191
-2366
-2699
-3093
-3390
-3736
-3983
-4011
-4010
-3819
-3407
-2854
-2139
-1251
-269
601
1415
2192
2945
3432
3689
3751
3559
3259
2829
2355
1961
1687
1525
1625
2062
2637
3194
3872
4708
5467
6057
6576
6835
6744
6456
6039
5402
4658
4002
3203
2301
1566
925
438
112
2
24
26
85
151
116
15
-220
-708
-1301
-1973
-2732
-3589
-4404
-5090
-5715
-6155
-6323
-6272
-6050
-5602
-4969
-4411
-3760
-3065
-2601
-2215
-1957
-1937
-2115
-2421
-2846
-3255
-3618
-3847
-3906
-4003
-3866
-3464
-2995
-2338
-1421
-587
218
1061
1688
2168
2529
2714
2676
2470
2170
1852
1525
1368
1275
1274
1508
2040
2775
3581
4460
5240
5908
6495
6966
7042
6898
6551
5934
5077
4229
3535
2829
2166
1587
1048
654
516
575
681
828
925
871
696
490
145
-443
-1143
-2019
-3024
-3943
-4680
-5348
-5912
-6352
-6449
-6275
-5924
-5295
-4690
-4084
-3516
-2876
-2402
-2091
-1837
-1937
-2181
-2480
-2872
-3322
-3644
-3835
-4014
-4015
-3825
-3479
-2949
-2243
-1492
-709
30
762
1562
2144
2686
3023
3078
3125
3098
2878
2656
2503
2390
2464
2767
3310
3894
4413
5109
5786
6458
7042
7428
7551
7360
6948
6292
5568
4922
4204
3349
2497
1611
858
289
-122
-431
-684
-843
-1074
-1365
-1565
-1872
-2391
-2989
-3706
-4448
-5118
-5757
-6347
-6830
-7232
-7328
-7177
-6865
-6275
-5570
-4744
-3870
-3010
-2214
-1519
-932
-558
-473
-586
-762
-1097
-1487
-1890
-2200
-2370
-2320
-2069
-1682
-1157
-499
257
1010
1731
2393
2812
3017
3074
2956
2590
2112
1610
1075
620
315
151
174
477
1152
2075
3033
4052
5048
5961
6727
7331
7544
7412
7014
6291
5347
4355
3423
2586
1795
1068
487
75
-38
92
325
512
625
631
453
140
-385
-1165
-2093
-3154
-4201
-5222
-6145
-6998
-7738
-8173
-8225
-7937
-7399
-6678
-5850
-4933
-4087
-3259
-2470
-1844
-1404
-1156
-1197
-1464
-1712
-1987
-2283
-2487
-2633
-2636
-2461
-2041
-1401
-658
198
1187
2123
2943
3769
4462
4877
5066
4987
4713
4375
3908
3351
2831
2395
2167
2229
2568
3068
3591
4272
5000
5749
6440
6955
7265
7218
6892
6335
5664
4989
4232
3266
2226
1237
419
-183
-669
-965
-1147
-1283
-1391
-1556
-1768
-1998
-2346
-2865
-3535
-4276
-5004
-5660
-6303
-6874
-7318
-7603
-7587
-7395
-7032
-6484
-5853
-5227
-4516
-3742
-3002
-2329
-1777
-1384
-1188
-1031
-953
-1027
-1147
-1219
-1314
-1399
-1308
-1113
-799
-288
217
791
1494
2227
2861
3368
3838
4206
4245
4066
3865
3556
3194
2790
2514
2354
2515
2991
3389
3806
4453
5232
5950
6521
6900
7002
6870
6592
6057
5428
4818
4133
3292
2279
1377
627
12
-451
-840
-1129
-1433
-1720
-2061
-2366
-2692
-3124
-3724
-4436
-5126
-5761
-6357
-6954
-7490
-7858
-7997
-7904
-7503
-6968
-6369
-5690
-4905
-4132
-3399
-2648
-2027
-1623
-1384
-1260
-1185
-1188
-1196
-1089
-1089
-1008
-782
-497
-107
369
919
1491
2046
2696
3277
3624
3979
4270
4272
4123
3908
3582
3169
2767
2435
2167
2173
2436
2846
3331
3966
4600
5233
5931
6555
6918
7015
6915
6515
5936
5309
4711
3987
3150
2322
1536
881
386
93
-130
-306
-569
-833
-1111
-1377
-1794
-2359
-3032
-3877
-4753
-5621
-6346
-6979
-7444
-7795
-7958
-7835
-7471
-6950
-6326
-5729
-5090
-4395
-3778
-3225
-2693
-2303
-2079
-1945
-1812
-1681
-1615
-1538
-1466
-1307
-1156
-941
-589
-116
372
854
1392
1896
2417
2916
3390
3676
3760
3762
3722
3599
3331
3067
2801
2706
2888
3357
3820
4228
4713
5369
6073
6693
7110
7309
7297
7040
6564
5977
5513
5044
4428
3611
2720
1996
1414
936
527
85
-367
-849
-1394
-1875
-2395
-3031
-3793
-4671
-5521
-6173
-6809
-7431
-7942
-8367
-8573
-8502
-8157
-7670
-7083
-6414
-5729
-5098
-4393
-3683
-3105
-2823
-2633
-2521
-2450
-2314
-2115
-2014
-1822
-1473
-1145
-659
-12
720
1431
2112
2627
3072
3525
3813
3900
3898
3759
3463
3178
2865
2565
2386
2268
2297
2565
3077
3858
4684
5337
5904
6538
7097
7445
7519
7310
6884
6294
5553
4728
4025
3564
3011
2453
1931
1614
1403
1314
1238
1076
800
406
-171
-854
-1595
-2429
-3400
-4558
-5648
-6619
-7405
-7988
-8421
-8647
-8601
-8323
-7747
-7029
-6236
-5449
-4719
-4080
-3534
-3067
-2756
-2599
-2584
-2658
-2703
-2715
-2662
-2499
-2224
-1808
-1298
-691
-34
685
1347
1976
2546
2991
3414
3686
3736
3733
3637
3377
3046
2735
2403
2064
1830
1818
2081
2710
3498
4128
4753
5518
6295
6995
7458
7705
7602
7270
6701
5928
5238
4678
4119
3342
2477
1879
1512
1213
1000
951
826
521
154
-295
-889
-1572
-2372
-3436
-4612
-5595
-6433
-7253
-7916
-8493
-8779
-8793
-8523
-8094
-7515
-6738
-6005
-5388
-4780
-4025
-3322
-2902
-2606
-2389
-2272
-2192
-2114
-2068
-1992
-1712
-1457
-1068
-580
56
755
1374
2020
2577
3194
3647
4008
4153
4141
3998
3730
3296
2824
2462
2119
1938
1952
2312
2947
3649
4246
4923
5676
6421
6997
7208
7196
6981
6473
5766
5055
4421
4009
3395
2553
1866
1447
1155
979
845
666
394
100
-323
-903
-1478
-2105
-3038
-4178
-5281
-6173
-6958
-7712
-8361
-8820
-8965
-8619
-8005
-7417
-6601
-5744
-4976
-4201
-3430
-2773
-2313
-2096
-2124
-2280
-2296
-2187
-2088
-1992
-1808
-1533
-1073
-488
294
1228
2048
2769
3385
3891
4399
4698
4760
4542
4186
3732
3254
2806
2295
1878
1514
1401
1651
2395
3233
3915
4570
5271
6135
6831
7320
7569
7424
7072
6407
5483
4743
4243
3643
2898
2095
1500
1279
1205
1143
1073
978
803
554
110
-390
-998
-1807
-2935
-4186
-5324
-6300
-7149
-7943
-8520
-8833
-8775
-8514
-8049
-7374
-6626
-5872
-5238
-4650
-4062
-3474
-2933
-2741
-2733
-2683
-2585
-2500
-2463
-2258
-2029
-1626
-1145
-661
-20
672
1397
1940
2475
3060
3497
3726
3926
3987
3809
3515
3162
2709
2294
2009
1778
1701
2017
2675
3324
3877
4490
5328
6136
6751
7074
7125
7010
6618
5957
5309
4793
4379
3776
2943
2212
1752
1456
1229
1004
842
668
393
-28
-542
-1066
-1628
-2472
-3681
-4807
-5698
-6512
-7307
-7988
-8458
-8638
-8605
-8237
-7726
-7138
-6326
-5595
-5023
-4396
-3660
-3095
-2829
-2611
-2476
-2368
-2207
-2078
-1922
-1643
-1179
-757
-295
268
1024
1733
2320
2878
3382
3896
4266
4413
4337
4234
4004
3695
3272
2794
2510
2157
1912
2081
2656
3370
3990
4556
5144
5834
6493
6897
7014
6945
6711
6178
5346
4754
4466
4052
3485
2730
2096
1860
1693
1523
1237
1003
708
239
-344
-962
-1546
-2342
-3448
-4663
-5698
-6531
-7264
-7953
-8512
-8788
-8601
-8281
-7893
-7336
-6651
-5993
-5414
-4805
-4254
-3733
-3364
-3256
-3309
-3224
-2878
-2545
-2314
-1989
-1470
-899
-286
410
1140
2046
2803
3283
3674
4136
4489
4589
4512
4283
4029
3652
3181
2666
2321
2106
1927
1775
2106
2923
3700
4265
4793
5462
6116
6643
6795
6705
6385
5922
5122
4276
3783
3330
2828
2170
1520
1224
1204
1281
1262
1121
1044
815
377
-94
-660
-1352
-2360
-3617
-4880
-5968
-6746
-7496
-8305
-8794
-8965
-8798
-8257
-7548
-6799
-6007
-5163
-4453
-3919
-3353
-2936
-2850
-2999
-3171
-3203
-3168
-2987
-2781
-2483
-1953
-1276
-521
367
1443
2482
3305
3869
4384
4805
4927
4842
4464
4000
3515
3032
2424
1908
1627
1413
1319
1523
2338
3427
4386
5054
5654
6319
6949
7336
7180
6860
6448
5706
4717
3869
3389
3031
2685
2093
1596
1570
1852
2089
2149
2166
2059
1793
1293
637
-183
-1114
-2410
-3951
-5314
-6352
-7163
-7913
-8533
-8924
-8931
-8599
-8054
-7418
-6673
-5935
-5357
-4865
-4448
-4005
-3692
-3710
-3858
-4018
-3989
-3762
-3521
-3291
-2840
-2165
-1440
-602
295
1296
2303
3147
3726
4369
5044
5355
5380
5225
5014
4678
4190
3573
3057
2676
2424
2203
2469
3276
4112
4760
5249
5853
6664
7289
7478
7272
6858
6320
5465
4419
3644
3132
2559
1792
878
415
358
453
496
504
538
412
296
-135
-735
-1334
-2211
-3437
-4759
-5839
-6657
-7398
-8203
-8742
-8964
-8760
-8166
-7541
-6813
-5986
-5123
-4425
-3899
-3406
-2987
-2824
-2861
-3043
-3163
-3148
-3065
-3043
-2964
-2545
-1910
-1231
-498
435
1447
2350
2955
3521
4116
4585
4686
4495
4165
3791
3352
2694
2017
1593
1359
1144
1267
1948
2957
3897
4687
5454
6303
7095
7677
7781
7530
7103
6519
5568
4515
3886
3439
2851
2048
1426
1219
1329
1562
1653
1652
1730
1679
1364
777
97
-713
-1848
-3277
-4724
-5838
-6726
-7583
-8460
-8979
-8995
-8646
-8132
-7448
-6646
-5809
-5050
-4464
-4074
-3654
-3298
-3277
-3499
-3759
-3754
-3630
-3583
-3551
-3299
-2752
-1974
-1203
-423
608
1698
2590
3232
3857
4513
4917
4971
4788
4512
4187
3790
3221
2598
2195
2005
2035
2415
3175
4082
4767
5385
6160
6976
7607
7925
7797
7417
6831
5972
5084
4328
3729
3012
2256
1489
1007
879
935
1012
899
851
733
495
68
-519
-1225
-2195
-3416
-4706
-5868
-6769
-7510
-8299
-8869
-9003
-8782
-8332
-7699
-7056
-6293
-5496
-4850
-4342
-3910
-3440
-3215
-3254
-3382
-3414
-3335
-3227
-3167
-3111
-2754
-2117
-1450
-845
11
929
1771
2403
2845
3423
3948
4227
4145
3866
3644
3382
2896
2351
1961
1679
1600
1827
2475
3423
4233
4969
5713
6539
7265
7801
7922
7681
7343
6695
5915
5167
4587
4100
3436
2623
2043
1765
1664
1678
1542
1350
1170
887
474
-56
-806
-1644
-2824
-4184
-5452
-6360
-7056
-7811
-8494
-8874
-8879
-8517
-7963
-7373
-6664
-5951
-5300
-4858
-4429
-3926
-3510
-3307
-3252
-3252
-3174
-2947
-2731
-2589
-2353
-1752
-1034
-455
203
1063
1887
2554
3152
3652
4034
4439
4596
4398
4177
4013
3641
2994
2448
2045
1822
1857
2312
2924
3509
4197
4906
5562
6336
6970
7243
7224
6972
6489
5764
5103
4633
4082
3401
2727
2081
1601
1351
1339
1244
1114
936
686
345
8
-509
-1260
-2222
-3427
-4653
-5714
-6451
-7214
-8007
-8540
-8657
-8361
-7870
-7266
-6626
-5907
-5084
-4506
-4037
-3513
-3224
-3217
-3301
-3361
-3349
-3228
-3058
-2953
-2818
-2361
-1667
-972
-201
720
1525
2181
2817
3339
3673
3979
4222
4032
3630
3379
3029
2432
1864
1459
1188
1141
1585
2375
3041
3865
4684
5487
6303
7083
7503
7445
7272
6748
5927
5118
4431
3886
3260
2591
1867
1487
1403
1443
1545
1543
1501
1333
1095
713
212
-497
-1557
-2807
-4132
-5427
-6288
-7062
-7858
-8445
-8796
-8775
-8380
-7814
-7193
-6453
-5752
-5107
-4544
-4050
-3544
-3260
-3187
-3177
-3208
-3194
-2974
-2798
-2768
-2471
-1936
-1363
-811
-5
920
1690
2452
3183
3756
4321
4856
5022
4828
4629
4372
3904
3254
2698
2197
1944
2251
2768
3276
3847
4558
5268
5960
6645
7193
7311
7250
6947
6219
5544
5110
4656
3917
3064
2356
1686
1222
1069
910
698
507
214
-9
-241
-605
-1145
-1973
-3020
-4058
-5097
-5815
-6409
-7213
-7851
-8204
-8256
-8068
-7598
-7075
-6550
-5926
-5303
-4753
-4093
-3461
-3186
-3032
-2847
-2606
-2425
-2223
-2053
-2033
-1878
-1442
-954
-490
165
753
1175
1781
2504
3011
3394
3824
3943
3846
3813
3712
3285
2754
2343
1846
1419
1609
2202
2567
2875
3447
4177
4889
5687
6269
6460
6530
6509
6088
5540
5229
4960
4349
3463
2726
2120
1631
1447
1229
903
672
482
176
-188
-448
-832
-1589
-2596
-3682
-4616
-5386
-6079
-6828
-7625
-8045
-8181
-8128
-7872
-7483
-7021
-6548
-6013
-5456
-4780
-4107
-3680
-3465
-3231
-2876
-2578
-2365
-2081
-1877
-1783
-1338
-907
-544
19
778
1388
1854
2569
3274
3804
4259
4611
4659
4626
4660
4327
3758
3277
2858
2386
2471
2950
3197
3410
3863
4562
5179
5781
6328
6461
6368
6323
5910
5301
5060
4841
4095
3175
2538
1940
1379
1143
873
507
175
-73
-420
-751
-947
-1318
-2076
-3009
-3904
-4839
-5626
-6197
-6823
-7510
-7902
-7916
-7816
-7612
-7199
-6702
-6234
-5675
-5068
-4518
-3897
-3421
-3231
-2926
-2361
-2017
-1772
-1540
-1360
-1203
-836
-354
-50
520
1188
1631
1988
2679
3360
3683
4127
4364
4269
4203
4217
3887
3298
2951
2530
2186
2439
2997
3182
3270
3822
4405
4877
5394
5786
5713
5533
5407
5013
4597
4509
4409
3602
2760
2224
1718
1309
1080
811
266
-122
-457
-831
-1130
-1375
-1915
-2808
-3673
-4482
-5278
-5963
-6434
-7031
-7630
-7828
-7745
-7569
-7339
-7055
-6654
-6154
-5598
-5111
-4520
-3874
-3514
-3405
-3116
-2549
-2154
-1872
-1610
-1302
-1040
-572
-27
393
876
1502
1862
2262
2937
3551
3936
4204
4569
4574
4577
4570
4225
3680
3176
2838
2611
2850
3335
3550
3637
4140
4729
5169
5639
6023
5949
5687
5416
5044
4773
4720
4460
3532
2656
2120
1691
1203
965
691
68
-484
-801
-1190
-1509
-1709
-2293
-3182
-3965
-4712
-5461
-6070
-6583
-7148
-7702
-7834
-7725
-7564
-7223
-6829
-6537
-6079
-5447
-4931
-4335
-3652
-3330
-3194
-2767
-2179
-1785
-1414
-1006
-784
-477
47
611
1063
1733
2314
2604
3071
3713
4158
4441
4730
4792
4641
4514
4413
3954
3419
3013
2730
2728
3097
3461
3489
3594
4122
4557
4898
5262
5387
5112
4716
4365
3971
3902
4010
3523
2597
1947
1600
1200
879
799
467
-159
-657
-987
-1401
-1630
-1907
-2664
-3610
-4363
-5029
-5719
-6215
-6685
-7266
-7578
-7566
-7467
-7232
-6799
-6530
-6315
-5919
-5537
-5116
-4621
-4176
-3985
-3771
-3278
-2631
-2236
-1811
-1364
-1109
-619
43
591
1115
1825
2353
2570
3114
3775
4162
4453
4665
4773
4707
4744
4485
4056
3642
3310
3262
3526
3918
4097
4213
4525
5050
5445
5650
5849
5791
5252
4707
4279
4000
3955
3743
2960
2129
1713
1443
1117
871
653
160
-535
-1010
-1480
-1944
-2326
-2861
-3725
-4657
-5229
-5864
-6418
-6816
-7261
-7548
-7567
-7361
-7116
-6798
-6433
-6160
-5880
-5450
-4948
-4507
-4138
-3815
-3671
-3340
-2730
-2252
-1860
-1341
-837
-430
103
785
1456
2143
2742
3195
3659
4171
4631
4881
4936
4947
4907
4784
4538
4214
3776
3330
3338
3639
3905
4124
4265
4449
4803
5145
5278
5291
5210
4812
4129
3598
3469
3373
3214
2783
2096
1625
1401
1228
1075
945
573
-138
-776
-1199
-1560
-2108
-2668
-3420
-4257
-4906
-5467
-6010
-6505
-6875
-7150
-7212
-7083
-6783
-6488
-6243
-6075
-5864
-5678
-5341
-4939
-4695
-4514
-4323
-4144
-3663
-3129
-2785
-2305
-1754
-1295
-681
42
717
1444
2111
2745
3370
3964
4481
4843
4945
5030
5068
4961
4766
4539
4171
3731
3703
3991
4260
4532
4765
4912
5088
5421
5569
5478
5266
4842
4174
3438
3066
2909
2587
2112
1456
835
624
496
369
262
-29
-583
-1193
-1657
-1970
-2395
-3037
-3824
-4594
-5171
-5658
-6007
-6320
-6607
-6813
-6822
-6459
-6044
-5667
-5368
-5184
-4960
-4684
-4336
-4078
-3896
-3819
-3725
-3591
-3189
-2710
-2358
-1984
-1534
-1035
-502
178
903
1540
2127
2660
3175
3763
4384
4780
4893
4941
4885
4746
4475
4185
3882
3518
3479
3804
4104
4377
4738
5035
5274
5636
5802
5636
5420
5037
4328
3559
3167
2926
2542
2063
1459
910
555
420
264
130
-44
-468
-1133
-1528
-1846
-2314
-2905
-3683
-4506
-5140
-5561
-5966
-6287
-6518
-6618
-6665
-6460
-6051
-5619
-5193
-4893
-4701
-4482
-4149
-3809
-3615
-3499
-3376
-3353
-3150
-2689
-2332
-2050
-1698
-1331
-933
-328
424
1134
1667
2186
2772
3370
3964
4498
4778
4866
4888
4745
4467
4303
4096
3678
3615
3872
4031
4225
4644
4977
5126
5435
5607
5529
5273
4893
4240
3407
3016
2787
2342
1818
1302
745
263
64
-67
-248
-503
-1019
-1695
-2236
-2589
-3063
-3730
-4478
-5169
-5845
-6323
-6497
-6565
-6597
-6506
-6372
-6209
-5794
-5274
-4801
-4542
-4304
-4115
-3922
-3620
-3409
-3270
-3104
-2905
-2652
-2254
-1813
-1295
-841
-449
-25
475
1116
1714
2258
2678
3165
3684
4137
4609
4962
5117
5120
4983
4703
4409
4193
3986
3966
4279
4432
4472
4698
5036
5156
5252
5301
5056
4610
4079
3445
2849
2533
2273
1754
1153
714
297
-124
-319
-476
-724
-1099
-1601
-2191
-2724
-3127
-3625
-4238
-4939
-5451
-5885
-6296
-6467
-6485
-6392
-6158
-5865
-5546
-5083
-4614
-4209
-3833
-3611
-3419
-3182
-3008
-2870
-2751
-2551
-2322
-2082
-1742
-1356
-906
-408
68
483
941
1441
1902
2423
2896
3364
3691
4044
4404
4652
4858
4849
4721
4427
4153
3938
3841
4059
4387
4482
4544
4875
5183
5423
5587
5579
5313
4864
4218
3570
3050
2749
2357
1650
997
498
61
-246
-448
-693
-1037
-1467
-2003
-2584
-3059
-3530
-4108
-4815
-5575
-6163
-6591
-7032
-7281
-7403
-7360
-6982
-6607
-6211
-5600
-5051
-4610
-4170
-3734
-3471
-3179
-2897
-2803
-2726
-2465
-2230
-2023
-1718
-1311
-855
-461
173
711
1215
1791
2301
2740
3291
3847
4233
4627
4908
5073
5223
5303
5138
4850
4513
4267
4286
4453
4710
4831
4899
5163
5391
5585
5692
5582
5247
4693
4007
3346
2950
2643
2129
1434
810
313
-217
-573
-786
-1081
-1472
-2018
-2579
-3136
-3599
-4156
-4783
-5482
-6106
-6531
-6882
-7154
-7238
-7306
-7248
-6895
-6550
-6076
-5499
-5036
-4736
-4325
-3967
-3622
-3249
-2942
-2664
-2392
-2072
-1716
-1314
-952
-466
-26
355
834
1300
1834
2325
2663
3034
3569
4064
4442
4898
5239
5407
5591
5689
5636
5433
5196
5060
5055
5173
5273
5261
5204
5416
5602
5648
5681
5508
5098
4550
3942
3417
3175
2863
2278
1563
958
427
-104
-588
-860
-1281
-1915
-2579
-3225
-3800
-4259
-4784
-5490
-6180
-6631
-6906
-7287
-7546
-7618
-7576
-7462
-7149
-6772
-6366
-5837
-5386
-5040
-4718
-4262
-3855
-3619
-3397
-3068
-2717
-2272
-1785
-1387
-974
-487
3
410
889
1448
2012
2480
2737
3140
3713
4090
4491
4872
5139
5407
5586
5628
5556
5348
5183
5267
5452
5593
5641
5596
5630
5804
5892
5871
5776
5430
4928
4326
3697
3257
3053
2644
1988
1380
783
252
-215
-558
-939
-1507
-2229
-2981
-3635
-4174
-4735
-5496
-6229
-6839
-7316
-7612
-7724
-7838
-7826
-7672
-7355
-6916
-6395
-5852
-5501
-5172
-4846
-4527
-4240
-3852
-3481
-3344
-3098
-2699
-2246
-1725
-1158
-625
-114
477
1105
1754
2290
2759
3127
3363
3786
4152
4411
4781
5044
5180
5350
5533
5627
5602
5462
5425
5698
6046
6258
6350
6316
6378
6455
6397
6287
6061
5538
4901
4264
3685
3410
3266
2788
2099
1475
994
504
111
-188
-586
-1259
-1997
-2752
-3490
-4082
-4791
-5687
-6507
-7130
-7560
-7839
-7988
-7996
-8064
-7908
-7456
-7007
-6520
-5986
-5623
-5418
-5109
-4784
-4500
-4235
-4014
-3860
-3605
-3209
-2727
-2131
-1507
-853
-212
377
1009
1768
2391
2836
3200
3472
3904
4197
4413
4726
4881
5002
5147
5201
5218
5306
5242
5342
5799
6210
6443
6606
6694
6780
6844
6736
6518
6162
5544
4795
3984
3425
3214
2847
2276
1658
1193
733
322
-37
-296
-669
-1388
-2210
-2988
-3665
-4316
-5137
-6107
-6942
-7555
-8033
-8333
-8448
-8439
-8275
-7923
-7454
-6932
-6280
-5681
-5289
-4994
-4740
-4519
-4193
-3902
-3850
-3685
-3378
-3039
-2638
-2130
-1494
-810
-118
582
1353
2118
2852
3368
3666
4103
4463
4640
4844
5100
5120
5106
5188
5022
4867
4960
4983
5288
5765
6036
6249
6481
6804
7007
7035
6955
6752
6262
5513
4706
3996
3516
3225
2635
1951
1518
1142
700
303
61
-174
-613
-1308
-2054
-2770
-3399
-4148
-5094
-6036
-6780
-7429
-8027
-8326
-8463
-8409
-8137
-7679
-7212
-6685
-5981
-5410
-5001
-4609
-4284
-4079
-3861
-3702
-3701
-3515
-3172
-2797
-2453
-1913
-1249
-553
192
906
1686
2539
3233
3700
4131
4596
4935
5024
5199
5371
5343
5259
5108
4833
4715
4693
4803
5230
5706
5997
6169
6443
6783
7009
7076
6972
6543
5818
5078
4306
3618
3200
2747
2017
1286
885
483
150
-107
-329
-677
-1174
-1740
-2416
-3106
-3787
-4644
-5596
-6388
-7138
-7863
-8391
-8710
-8942
-8880
-8533
-8013
-7483
-6878
-6179
-5708
-5273
-4789
-4419
-4264
-4074
-3962
-3943
-3658
-3335
-3070
-2696
-2094
-1475
-688
181
1000
1874
2721
3408
3986
4655
5182
5452
5594
5702
5745
5599
5460
5200
4827
4628
4647
4978
5451
5853
6129
6350
6725
7101
7348
7397
7231
6706
5895
5102
4381
3801
3303
2718
1884
1228
861
533
234
43
-159
-605
-1109
-1595
-2196
-2794
-3562
-4533
-5489
-6292
-6956
-7618
-8120
-8551
-8768
-8659
-8279
-7760
-7259
-6640
-6038
-5610
-5178
-4706
-4374
-4177
-4024
-3984
-3797
-3432
-3084
-2776
-2265
-1692
-1107
-300
550
1382
2230
3003
3674
4294
4953
5511
5735
5929
6132
6194
6135
6017
5771
5432
5238
5378
5688
5899
6200
6385
6531
6815
6992
6977
6886
6644
5950
5069
4426
3903
3395
2793
1999
1275
763
369
-47
-392
-643
-1029
-1652
-2236
-2765
-3368
-4029
-4823
-5781
-6572
-7098
-7700
-8270
-8606
-8748
-8730
-8476
-7966
-7419
-6880
-6347
-5881
-5470
-5028
-4608
-4379
-4292
-4258
-4104
-3752
-3362
-3067
-2620
-2044
-1478
-727
185
1040
2021
2913
3537
4124
4821
5458
5695
5860
5975
5969
5957
5820
5515
5250
5102
5054
5326
5707
6110
6408
6675
6936
7214
7297
7202
6896
6284
5502
4770
4217
3624
3021
2262
1455
843
417
92
-161
-318
-587
-1042
-1596
-2058
-2559
-3213
-3961
-4951
-5851
-6529
-7196
-7850
-8238
-8424
-8649
-8592
-8277
-7853
-7370
-6832
-6364
-6043
-5565
-5046
-4791
-4615
-4369
-4253
-4057
-3692
-3406
-3056
-2478
-1923
-1441
-679
260
1133
1972
2778
3528
4282
5052
5671
6116
6437
6700
6779
6647
6455
6245
6044
5963
6127
6336
6545
6750
6924
7147
7405
7578
7516
7296
6857
6133
5410
4907
4481
3949
3266
2411
1580
1028
567
108
-290
-678
-1218
-1854
-2412
-2951
-3610
-4324
-5137
-5992
-6629
-7134
-7644
-8074
-8313
-8500
-8516
-8233
-7904
-7627
-7232
-6858
-6574
-6295
-5916
-5520
-5322
-5123
-4958
-4673
-4205
-3779
-3373
-2888
-2282
-1673
-902
-15
874
1709
2443
3081
3750
4469
5059
5503
5816
6047
6205
6297
6259
6109
5940
5915
6154
6417
6679
6947
7141
7329
7469
7554
7508
7324
6856
6092
5228
4632
4250
3821
3141
2380
1724
1216
821
441
86
-296
-794
-1492
-2107
-2591
-3167
-3977
-4936
-5870
-6687
-7270
-7812
-8306
-8671
-8725
-8632
-8433
-7997
-7495
-7058
-6754
-6450
-6163
-5834
-5562
-5471
-5446
-5413
-5246
-4793
-4292
-3949
-3420
-2678
-2052
-1261
-195
856
1861
2694
3317
3926
4647
5251
5678
5843
6055
6319
6319
6264
6200
6078
6079
6316
6607
6953
7371
7688
7812
7920
7969
7878
7669
7192
6379
5470
4730
4239
3749
3115
2545
1972
1402
1034
850
654
459
64
-620
-1275
-1796
-2472
-3247
-4138
-5197
-6160
-6916
-7508
-7993
-8233
-8313
-8382
-8274
-7850
-7337
-6954
-6613
-6332
-6212
-6045
-5834
-5762
-5865
-5877
-5742
-5570
-5236
-4812
-4379
-3675
-2986
-2285
-1333
-244
811
1691
2366
3120
3925
4578
5084
5497
5784
6011
6124
6062
6048
6081
6027
6228
6618
6946
7278
7597
7840
8024
8147
8112
7951
7502
6880
6028
5140
4565
4023
3348
2585
1925
1370
927
589
340
139
-190
-811
-1439
-1962
-2545
-3235
-4093
-5128
-6044
-6862
-7492
-7930
-8266
-8430
-8497
-8369
-8007
-7482
-7063
-6699
-6318
-6072
-5873
-5682
-5525
-5586
-5713
-5705
-5623
-5407
-5107
-4726
-4225
-3616
-2950
-2035
-964
173
1240
2030
2791
3616
4329
4833
5224
5482
5620
5699
5684
5605
5558
5497
5506
5831
6301
6762
7259
7644
8005
8297
8381
8383
8188
7660
6938
6035
5139
4562
3975
3253
2457
1781
1322
943
746
711
537
102
-437
-938
-1496
-2089
-2781
-3718
-4827
-5806
-6637
-7396
-7880
-8163
-8347
-8331
-8058
-7614
-7143
-6678
-6281
-5972
-5733
-5479
-5330
-5405
-5530
-5778
-5850
-5739
-5478
-5162
-4779
-4224
-3588
-2778
-1691
-506
637
1599
2378
3122
3900
4577
4995
5273
5453
5604
5579
5521
5481
5373
5304
5471
5949
6499
7093
7542
7836
8121
8265
8290
8113
7783
7115
6191
5233
4472
3900
3158
2431
1686
1008
620
385
252
229
50
-422
-960
-1398
-1903
-2547
-3338
-4322
-5386
-6345
-7042
-7558
-7887
-8177
-8287
-8211
-7839
-7279
-6789
-6339
-5958
-5671
-5478
-5289
-5161
-5197
-5324
-5519
-5714
-5661
-5415
-5126
-4663
-4151
-3499
-2596
-1587
-437
683
1634
2476
3350
4140
4697
5178
5465
5527
5512
5475
5360
5332
5283
5266
5593
6040
6514
7003
7521
7965
8333
8515
8444
8216
7763
7019
6114
5232
4574
3939
3087
2209
1533
942
462
183
47
-112
-391
-804
-1313
-1828
-2366
-3016
-3890
-4837
-5691
-6522
-7232
-7794
-8153
-8333
-8231
-7910
-7537
-7038
-6504
-6059
-5711
-5367
-5199
-5094
-5071
-5228
-5413
-5539
-5483
-5350
-5169
-4755
-4264
-3723
-2804
-1770
-767
352
1416
2223
2977
3768
4395
4824
5161
5378
5411
5407
5387
5234
5074
5031
5306
5830
6324
6851
7347
7796
8239
8497
8603
8548
8246
7596
6669
5740
4936
4300
3587
2713
1902
1290
843
462
337
267
107
-229
-726
-1171
-1701
-2268
-3071
-4121
-5073
-5943
-6834
-7509
-7932
-8243
-8364
-8248
-7905
-7448
-6980
-6470
-6150
-5926
-5671
-5490
-5429
-5463
-5526
-5690
-5715
-5623
-5567
-5414
-4887
-4299
-3656
-2725
-1691
-668
405
1392
2249
3166
3962
4621
5142
5504
5729
5868
5824
5664
5605
5436
5378
5655
6066
6452
6862
7198
7627
8035
8230
8291
8127
7663
6951
6112
5269
4621
3962
3146
2281
1511
923
473
93
-111
-349
-764
-1210
-1655
-2155
-2662
-3248
-4006
-4795
-5587
-6269
-6908
-7371
-7724
-7905
-7806
-7550
-7144
-6771
-6278
-5853
-5558
-5284
-5118
-5101
-5187
-5293
-5501
-5613
-5541
-5397
-5218
-4866
-4319
-3727
-2881
-1899
-923
121
1113
1914
2628
3386
3940
4352
4734
4924
5041
5124
5146
5099
5019
5021
5286
5762
6354
6880
7328
7799
8285
8575
8681
8633
8259
7662
6834
5888
5148
4570
3822
2969
2061
1464
1060
701
519
433
216
-166
-626
-1170
-1815
-2441
-3204
-4225
-5202
-5995
-6768
-7436
-7866
-8182
-8292
-8150
-7682
-7172
-6641
-6083
-5726
-5486
-5299
-5209
-5253
-5336
-5502
-5780
-5909
-5848
-5714
-5469
-5066
-4491
-3737
-2791
-1788
-662
452
1316
2124
2929
3668
4228
4604
4871
5053
5108
5108
5049
4962
4917
4931
5210
5698
6273
6807
7283
7755
8157
8449
8546
8419
8030
7302
6372
5450
4804
4205
3400
2514
1736
1198
738
504
368
184
-112
-513
-1015
-1499
-1981
-2664
-3577
-4586
-5445
-6192
-6833
-7363
-7853
-8166
-8119
-7819
-7434
-6962
-6381
-5928
-5650
-5365
-5138
-5118
-5188
-5363
-5783
-5985
-5858
-5776
-5638
-5305
-4818
-4283
-3419
-2379
-1343
-177
855
1678
2467
3324
3957
4399
4761
4972
5007
5026
5037
4941
4811
4762
4899
5354
5991
6582
7052
7548
8123
8460
8673
8705
8467
7884
6960
6017
5109
4402
3740
2904
2039
1408
942
567
427
394
256
-13
-407
-912
-1426
-1919
-2661
-3698
-4694
-5506
-6320
-7080
-7552
-7933
-8178
-7903
-7450
-7086
-6504
-5843
-5416
-5106
-4751
-4583
-4715
-4942
-5189
-5622
-5849
-5758
-5713
-5575
-5163
-4635
-4000
-3031
-1992
-909
174
1120
1937
2731
3484
4008
4408
4672
4816
4868
4886
4867
4760
4600
4569
4904
5497
6112
6679
7180
7666
8123
8470
8588
8523
8182
7462
6502
5523
4796
4217
3464
2566
1752
1242
841
555
388
274
34
-411
-937
-1398
-1899
-2528
-3351
-4343
-5239
-5992
-6741
-7371
-7751
-7998
-8005
-7784
-7417
-6933
-6491
-6009
-5609
-5327
-5151
-5088
-5064
-5281
-5535
-5712
-5735
-5740
-5672
-5381
-4967
-4352
-3534
-2600
-1673
-547
479
1329
2174
3008
3721
4124
4520
4780
4889
4922
4947
4854
4716
4726
4860
5299
5884
6430
6929
7476
8007
8372
8586
8652
8473
7874
7052
6143
5282
4597
3925
3064
2088
1403
921
518
297
213
28
-353
-769
-1238
-1708
-2170
-2896
-3874
-4819
-5582
-6355
-6987
-7373
-7718
-7908
-7750
-7339
-6958
-6475
-5965
-5671
-5442
-5152
-4999
-4987
-4977
-5083
-5285
-5336
-5217
-5194
-5019
-4639
-4154
-3544
-2675
-1752
-877
19
843
1633
2301
3048
3638
4028
4392
4743
4938
5076
5178
5104
5073
5145
5525
6096
6645
7024
7361
7732
8081
8320
8357
8259
7929
7204
6375
5736
5201
4616
3912
3007
2197
1705
1284
902
536
232
-240
-859
-1415
-1999
-2534
-3215
-4150
-5175
-5937
-6514
-7137
-7592
-7885
-8070
-7990
-7541
-7038
-6627
-6134
-5691
-5445
-5152
-4918
-4792
-4819
-5080
-5385
-5574
-5421
-5247
-5045
-4695
-4204
-3595
-2782
-1886
-935
129
1017
1751
2434
3255
3787
4038
4274
4366
4339
4357
4318
4159
4008
3932
4053
4552
5252
5880
6491
7035
7589
8087
8324
8408
8135
7487
6672
5798
4930
4275
3660
2770
1931
1330
831
581
472
386
265
-19
-388
-793
-1227
-1799
-2488
-3449
-4407
-5244
-6071
-6824
-7374
-7812
-8038
-7823
-7458
-7045
-6493
-5901
-5467
-5068
-4746
-4515
-4446
-4613
-4869
-5178
-5331
-5287
-5236
-5063
-4789
-4391
-3748
-2864
-1910
-947
63
981
1798
2598
3384
3896
4238
4536
4665
4693
4732
4729
4616
4553
4505
4784
5410
6034
6594
7095
7597
8113
8526
8655
8574
8235
7537
6614
5711
5063
4545
3850
2881
2050
1530
1116
836
594
405
172
-323
-826
-1334
-1946
-2593
-3450
-4508
-5401
-6068
-6825
-7416
-7761
-8087
-8176
-7885
-7483
-7058
-6599
-6152
-5802
-5525
-5259
-5021
-4950
-5023
-5200
-5388
-5347
-5219
-5115
-4871
-4451
-3931
-3189
-2362
-1496
-539
312
1132
1938
2687
3375
3872
4198
4460
4635
4712
4745
4704
4604
4506
4679
5189
5743
6260
6788
7338
7800
8188
8481
8550
8390
7878
7088
6299
5622
5028
4370
3529
2634
1956
1440
947
569
367
85
-327
-848
-1327
-1823
-2485
-3246
-4214
-5185
-5974
-6663
-7351
-7861
-8230
-8446
-8337
-7922
-7436
-6937
-6329
-5825
-5433
-5048
-4746
-4607
-4688
-4846
-5002
-5067
-4971
-4930
-4754
-4359
-3966
-3338
-2469
-1582
-561
474
1394
2212
3023
3748
4197
4446
4608
4759
4689
4575
4473
4241
4127
4125
4329
4893
5602
6177
6731
7289
7814
8283
8521
8517
8211
7558
6776
5930
5199
4597
3884
2960
2182
1624
1220
927
749
571
317
-24
-493
-962
-1510
-2178
-3052
-4080
-5024
-5823
-6669
-7315
-7721
-8082
-8119
-7858
-7603
-7202
-6730
-6271
-5847
-5503
-5217
-5063
-5040
-5123
-5276
-5384
-5257
-5166
-5020
-4759
-4349
-3871
-3142
-2179
-1299
-361
520
1323
2112
2845
3456
3890
4239
4451
4609
4748
4848
4844
4677
4649
4744
5175
5857
6395
6818
7231
7655
8017
8282
8362
8247
7762
7016
6263
5607
5144
4566
3759
2906
2225
1751
1354
965
644
362
-108
-749
-1355
-1976
-2651
-3352
-4318
-5306
-6016
-6658
-7344
-7843
-8194
-8427
-8335
-7912
-7514
-7099
-6542
-6131
-5834
-5537
-5241
-5047
-5099
-5280
-5426
-5454
-5306
-5094
-4897
-4530
-3980
-3355
-2473
-1547
-639
351
1198
1955
2737
3386
3807
4029
4150
4163
4144
4203
4151
4041
3935
3875
4093
4784
5535
6179
6806
7376
7893
8363
8697
8721
8421
7808
7031
6221
5492
4917
4256
3381
2583
2043
1639
1396
1244
1150
975
614
169
-366
-1029
-1703
-2561
-3703
-4731
-5610
-6459
-7269
-7894
-8344
-8573
-8361
-8041
-7624
-7091
-6543
-6077
-5668
-5280
-5008
-4904
-4931
-5062
-5244
-5196
-5066
-5003
-4761
-4414
-3990
-3247
-2302
-1356
-367
617
1470
2269
3029
3743
4160
4422
4649
4693
4673
4710
4675
4517
4413
4367
4627
5254
5870
6355
6858
7370
7751
8049
8277
8287
7911
7217
6427
5592
4905
4397
3742
2869
2167
1705
1254
976
854
680
322
-111
-667
-1307
-1815
-2470
-3468
-4566
-5428
-6206
-7019
-7518
-7877
-8199
-8237
-8036
-7773
-7402
-6832
-6308
-6010
-5711
-5375
-5243
-5166
-5136
-5218
-5221
-5083
-4925
-4741
-4395
-3974
-3455
-2722
-1898
-1053
-173
667
1443
2154
2846
3448
3825
4087
4312
4453
4500
4493
4382
4282
4188
4185
4638
5198
5722
6186
6687
7184
7614
7981
8202
8112
7613
6994
6300
5623
5027
4491
3860
3111
2484
2007
1559
1221
1057
786
367
-170
-740
-1322
-1951
-2695
-3632
-4551
-5380
-6135
-6887
-7423
-7871
-8288
-8399
-8122
-7759
-7381
-6781
-6255
-5876
-5538
-5189
-4966
-4897
-4938
-4974
-5025
-5014
-4830
-4513
-4161
-3700
-3020
-2261
-1421
-498
468
1315
2103
2901
3567
3986
4274
4514
4538
4526
4527
4437
4339
4216
4004
4002
4505
5165
5668
6220
6819
7347
7853
8241
8384
8224
7796
7193
6374
5521
4989
4439
3658
2912
2332
1852
1468
1291
1163
931
661
172
-389
-898
-1507
-2333
-3326
-4336
-5296
-6183
-6964
-7572
-8124
-8409
-8332
-8254
-8097
-7662
-7120
-6757
-6403
-6058
-5827
-5571
-5443
-5447
-5485
-5372
-5266
-5013
-4656
-4300
-3745
-3097
-2357
-1485
-608
309
1162
1867
2600
3268
3725
4145
4465
4582
4694
4752
4755
4689
4561
4500
4776
5306
5704
6121
6639
7023
7343
7583
7753
7797
7535
6972
6319
5556
4961
4540
3948
3201
2590
2109
1652
1297
1060
914
561
7
-617
-1267
-1854
-2539
-3470
-4488
-5345
-6086
-6821
-7369
-7792
-8028
-8131
-8100
-7904
-7556
-7047
-6548
-6217
-5926
-5661
-5445
-5317
-5292
-5248
-5147
-5047
-4910
-4611
-4207
-3620
-2938
-2172
-1396
-544
342
1173
1873
2518
3209
3693
3945
4161
4359
4441
4572
4541
4396
4398
4328
4374
4778
5330
5836
6322
6809
7273
7634
7892
8066
7888
7414
6886
6186
5490
4951
4507
3868
3226
2716
2267
1891
1630
1493
1194
773
233
-358
-1024
-1639
-2426
-3431
-4344
-5270
-6109
-6817
-7375
-7824
-8161
-8241
-8077
-7790
-7419
-6938
-6526
-6192
-5854
-5599
-5321
-5207
-5208
-5197
-5192
-5113
-4829
-4456
-4067
-3518
-2909
-2088
-1196
-306
625
1452
2197
2889
3538
3963
4240
4500
4611
4594
4585
4481
4327
4189
4018
4156
4688
5269
5736
6224
6696
7096
7389
7635
7756
7590
7075
6411
5602
4928
4463
3910
3145
2427
1939
1486
1176
1033
952
681
310
-195
-755
-1220
-1846
-2708
-3727
-4689
-5573
-6396
-7092
-7713
-8205
-8507
-8395
-8130
-7885
-7356
-6801
-6434
-6063
-5656
-5329
-5160
-5093
-5138
-5211
-5153
-5019
-4821
-4527
-4129
-3596
-2924
-2029
-1060
-120
854
1719
2413
3118
3786
4160
4443
4656
4673
4655
4608
4492
4327
4100
4018
4340
4846
5397
6010
6544
7022
7474
7805
8033
8046
7681
7050
6299
5517
4906
4454
3815
3074
2433
1974
1563
1349
1282
1225
986
497
-41
-553
-1106
-1901
-2811
-3804
-4747
-5566
-6362
-7002
-7564
-7997
-8171
-8039
-7818
-7412
-6878
-6487
-6156
-5825
-5537
-5261
-5102
-5154
-5192
-5070
-4950
-4887
-4535
-4104
-3648
-3096
-2349
-1426
-572
306
1216
1947
2643
3371
3821
4134
4477
4584
4589
4698
4694
4526
4390
4245
4319
4794
5336
5817
6234
6632
6987
7346
7545
7704
7549
7041
6426
5671
4955
4565
4172
3451
2779
2252
1780
1412
1181
1014
820
438
-144
-747
-1268
-1855
-2689
-3679
-4580
-5422
-6250
-6983
-7516
-7972
-8317
-8343
-8144
-7851
-7476
-7021
-6682
-6362
-6029
-5715
-5477
-5413
-5471
-5526
-5455
-5258
-4969
-4565
-4096
-3527
-2813
-2009
-1110
-222
729
1549
2224
2942
3600
4010
4318
4620
4655
4658
4687
4576
4469
4351
4205
4398
4935
5404
5833
6326
6750
7094
7398
7652
7749
7466
6947
6291
5451
4847
4482
3910
3161
2579
2096
1649
1410
1244
1180
962
629
179
-337
-824
-1508
-2451
-3439
-4349
-5245
-6050
-6735
-7290
-7736
-8002
-8037
-7909
-7659
-7186
-6737
-6445
-6144
-5815
-5615
-5463
-5418
-5422
-5309
-5187
-5059
-4800
-4406
-3987
-3418
-2694
-1819
-988
-151
740
1511
2219
2926
3560
3992
4344
4575
4719
4804
4848
4806
4672
4617
4624
5008
5520
5980
6380
6719
7114
7375
7583
7787
7658
7177
6584
5886
5233
4819
4440
3911
3218
2682
2269
1837
1585
1452
1194
696
128
-534
-1192
-1842
-2655
-3624
-4587
-5403
-6182
-6850
-7305
-7668
-8009
-8088
-7771
-7515
-7239
-6776
-6453
-6225
-5938
-5648
-5437
-5414
-5458
-5508
-5486
-5409
-5107
-4728
-4243
-3670
-2998
-2122
-1162
-200
690
1494
2156
2789
3415
3798
4008
4168
4191
4143
4137
4046
3956
3883
3703
3734
4229
4927
5420
5855
6370
6752
7071
7355
7521
7364
6935
6338
5515
4761
4284
3855
3195
2510
2022
1641
1369
1281
1292
1184
897
401
-97
-536
-1175
-1922
-2828
-3842
-4837
-5725
-6422
-7077
-7635
-8084
-8187
-7990
-7772
-7361
-6881
-6513
-6197
-5844
-5458
-5202
-5106
-5179
-5236
-5282
-5204
-4922
-4596
-4279
-3818
-3112
-2337
-1429
-408
569
1397
2159
2953
3632
4136
4601
4842
4865
4903
4956
4905
4802
4655
4481
4656
5147
5597
6032
6521
6936
7269
7569
7779
7806
7564
7017
6300
5469
4877
4480
3867
3098
2488
1993
1522
1261
1148
1062
841
437
-183
-756
-1242
-1844
-2784
-3710
-4588
-5456
-6199
-6825
-7351
-7802
-7976
-7925
-7726
-7409
-6931
-6544
-6223
-5863
-5594
-5315
-5101
-5096
-5179
-5168
-5129
-5020
-4769
-4357
-3939
-3398
-2622
-1782
-933
61
975
1684
2380
3046
3540
3845
4158
4289
4326
4362
4327
4195
4066
3902
3791
4072
4632
5159
5603
6108
6548
6870
7182
7416
7340
6994
6547
5856
5026
4471
4063
3467
2733
2183
1707
1304
1096
1016
943
672
227
-308
-816
-1370
-2063
-2879
-3715
-4614
-5472
-6197
-6840
-7379
-7819
-8031
-7992
-7788
-7357
-6875
-6493
-6111
-5736
-5453
-5116
-4934
-4965
-4986
-4972
-4988
-4896
-4503
-4099
-3676
-3073
-2287
-1493
-634
354
1313
2043
2765
3433
3874
4219
4515
4583
4533
4509
4426
4307
4179
4083
4097
4497
5087
5485
5881
6420
6857
7114
7269
7378
7183
6749
6188
5368
4623
4147
3705
3075
2474
2048
1627
1255
1109
1083
960
696
227
-325
-840
-1418
-2190
-3097
-3967
-4802
-5598
-6292
-6857
-7291
-7562
-7625
-7574
-7371
-6917
-6448
-6152
-5804
-5517
-5344
-5186
-5051
-5013
-4974
-4850
-4684
-4420
-4147
-3799
-3281
-2625
-1883
-1083
-273
606
1406
2052
2712
3333
3725
4033
4312
4505
4664
4728
4679
4590
4473
4359
4587
5058
5461
5746
6042
6389
6693
6975
7170
7119
6797
6334
5710
5012
4533
4131
3567
2922
2376
1930
1496
1202
979
786
441
-55
-610
-1141
-1685
-2401
-3262
-4108
-4925
-5636
-6254
-6821
-7229
-7550
-7737
-7630
-7371
-7069
-6697
-6317
-6023
-5733
-5473
-5197
-5031
-5064
-5133
-5107
-5082
-4917
-4503
-4080
-3616
-2983
-2201
-1419
-599
337
1205
1881
2520
3187
3628
3834
4054
4112
4118
4190
4154
4069
4012
3873
3871
4281
4861
5353
5815
6288
6688
7015
7287
7387
7206
6776
6163
5422
4663
4188
3790
3118
2465
1988
1613
1367
1248
1179
1092
870
430
-127
-604
-1220
-2064
-3004
-3871
-4699
-5537
-6202
-6809
-7360
-7691
-7713
-7561
-7338
-6941
-6506
-6145
-5802
-5404
-5113
-4885
-4708
-4794
-4908
-4876
-4813
-4713
-4439
-4094
-3690
-3061
-2216
-1378
-552
418
1327
2015
2749
3479
3907
4173
4441
4584
4542
4535
4492
4322
4188
4065
4226
4730
5252
5671
6099
6520
6854
7230
7516
7628
7398
6886
6195
5396
4716
4241
3645
2878
2212
1728
1327
1041
928
888
741
378
-110
-526
-974
-1627
-2512
-3424
-4222
-5065
-5895
-6559
-7042
-7452
-7677
-7658
-7517
-7277
-6880
-6462
-6145
-5828
-5451
-5148
-4994
-4937
-5003
-4992
-4894
-4764
-4568
-4291
-3915
-3429
-2778
-1962
-1165
-371
522
1280
1903
2590
3250
3622
3819
4006
4189
4270
4242
4226
4139
4008
4002
4381
4906
5355
5783
6085
6407
6793
7064
7208
7145
6729
6114
5475
4854
4427
4001
3430
2750
2152
1748
1394
1198
1034
854
505
46
-396
-872
-1448
-2282
-3241
-4123
-4945
-5633
-6233
-6786
-7249
-7603
-7782
-7645
-7233
-6793
-6362
-5958
-5597
-5239
-4910
-4606
-4478
-4586
-4724
-4758
-4764
-4670
-4361
-4003
-3606
-3061
-2266
-1373
-466
534
1412
2170
2885
3559
4000
4281
4508
4599
4551
4506
4377
4161
3965
3827
3838
4306
4941
5489
5951
6392
6869
7189
7467
7612
7423
6924
6195
5365
4605
4106
3571
2808
2083
1521
1182
868
742
731
617
373
18
-395
-871
-1348
-2111
-3065
-3902
-4763
-5575
-6213
-6752
-7261
-7563
-7645
-7537
-7266
-6825
-6275
-5909
-5593
-5227
-4879
-4668
-4531
-4537
-4623
-4560
-4492
-4434
-4225
-3963
-3593
-3006
-2219
-1458
-649
213
1054
1758
2443
3159
3664
3974
4198
4310
4393
4475
4421
4325
4171
4087
4289
4773
5186
5513
5861
6209
6543
6828
7057
7078
6780
6211
5507
4870
4420
3970
3336
2582
1938
1497
1093
821
663
455
172
-201
-673
-1128
-1596
-2250
-3169
-3968
-4657
-5353
-5949
-6441
-6922
-7283
-7397
-7269
-6959
-6553
-6074
-5751
-5469
-5031
-4653
-4388
-4234
-4270
-4446
-4535
-4463
-4431
-4286
-3940
-3527
-3082
-2366
-1507
-685
184
1033
1765
2397
3130
3676
3877
3987
4027
3976
3942
3881
3739
3620
3530
3501
3854
4472
5033
5565
6034
6481
6905
7257
7435
7326
6941
6322
5580
4819
4246
3696
2988
2227
1652
1179
841
756
708
629
407
149
-239
-645
-1175
-1881
-2718
-3583
-4407
-5225
-5921
-6478
-6969
-7359
-7449
-7247
-6984
-6581
-6122
-5790
-5435
-5073
-4819
-4599
-4409
-4380
-4469
-4437
-4249
-4175
-3964
-3620
-3212
-2725
-2032
-1247
-571
222
1037
1712
2405
3059
3509
3788
4083
4295
4452
4524
4485
4420
4275
4229
4459
4946
5377
5718
6042
6337
6587
6708
6801
6782
6468
5927
5280
4640
4167
3744
3203
2522
1951
1531
1172
858
652
433
56
-415
-909
-1448
-1970
-2563
-3448
-4321
-4972
-5540
-6163
-6582
-6898
-7238
-7329
-7073
-6697
-6381
-5940
-5557
-5290
-4985
-4668
-4411
-4371
-4472
-4626
-4706
-4615
-4401
-4167
-3833
-3396
-2902
-2228
-1345
-470
404
1233
1865
2448
3087
3557
3821
3914
3915
3862
3815
3844
3759
3664
3594
3679
4151
4800
5429
5943
6314
6662
6972
7181
7299
7101
6548
5838
5042
4336
3840
3365
2676
2003
1541
1188
978
927
909
725
374
-27
-427
-890
-1462
-2212
-3196
-4076
-4810
-5563
-6202
-6687
-7112
-7449
-7391
-6976
-6491
-6028
-5585
-5163
-4884
-4504
-4169
-4016
-4007
-4155
-4355
-4472
-4418
-4301
-4081
-3799
-3415
-2856
-2006
-1077
-192
695
1429
2097
2700
3356
3787
3981
4126
4087
3978
3915
3870
3693
3569
3511
3689
4283
4956
5519
5906
6369
6738
6979
7175
7211
6919
6287
5517
4666
3999
3499
2952
2218
1607
1245
919
741
715
671
488
167
-240
-719
-1217
-1878
-2760
-3765
-4611
-5331
-6007
-6550
-6986
-7257
-7428
-7284
-6887
-6499
-6022
-5591
-5257
-4956
-4722
-4532
-4417
-4460
-4560
-4605
-4551
-4440
-4266
-3966
-3630
-3133
-2447
-1582
-706
101
878
1559
2222
2842
3397
3708
3889
3981
4005
4087
4128
4050
3951
3907
3868
4217
4818
5361
5801
6195
6554
6824
7084
7225
7129
6709
6044
5302
4533
3996
3526
2898
2175
1596
1114
747
589
464
331
8
-388
-822
-1245
-1736
-2443
-3313
-4166
-4885
-5550
-6190
-6690
-7083
-7457
-7541
-7233
-6782
-6256
-5771
-5384
-5007
-4614
-4224
-3968
-3904
-3983
-4133
-4196
-4184
-4089
-3862
-3580
-3249
-2802
-2056
-1170
-295
573
1360
2062
2710
3391
3844
4006
4075
4078
4028
4003
4011
3916
3742
3557
3592
4073
4722
5328
5843
6273
6627
6953
7196
7292
7100
6577
5873
5006
4215
3691
3176
2521
1843
1291
897
665
657
661
528
291
-112
-556
-1031
-1548
-2333
-3299
-4215
-5035
-5795
-6401
-6844
-7197
-7396
-7287
-6959
-6583
-6125
-5640
-5252
-4977
-4694
-4496
-4399
-4403
-4509
-4665
-4678
-4562
-4391
-4143
-3809
-3364
-2756
-1886
-1017
-204
630
1319
1924
2522
3110
3477
3665
3807
3826
3832
3911
3994
3932
3847
3880
4169
4698
5234
5675
6088
6464
6772
7005
7131
7092
6760
6134
5390
4662
4102
3632
3055
2377
1802
1365
1038
901
785
635
392
-34
-559
-1012
-1527
-2237
-3121
-4018
-4789
-5465
-6056
-6563
-6985
-7276
-7402
-7216
-6777
-6274
-5771
-5336
-5011
-4660
-4329
-4097
-3981
-4116
-4381
-4495
-4494
-4498
-4311
-3985
-3632
-3154
-2418
-1538
-669
224
1056
1773
2429
3086
3578
3779
3881
3881
3778
3702
3675
3584
3509
3434
3352
3663
4374
5075
5628
6118
6539
6881
7276
7514
7477
7106
6501
5705
4782
4134
3649
3008
2341
1816
1308
960
915
899
800
700
439
0
-424
-888
-1614
-2500
-3428
-4325
-5171
-5889
-6472
-6939
-7325
-7434
-7267
-7063
-6631
-6123
-5746
-5424
-5041
-4789
-4642
-4507
-4471
-4560
-4609
-4480
-4381
-4243
-3981
-3635
-3124
-2340
-1429
-649
113
861
1552
2184
2804
3374
3693
3942
4112
4180
4285
4361
4295
4129
3974
3918
4186
4698
5145
5453
5731
6005
6298
6558
6714
6702
6325
5737
5064
4353
3844
3416
2810
2216
1667
1216
871
642
525
305
-30
-453
-881
-1305
-1818
-2474
-3280
-4073
-4749
-5298
-5874
-6303
-6616
-6885
-6909
-6762
-6564
-6249
-5927
-5676
-5390
-5132
-4950
-4761
-4712
-4751
-4748
-4654
-4513
-4263
-3954
-3626
-3180
-2540
-1799
-1007
-281
357
993
1592
2174
2698
3072
3311
3462
3566
3804
4001
4129
4247
4206
4144
4223
4523
5032
5543
5907
6117
6294
6540
6822
6909
6754
6407
5882
5245
4649
4180
3763
3220
2678
2138
1769
1547
1314
1152
949
620
162
-288
-784
-1363
-2103
-2841
-3658
-4433
-5036
-5569
-6065
-6521
-6848
-6964
-6873
-6703
-6419
-6118
-5811
-5430
-5117
-4844
-4605
-4462
-4476
-4497
-4469
-4441
-4277
-4098
-3866
-3452
-2794
-2060
-1324
-557
195
905
1607
2267
2801
3263
3609
3773
3826
3920
3962
3919
3880
3754
3595
3583
3670
3910
4434
4955
5272
5516
5909
6382
6655
6687
6522
6126
5520
4864
4176
3543
3026
2595
1975
1401
1105
870
663
534
418
143
-186
-480
-930
-1528
-2124
-2769
-3557
-4293
-4935
-5608
-6161
-6620
-6992
-7226
-7229
-7036
-6883
-6636
-6245
-5960
-5708
-5444
-5229
-4988
-4754
-4632
-4572
-4385
-4075
-3750
-3432
-2916
-2287
-1707
-1011
-365
226
843
1496
1961
2417
2939
3330
3663
3948
4200
4368
4564
4626
4531
4527
4577
4592
4741
5115
5400
5501
5608
5855
6098
6157
6154
5991
5624
5170
4635
4064
3644
3402
2939
2345
1914
1587
1200
955
732
353
-110
-610
-1078
-1632
-2150
-2665
-3271
-3984
-4549
-5055
-5593
-5894
-6126
-6412
-6513
-6464
-6422
-6352
-6127
-5903
-5746
-5615
-5465
-5242
-5026
-4780
-4495
-4201
-3817
-3311
-2865
-2391
-1707
-1148
-596
59
541
1033
1510
1879
2203
2543
2853
3153
3436
3720
4027
4291
4484
4601
4670
4660
4666
4766
4935
5137
5223
5224
5287
5417
5535
5536
5372
5130
4856
4446
4045
3712
3506
3237
2805
2318
1996
1672
1213
848
431
-64
-629
-1226
-1723
-2257
-2780
-3270
-3789
-4339
-4819
-5273
-5688
-6047
-6475
-6752
-6849
-6855
-6747
-6583
-6374
-6209
-6034
-5785
-5454
-5153
-4873
-4572
-4356
-4066
-3568
-3033
-2601
-2080
-1478
-979
-378
267
820
1263
1730
2165
2461
2832
3236
3494
3612
3885
4095
4158
4339
4421
4288
4137
4036
3942
4069
4420
4609
4562
4596
4900
5104
5124
5132
4982
4672
4319
3926
3501
3294
3063
2579
2051
1721
1459
1091
835
539
92
-355
-690
-1102
-1535
-1974
-2451
-2995
-3554
-4046
-4558
-5021
-5459
-6021
-6505
-6725
-6746
-6848
-6884
-6692
-6540
-6363
-6052
-5729
-5340
-4814
-4453
-4180
-3657
-2977
-2525
-2164
-1687
-1201
-844
-384
146
435
773
1218
1563
1896
2472
3018
3419
3819
4277
4710
5120
5449
5468
5301
5081
4871
4625
4610
4787
4736
4519
4485
4620
4778
4986
5117
4991
4838
4766
4509
4190
4040
3780
3260
2690
2225
1762
1210
717
110
-543
-1013
-1407
-1832
-2235
-2603
-3034
-3480
-3927
-4380
-4878
-5331
-5717
-6279
-6705
-6874
-6986
-7112
-7161
-7064
-6873
-6615
-6285
-5938
-5495
-4944
-4499
-4055
-3410
-2750
-2202
-1806
-1336
-867
-480
-42
297
517
774
1162
1531
1845
2297
2755
3091
3458
3946
4434
4842
5123
5098
4934
4737
4572
4282
4116
4195
4168
4033
3932
4062
4281
4448
4609
4656
4638
4698
4531
4172
3893
3620
3268
2754
2228
1742
1206
666
103
-431
-857
-1195
-1583
-2031
-2437
-2819
-3176
-3661
-4277
-4899
-5463
-5938
-6451
-6940
-7218
-7328
-7486
-7569
-7381
-7064
-6733
-6322
-5869
-5350
-4695
-4037
-3520
-2957
-2310
-1718
-1273
-876
-487
-179
145
420
626
935
1399
1746
2105
2616
3207
3680
4139
4623
5018
5315
5552
5508
5207
4937
4683
4223
3741
3553
3510
3354
3182
3266
3506
3876
4215
4404
4478
4697
4742
4551
4241
3989
3638
3154
2609
1934
1292
752
185
-412
-768
-1003
-1260
-1612
-1857
-2041
-2331
-2675
-3191
-3823
-4332
-4857
-5482
-6144
-6607
-7008
-7308
-7488
-7528
-7386
-7064
-6661
-6264
-5670
-4890
-4150
-3579
-3010
-2380
-1821
-1332
-953
-744
-488
-260
-159
-12
234
555
915
1345
1835
2373
3030
3665
4221
4690
5174
5510
5483
5357
5166
4881
4431
3933
3387
3010
2999
3026
2979
3075
3423
3801
4123
4372
4662
4893
4882
4601
4109
3653
3227
2666
1921
1189
595
-76
-740
-1191
-1501
-1734
-2031
-2297
-2515
-2642
-2875
-3272
-3755
-4281
-4709
-5256
-5878
-6428
-6848
-7213
-7509
-7631
-7545
-7248
-6823
-6325
-5750
-5068
-4275
-3471
-2851
-2251
-1648
-1199
-830
-620
-437
-209
-48
54
183
432
774
1173
1621
2102
2758
3451
3947
4385
4851
5289
5571
5568
5415
5210
4815
4317
3786
3208
2830
2732
2712
2717
2958
3365
3747
4143
4571
4938
5197
5263
5035
4570
4069
3639
3022
2207
1441
736
20
-691
-1179
-1486
-1764
-2077
-2414
-2647
-2799
-2968
-3350
-3796
-4208
-4652
-5218
-5775
-6272
-6783
-7150
-7371
-7491
-7400
-7029
-6563
-6119
-5555
-4793
-3970
-3166
-2438
-1804
-1242
-774
-324
-3
244
508
656
671
804
1047
1317
1620
1961
2322
2731
3249
3740
4101
4503
4811
4957
4978
4886
4707
4299
3793
3260
2669
2201
1983
1921
1950
2088
2346
2743
3233
3719
4134
4369
4466
4357
4113
3845
3416
2854
2221
1517
770
93
-534
-1108
-1568
-1875
-2103
-2351
-2465
-2553
-2718
-3005
-3316
-3575
-3939
-4405
-4888
-5414
-5971
-6429
-6756
-6977
-7035
-6943
-6722
-6342
-5785
-5118
-4394
-3632
-2841
-2240
-1666
-1007
-554
-302
-46
200
321
384
534
720
835
1011
1336
1671
2128
2662
3116
3537
3975
4422
4719
4883
4948
4822
4523
4201
3803
3329
2873
2459
2115
1937
2025
2189
2470
2820
3182
3585
3980
4362
4534
4503
4273
3833
3270
2636
2015
1312
435
-401
-1204
-1856
-2234
-2483
-2660
-2765
-2831
-2953
-2950
-2989
-3145
-3295
-3652
-4054
-4392
-4754
-5138
-5525
-5912
-6164
-6205
-6162
-5960
-5571
-5157
-4602
-3906
-3155
-2382
-1557
-843
-258
271
719
1051
1248
1347
1291
1157
1017
975
973
1054
1262
1492
1848
2285
2782
3306
3747
4140
4426
4562
4595
4487
4190
3782
3323
2814
2341
1933
1579
1393
1496
1740
2001
2512
3081
3589
4063
4403
4586
4526
4291
3819
3092
2276
1465
634
-139
-895
-1618
-2175
-2606
-2850
-2982
-2964
-2878
-2841
-2805
-2743
-2774
-2827
-3026
-3457
-3938
-4437
-4989
-5543
-5932
-6301
-6541
-6580
-6393
-5956
-5282
-4491
-3625
-2710
-1776
-872
-116
524
1019
1308
1401
1351
1168
934
634
277
68
-1
4
200
523
949
1525
2184
2762
3365
4001
4420
4596
4580
4338
3902
3397
2804
2182
1553
1037
681
463
596
1018
1555
2080
2694
3333
3858
4389
4652
4636
4340
3807
3048
2145
1327
515
-399
-1251
-1938
-2459
-2777
-2876
-2761
-2535
-2252
-1872
-1520
-1245
-1117
-1229
-1533
-2056
-2683
-3316
-4007
-4753
-5485
-6034
-6256
-6247
-5993
-5439
-4666
-3790
-2725
-1606
-646
229
932
1377
1565
1709
1637
1207
647
63
-455
-878
-1138
-1222
-1111
-807
-318
316
1129
2080
2902
3518
4089
4470
4623
4594
4203
3546
2779
2124
1517
963
621
485
397
427
784
1326
1985
2711
3286
3703
4099
4426
4377
4063
3665
3035
2222
1396
600
-206
-895
-1494
-1897
-2054
-1937
-1665
-1428
-1121
-750
-405
-207
-92
-223
-604
-1079
-1700
-2389
-3036
-3663
-4243
-4715
-4991
-4981
-4794
-4401
-3859
-3243
-2480
-1685
-950
-435
-1
225
216
79
-208
-603
-1034
-1550
-2113
-2473
-2648
-2676
-2571
-2287
-1735
-1101
-465
296
1034
1628
2191
2625
2836
2946
2924
2742
2399
2001
1642
1280
1013
903
843
941
1202
1529
1928
2439
2921
3337
3699
4011
4231
4245
4063
3754
3243
2666
2065
1400
770
248
-219
-580
-750
-754
-673
-534
-305
-139
15
112
131
49
-125
-414
-866
-1359
-1795
-2256
-2742
-3072
-3378
-3564
-3521
-3394
-3200
-2965
-2681
-2389
-2196
-2020
-1775
-1656
-1695
-1774
-1958
-2271
-2495
-2732
-3035
-3215
-3325
-3371
-3258
-2934
-2548
-2120
-1632
-1082
-459
179
851
1465
1903
2321
2578
2661
2727
2715
2614
2468
2352
2299
2327
2392
2506
2691
2939
3231
3559
3817
4098
4356
4389
4377
4268
4060
3775
3412
3011
2593
2175
1775
1360
1014
756
515
386
368
341
333
379
380
346
316
227
78
-132
-452
-810
-1060
-1342
-1642
-1951
-2183
-2392
-2681
-2905
-3042
-3170
-3333
-3471
-3524
-3601
-3628
-3661
-3770
-3933
-4050
-4096
-4230
-4278
-4246
-4258
-4239
-4072
-3801
-3502
-3143
-2733
-2333
-1838
-1311
-813
-371
54
461
836
1195
1540
1809
2081
2377
2569
2678
2876
3134
3297
3507
3711
3856
4018
4129
4185
4204
4224
4184
4072
3941
3771
3540
3253
3002
2729
2571
2477
2376
2299
2235
2170
2126
2045
1950
1874
1713
1539
1290
1020
767
500
173
-208
-501
-815
-1134
-1405
-1629
-1876
-2133
-2367
-2628
-2876
-3142
-3444
-3788
-4164
-4551
-4947
-5348
-5736
-6045
-6270
-6365
-6318
-6222
-5999
-5679
-5294
-4811
-4237
-3695
-3171
-2723
-2366
-1991
-1617
-1286
-996
-716
-483
-206
171
600
1123
1704
2260
2871
3553
4158
4740
5148
5411
5626
5670
5638
5546
5339
5050
4727
4400
4104
3859
3704
3581
3466
3467
3523
3673
3799
3857
3837
3698
3593
3419
3220
2947
2620
2189
1764
1366
952
581
247
-89
-375
-617
-780
-900
-1070
-1242
-1496
-1757
-2013
-2303
-2705
-3127
-3573
-4154
-4706
-5188
-5571
-5936
-6175
-6365
-6489
-6495
-6418
-6223
-5976
-5688
-5380
-5002
-4629
-4234
-3835
-3489
-3218
-2954
-2646
-2302
-1943
-1597
-1266
-895
-453
68
619
1151
1754
2289
2791
3282
3779
4169
4438
4654
4776
4872
4896
4839
4728
4551
4361
4263
4215
4151
4126
4121
4096
4116
4177
4265
4351
4336
4252
4109
3915
3726
3447
3090
2681
2256
1778
1346
968
557
153
-252
-571
-830
-1098
-1329
-1617
-1929
-2183
-2473
-2798
-3130
-3472
-3848
-4227
-4539
-4820
-5107
-5341
-5552
-5734
-5819
-5796
-5750
-5653
-5488
-5312
-5067
-4791
-4477
-4166
-3850
-3484
-3147
-2800
-2418
-2073
-1777
-1499
-1202
-886
-530
-164
207
545
885
1249
1656
2074
2455
2869
3195
3494
3811
4074
4292
4480
4540
4534
4530
4515
4490
4458
4468
4459
4415
4373
4403
4486
4531
4582
4542
4418
4300
4123
3906
3661
3359
2997
2607
2126
1658
1242
777
297
-122
-477
-867
-1242
-1512
-1772
-2063
-2324
-2530
-2765
-3012
-3230
-3495
-3769
-4042
-4314
-4586
-4793
-4953
-5094
-5150
-5178
-5149
-5064
-4894
-4632
-4352
-4069
-3768
-3423
-3111
-2800
-2479
-2169
-1883
-1659
-1444
-1211
-1010
-813
-624
-449
-194
117
418
718
1051
1406
1691
1929
2206
2434
2626
2806
2935
3033
3068
3095
3138
3189
3295
3361
3435
3543
3588
3672
3716
3750
3765
3740
3660
3543
3402
3234
3059
2884
2648
2382
2126
1851
1608
1297
1013
702
400
126
-157
-423
-653
-923
-1222
-1490
-1809
-2059
-2304
-2565
-2805
-3076
-3305
-3480
-3640
-3792
-3839
-3851
-3882
-3843
-3761
-3680
-3545
-3395
-3242
-3058
-2924
-2787
-2626
-2465
-2243
-2045
-1851
-1620
-1408
-1193
-1005
-791
-589
-355
-173
-19
160
267
412
558
683
845
1029
1198
1387
1543
1723
1934
2111
2271
2394
2546
2650
2716
2777
2798
2781
2775
2771
2769
2757
2733
2736
2711
2705
2670
2625
2610
2515
2382
2253
2049
1804
1513
1226
925
595
282
-14
-298
-589
-782
-925
-1094
-1195
-1293
-1345
-1372
-1451
-1488
-1555
-1664
-1755
-1878
-1976
-2078
-2224
-2298
-2366
-2420
-2367
-2261
-2104
-1911
-1736
-1488
-1271
-1110
-961
-839
-753
-726
-710
-715
-762
-834
-903
-980
-1040
-1033
-993
-881
-740
-621
-424
-216
-26
183
361
557
757
899
976
1046
1082
1113
1141
1167
1223
1302
1380
1463
1568
1721
1877
1965
2040
2117
2146
2097
2019
1857
1685
1445
1173
887
640
423
189
-18
-195
-310
-367
-373
-398
-378
-325
-295
-309
-313
-326
-397
-491
-551
-640
-736
-826
-914
-946
-939
-896
-835
-794
-706
-602
-507
-393
-266
-198
-150
-177
-264
-395
-581
-736
-949
-1164
-1353
-1543
-1714
-1805
-1851
-1858
-1789
-1650
-1485
-1333
-1159
-982
-844
-702
-500
-342
-240
-173
-56
66
191
336
523
705
935
1162
1349
1561
1758
1934
2045
2136
2196
2220
2174
2104
1986
1825
1628
1424
1262
1086
931
793
641
503
376
309
228
122
57
33
6
-15
-12
15
28
27
22
27
17
-2
11
35
87
105
136
165
172
194
198
246
247
217
162
72
-28
-160
-312
-475
-702
-948
-1186
-1462
-1674
-1877
-2034
-2116
-2163
-2201
-2200
-2147
-2062
-1925
-1781
-1620
-1450
-1264
-1119
-957
-777
-589
-419
-289
-139
31
191
343
488
617
769
913
1068
1181
1290
1379
1457
1495
1497
1455
1440
1378
1278
1194
1090
1016
941
884
833
822
794
751
772
794
816
828
817
814
781
753
732
742
728
685
637
619
623
614
571
513
462
385
306
258
160
3
-155
-339
-543
-746
-933
-1131
-1360
-1592
-1765
-1933
-2084
-2215
-2307
-2347
-2411
-2444
-2437
-2377
-2271
-2154
-2058
-1905
-1724
-1591
-1471
-1313
-1163
-1026
-881
-698
-556
-438
-304
-190
-109
32
202
343
481
660
850
996
1192
1360
1461
1586
1653
1683
1667
1657
1648
1602
1552
1543
1576
1603
1646
1685
1766
1849
1945
2037
2099
2129
2129
2056
1995
1906
1795
1636
1424
1236
1065
920
801
665
506
365
256
131
-21
-142
-298
-496
-705
-890
-1061
-1241
-1446
-1634
-1838
-1998
-2089
-2191
-2245
-2265
-2267
-2234
-2188
-2095
-1973
-1862
-1760
-1678
-1568
-1468
-1371
-1317
-1310
-1322
-1351
-1370
-1402
-1354
-1337
-1328
-1255
-1162
-1016
-829
-634
-383
-194
24
261
399
583
703
810
890
966
1048
1152
1253
1377
1537
1706
1889
2101
2294
2507
2707
2822
2962
3054
3081
3037
2982
2811
2576
2370
2132
1881
1600
1329
1084
863
641
443
222
50
-140
-326
-514
-715
-947
-1224
-1471
-1677
-1863
-2011
-2145
-2237
-2257
-2289
-2259
-2174
-2090
-1999
-1870
-1763
-1650
-1518
-1413
-1371
-1358
-1381
-1414
-1408
-1410
-1404
-1444
-1473
-1492
-1476
-1431
-1361
-1295
-1191
-1090
-1015
-884
-792
-659
-558
-459
-358
-248
-118
-11
151
313
509
705
944
1187
1457
1723
1981
2214
2436
2663
2825
2960
3028
3073
3072
3025
2982
2907
2789
2665
2542
2394
2221
2063
1872
1651
1413
1185
962
726
501
294
51
-169
-402
-611
-761
-907
-1023
-1112
-1205
-1322
-1422
-1464
-1478
-1495
-1486
-1475
-1461
-1427
-1441
-1423
-1386
-1376
-1398
-1378
-1390
-1435
-1504
-1578
-1625
-1689
-1726
-1739
-1750
-1736
-1688
-1642
-1559
-1458
-1317
-1207
-1101
-980
-834
-743
-576
-417
-268
-103
62
268
429
662
883
1103
1324
1571
1773
1949
2132
2266
2390
2495
2515
2538
2444
2345
2278
2122
1964
1812
1662
1503
1379
1246
1107
989
854
755
639
498
397
265
118
-53
-232
-411
-575
-719
-853
-983
-1041
-1123
-1192
-1211
-1189
-1173
-1191
-1110
-1040
-1008
-1038
-1048
-1113
-1215
-1268
-1377
-1458
-1529
-1600
-1665
-1686
-1695
-1699
-1675
-1620
-1530
-1421
-1300
-1193
-1099
-1006
-862
-746
-613
-474
-359
-268
-157
-6
163
322
427
576
746
914
1094
1281
1449
1586
1707
1856
1959
1970
2021
1983
1871
1776
1698
1605
1500
1373
1241
1147
1097
1026
961
929
884
846
821
789
749
692
640
585
513
427
301
144
-22
-191
-391
-512
-592
-701
-756
-842
-836
-819
-825
-778
-770
-771
-784
-828
-932
-974
-1051
-1200
-1344
-1432
-1484
-1536
-1579
-1588
-1518
-1446
-1314
-1148
-992
-791
-590
-423
-262
-68
91
160
213
256
294
298
310
328
345
371
391
438
510
600
716
792
889
960
1023
1066
1093
1076
1020
940
839
732
622
542
424
377
323
319
354
388
444
515
592
652
692
751
765
713
654
543
439
275
107
-65
-237
-365
-516
-633
-695
-728
-732
-746
-722
-711
-699
-707
-766
-809
-871
-938
-978
-1059
-1100
-1146
-1172
-1195
-1158
-1082
-1010
-865
-730
-558
-402
-229
-68
74
235
352
412
483
538
528
479
411
368
291
255
251
232
220
212
241
208
199
200
175
150
166
193
182
157
152
132
90
87
123
169
186
244
283
313
377
420
450
504
540
561
572
586
583
527
486
429
323
255
172
68
-24
-101
-142
-229
-282
-314
-365
-438
-489
-525
-569
-579
-606
-604
-664
-691
-679
-640
-601
-577
-506
-453
-332
-198
-91
78
161
277
380
503
606
660
729
780
796
772
768
734
658
614
547
474
427
344
275
220
156
104
24
-20
-59
-89
-120
-166
-169
-167
-137
-137
-74
-27
-9
66
106
132
161
157
190
189
147
137
81
23
29
-22
-59
-83
-121
-132
-167
-182
-220
-305
-376
-479
-562
-597
-642
-679
-712
-756
-753
-735
-725
-674
-656
-640
-594
-539
-460
-349
-266
-187
-120
-27
103
211
296
302
362
401
425
471
490
536
543
507
473
428
398
336
264
209
157
90
1
-67
-107
-172
-211
-171
-173
-153
-140
-102
-79
-72
-16
-7
-3
29
58
81
110
168
193
184
210
214
191
217
202
152
130
58
-32
-112
-188
-271
-344
-416
-464
-509
-560
-589
-577
-584
-566
-498
-450
-407
-326
-238
-190
-150
-92
-5
56
108
173
236
304
334
414
490
535
607
720
752
790
836
859
840
768
706
628
560
466
373
302
214
106
-6
-51
-70
-107
-119
-93
-97
-90
-53
-27
-13
-43
-2
65
105
164
170
146
141
163
184
198
214
203
173
153
141
104
89
60
-7
-72
-131
-178
-239
-309
-388
-456
-544
-603
-641
-716
-763
-794
-777
-744
-716
-634
-541
-484
-387
-271
-198
-158
-121
-67
-21
33
96
128
180
218
274
329
378
399
442
448
478
501
478
423
340
266
174
142
61
4
-47
-99
-194
-278
-337
-354
-382
-379
-341
-297
-266
-229
-195
-163
-92
-51
8
36
56
93
83
89
88
45
15
-16
-9
-40
-68
-105
-167
-187
-196
-199
-220
-281
-353
-359
-400
-425
-441
-485
-516
-535
-555
-563
-527
-474
-407
-346
-235
-105
-38
75
167
229
304
397
494
568
617
684
732
781
828
868
907
922
943
925
891
833
776
691
622
565
514
449
383
321
246
172
124
57
19
-28
-82
-135
-180
-223
-253
-260
-255
-219
-214
-151
-116
-97
-83
-61
-61
-58
-40
-64
-63
-111
-124
-176
-215
-222
-292
-368
-436
-477
-520
-542
-577
-552
-537
-556
-553
-530
-462
-415
-418
-376
-309
-279
-245
-205
-156
-140
-97
-32
38
125
204
264
352
425
511
609
685
771
783
833
863
847
830
754
667
597
533
472
401
315
248
170
99
70
30
-8
-29
-63
-92
-129
-131
-195
-290
-347
-383
-415
-445
-440
-447
-424
-420
-358
-340
-324
-260
-214
-240
-229
-232
-255
-279
-342
-368
-460
-511
-546
-589
-641
-670
-691
-715
-730
-733
-726
-688
-641
-602
-548
-477
-421
-370
-316
-301
-259
-233
-184
-131
-103
-29
21
106
194
245
351
451
532
617
678
753
797
834
884
891
922
937
914
879
852
843
772
743
713
630
584
552
523
478
432
427
401
344
316
282
205
148
105
70
33
-12
-6
-23
-73
-87
-108
-151
-177
-216
-249
-301
-313
-348
-372
-410
-435
-454
-470
-465
-468
-474
-505
-504
-519
-529
-518
-503
-476
-451
-407
-355
-330
-272
-228
-181
-120
-64
13
40
68
75
58
49
52
98
140
129
129
152
174
175
185
218
238
280
329
341
388
383
376
389
410
415
411
422
402
404
362
340
317
296
297
304
345
323
330
348
364
378
368
337
256
167
126
-7
-92
-141
-206
-279
-370
-439
-507
-551
-586
-601
-632
-620
-623
-603
-591
-598
-602
-609
-606
-609
-611
-626
-626
-613
-592
-536
-496
-449
-400
-363
-269
-191
-107
-55
-16
38
34
54
34
-1
-72
-100
-109
-135
-117
-119
-123
-107
-49
9
83
154
201
245
268
296
309
325
335
353
350
338
350
357
407
422
462
523
547
580
626
626
616
625
635
625
597
555
501
429
353
282
217
116
22
-44
-100
-144
-201
-195
-213
-225
-226
-224
-211
-247
-244
-236
-272
-294
-297
-330
-295
-316
-340
-312
-291
-268
-243
-187
-150
-105
-46
-22
-17
2
15
14
28
20
15
-13
-55
-108
-146
-162
-182
-142
-126
-101
-67
-35
-26
44
66
96
127
118
150
148
145
170
171
168
157
146
191
234
275
299
322
388
461
482
496
500
479
465
454
432
379
313
242
137
70
20
-59
-123
-140
-168
-185
-196
-199
-201
-202
-196
-205
-244
-253
-269
-324
-344
-361
-357
-370
-343
-341
-343
-286
-259
-235
-204
-186
-165
-163
-165
-181
-204
-234
-265
-240
-245
-293
-316
-342
-349
-340
-359
-359
-369
-378
-358
-302
-309
-267
-199
-175
-127
-79
-66
-26
-20
-17
23
38
61
100
135
183
227
210
240
262
270
319
359
381
393
379
376
371
359
376
349
324
288
239
210
184
148
99
90
71
57
95
110
90
67
79
104
147
168
167
126
118
85
61
83
47
49
40
24
25
6
6
-13
-36
-29
-35
-3
9
-14
-16
-55
-70
-29
-13
-25
-39
-56
-87
-90
-76
-77
-94
-88
-61
-29
9
35
51
8
-11
-2
29
42
56
36
45
60
80
112
91
83
42
29
15
17
10
13
-1
-6
16
37
89
100
111
161
167
181
172
134
118
89
70
54
19
-36
-77
-98
-106
-89
-58
-48
-52
-67
-52
-46
-86
-93
-120
-163
-185
-192
-202
-213
-234
-288
-293
-272
-243
-243
-206
-172
-184
-161
-157
-132
-121
-131
-129
-124
-160
-167
-166
-206
-202
-200
-193
-171
-142
-133
-118
-99
-88
-57
-55
-34
0
-5
-2
14
9
-36
-43
-67
-52
-44
-24
-13
33
94
129
172
203
235
256
263
270
303
329
342
323
271
248
220
178
169
177
174
125
106
136
175
176
203
195
162
122
80
42
27
21
-26
-27
-46
-106
-145
-181
-184
-175
-145
-137
-131
-123
-138
-148
-130
-73
-49
3
16
36
37
53
40
4
2
-38
-74
-88
-58
-74
-72
-55
-53
-25
-13
-6
27
45
48
44
41
29
29
38
5
-5
2
-2
18
44
57
64
89
139
187
193
221
252
259
284
311
313
300
305
307
316
313
296
258
205
209
192
135
134
109
92
55
9
-32
-94
-122
-167
-214
-255
-299
-322
-352
-370
-388
-396
-356
-318
-299
-278
-245
-232
-242
-238
-220
-198
-189
-163
-117
-104
-88
-80
-121
-105
-94
-73
-74
-81
-66
-35
-2
-9
-3
-12
-21
-35
-31
-54
-87
-113
-130
-152
-137
-145
-161
-137
-130
-97
-61
-11
-1
16
30
60
64
52
60
62
102
115
159
184
147
138
176
159
166
152
150
148
102
97
133
120
93
102
78
87
85
48
25
12
1
-30
-56
-51
-57
-65
-96
-58
-58
-50
-17
-38
-19
-10
-5
2
9
10
4
9
2
27
44
25
39
22
-1
0
27
24
58
59
45
22
-18
4
-10
-6
-32
-7
-2
-2
-19
-21
-10
-42
-31
-22
-11
10
12
2
21
59
84
111
115
122
114
135
127
127
128
122
129
98
97
92
73
76
70
81
56
57
69
63
67
97
99
94
111
102
110
89
91
82
64
66
79
85
66
71
71
37
7
46
33
8
18
18
3
-8
4
-6
-24
-26
-43
-94
-134
-176
-208
-210
-245
-257
-261
-264
-254
-264
-210
-205
-220
-219
-224
-186
-187
-195
-172
-161
-140
-120
-130
-130
-110
-56
-19
-22
1
2
-30
-55
-63
-37
-41
-20
-9
-19
-29
-46
-50
-60
-88
-60
-67
-52
-30
-55
-38
-63
-76
-35
-15
-10
41
60
48
83
99
115
105
118
172
169
185
169
160
160
140
134
105
111
104
81
50
27
37
42
47
23
-2
-7
-59
-99
-120
-148
-160
-172
-204
-207
-179
-170
-138
-139
-112
-69
-34
-30
-16
4
31
54
72
86
123
158
199
231
249
270
240
265
249
219
212
207
187
166
157
137
94
66
67
33
48
24
29
9
8
48
45
63
75
104
142
120
133
121
126
122
96
124
136
149
158
154
173
178
175
177
181
165
159
166
138
122
111
74
36
-7
-68
-96
-120
-171
-219
-256
-284
-315
-341
-373
-382
-382
-372
-363
-370
-350
-360
-329
-299
-272
-246
-218
-188
-148
-129
-113
-106
-119
-129
-91
-70
-65
-72
-93
-90
-90
-80
-87
-135
-147
-142
-135
-128
-134
-132
-109
-127
-127
-153
-120
-89
-81
-62
-50
-17
8
7
31
59
91
121
133
169
184
216
224
239
281
300
300
325
325
329
310
288
258
212
196
197
170
124
131
108
97
66
42
42
22
-12
-29
-24
-70
-82
-57
-61
-83
-82
-80
-92
-110
-122
-108
-71
-83
-56
-69
-86
-73
-71
-71
-94
-54
-55
-84
-71
-70
-54
-40
-69
-77
-68
-55
-71
-27
-3
6
16
15
30
58
71
105
112
114
106
85
95
115
134
161
193
199
241
248
226
231
255
259
251
243
238
224
216
203
187
154
119
119
81
105
100
78
85
93
81
91
82
81
82
69
77
39
13
-14
-36
-96
-104
-133
-183
-190
-190
-200
-244
-263
-302
-315
-323
-328
-315
-317
-324
-362
-339
-349
-348
-350
-329
-319
-326
-321
-309
-276
-273
-263
-257
-211
-200
-199
-157
-142
-103
-35
16
41
79
73
99
137
159
181
215
191
184
190
182
167
154
135
128
150
132
142
153
121
87
104
105
88
101
110
129
112
64
78
76
70
96
84
91
78
74
72
52
29
8
19
-11
-30
-55
-55
-79
-99
-118
-141
-140
-159
-170
-186
-179
-187
-206
-187
-174
-155
-170
-149
-152
-140
-155
-151
-119
-147
-120
-102
-92
-74
-61
-48
-34
18
20
54
85
99
134
156
195
193
202
249
283
296
310
313
326
318
340
362
362
390
370
364
364
343
345
348
348
350
355
359
360
359
378
363
354
358
339
318
307
278
226
198
175
129
91
43
5
-31
-90
-142
-181
-226
-253
-277
-289
-291
-329
-367
-391
-386
-419
-457
-464
-496
-502
-511
-496
-543
-563
-534
-578
-591
-559
-538
-511
-497
-466
-446
-405
-344
-300
-236
-198
-160
-128
-104
-78
-79
-93
-73
-61
-100
-67
-59
-47
-21
-36
-8
9
50
61
86
108
141
191
205
218
228
263
274
305
335
329
351
361
365
373
369
390
381
372
376
361
344
357
360
312
272
241
193
181
171
156
118
84
48
-6
-55
-107
-147
-182
-210
-236
-265
-282
-308
-305
-313
-339
-376
-363
-364
-353
-313
-307
-262
-227
-200
-169
-150
-119
-72
-43
-46
-10
-15
-21
-29
-36
-50
-75
-80
-94
-82
-66
-35
-23
21
61
108
152
202
218
225
266
287
302
289
323
286
255
252
253
272
296
327
338
378
370
395
414
433
449
401
402
404
400
369
359
334
293
256
217
183
139
80
52
15
-55
-79
-138
-197
-234
-272
-292
-295
-275
-285
-310
-328
-331
-318
-328
-351
-330
-349
-348
-363
-369
-374
-372
-339
-349
-338
-340
-312
-292
-278
-264
-237
-237
-213
-211
-198
-190
-147
-125
-121
-89
-91
-68
-47
-40
-15
11
13
56
61
58
118
128
172
193
207
206
206
231
217
226
241
263
248
233
250
225
220
205
174
180
150
115
92
70
48
30
5
12
15
-10
-7
-31
-43
-79
-87
-95
-124
-128
-145
-144
-177
-158
-177
-190
-202
-202
-181
-180
-191
-205
-184
-205
-197
-219
-235
-260
-262
-278
-275
-246
-253
-256
-248
-253
-227
-180
-151
-104
-73
-70
-33
17
31
64
96
142
154
161
207
226
241
263
266
272
306
344
351
363
386
422
456
472
484
478
484
469
443
438
418
406
385
356
347
304
267
266
265
216
218
197
153
149
127
108
77
72
60
23
20
9
-21
-22
-29
-40
-35
-60
-77
-93
-111
-144
-159
-185
-221
-216
-237
-266
-287
-311
-339
-348
-379
-378
-392
-408
-392
-392
-369
-364
-371
-363
-347
-323
-324
-321
-310
-292
-277
-248
-229
-209
-190
-152
-129
-101
-59
-10
35
39
53
91
138
134
139
161
162
190
205
213
205
208
190
176
169
182
159
137
163
128
115
110
97
109
126
107
84
94
68
59
58
46
32
10
-24
-8
-32
-66
-64
-113
-134
-152
-160
-185
-178
-183
-214
-230
-209
-205
-198
-178
-195
-200
-194
-142
-150
-160
-139
-164
-154
-119
-100
-107
-102
-94
-68
-66
-64
-71
-44
-46
-23
-4
8
61
86
124
138
164
177
215
217
211
229
225
224
200
197
207
189
183
188
216
216
231
269
284
327
347
345
361
355
355
364
358
344
335
324
312
275
240
230
196
190
205
195
169
136
134
96
63
43
30
-9
-29
-43
-81
-75
-103
-119
-139
-140
-152
-184
-230
-241
-231
-283
-300
-314
-342
-349
-354
-354
-353
-364
-345
-344
-332
-279
-274
-252
-222
-250
-227
-204
-185
-146
-141
-120
-124
-130
-127
-140
-117
-109
-106
-64
-78
-79
-55
-43
-18
-10
9
53
82
55
73
82
84
75
91
115
100
66
69
91
97
89
87
69
65
77
81
78
83
69
64
50
51
80
68
89
68
48
33
43
41
31
20
-1
-32
-26
-6
7
8
9
9
-17
-15
-14
-3
-9
-26
-32
-12
-32
-58
-62
-77
-70
-83
-84
-91
-91
-97
-99
-103
-101
-74
-83
-104
-97
-108
-118
-111
-108
-70
-76
-49
-43
-25
5
-11
30
22
46
81
105
107
99
121
88
81
91
114
157
166
170
140
140
161
153
166
209
218
265
285
268
264
277
272
251
250
213
220
210
197
181
175
133
119
153
127
156
114
103
93
44
43
46
43
28
6
-25
-32
-33
-61
-87
-134
-139
-153
-168
-158
-185
-197
-200
-191
-207
-217
-212
-213
-219
-248
-273
-271
-260
-263
-282
-242
-218
-173
-146
-130
-101
-94
-90
-60
-62
-47
-27
-37
-27
-23
1
7
0
43
63
72
80
66
69
63
71
75
69
73
51
49
77
50
58
58
56
27
11
36
2
-20
-27
-32
-46
-4
-7
-12
13
11
22
41
50
46
43
22
-10
12
5
3
0
-47
-33
-21
-60
-75
-76
-100
-142
-182
-161
-145
-146
-143
-154
-149
-128
-122
-134
-160
-151
-174
-196
-199
-207
-225
-215
-188
-196
-178
-152
-136
-100
-64
-65
-43
-33
-26
-11
-26
20
20
48
73
88
116
147
193
213
244
267
270
282
295
313
314
341
335
344
362
320
329
313
320
332
342
351
328
326
330
287
271
299
279
258
247
255
234
190
167
144
113
93
93
63
43
18
-11
-21
-39
-47
-63
-74
-69
-70
-87
-83
-105
-132
-129
-156
-156
-165
-186
-193
-214
-223
-235
-253
-277
-280
-288
-297
-303
-281
-269
-283
-246
-232
-239
-236
-228
-214
-195
-200
-174
-148
-122
-141
-140
-115
-119
-104
-77
-65
-76
-56
-48
-65
-41
-16
-16
2
28
56
48
80
87
99
135
163
196
185
176
170
151
125
144
117
109
99
117
107
81
46
13
0
14
21
2
24
-26
-20
-49
-71
-102
-122
-120
-120
-116
-121
-126
-172
-181
-184
-172
-158
-141
-130
-138
-157
-158
-148
-132
-121
-112
-120
-108
-77
-55
-76
-66
-57
-39
-38
-52
-38
-19
-18
5
35
19
49
53
104
127
122
165
181
174
208
200
175
200
209
205
205
213
239
242
257
241
241
276
293
279
278
288
274
264
276
260
237
221
218
212
171
181
141
132
126
108
116
91
66
39
24
-2
-11
-14
-15
-26
-39
-60
-70
-68
-87
-97
-110
-145
-178
-189
-212
-234
-241
-254
-266
-254
-224
-211
-238
-222
-229
-245
-240
-224
-216
-217
-242
-266
-248
-249
-259
-217
-201
-172
-127
-100
-62
-45
-33
18
58
72
102
118
109
108
82
101
111
75
50
58
74
83
114
106
141
159
176
198
195
181
188
204
176
161
164
117
90
74
66
42
20
4
-21
-32
-53
-41
-57
-48
-42
-64
-52
-65
-72
-89
-94
-87
-99
-128
-149
-154
-180
-185
-200
-227
-217
-225
-228
-211
-193
-205
-188
-219
-221
-178
-182
-153
-158
-154
-134
-95
-90
-89
-78
-54
5
17
55
77
64
85
91
86
80
99
119
108
124
129
147
147
136
157
162
174
186
191
203
209
225
214
216
229
227
209
205
212
187
183
185
201
182
199
217
202
187
189
190
182
180
176
154
144
155
120
124
84
69
38
22
30
7
-53
-95
-110
-133
-129
-162
-177
-193
-223
-224
-232
-241
-223
-208
-246
-242
-204
-200
-196
-214
-171
-196
-188
-158
-143
-134
-142
-131
-131
-106
-58
-49
-47
-31
-35
-2
-9
-8
-1
6
22
17
35
34
32
56
63
95
110
108
113
108
115
89
86
74
80
65
52
76
66
73
98
82
83
91
77
92
83
77
64
45
58
60
48
38
22
20
-17
-10
-27
-31
-24
-47
-71
-93
-109
-128
-141
-146
-149
-168
-177
-169
-169
-186
-190
-172
-202
-238
-216
-212
-231
-195
-187
-208
-201
-162
-136
-158
-135
-104
-103
-103
-79
-45
-34
-21
17
8
16
35
45
51
53
78
68
76
69
52
44
75
103
123
157
182
194
183
198
204
221
225
213
234
226
220
219
222
211
186
190
222
213
206
206
188
225
199
196
187
157
132
121
103
84
64
31
25
0
-4
-27
-10
-29
-65
-79
-91
-105
-115
-106
-118
-126
-147
-121
-100
-85
-92
-71
-97
-92
-89
-84
-88
-85
-75
-60
-22
7
1
-10
-8
-26
-18
-2
-1
-1
-8
-33
-1
1
4
29
43
79
65
46
45
22
35
19
9
26
21
6
-7
-25
-24
-10
-26
-45
-48
-68
-62
-76
-68
-69
-88
-87
-86
-93
-98
-70
-80
-71
-77
-81
-86
-80
-106
-111
-83
-90
-60
-60
-45
-55
-69
-84
-102
-78
-76
-59
-42
-38
-60
-55
-44
-55
-50
-26
-21
16
34
16
4
-32
-48
-50
-72
-78
-69
-102
-102
-104
-126
-118
-111
-103
-93
-77
-71
-63
-52
-45
-34
-31
-21
-3
7
10
18
14
39
46
58
77
104
144
145
147
144
178
198
213
229
220
221
216
201
226
206
193
190
177
193
200
191
207
212
188
171
158
153
159
158
135
115
67
37
34
21
11
-1
-11
7
-8
-35
-56
-54
-35
-58
-89
-95
-106
-144
-148
-157
-168
-201
-206
-195
-175
-183
-192
-161
-143
-120
-75
-63
-47
-38
-74
-52
-5
5
21
38
33
37
34
12
36
15
47
53
47
110
101
99
97
87
99
81
101
115
99
74
59
52
37
12
11
19
23
50
17
15
8
-23
-13
-4
10
6
-18
-16
-7
-18
-12
-11
-27
-5
15
-3
-11
-1
-21
-41
-23
-24
-37
-43
-71
-84
-107
-125
-137
-139
-133
-146
-139
-137
-161
-172
-174
-195
-191
-193
-178
-182
-197
-163
-136
-153
-125
-105
-122
-123
-110
-126
-93
-77
-75
-46
-54
-43
-27
-7
-3
23
30
7
15
42
64
68
53
62
55
39
54
40
46
52
24
25
52
48
55
90
105
102
126
131
157
182
170
148
129
142
136
130
127
122
133
129
114
114
128
137
133
143
125
137
155
148
147
127
123
106
88
77
66
22
34
-2
-22
-16
-25
-23
-22
0
-22
2
-25
-22
-20
-59
-25
-7
6
-38
-47
-37
-25
-25
-22
-5
-31
-33
-13
-22
-19
-14
-22
14
16
23
28
18
24
5
-5
-4
16
4
14
38
31
25
12
27
28
14
0
-26
-37
-46
-56
-60
-70
-64
-60
-63
-68
-66
-61
-84
-81
-61
-49
-50
-71
-49
-63
-72
-72
-74
-91
-78
-79
-90
-103
-99
-91
-106
-94
-110
-91
-74
-79
-81
-96
-68
-84
-79
-58
-74
-90
-81
-75
-68
-50
-54
-70
-100
-90
-68
-51
-59
-40
-26
-20
-9
-13
0
-20
-17
10
16
20
16
46
44
44
80
80
63
75
75
75
99
105
123
138
149
140
142
134
136
129
134
143
129
136
117
117
90
53
39
35
34
26
26
25
14
13
13
8
-19
1
33
3
21
20
33
32
8
17
22
1
23
15
7
8
-1
15
8
4
0
-22
-17
-9
-20
-14
-15
-23
-35
-24
-38
-46
-72
-64
-68
-65
-50
-48
-57
-62
-30
-42
-40
-21
-1
21
-4
23
35
28
65
60
57
53
54
63
60
49
71
74
79
103
93
72
73
69
38
15
19
5
-19
-8
-9
-12
-4
-15
-30
-12
-21
-32
-31
-46
-46
-61
-65
-56
-64
-55
-39
-35
-46
-42
-33
-32
-32
-24
-14
-5
-8
-30
-18
-25
-14
-17
-17
-16
-39
-35
-57
-59
-56
-81
-90
-84
-71
-81
-84
-88
-103
-97
-83
-67
-69
-73
-81
-68
-76
-85
-77
-89
-82
-63
-70
-74
-66
-75
-88
-84
-44
-26
-31
-11
-13
-22
-14
-4
-14
7
28
38
48
62
60
62
49
43
60
67
84
84
106
113
117
124
158
145
150
156
157
168
152
161
133
124
119
99
95
107
117
95
101
113
130
120
100
108
83
70
80
55
33
32
12
-4
-4
-2
2
-8
-18
-26
-21
-17
-6
1
-24
-15
-33
-32
-53
-36
-52
-71
-66
-70
-75
-79
-66
-72
-76
-64
-41
-40
-23
-11
-27
-35
-48
-43
-43
-55
-46
-56
-58
-41
-36
-36
-41
-28
-11
-5
9
21
25
35
31
35
18
21
17
8
3
-14
-14
-15
-28
-39
-32
-31
-39
-48
-61
-52
-57
-59
-44
-44
-39
-47
-57
-32
-42
-46
-48
-46
-30
-46
-25
-25
-28
-28
-28
-36
-48
-19
-45
-61
-52
-47
-34
-53
-46
-46
-51
-63
-68
-71
-64
-65
-76
-50
-32
-40
-24
-41
-71
-53
-50
-48
-40
-38
-50
-50
-37
-33
-35
-28
-17
-7
8
17
30
52
74
98
104
109
119
124
126
123
118
124
127
139
124
115
110
111
113
102
110
116
116
131
121
111
103
88
87
85
77
77
93
87
88
85
79
67
51
42
35
44
42
41
27
11
6
-10
-16
-10
-19
-19
-11
-18
-18
-7
-14
-18
-16
-18
-17
-18
-31
-27
-38
-49
-34
-36
-20
-16
-29
-21
-15
7
8
9
13
5
-3
-3
9
11
10
-3
-6
-18
-36
-40
-46
-49
-53
-31
-35
-45
-57
-63
-66
-62
-64
-67
-60
-63
-62
-84
-73
-68
-69
-66
-69
-86
-82
-67
-73
-60
-48
-51
-49
-56
-48
-37
-33
-49
-53
-44
-57
-47
-33
-27
-25
-12
-11
-16
-8
20
26
13
7
-2
-10
-7
-24
-35
-23
-24
-25
-31
-25
-28
-45
-38
-34
-37
-23
-23
-17
-26
-36
-40
-41
-45
-23
-12
-17
-27
-22
-20
-20
-4
2
13
19
41
35
51
57
53
59
63
60
68
74
73
83
91
84
98
98
101
113
120
131
113
115
117
116
106
97
95
75
64
78
81
83
87
75
58
53
56
51
34
25
15
-3
1
-9
-11
-23
-30
-41
-49
-30
-38
-35
-51
-50
-48
-50
-41
-36
-22
-19
-16
-10
2
8
8
22
11
13
12
10
-2
13
9
-6
-6
-6
-12
-22
-9
-9
-11
-2
4
6
10
11
23
16
11
14
14
-2
-6
-22
-18
-36
-34
-31
-44
-29
-24
-30
-16
-4
-9
-12
-1
-5
4
-5
-16
-20
-31
-26
-31
-27
-46
-48
-56
-48
-51
-66
-59
-56
-54
-44
-48
-43
-38
-34
-23
-20
-20
-14
-30
-30
-23
-24
-22
-22
-25
-42
-37
-37
-34
-34
-33
-43
-47
-38
-41
-49
-44
-39
-44
-43
-34
-41
-32
-29
-27
-21
-13
-9
5
-1
-5
0
-11
-9
-16
-20
-19
-15
-13
0
3
0
8
17
16
23
30
31
40
41
48
63
52
46
42
42
52
54
59
48
46
56
34
43
44
49
55
57
66
63
60
54
58
46
59
68
69
67
53
53
53
64
60
56
45
45
42
29
36
39
30
23
23
13
14
19
16
17
21
28
25
30
38
55
40
37
41
34
31
31
28
22
32
28
15
-3
-13
-20
-14
-27
-22
-9
-18
-17
-29
-19
-9
-21
-4
-5
-9
-13
-22
-25
-22
-27
-29
-35
-30
-43
-59
-60
-54
-69
-75
-75
-81
-68
-68
-55
-56
-48
-50
-46
-52
-43
-32
-42
-41
-28
-29
-43
-32
-38
-53
-57
-60
-80
-80
-79
-72
-56
-68
-48
-53
-57
-46
-48
-40
-35
-30
-38
-35
-29
-22
-28
-15
-18
-22
-19
-15
-1
5
6
7
7
12
17
22
40
46
36
48
44
27
16
18
20
21
18
11
6
-2
9
6
1
3
11
8
13
17
8
20
27
32
30
40
50
59
57
52
65
68
67
63
68
57
61
59
57
50
43
52
46
37
34
32
20
13
22
16
16
20
12
22
23
23
19
3
2
3
-5
-8
-6
-15
-10
-9
-12
-6
1
8
18
21
18
27
26
39
40
46
44
38
32
37
35
16
21
16
19
15
17
10
-11
-15
-7
-10
-3
1
-3
-10
-12
-19
-20
-18
-15
-11
-7
-6
-4
-14
-19
-25
-15
-9
-14
-9
-11
-5
-6
-8
-13
-23
-27
-42
-34
-25
-39
-47
-51
-53
-54
-52
-47
-39
-43
-45
-49
-41
-50
-56
-53
-49
-44
-50
-59
-63
-58
-51
-26
-15
-7
6
-1
-4
-3
1
-8
-6
1
-4
3
-8
-16
-20
-23
-17
-17
-13
-23
-30
-37
-36
-26
-28
-26
-23
-10
-7
-9
-5
-8
-16
-11
-7
-9
-3
3
9
14
11
14
13
7
28
20
23
32
33
34
32
27
25
37
39
46
45
28
36
41
31
35
39
28
38
43
37
43
34
33
27
23
16
8
8
9
13
5
3
21
16
10
12
15
20
25
34
42
30
23
17
15
25
24
21
20
17
22
14
20
25
13
19
15
21
24
25
21
19
17
13
20
15
16
24
32
41
28
25
25
14
6
11
12
18
13
11
2
-6
-12
-11
-5
-2
2
2
9
2
2
-7
-9
-11
-2
-9
-18
-14
-19
-25
-33
-32
-47
-60
-63
-65
-64
-61
-61
-55
-54
-50
-45
-34
-38
-43
-35
-30
-28
-23
-29
-39
-34
-35
-41
-42
-31
-29
-39
-42
-42
-43
-47
-37
-22
-31
-27
-19
-17
-15
-22
-14
-5
-10
-12
-22
-19
-23
-28
-33
-33
-44
-38
-27
-30
-29
-26
-24
-27
-24
-19
-15
-14
-9
-6
-2
-2
2
11
13
16
26
30
30
36
36
44
44
50
44
36
35
37
40
44
46
54
58
51
43
54
61
68
70
65
59
60
57
57
53
47
41
37
36
23
16
16
20
8
10
16
22
14
19
16
15
22
24
28
21
26
26
25
11
24
30
18
18
24
14
15
28
24
15
15
12
8
4
1
2
-2
-2
-3
-2
-6
-7
-5
-14
-19
-20
-19
-14
-16
-14
-6
-5
-12
-8
-10
-15
-18
-14
-9
-2
1
-10
-13
-18
-17
-19
-12
-9
-27
-25
-28
-31
-32
-34
-28
-24
-24
-27
-41
-53
-48
-52
-59
-54
-43
-41
-35
-33
-36
-36
-34
-28
-24
-24
-25
-27
-33
-33
-32
-30
-32
-29
-21
-26
-21
-13
-23
-26
-29
-28
-24
-22
-10
-9
-16
-7
-4
-11
-3
2
-6
-10
-13
-11
-6
-6
-7
2
2
1
12
4
12
14
20
17
16
29
20
23
25
27
26
29
33
24
18
21
29
13
22
27
32
21
27
35
29
36
40
38
28
42
36
29
23
24
26
22
19
18
20
17
20
20
22
19
20
11
11
4
-1
-1
2
0
-11
-15
-20
-16
-21
-22
-18
-7
-10
5
12
7
15
14
14
19
28
26
30
24
19
14
10
13
8
9
14
9
10
9
5
15
14
8
23
20
15
21
21
23
19
23
19
14
15
12
-3
-2
4
-9
-19
-14
-18
-26
-34
-29
-23
-24
-24
-20
-22
-20
-12
-14
-10
-15
-18
-20
-12
-14
-15
-12
-19
-23
-9
-19
-18
-3
-9
-4
-7
-6
-17
-18
-11
-8
-1
7
10
3
2
1
-5
-6
-9
-13
-12
-13
-25
-26
-42
-47
-48
-42
-31
-28
-20
-20
-22
-21
-21
-18
-12
-11
-8
-8
-7
-12
-16
-18
-22
-32
-37
-37
-36
-28
-32
-30
-16
-15
-8
-4
0
-2
3
7
14
21
18
20
14
17
13
7
7
10
11
5
6
16
20
14
12
21
27
27
29
31
29
26
22
12
5
7
5
3
7
5
10
9
6
1
3
17
15
12
13
12
13
19
21
21
32
30
28
22
25
25
23
30
31
32
37
37
32
33
40
38
39
28
21
14
12
12
15
19
15
21
22
27
25
29
26
24
21
15
20
21
14
7
1
-11
-8
-8
-9
-13
-19
-23
-29
-28
-34
-35
-35
-33
-30
-28
-25
-21
-22
-21
-16
-11
-19
-15
-18
-18
-20
-20
-27
-33
-25
-25
-26
-24
-21
-16
-21
-17
-10
-8
-7
-18
-25
-23
-19
-15
-16
-9
-27
-37
-34
-35
-29
-22
-22
-26
-20
-22
-24
-18
-23
-24
-19
-18
-11
-9
-7
-6
-10
-8
-8
-3
6
5
12
15
1
7
7
2
5
2
6
9
15
15
14
10
4
6
10
15
21
20
18
18
15
9
6
6
12
9
8
10
0
-3
-4
-10
-9
-10
-13
-14
-16
-11
-4
-8
-4
-11
-12
-1
5
11
8
9
6
6
9
11
9
17
14
21
30
28
37
31
31
26
25
32
37
28
24
20
16
18
23
27
20
14
18
22
23
24
20
25
18
16
20
18
20
20
15
20
12
15
22
14
9
8
20
28
26
29
16
2
2
-2
6
3
-3
-11
-23
-23
-22
-21
-20
-16
-16
-26
-18
-16
-16
-7
-9
-14
-12
-8
-16
-14
-9
-9
-11
-18
-15
-17
-30
-19
-19
-23
-21
-14
-8
-8
-5
-9
-10
-15
-12
-12
-11
-13
-16
-18
-24
-26
-18
-16
-15
-16
-21
-20
-24
-28
-34
-37
-34
-33
-27
-19
-26
-30
-30
-36
-33
-23
-14
-11
-21
-16
-16
-20
-20
-10
-1
-11
-13
-15
-12
-8
-6
-4
-1
3
16
15
14
19
17
21
15
13
17
15
11
16
17
13
4
3
9
2
4
3
3
7
9
12
15
14
14
13
9
14
14
19
25
18
15
13
11
19
11
11
7
10
16
13
13
9
13
15
13
14
17
15
17
26
28
31
32
30
33
38
44
46
38
41
32
30
27
21
18
21
21
33
37
30
35
27
19
26
16
13
23
21
16
15
12
13
6
-2
-14
-18
-15
-13
-6
-10
-14
-16
-17
-22
-16
-12
-16
-18
-12
-11
-12
-9
-12
-21
-22
-26
-31
-33
-31
-33
-38
-36
-36
-40
-48
-52
-43
-39
-27
-25
-23
-18
-20
-25
-23
-24
-25
-25
-27
-23
-26
-21
-28
-36
-32
-29
-27
-23
-22
-25
-23
-21
-19
-17
-14
-16
-12
-13
-8
-8
-3
-5
-11
-8
0
12
10
9
6
-4
1
5
14
9
2
2
4
14
20
22
23
13
10
11
11
12
12
17
7
8
5
8
10
10
14
15
20
17
19
19
10
2
1
4
4
6
13
6
5
-1
-3
-5
-1
1
5
15
14
14
10
6
8
2
9
12
16
20
9
14
7
12
13
7
6
7
9
12
24
20
16
14
6
17
18
20
22
22
21
25
19
14
17
18
11
13
19
15
19
19
20
18
18
16
18
20
19
21
22
18
18
15
4
8
7
0
5
6
6
-1
-7
-9
-12
-13
-15
-14
-13
-20
-23
-22
-13
-7
-7
-12
-19
-18
-12
-6
-1
-9
-11
-14
-10
-11
-13
-6
-9
-8
-11
-16
-26
-28
-32
-35
-36
-30
-26
-29
-31
-33
-33
-33
-27
-31
-29
-32
-30
-27
-17
-15
-24
-27
-30
-30
-36
-31
-27
-28
-33
-26
-21
-19
-13
-13
-14
-9
-8
-4
-2
0
-2
2
-1
-4
-2
1
7
5
7
10
5
2
1
-2
0
13
26
30
30
29
28
25
26
26
29
34
27
27
21
14
13
5
7
11
11
10
9
5
1
-1
-1
5
11
18
13
10
17
18
21
14
9
9
14
21
28
24
20
16
21
18
20
20
18
22
15
9
11
18
21
19
20
27
28
29
27
35
31
29
27
19
7
3
7
4
9
6
-3
-2
-6
-12
-7
-11
-13
-14
-16
-24
-21
-26
-21
-15
-22
-21
-15
-14
-7
-9
-11
-13
-16
-16
-15
-13
-13
-12
-9
-7
-5
-9
-16
-12
-8
-6
-8
-2
-1
-6
-6
-7
-8
-7
-2
1
-5
-11
-8
-10
-17
-16
-11
-11
-15
-14
-12
-9
-14
-8
-11
-11
-14
-16
-9
-10
-4
-2
1
-10
-5
-2
-5
9
6
4
-1
-3
-3
-12
-9
-11
-11
-10
-11
-5
-12
-14
-12
-16
-11
-11
-9
-7
-8
-10
-11
-12
-15
-16
-17
-12
-18
-19
-15
-15
-14
-11
-12
-5
1
1
5
-2
-7
0
0
2
6
2
5
-1
2
1
-3
-3
-2
-5
-2
5
13
21
22
24
25
28
25
27
30
22
15
21
18
16
21
24
27
29
38
36
29
27
33
39
41
42
46
39
36
39
37
35
33
28
17
15
17
13
14
9
14
10
9
16
18
13
10
4
-1
1
6
4
3
6
3
1
3
6
1
0
-3
1
-5
-8
-13
-19
-20
-25
-25
-22
-19
-14
-15
-18
-20
-24
-26
-26
-23
-17
-20
-20
-23
-25
-21
-24
-24
-28
-35
-29
-27
-26
-26
-34
-37
-42
-35
-32
-29
-26
-25
-26
-33
-25
-23
-28
-27
-22
-18
-9
-8
-17
-14
-12
-15
-17
-16
-14
-12
-10
-4
3
-5
-2
0
1
-3
2
10
3
4
3
-1
2
10
17
13
12
22
21
15
12
13
10
13
14
16
19
17
19
20
15
15
16
14
19
20
16
22
22
18
17
18
15
18
18
25
21
10
5
-3
-7
-4
-4
-5
-4
-4
0
-4
-8
-6
-6
-3
-3
1
10
12
19
19
20
18
18
22
22
22
22
20
16
18
18
14
16
14
11
13
18
15
13
19
19
18
18
20
21
17
15
16
11
8
5
-3
-7
-18
-22
-20
-17
-18
-15
-13
-11
-8
-10
-9
-4
-4
-4
-1
-3
0
-3
-1
-5
-1
-2
-13
-15
-15
-21
-24
-21
-22
-15
-9
-10
-12
-11
-9
-6
-11
-11
-17
-15
-13
-13
-11
-11
-10
-14
-12
-16
-18
-21
-26
-24
-24
-26
-24
-20
-20
-16
-18
-21
-20
-19
-19
-15
-14
-8
-6
-8
-9
-7
-10
-8
-1
-10
-11
-11
-12
-7
-11
-6
-8
-4
1
7
2
0
4
7
9
5
7
5
5
7
8
5
5
6
3
2
5
13
12
11
15
13
10
9
12
10
15
16
17
16
12
11
7
10
12
9
9
9
11
10
10
18
14
18
15
16
16
15
13
11
11
10
13
15
17
13
11
13
13
14
18
22
22
16
16
19
18
16
19
20
18
15
10
16
13
16
16
8
4
1
2
0
-2
3
3
1
1
2
4
-1
2
-2
-1
2
2
3
4
-2
-7
-7
-6
-6
-6
-5
-8
-9
-13
-18
-13
-11
-17
-17
-16
-24
-30
-25
-19
-14
-7
-10
-8
-11
-9
-11
-8
-3
1
0
-3
-5
-6
-10
-12
-10
-13
-13
-16
-18
-18
-14
-16
-16
-13
-8
-3
0
-2
-6
-9
-7
-6
-5
-1
4
0
-6
-9
-15
-20
-22
-20
-20
-17
-9
-14
-9
-9
-5
-5
-1
2
6
10
12
10
4
-1
-12
-14
-15
-16
-15
-14
-14
-17
-14
-14
-12
-7
-10
-4
-4
-3
-3
-2
1
2
5
7
0
-6
-8
-14
-20
-20
-23
-17
-19
-18
-15
-7
-4
-4
-2
-7
-9
0
2
9
14
20
19
20
26
23
25
21
28
33
30
29
29
23
24
27
32
39
41
39
37
39
40
44
44
40
38
35
34
29
32
32
35
32
28
22
27
22
16
20
21
23
30
28
28
25
24
25
17
19
19
15
10
4
-1
-8
-11
-5
-3
0
-2
-6
-16
-14
-20
-23
-19
-15
-15
-16
-16
-20
-18
-22
-23
-20
-20
-23
-21
-20
-20
-24
-31
-31
-29
-30
-32
-31
-27
-31
-31
-31
-28
-37
-41
-38
-34
-38
-25
-21
-28
-24
-31
-36
-34
-31
-29
-31
-25
-23
-22
-23
-20
-25
-30
-28
-28
-19
-15
-21
-17
-13
-14
-12
-10
-8
-6
1
3
7
9
13
11
7
5
10
12
14
15
11
12
16
12
14
20
16
12
11
