0
2
2
0
3
2
5
6
8
4
2
6
7
11
8
9
12
11
12
15
16
19
17
16
19
20
18
19
17
16
18
17
28
27
29
29
31
31
25
31
29
30
30
25
27
24
27
28
27
26
28
27
22
23
20
17
19
18
19
19
16
15
11
12
6
6
10
8
7
5
4
0
1
4
0
2
-3
-6
-5
-5
-7
-7
-8
-6
-8
-9
-6
-6
-3
-6
-6
-8
-11
-11
-8
-7
-6
-9
-10
-9
-8
-12
-15
-12
-12
-9
-10
-11
-12
-12
-12
-13
-13
-12
-14
-13
-13
-16
-18
-14
-14
-18
-13
-16
-14
-17
-17
-19
-16
-12
-16
-19
-18
-15
-16
-13
-15
-16
-15
-17
-18
-14
-11
-13
-12
-11
-13
-16
-14
-17
-17
-11
-10
-10
-8
-9
-10
-7
-4
-7
-8
-8
-7
-8
-6
-10
-8
-12
-7
-3
-3
0
-1
-1
-5
-2
-2
-3
1
2
4
5
5
2
3
4
6
6
9
6
2
7
10
13
15
16
14
15
17
17
15
12
16
17
17
18
16
16
15
17
15
24
27
24
26
22
20
23
25
22
25
23
22
22
18
16
18
15
16
20
16
16
19
20
15
12
14
12
13
14
11
10
5
7
6
9
11
8
10
3
-1
-4
-1
-1
-1
5
3
5
4
5
5
-1
-2
-2
-1
-2
-2
-1
-1
-2
1
2
1
-4
-6
-8
-8
-2
-4
-3
-9
-7
-8
-10
-7
-10
-10
-10
-11
-10
-11
-15
-11
-12
-17
-19
-17
-16
-15
-17
-18
-17
-17
-18
-18
-19
-19
-15
-17
-21
-21
-21
-21
-19
-21
-17
-16
-18
-17
-19
-16
-16
-19
-21
-17
-14
-16
-15
-9
-14
-15
-13
-13
-14
-14
-14
-15
-13
-13
-13
-11
-11
-12
-10
-11
-14
-11
-9
-9
-7
-9
-6
-7
-6
-2
0
0
0
2
1
6
7
6
8
14
10
11
14
13
13
17
16
14
19
19
22
22
22
20
16
18
17
16
26
25
22
23
17
13
19
19
16
20
23
23
20
19
22
23
22
17
16
18
13
13
10
15
17
16
17
18
14
13
14
11
12
13
14
17
16
16
13
13
13
6
10
9
8
10
6
9
9
6
7
6
0
0
1
0
-2
-6
-6
-10
-8
-6
-6
-3
-4
-8
-13
-12
-13
-16
-14
-12
-13
-14
-10
-13
-17
-20
-24
-20
-18
-18
-19
-17
-20
-22
-17
-17
-18
-18
-16
-12
-13
-13
-15
-16
-13
-18
-13
-11
-13
-11
-10
-12
-11
-10
-13
-11
-11
-11
-12
-12
-12
-11
-10
-11
-12
-12
-9
-8
-9
-14
-8
-9
-9
-10
-7
-7
-8
-8
-9
-12
-8
-9
-10
-4
-6
-6
-4
-7
-4
-2
0
2
0
-1
-3
1
0
-2
2
3
3
1
3
3
2
0
1
3
2
2
8
12
10
9
5
7
7
8
13
15
13
15
18
16
18
17
19
15
16
20
21
16
18
21
18
19
21
22
23
20
20
15
15
14
19
23
18
21
19
18
17
14
17
11
11
11
8
11
16
17
15
15
11
10
12
13
13
10
8
11
8
4
6
6
10
10
8
7
3
-2
3
3
-4
-1
-2
0
-2
-1
0
-7
-8
-8
-7
-12
-13
-12
-14
-5
-8
-6
-9
-16
-11
-12
-8
-8
-12
-11
-15
-17
-16
-16
-16
-15
-17
-17
-13
-12
-14
-15
-16
-17
-17
-19
-20
-19
-20
-23
-19
-19
-18
-21
-17
-16
-17
-16
-16
-13
-15
-14
-19
-18
-18
-17
-16
-15
-11
-11
-10
-13
-13
-9
-10
-10
-4
-5
-2
-2
0
-3
-1
-3
-2
0
-2
2
5
2
3
4
4
8
4
3
1
1
1
0
0
1
-1
1
6
5
5
7
1
4
5
0
1
-1
4
2
6
8
5
3
3
2
1
6
8
7
15
17
17
17
15
20
16
15
19
19
19
15
14
17
12
19
21
21
22
18
20
18
22
22
23
20
18
19
19
21
22
19
16
17
15
14
15
11
13
12
12
13
15
16
11
11
11
8
10
9
4
5
1
2
0
-2
-2
-2
-1
-5
-8
-10
-9
-7
-8
-3
-5
-8
-9
-15
-16
-15
-19
-15
-15
-14
-14
-15
-14
-13
-14
-15
-15
-16
-15
-13
-17
-18
-14
-17
-16
-15
-11
-10
-10
-10
-13
-18
-18
-19
-20
-16
-12
-10
-9
-16
-15
-17
-20
-15
-16
-17
-20
-20
-18
-20
-17
-15
-13
-16
-18
-14
-17
-17
-11
-15
-16
-16
-16
-12
-13
-12
-9
-9
-9
-8
-10
-10
-9
-10
-6
-6
1
0
2
2
1
4
2
7
8
6
8
11
14
15
13
13
14
14
16
15
15
19
18
21
19
23
23
20
21
23
22
23
21
20
18
19
20
20
20
19
17
16
13
12
13
14
11
10
12
12
12
11
13
12
10
9
8
9
9
9
9
11
9
8
8
9
11
10
9
11
16
14
16
14
14
13
11
14
9
10
10
9
10
6
7
7
3
7
5
6
5
3
9
6
1
0
0
0
0
0
1
-3
-6
-6
-5
-7
-12
-12
-8
-8
-9
-11
-10
-12
-12
-11
-15
-17
-18
-21
-23
-18
-25
-19
-21
-23
-20
-25
-19
-18
-17
-18
-19
-17
-21
-21
-19
-19
-20
-20
-16
-18
-17
-16
-16
-15
-14
-14
-15
-14
-15
-10
-8
-9
-11
-10
-14
-10
-14
-14
-14
-15
-11
-10
-6
-2
-2
-3
-5
-12
-6
-10
-7
-10
-9
-6
-8
-7
-7
-6
-6
-3
-5
-3
-3
-3
-3
-3
-4
-2
-2
1
2
-3
0
1
0
3
6
9
9
11
8
10
9
10
12
11
11
11
14
12
17
20
18
22
22
23
24
22
22
25
23
23
28
27
25
28
29
30
31
29
27
28
26
26
27
26
23
20
22
23
23
23
20
19
17
13
12
10
9
9
11
10
6
4
4
2
1
0
0
-3
-6
-4
-7
-3
-3
-3
-3
-6
-3
-5
-2
-1
-5
-6
-5
-5
-4
-3
1
-2
-3
0
-4
-4
-3
-4
-5
-5
-5
-4
-2
-7
-6
-12
-13
-12
-17
-13
-14
-11
-11
-15
-15
-17
-14
-13
-14
-13
-18
-17
-22
-24
-26
-24
-22
-22
-22
-24
-26
-24
-25
-28
-29
-32
-26
-26
-24
-21
-25
-24
-27
-26
-20
-23
-24
-23
-24
-22
-22
-22
-18
-14
-13
-10
-8
-5
-7
-6
-9
-6
-3
0
-4
-3
-2
-4
-3
-3
1
5
9
9
11
8
9
10
12
12
14
17
16
20
16
22
18
15
19
14
18
20
22
19
22
24
24
23
23
26
20
22
19
17
20
20
25
27
26
26
21
19
18
17
22
20
22
21
18
17
16
17
17
16
16
19
17
18
14
12
14
12
12
14
13
16
17
18
16
15
13
16
12
12
14
12
13
11
10
16
11
9
8
6
10
9
9
9
7
3
2
2
0
1
-2
-5
-7
-10
-9
-16
-16
-15
-15
-13
-17
-17
-20
-20
-20
-22
-25
-25
-27
-22
-24
-24
-25
-28
-30
-34
-32
-32
-30
-35
-32
-34
-33
-26
-30
-30
-26
-29
-30
-26
-26
-26
-26
-28
-31
-30
-29
-28
-25
-23
-20
-21
-14
-16
-17
-16
-15
-15
-10
-10
-12
-11
-12
-8
-10
-4
-5
-4
-2
-4
-4
-4
0
-3
-1
1
-2
2
4
3
4
6
10
7
9
13
11
12
9
11
13
14
19
17
18
16
16
16
15
16
19
21
17
19
18
19
21
23
27
27
28
28
27
24
20
20
20
21
21
20
16
20
22
24
24
23
23
23
24
23
22
19
20
23
18
17
18
17
17
15
18
15
17
11
13
12
8
13
11
8
7
8
8
3
2
6
4
3
0
0
-4
-4
-9
-8
-8
-8
-5
-11
-9
-6
-5
-5
-6
-7
-9
-10
-7
-9
-9
-15
-13
-11
-11
-7
-13
-12
-14
-15
-12
-11
-11
-11
-11
-12
-14
-10
-10
-11
-17
-16
-15
-15
-17
-18
-17
-18
-17
-11
-13
-15
-15
-18
-16
-17
-15
-14
-14
-16
-18
-18
-20
-17
-17
-19
-13
-13
-15
-12
-14
-17
-16
-16
-16
-17
-19
-19
-19
-14
-9
-9
-13
-12
-13
-13
-10
-10
-7
-9
-8
-3
-6
-7
-8
-8
-6
-4
-5
-1
-1
-2
0
2
6
7
3
6
7
6
6
5
7
9
13
13
10
7
6
5
10
11
15
14
12
15
16
17
19
22
22
19
19
14
16
19
20
24
21
22
24
22
20
25
28
28
26
27
28
26
26
27
27
26
24
24
22
22
23
26
22
23
22
20
23
23
23
20
23
22
20
17
17
15
10
11
10
12
13
12
6
4
4
1
0
-3
-8
-5
-5
-7
-5
-7
-10
-14
-13
-17
-18
-18
-22
-18
-21
-21
-21
-25
-23
-24
-25
-22
-25
-27
-28
-30
-31
-32
-29
-23
-24
-21
-20
-26
-26
-25
-26
-27
-27
-24
-21
-17
-17
-17
-18
-16
-16
-16
-14
-17
-14
-10
-9
-10
-7
-12
-14
-13
-13
-11
-11
-7
-8
-7
-7
-5
-6
-7
-5
-7
-11
-11
-8
-7
-7
-5
-4
-5
-4
-5
-2
0
-3
-4
-3
0
4
3
2
4
0
-1
1
2
3
3
2
6
10
10
11
12
9
5
8
10
12
10
7
9
10
10
8
9
12
16
11
14
14
16
16
17
17
11
18
16
15
13
12
13
14
16
17
17
18
21
23
18
16
19
16
17
19
16
19
17
15
18
18
16
19
16
14
16
14
16
16
12
17
17
12
15
11
6
9
11
11
12
7
4
6
5
6
7
9
8
5
1
-2
-2
0
-2
-4
-5
-5
-8
-8
-8
-11
-10
-10
-7
-12
-9
-7
-11
-12
-15
-13
-17
-20
-16
-15
-18
-17
-19
-20
-23
-23
-19
-20
-21
-21
-19
-19
-20
-19
-17
-21
-21
-18
-19
-25
-25
-24
-22
-23
-22
-18
-16
-16
-15
-12
-19
-16
-13
-11
-11
-7
-9
-11
-11
-11
-10
-9
-8
-8
-6
-5
-3
-2
-2
-5
0
1
0
-1
-3
-4
-2
1
1
3
4
3
2
1
0
0
4
3
4
1
2
2
3
5
4
7
5
5
3
3
5
9
10
11
13
11
13
10
11
15
10
13
13
13
14
15
14
15
18
16
14
19
16
18
21
19
21
15
20
19
17
19
19
22
22
21
20
20
21
19
19
20
15
14
15
15
13
14
12
6
8
8
8
10
9
12
5
6
5
1
2
5
5
4
2
-2
-4
-5
-4
-7
-5
-6
-5
-5
-3
1
-1
-5
-6
-8
-7
-9
-5
-3
-6
-5
-9
-8
-11
-8
-7
-6
-6
-4
-5
-6
-8
-12
-14
-16
-11
-11
-8
-11
-16
-13
-15
-16
-13
-13
-12
-13
-12
-12
-13
-18
-21
-23
-20
-19
-17
-16
-19
-20
-18
-18
-17
-20
-15
-18
-16
-15
-19
-15
-14
-11
-15
-18
-17
-21
-16
-16
-10
-11
-17
-14
-9
-8
-9
-11
-13
-10
-10
-10
-9
-8
-10
-7
-5
-3
-1
1
-3
3
14
16
18
19
20
9
4
9
2
-8
-9
-13
-15
-4
-8
-9
3
8
15
18
18
9
10
17
19
19
30
32
30
45
45
42
37
33
28
24
20
9
1
8
2
1
11
15
20
34
47
43
47
51
40
39
37
29
23
23
25
21
25
25
20
19
18
13
5
-5
-14
-21
-19
-13
-13
-9
0
12
20
17
19
15
12
7
4
-1
-6
-17
-22
-21
-19
-20
-18
-17
-22
-21
-20
-21
-24
-23
-21
-19
-19
-15
-10
-5
0
1
1
0
-4
-9
-10
-15
-19
-21
-25
-29
-28
-25
-22
-19
-13
-11
-10
-9
-7
-12
-11
-6
-6
-1
-8
-3
-3
-2
-5
-9
-9
-13
-16
-21
-29
-32
-28
-25
-26
-21
-17
-19
-13
-9
-11
-9
-7
-7
-6
-3
-2
-4
-10
-10
-10
-8
-7
-12
-9
-5
-8
-7
-3
-12
-13
-10
-7
-3
-3
1
1
8
13
10
11
12
13
9
16
14
7
5
8
6
9
8
6
7
20
20
15
16
8
5
12
13
10
12
21
20
24
30
22
19
17
19
12
9
11
8
13
17
14
17
16
15
15
17
19
17
16
16
13
10
9
9
9
12
15
16
15
17
13
13
16
11
6
7
6
3
8
6
7
6
9
13
12
15
16
11
11
7
2
2
1
-3
0
-4
-4
-4
-3
0
-2
2
-4
-10
-10
-8
-14
-15
-14
-10
-11
-10
-13
-11
-13
-15
-10
-13
-15
-15
-13
-19
-18
-19
-19
-16
-11
-14
-14
-15
-16
-18
-23
-22
-26
-23
-25
-21
-14
-16
-18
-16
-15
-17
-14
-14
-18
-22
-24
-22
-16
-16
-14
-13
-17
-14
-9
-13
-12
-10
-8
-3
-8
-3
-6
-12
-2
-5
0
-1
-4
-2
-6
-2
-2
-1
0
-1
4
1
0
3
-3
2
1
2
6
4
8
6
7
5
3
6
3
5
7
7
3
4
11
7
6
9
9
6
8
10
7
9
8
8
13
14
16
20
20
18
20
20
17
23
26
22
23
21
20
16
12
16
13
15
21
20
29
21
23
33
23
23
22
19
16
18
26
17
11
19
16
16
21
17
14
7
10
10
9
7
-4
2
8
0
1
4
-1
-3
2
9
-1
-1
-2
-8
-11
-11
-11
-19
-21
-15
-16
-20
-22
-20
-21
-19
-16
-14
-14
-21
-18
-14
-17
-19
-16
-15
-13
-11
-9
-13
-12
-15
-16
-16
-22
-16
-17
-18
-16
-22
-21
-18
-20
-14
-15
-10
-8
-12
-9
-10
-14
-18
-19
-18
-16
-16
-8
-8
-10
-6
-9
-6
-11
-12
-13
-17
-10
-10
-5
-7
-12
-6
-6
-7
-4
2
-3
0
1
0
-4
0
16
6
-2
7
7
1
3
10
4
-1
7
11
7
12
11
15
15
6
6
3
4
5
2
1
-3
5
15
3
0
10
8
3
8
12
5
0
11
16
11
14
13
9
14
18
14
12
8
8
8
8
3
4
7
9
12
12
14
18
17
23
21
17
22
11
9
12
12
11
8
9
7
4
12
11
9
13
10
13
10
11
13
8
13
14
11
14
13
16
19
20
11
6
7
2
2
0
-2
-1
-4
0
3
3
6
7
8
5
4
4
-2
0
5
2
3
-3
-2
-4
-12
-18
-20
-26
-32
-19
-24
-25
-25
-26
-12
-22
-24
-13
-28
-34
-27
-22
-14
-24
-12
-6
-19
4
10
-14
-14
-21
-28
-33
-33
-22
-35
-33
-26
-14
0
2
-1
-1
8
6
4
-3
-28
-23
-10
-17
-18
-5
1
-13
0
20
0
-7
-4
-14
-16
-16
-24
-35
-31
-13
-5
-8
-4
-3
6
14
-2
0
-2
-30
-24
-16
-25
-25
-29
-25
-20
-17
0
-8
-15
-4
-2
-6
-17
-19
-22
-18
-9
7
11
16
23
33
51
55
47
42
33
31
36
40
35
30
40
39
49
60
60
61
70
73
78
62
61
75
49
45
57
49
54
49
63
72
61
66
47
40
49
37
14
5
-9
2
5
-9
6
-4
-26
-1
12
1
-18
-31
-28
-25
-38
-42
-46
-45
-57
-66
-37
-37
-77
-78
-21
-46
-62
-39
-75
-81
-67
-76
-83
-83
-74
-62
-40
-10
-17
-13
32
39
32
26
-31
-32
-18
-40
-31
-47
-40
-5
19
62
58
55
54
28
20
19
-12
-33
-39
-13
35
38
39
55
66
68
62
36
-2
-47
-57
-51
-54
-41
-41
-33
-12
-1
23
14
-13
-31
-45
-34
-54
-77
-85
-98
-76
-59
-42
-17
-17
15
29
13
14
-9
-26
-31
-33
-40
-53
-53
-29
-4
4
20
6
-3
0
5
15
18
10
14
26
28
36
46
53
51
50
82
92
63
62
83
104
67
61
63
22
18
27
43
49
45
73
75
105
129
100
108
97
67
60
37
5
0
9
6
-14
-5
10
-20
-10
-16
-28
-23
-21
-32
-39
-20
-25
-22
-27
-10
5
-1
33
28
25
30
-1
-13
-39
-75
-82
-82
-75
-69
-94
-59
-54
-72
-32
7
2
-14
5
22
-16
-72
-88
-66
-68
-68
-66
-66
-40
-60
-83
-52
-45
-76
-99
-81
-82
-94
-64
-80
-120
-52
-19
-33
3
38
46
34
58
72
64
85
81
77
117
140
118
136
149
119
164
139
85
84
100
109
125
252
384
422
464
447
361
274
119
63
35
-137
-280
-339
-301
-213
-187
-134
-79
-67
-47
-104
-182
-290
-422
-433
-409
-419
-335
-302
-295
-190
-140
-148
-222
-381
-491
-555
-628
-668
-660
-583
-444
-251
-38
91
161
207
206
173
110
33
-56
-113
-125
-61
30
105
221
354
518
604
582
577
537
457
348
315
237
121
210
423
617
754
959
1181
1310
1357
1405
1523
1579
1393
1172
1074
847
384
-119
-279
-394
-877
-1392
-1503
-1391
-1449
-1687
-1594
-1185
-1104
-1061
-702
-283
-154
-151
152
498
423
327
321
189
31
-56
9
-210
-702
-1029
-1277
-1794
-2305
-2323
-2221
-2172
-1908
-1314
-624
-45
528
955
1222
1481
1516
1320
1069
748
480
332
149
33
91
150
154
177
207
72
-210
-516
-798
-835
-746
-645
-380
174
815
1325
1874
2494
2774
2890
3080
2963
2675
2190
1637
1235
971
1181
1318
979
822
781
586
82
-405
-379
-975
-2332
-2778
-2408
-2404
-3152
-3356
-2188
-1461
-1362
-849
-152
209
-15
146
807
550
-170
-413
-523
-736
-1029
-1201
-1450
-1984
-2108
-2132
-2663
-3297
-3546
-3371
-3103
-2549
-1828
-1116
-175
911
1898
2557
2862
2929
2680
2378
1878
1126
579
68
-407
-345
-145
-143
-114
-31
-78
-219
-403
-722
-818
-779
-534
-155
583
1387
2109
3205
4050
4483
4776
4882
4841
4586
4224
3669
2951
2783
3131
3137
2583
2148
1825
1019
-94
-455
-807
-2429
-4127
-4503
-3841
-3861
-4953
-4801
-3289
-2662
-2310
-1445
-368
-196
-445
592
1662
1366
668
346
101
-401
-1246
-1847
-2836
-4157
-4564
-4309
-4725
-5681
-5773
-4971
-4484
-3779
-2244
-1123
-93
1465
2815
3867
4523
4564
4250
3723
3131
2284
1342
374
-721
-948
-564
-955
-1341
-1006
-930
-1154
-1167
-1252
-1277
-1137
-721
-230
646
1740
2232
3160
4469
5143
5430
5349
5278
5344
5051
4368
3833
4299
4731
3744
3087
3112
2099
-7
-1550
-1032
-1154
-3853
-5722
-5120
-3994
-4485
-6096
-5238
-3475
-3802
-3846
-2537
-1124
-1073
-1544
144
1890
1732
1578
1702
1645
1327
574
30
-1294
-3205
-3802
-4050
-5456
-6975
-7166
-6244
-5513
-4259
-2199
-652
927
2545
3889
4940
5307
5196
4572
3557
2589
1632
627
-498
-1418
-1151
-511
-783
-1096
-957
-1101
-1626
-2177
-2619
-2869
-2784
-2125
-1024
374
1851
3225
4907
6329
6826
7057
6819
6101
5542
4931
4348
4093
4601
4634
3527
3470
3560
1815
-138
-640
-532
-2397
-5341
-5602
-4176
-4202
-5374
-5364
-3136
-2409
-3257
-2112
-504
-309
-664
71
1760
2093
1637
1776
1614
1026
298
-705
-1755
-3397
-4627
-4581
-4994
-6192
-6762
-6195
-5258
-4536
-3357
-1620
-442
793
2323
3482
4452
4824
4532
4191
3425
2448
1213
-165
-1199
-1961
-1730
-1260
-1765
-1761
-918
-839
-1203
-1253
-1203
-1432
-1488
-981
-400
245
1184
2291
3460
4511
5212
5468
5303
5074
5147
5138
4429
4294
6064
6495
4840
4258
4416
3006
-380
-1593
-564
-2725
-6359
-7228
-5349
-3902
-5839
-6390
-3273
-2376
-3343
-3119
-1930
-1343
-2616
-1839
770
1307
1503
2302
3043
3431
2788
2385
1581
-849
-2641
-3490
-5133
-7332
-9089
-9079
-7996
-6833
-4842
-2920
-822
1893
3901
5276
6088
6027
5588
4417
3176
2051
640
-663
-1784
-2044
-1040
-633
-1184
-1204
-971
-1056
-1858
-2857
-3272
-3465
-3219
-2339
-948
654
2046
3716
5613
7031
7776
7561
6615
5672
5288
4968
3845
4459
6201
6015
5047
5065
5422
3642
238
-233
72
-3081
-6573
-7207
-5153
-4834
-7109
-5870
-2795
-2373
-2658
-2029
-426
-391
-1790
-448
1215
1169
1566
1957
2632
2708
1765
1509
419
-1803
-3156
-4022
-5515
-7643
-9065
-8721
-7827
-6883
-5036
-2968
-910
1556
3538
5025
6097
6256
5958
4933
3676
2517
909
-752
-2139
-2666
-2140
-2034
-2638
-2349
-1744
-2047
-2576
-2696
-2760
-2961
-2531
-1378
-209
970
2427
4030
5567
6634
7032
6991
6302
5272
4901
4674
4459
5724
6868
6238
5591
5664
5358
2916
326
244
-1233
-4760
-6921
-6884
-5384
-5920
-7176
-4889
-2476
-2227
-2603
-2201
-807
-1463
-2126
-228
588
698
1646
2597
3674
3379
2541
2004
396
-1693
-3172
-4487
-6414
-8886
-9891
-9067
-8250
-7066
-5129
-2911
-519
1953
4025
5283
6003
6405
6072
5014
3729
2452
834
-804
-2086
-2348
-1824
-2096
-2720
-2380
-1852
-2304
-2961
-2977
-3053
-2833
-1964
-1009
9
1288
2939
4650
5877
6830
7476
7304
6392
5331
5003
4813
4821
6144
7163
6626
5861
5284
4677
2735
577
-310
-2811
-5765
-6772
-6489
-5521
-6257
-6711
-4278
-2470
-2136
-2252
-2080
-1334
-1984
-1822
222
733
956
2135
3507
4729
4737
3890
2839
1065
-510
-2213
-4826
-7473
-9623
-10453
-10026
-8795
-6770
-4797
-2668
312
3131
5108
6214
6373
6255
5792
4607
3056
1445
-103
-1356
-1931
-1618
-1433
-1914
-2120
-2200
-2511
-2958
-3814
-4606
-4995
-4436
-3048
-1683
-321
1491
3599
5534
6979
8060
8237
7116
5745
4684
3970
3358
3635
5275
6300
6372
6118
5777
5485
3443
1581
586
-2539
-5906
-7340
-7061
-6499
-7516
-7152
-4205
-2545
-1901
-1326
-803
-365
-1326
-1021
696
570
432
1300
2520
3538
3387
2824
2189
1061
-199
-1642
-3719
-6499
-9060
-10232
-9823
-8946
-7919
-6267
-4157
-1288
1764
4120
5709
6497
6822
6701
5839
4443
2514
372
-1295
-2219
-2318
-2452
-3266
-3520
-3119
-3018
-3225
-3664
-4080
-4269
-3715
-2292
-917
175
1784
3822
5700
7162
8014
8170
7407
5988
4518
3258
2610
3026
4484
5976
6614
6873
6950
6442
5235
3736
2650
-275
-4391
-6030
-6095
-6234
-7229
-7710
-5279
-2989
-2417
-1807
-1393
-1015
-1357
-1642
-18
475
29
942
2103
3452
4379
3905
3331
2571
1145
-138
-2364
-5982
-9002
-10715
-10739
-10080
-9428
-7542
-5240
-2287
1400
4214
6179
7251
7410
7361
6549
4925
2741
144
-1630
-2615
-2917
-2934
-3569
-3812
-3377
-3121
-3095
-3484
-4252
-4636
-3963
-2662
-1644
-559
1110
3245
5305
6853
7829
8112
7493
6217
4845
3156
2044
2281
3631
5561
6795
7197
7496
7138
6375
5454
4354
1969
-2617
-5437
-5546
-5754
-7130
-8593
-7172
-4351
-3535
-3101
-2292
-1762
-1627
-2034
-549
856
211
642
1910
3382
4953
5000
4502
3487
1905
836
-1526
-5539
-9157
-11214
-11700
-11622
-10937
-9003
-6664
-3782
99
3420
5748
7314
7761
7814
7281
5757
3426
641
-1462
-2681
-2945
-3058
-3697
-3885
-3399
-2965
-2957
-3445
-4183
-4657
-4296
-3277
-2151
-734
943
2968
5226
7166
8424
8783
8138
7109
5789
3615
1689
1156
2246
4746
6427
6971
8010
8301
7383
6396
5835
4462
-298
-5005
-5664
-5083
-6494
-8896
-8600
-5146
-3454
-3592
-2443
-1363
-1324
-1934
-1107
860
800
200
971
2669
4625
5286
4873
4011
2630
1631
-133
-3935
-8212
-10978
-11985
-12424
-12161
-10645
-8572
-5761
-1889
2098
5144
7294
8382
8516
8235
7034
4886
1951
-1006
-2671
-3076
-3235
-3869
-4131
-3499
-2948
-2726
-2897
-3701
-4324
-4276
-3683
-2692
-1145
644
2363
4856
7296
8775
9401
8918
7822
6363
4462
2394
601
612
3026
5496
6389
7140
8542
8679
7294
6245
6128
3338
-2811
-6028
-5381
-5622
-8293
-10203
-7717
-4280
-3903
-3477
-1699
-544
-1121
-1624
264
1403
223
-153
1155
3081
4367
4342
3665
2850
1928
525
-2223
-6430
-10194
-12363
-13116
-12880
-12091
-10405
-7764
-3934
507
4076
6838
8731
9169
8957
8132
6396
3560
215
-2177
-3319
-3489
-3639
-4288
-4108
-3127
-2358
-2234
-2827
-3542
-3803
-3623
-2877
-1373
312
1909
3943
6617
8762
9514
9072
7973
6498
4924
2630
546
653
3002
5467
6417
7574
9320
9178
7686
7004
7107
4530
-1836
-6067
-5722
-5504
-8365
-11111
-9208
-5435
-4699
-4481
-2342
-695
-1108
-1476
490
2185
1234
293
1345
3586
4818
4671
4134
2799
1238
156
-2184
-6330
-10592
-12763
-13209
-13183
-12214
-10523
-8099
-4325
-184
3432
6523
8730
9449
9249
8971
7875
5384
2088
-654
-2161
-2461
-3100
-4643
-4932
-4133
-3904
-3939
-4056
-4267
-4188
-3802
-2703
-1002
1131
2888
4550
7109
9179
9732
9162
8028
6542
4856
2859
594
-239
1404
4402
6681
7667
8742
9616
9001
7482
6693
5614
929
-4948
-6902
-5895
-6492
-9720
-10540
-6731
-3868
-3807
-3044
-1341
-750
-1633
-1043
1165
1184
-141
-90
1719
3943
4586
4221
3483
2046
808
-688
-4333
-9120
-12468
-13666
-13619
-13237
-12001
-9404
-5978
-1782
2428
5946
8826
9922
9655
9328
8111
5728
2271
-1126
-2946
-3524
-3596
-4466
-5074
-4132
-3228
-3036
-3274
-3606
-3805
-4027
-3428
-1896
-87
2013
3901
6050
8449
9758
9533
8232
6728
5337
3279
611
-850
465
3888
6280
7306
8914
10378
10144
8513
7681
7286
3070
-3547
-6671
-5847
-5792
-9517
-11843
-8200
-4565
-4338
-3963
-2034
-432
-1075
-1072
1464
2289
801
252
1776
4410
5156
4239
3690
2439
1009
-491
-3772
-8304
-12553
-14188
-13608
-13318
-12421
-10309
-6976
-2534
1586
5320
8419
9735
10017
9780
8908
7045
3499
-302
-2573
-3387
-3594
-4509
-5679
-5398
-4310
-3646
-3774
-4195
-4203
-4165
-3435
-1714
22
1876
3735
5832
8435
10137
10107
8876
7217
5716
3719
1305
-404
106
2943
5954
7441
8621
10385
10583
9098
8062
7912
5004
-1537
-6002
-5873
-5418
-8267
-11498
-9461
-5253
-4116
-4305
-2981
-986
-1074
-1509
608
2294
1414
600
1436
3739
5103
4659
3783
2517
1084
-468
-3357
-7883
-12296
-14351
-14166
-13644
-12924
-10735
-7399
-3320
1068
4776
7724
9518
9939
9534
8459
6809
4095
426
-2212
-3054
-3225
-3890
-5134
-5425
-4643
-4269
-4797
-5361
-5389
-5021
-4143
-2634
-428
1964
4048
6113
8533
10313
10362
8891
6888
5107
3106
800
-742
237
3859
6792
7661
8877
10882
10853
8351
7257
7780
3946
-3116
-6935
-5971
-5174
-9033
-11758
-8403
-4418
-3786
-4168
-2627
-528
-1395
-1861
1004
2617
1615
843
2275
5003
5778
4945
4140
2646
1042
-537
-3595
-8392
-12947
-14481
-13937
-13260
-12375
-10324
-6741
-2459
1649
5138
7802
9375
9776
9605
8920
7047
4196
985
-1681
-2587
-2497
-3462
-5344
-5953
-5057
-4579
-5540
-6418
-6149
-5442
-4409
-2706
-328
2218
4266
6369
8948
10706
10586
9203
7521
5780
3510
873
-845
145
3581
6284
7244
8448
10220
10255
8290
7602
7895
4069
-2778
-6171
-5150
-4785
-8749
-11453
-8132
-4430
-3866
-4238
-2900
-1057
-1675
-1627
1314
2664
1713
1147
2368
4806
5664
4719
3639
2400
1037
-641
-3891
-8569
-12737
-14516
-13823
-12757
-12016
-9994
-6541
-2454
1658
4841
7127
8559
9032
9060
8230
6482
4140
1040
-1495
-2195
-2167
-3207
-5083
-6024
-5539
-5490
-6648
-7566
-7398
-6433
-4988
-2814
-140
2532
4836
7075
9640
11193
10835
9283
7437
5433
2835
338
-883
842
4581
6763
7367
8771
10346
9638
7480
7611
7198
1737
-4401
-6142
-4232
-5093
-9997
-10773
-6305
-3570
-3955
-4200
-2295
-1422
-2770
-1291
1904
2588
1593
1577
4028
6212
5830
4555
3302
1853
260
-1737
-5038
-10075
-13880
-14487
-13340
-12140
-11203
-8855
-4985
-1020
2782
5507
7225
8339
8598
8721
8107
6099
3773
1110
-1104
-1519
-1407
-2917
-5369
-6133
-5576
-6077
-7681
-8516
-7988
-6674
-4629
-2000
846
3439
5755
8561
10850
11632
11037
9333
7329
5178
2596
0
-772
1684
5026
6478
7368
8730
9278
8200
7068
7673
5615
-596
-5294
-5372
-3649
-5778
-10185
-9076
-4494
-2780
-3477
-3326
-1753
-2132
-3254
-1025
1754
1564
501
1435
4548
6565
5698
4135
2940
1672
170
-2278
-6131
-10785
-14079
-14305
-12936
-11715
-10557
-8260
-4347
-123
3493
6078
7297
7902
8295
8242
7346
5352
2900
606
-913
-1161
-1413
-3225
-5414
-6205
-6042
-6742
-8385
-9136
-8453
-6983
-4521
-1623
1142
3696
6250
9243
11361
11774
10826
9090
7059
4835
2165
-324
-181
2798
5020
5893
7057
8259
7845
6215
6557
7403
3397
-2938
-5471
-3583
-2725
-6832
-9619
-6402
-3118
-2982
-3803
-3024
-1865
-3514
-3797
-392
1734
1176
588
2763
6213
6920
5684
4319
2861
1519
-350
-3450
-7883
-12324
-14319
-13888
-12739
-11364
-9613
-6734
-2760
1112
4430
6439
7240
7736
7945
7729
6722
4622
2181
368
-421
-432
-1388
-3513
-5182
-5640
-6079
-7567
-8951
-9265
-8611
-6794
-3913
-889
1829
4573
7512
10450
12293
12061
10465
8604
6661
4041
1014
-115
1827
4088
4638
5680
7572
7788
5907
5176
7191
5784
-616
-4819
-3840
-1886
-4539
-8733
-7179
-3260
-2610
-3577
-3109
-1522
-2779
-4757
-2384
590
695
-196
1036
4958
7052
6272
5273
4051
2355
807
-1355
-5111
-10133
-13578
-13799
-13135
-12242
-10424
-8181
-5131
-1350
2406
5331
6399
6793
7370
7560
7091
5711
3515
1531
424
357
178
-1774
-3955
-4954
-5723
-7045
-8817
-9937
-9910
-8960
-6519
-3230
-271
2248
5123
8651
11594
12670
12005
10430
8447
6044
3223
959
982
2870
3638
4020
5564
6410
5464
4232
5211
5991
1926
-3328
-4304
-2203
-2404
-6309
-7488
-4056
-2189
-2888
-2929
-1912
-2176
-4505
-4377
-1162
59
-754
-299
2836
6173
6551
5879
5250
3649
2213
527
-2584
-7069
-11571
-13479
-13460
-13124
-11789
-9765
-6928
-3361
218
3769
5956
6455
6977
7480
7233
6286
4670
2821
1191
684
876
-214
-2395
-4001
-4758
-5944
-7827
-9184
-9695
-9705
-8482
-5563
-2064
710
3147
6532
10130
12221
12579
11837
10431
8248
5170
2396
1320
2484
3451
3077
4073
5770
5574
4062
3971
5771
4500
-802
-3982
-2611
-749
-3471
-7106
-4954
-1647
-2060
-3454
-2637
-1126
-2887
-5011
-2823
-115
-429
-1399
371
4655
6574
5743
5520
4961
3556
1992
-578
-4175
-8675
-12296
-13061
-12877
-12506
-11342
-9139
-5829
-2495
797
3816
5410
6141
6945
7262
6944
5934
4153
2173
1111
1144
757
-1078
-3162
-4063
-4894
-6992
-9058
-9805
-10003
-9874
-8245
-4878
-1552
771
3592
7572
10933
12302
12125
11603
10448
7583
4298
2900
3789
4714
3605
3128
4698
4847
2885
2231
4281
4279
-550
-4136
-2837
-507
-2246
-6229
-5317
-1355
-1056
-2898
-2866
-1431
-2242
-4930
-3769
-656
-373
-1491
-764
3293
6603
6131
5107
4826
4012
2691
334
-3139
-7126
-10773
-12511
-12468
-11989
-11188
-9745
-7195
-3773
-481
2080
3871
4938
5810
6554
6663
6214
5116
3571
2678
2700
2522
960
-1462
-3170
-4153
-6318
-9167
-10495
-10727
-10660
-9549
-6722
-2956
-56
2464
6213
10043
12255
12529
11988
11452
9528
6056
3907
4369
5464
4738
3207
3647
4330
2445
790
2129
3356
-83
-4610
-3783
-351
-543
-4094
-4571
-482
1203
-892
-1820
-770
-1226
-4044
-4652
-1744
-682
-2198
-2142
1146
5106
5956
4784
4518
4308
3326
1745
-1438
-5536
-9305
-11496
-11634
-11657
-11185
-9713
-8296
-5597
-1903
866
2462
3263
4383
5605
5900
5846
5296
4218
3309
3123
3414
2445
-202
-2476
-3608
-5470
-8416
-10681
-11347
-11354
-10537
-8120
-4777
-1730
763
3964
7975
10934
11870
11733
11337
10273
7787
5347
5059
6418
6654
4919
4096
4494
2949
363
438
2073
-157
-5026
-5685
-2100
-23
-2661
-4593
-1038
2235
1121
-895
-750
-541
-3347
-5363
-3154
-943
-1815
-3011
-559
4248
6310
5132
4363
4270
3507
2371
-279
-4363
-8222
-10867
-11112
-10937
-10908
-9327
-8055
-6490
-3241
-237
1502
1868
2489
4084
4714
4949
5073
4337
3858
3985
4414
4187
1906
-806
-2243
-3832
-6933
-10114
-11404
-11604
-11449
-9522
-6089
-2913
-496
2493
6411
9751
11395
11750
11696
10957
9163
7225
6783
7911
8167
6648
5362
4770
2856
-139
-866
530
-1187
-5748
-6873
-3355
-352
-1997
-3886
-666
2956
2273
515
540
607
-2163
-4954
-3485
-1089
-1451
-2819
-1514
2771
5377
4475
3542
3301
2606
1767
-316
-3788
-7090
-9486
-10069
-9665
-8986
-7895
-6878
-5694
-3682
-1089
694
824
606
1875
3211
3519
3783
4048
3979
4242
5108
5304
3489
817
-1155
-2910
-5719
-9127
-11142
-11739
-11589
-10223
-7188
-3894
-1535
984
4731
8332
10195
10661
10648
10431
9301
7887
8174
9699
9611
7888
6881
6129
3132
-904
-1873
-918
-3339
-8016
-8901
-5058
-1841
-3165
-4055
225
3993
3138
1478
2171
2451
-935
-4255
-3059
-839
-1250
-2632
-1448
2681
4943
3816
2575
2189
1590
440
-1454
-4470
-7396
-8782
-8924
-8430
-7632
-6091
-4495
-3787
-2771
-893
548
187
-783
10
1562
2004
2088
2535
3409
4375
5227
5551
4392
2102
-318
-2615
-5395
-8646
-10858
-11559
-11450
-9990
-7079
-3817
-1277
942
4054
7383
9209
9508
9278
9063
8357
7623
8609
10861
11130
9331
8341
7608
4373
-320
-2196
-1932
-4751
-9730
-10377
-6221
-3141
-3954
-3608
1535
5609
4674
2959
3674
3838
260
-3137
-2526
-1175
-1970
-2907
-1053
2510
4131
3378
2531
1909
702
-533
-2207
-5078
-7811
-8489
-7435
-6733
-6282
-4244
-1961
-1123
-985
-349
684
130
-1638
-1787
-684
-86
113
560
2161
4014
5085
5737
5146
3599
1675
-1091
-4480
-7749
-9951
-11116
-11378
-9936
-7189
-4244
-1783
417
3205
5982
7464
7875
7647
7210
6888
7354
9821
12330
11964
10221
9599
8361
4089
-703
-2042
-3138
-8083
-12506
-10905
-6296
-5459
-6905
-3616
2898
5264
3677
3146
4889
4199
6
-1790
-326
45
-1665
-2182
1145
4427
3754
2092
1444
516
-1174
-3219
-5179
-7643
-9550
-8771
-6586
-5006
-3612
-1421
997
2013
1760
1760
1400
-212
-2259
-2887
-2192
-1890
-1809
-935
1288
3933
5323
5333
4706
3648
1750
-1289
-4985
-7979
-9714
-10653
-10525
-8453
-5588
-3122
-829
1696
4296
6213
6979
6826
6302
5539
5474
7150
10207
12149
11567
10767
10668
8305
3300
-535
-1569
-4163
-10157
-13313
-10239
-6422
-7113
-7568
-1992
4341
5125
3617
4645
6422
4407
394
-419
914
159
-2051
-1804
1771
4008
2612
1115
658
-247
-1915
-4279
-6625
-8605
-9568
-8252
-5991
-3995
-1855
563
3058
4121
3826
3572
2378
-38
-2125
-2917
-2990
-3212
-3152
-2133
123
3097
4606
4232
3789
3394
1856
-1126
-4518
-7282
-8856
-9506
-8991
-6875
-4213
-2074
-151
2306
4634
5898
6212
5549
4459
4005
5240
8234
11003
11747
11391
11590
10818
7270
2803
161
-2249
-7566
-12420
-12615
-9922
-8642
-9583
-7170
-405
3913
4047
3929
5620
6326
3743
1440
1649
1673
133
-1180
189
3066
3434
1375
-98
-796
-1959
-4050
-7003
-9411
-10417
-9743
-7452
-4833
-2340
345
3012
5222
6158
5755
4669
2455
-173
-1822
-2743
-3661
-4291
-4097
-2677
-185
2051
2977
2724
2423
1961
525
-1897
-4629
-6652
-7629
-7420
-6053
-4143
-2414
-715
1376
3357
4559
4984
4845
4060
2637
2524
5303
8956
10807
10798
11427
12222
9933
5601
2522
517
-3709
-10024
-12966
-11191
-9298
-10053
-9836
-4842
1181
3369
3409
4815
6467
5362
2958
2585
2965
1880
112
74
2242
3604
2475
646
-768
-1936
-3213
-5482
-8309
-10477
-10745
-9037
-6528
-3629
-734
2056
4850
6778
7597
7143
5258
2598
34
-1588
-2789
-4182
-4839
-4457
-2913
-401
1279
1684
1708
1518
826
-498
-2755
-4900
-6339
-6930
-5882
-3981
-2388
-974
943
3030
4254
4611
4625
3949
2389
1080
2397
6461
9615
9892
10145
11954
11778
7933
3972
2572
-191
-7208
-12590
-12040
-9576
-10252
-11970
-8316
-1383
1749
1984
3333
5837
6122
3687
2868
4107
3774
1700
750
2453
4531
3687
1395
-255
-1850
-3276
-5227
-8286
-10981
-11975
-10829
-8469
-5521
-1837
1306
3893
6478
8227
8837
7591
4850
2190
250
-1351
-3125
-4555
-5017
-4463
-2705
-823
-155
-199
-313
-735
-1351
-2261
-3943
-5577
-6036
-5183
-3147
-1006
274
1281
3054
4818
5182
4819
4102
2535
503
376
3428
7284
8852
8760
10184
12244
10512
6149
3385
1611
-3089
-9704
-12007
-10314
-9873
-11684
-10967
-5053
258
1163
1731
4311
6183
5117
3544
4116
4594
3205
1905
2435
4100
4330
2369
327
-1320
-3057
-4746
-7329
-10416
-11880
-11371
-9381
-6940
-3867
39
3126
5332
7347
8879
9155
7074
4116
2375
893
-1212
-3403
-4433
-4188
-3546
-2499
-1538
-1213
-1280
-1734
-2509
-3050
-3527
-4517
-5184
-4668
-2904
-561
1046
1994
3167
4590
5336
4762
4005
3342
1704
105
1191
5057
8500
8842
8660
10796
11620
8446
4408
2441
5
-6234
-11467
-11263
-9425
-10138
-11798
-8866
-2128
1074
851
2027
4580
5336
3524
2885
4284
4171
2657
2352
3785
5059
4040
1693
-256
-2261
-4099
-5915
-8851
-11914
-12615
-10825
-8418
-6025
-2585
1424
4489
6424
7735
8935
8760
6134
3232
1947
965
-1362
-3768
-4160
-3465
-2802
-2332
-2197
-1984
-2249
-3357
-4363
-4593
-4790
-5496
-5286
-3677
-1210
1238
2904
4212
5479
6243
5913
4884
3836
2213
-93
-1063
1011
4962
7575
7849
8762
10660
10128
6941
3973
2209
-1861
-8440
-11461
-10082
-8949
-10384
-11022
-6210
-186
1412
1216
2709
4853
4358
2285
2754
4025
3162
1907
2538
4878
5810
3824
1635
-135
-2190
-3909
-6199
-9399
-11974
-12388
-10208
-7782
-5548
-2132
1552
4865
6884
8122
9330
8549
5797
3493
2346
1135
-1359
-3591
-3970
-3384
-2728
-2766
-3070
-2825
-3177
-4211
-4934
-5123
-5325
-5507
-4680
-2606
-43
1979
3428
5139
6702
6985
6233
5322
4057
1971
-56
104
2828
5834
7075
7272
8967
10141
7959
4979
3356
1304
-4028
-9541
-10417
-8725
-8711
-10581
-9515
-3802
488
905
1303
3474
4850
3299
1901
3236
4267
3169
2154
3455
6076
6021
3233
926
-851
-2697
-4624
-7520
-10452
-12069
-11931
-9969
-7392
-4474
-1235
1908
4902
6897
8322
9061
7681
5200
3380
2509
1030
-1547
-3322
-3674
-3332
-2995
-3387
-3839
-4024
-4729
-5566
-6006
-6123
-6143
-5803
-4399
-1754
978
2742
4299
6134
7451
7400
6534
5569
3827
1243
-301
751
3257
5466
6143
6820
8767
8600
5939
3744
2640
-35
-5814
-9877
-9204
-7947
-8832
-9989
-7310
-1658
889
822
2003
3975
4282
2194
1428
3126
3419
2047
1729
3793
6203
5476
2966
1176
-730
-2656
-4604
-7598
-10384
-11499
-10742
-8891
-6829
-3710
-275
2368
4783
6817
8505
8781
6922
4911
3729
2858
1154
-1306
-2787
-3052
-3017
-3055
-3533
-4040
-4409
-5235
-5963
-6190
-6189
-6043
-5358
-3584
-675
1908
3395
4880
6698
7698
7234
6466
5693
3629
1080
42
1049
3321
5474
6475
7508
8815
8009
5452
3465
2203
-692
-6098
-9555
-8967
-7847
-8239
-8743
-6127
-1232
988
1163
2212
3537
3482
1403
491
2051
2421
1246
1088
3435
6232
5873
3737
2213
467
-1618
-3979
-7100
-9854
-11391
-11301
-9817
-7405
-4023
-931
1567
4183
6468
8128
8308
6662
4683
3457
2203
380
-1533
-2924
-3451
-3475
-3076
-3006
-3471
-4121
-5086
-5620
-5920
-6526
-6673
-6041
-4477
-1760
839
2921
4986
6629
7475
7580
7376
6333
3732
1278
454
1185
2922
4783
6337
7645
8351
7502
5645
3722
1833
-935
-5429
-8983
-9184
-8047
-7692
-7799
-5739
-1094
1525
1818
2642
3702
3490
1231
-120
1255
1605
442
568
2815
5526
5797
4200
2882
1425
-437
-2804
-6142
-8995
-10664
-11396
-10569
-8125
-4847
-1825
753
3629
6367
7877
8050
6787
4959
3461
1763
55
-1477
-2861
-3534
-3415
-2744
-2269
-2698
-3541
-4392
-4842
-5393
-6485
-6801
-6115
-4818
-2562
-60
2596
4834
6203
7518
8493
8573
7344
4799
2521
1123
864
2114
4208
6281
7347
7596
7196
5857
3949
1928
-182
-3754
-8004
-9408
-8058
-6947
-7003
-6040
-2041
1728
2446
2654
3760
3830
1665
-293
496
1169
-50
-417
1402
4150
5203
4284
3264
2244
684
-1263
-4054
-7079
-9631
-11084
-10636
-8785
-5962
-3114
-515
2450
5128
6830
7311
6492
4884
3142
1438
99
-1363
-2967
-3964
-3972
-2919
-2044
-2413
-3134
-3454
-3730
-4697
-6152
-6534
-6208
-5584
-3938
-1439
1568
3898
5068
6607
8440
8939
7581
5102
3099
1703
940
1809
4331
6654
7228
7074
7276
6502
4140
1709
13
-3238
-7889
-9585
-8117
-6577
-6844
-6379
-2140
2040
2675
2525
3364
3690
1731
-582
-60
724
-302
-635
1021
3862
5428
4627
3734
2746
1173
-803
-3561
-6743
-9568
-11166
-10756
-8971
-6440
-3453
-717
2203
4861
6342
6928
6302
4591
2681
946
-306
-1478
-2855
-3617
-3331
-1894
-853
-1415
-2020
-2204
-2849
-4386
-6069
-6501
-6243
-5924
-4741
-2107
1238
3569
4822
6542
8635
9135
7612
5541
3750
2219
1194
1677
4387
7040
7402
7263
7524
6771
4175
1360
-202
-3094
-7777
-9913
-8603
-6549
-6314
-6223
-2406
2224
3327
2960
3529
3968
1967
-874
-808
-31
-637
-893
360
3189
5185
4923
4317
3221
1397
-338
-2815
-6145
-9374
-11048
-10510
-9265
-7030
-3706
-659
2277
4444
5657
6514
5972
3989
1675
67
-809
-1927
-3032
-3471
-2849
-1055
-100
-627
-916
-1167
-2473
-4606
-6298
-6701
-6531
-6557
-5469
-2742
537
2879
4273
6451
8558
8824
7673
5991
4159
2279
1039
1833
4790
7101
7352
7442
7874
6646
3974
1876
395
-3280
-8488
-10305
-8339
-6598
-6910
-6484
-2065
2530
3178
2945
3929
4193
1672
-1284
-1077
-104
-904
-1472
-9
3047
5152
5018
4413
3407
1663
-82
-2514
-5902
-9251
-11086
-10737
-9443
-7243
-4109
-956
2015
4001
5165
6326
5884
3611
1093
-443
-1144
-2113
-3246
-3474
-2440
-722
224
-100
-183
-407
-1958
-4071
-5680
-6299
-6396
-6842
-5955
-2978
199
2387
4003
6352
8427
8863
7935
6357
4475
2724
2191
3727
6667
8059
7792
8092
7876
5886
3265
1530
-466
-5296
-9895
-10053
-7744
-6781
-7749
-6126
-626
2807
2593
2745
4335
4202
1080
-801
590
1042
-402
-790
1350
4454
5246
4219
3262
1725
-240
-1979
-4473
-7536
-9931
-10711
-9703
-7844
-5449
-2303
708
2722
4102
5051
5676
4683
1995
95
-654
-1319
-2123
-3053
-2784
-1312
8
479
102
-354
-1155
-3058
-5068
-6196
-6490
-6583
-6574
-4977
-1850
1113
3019
4506
6369
8005
8294
7207
5552
3830
2443
2130
3683
6685
8518
8341
8212
7844
5893
3046
730
-1405
-5399
-9677
-10398
-8132
-6516
-6764
-5352
-234
3499
3556
3224
4139
4052
1165
-1235
-625
-18
-1042
-1565
313
3647
4828
3981
3495
2346
363
-1527
-3961
-6932
-9661
-10594
-9237
-7727
-5632
-2285
663
2760
3896
4830
5577
4192
1483
-431
-1433
-2158
-3126
-3654
-3024
-1611
-60
709
541
418
-328
-2204
-3970
-5190
-5813
-6302
-6337
-4686
-2091
294
2311
3869
5477
6964
7381
6602
4992
3489
2817
3055
4876
7753
9157
9035
8862
7875
5901
3000
290
-1892
-6127
-10113
-10295
-8202
-6734
-6839
-5062
169
3229
3085
3131
3975
4057
1280
-996
191
919
-121
-397
1557
4535
5149
3719
2888
1490
-596
-2506
-5063
-7595
-9768
-10430
-8784
-7040
-4668
-1322
1173
3093
4237
5023
5484
3905
1324
-370
-1325
-1844
-2708
-3271
-2554
-1385
-119
549
321
-9
-864
-2457
-3938
-4977
-5452
-5849
-5748
-4165
-1888
344
2212
3512
5108
6438
6752
6033
4577
3354
2916
3640
5857
8430
9408
9201
8814
7547
4989
1979
-239
-2688
-7220
-10525
-9814
-7636
-6689
-6936
-4431
753
3123
2756
2841
3904
3637
542
-972
677
1150
-72
-109
2257
4927
4798
3172
2246
713
-1454
-3443
-5883
-8183
-9908
-9902
-8085
-6255
-3651
-535
1697
3304
4169
4837
4920
3054
575
-959
-1624
-2040
-2745
-3157
-2360
-1086
37
486
234
-199
-1301
-2989
-4416
-5355
-5767
-6092
-5723
-3754
-1349
779
2446
3581
5010
6080
6024
5229
4106
2975
2690
3898
6535
9144
9839
9676
9436
7802
4768
1481
-695
-3099
-7994
-11066
-9835
-7359
-6294
-6588
-3705
1633
3564
2926
3003
4077
3553
166
-954
1096
1549
546
595
3003
5657
5112
3212
2067
272
-2127
-4325
-6545
-8711
-10368
-9802
-7539
-5628
-3045
310
2501
3806
4528
4939
4967
2977
462
-913
-1646
-2015
-2596
-2729
-1808
-689
423
847
111
-510
-1226
-2884
-4632
-5477
-5632
-5590
-4893
-3067
-755
1425
3105
3993
5016
5879
5710
4615
3090
1887
1980
3463
5955
8767
9956
9846
9354
7694
4946
1652
-876
-3525
-8179
-11116
-9973
-7664
-6543
-6554
-3797
1387
3643
3284
3227
4069
3554
311
-855
662
847
-54
86
2566
5207
4878
3208
2112
461
-1701
-4071
-6387
-8596
-10452
-10123
-7994
-5772
-3077
-136
2294
4058
4781
5039
4598
2739
339
-1269
-1961
-2497
-2999
-3104
-2363
-883
540
1010
500
-89
-792
-2320
-4266
-5489
-5932
-5987
-5463
-3875
-1534
907
2711
3833
5035
6203
6212
4830
3058
2020
2368
3892
6217
8766
9822
9713
9122
7265
4504
1531
-938
-4209
-8831
-10841
-9394
-7448
-6779
-6422
-2943
1748
3388
3204
3392
4308
3503
631
346
1789
1605
726
920
3389
5526
4577
2756
1351
-494
-2540
-4772
-6976
-8865
-10101
-9024
-6714
-4626
-1924
733
2736
4098
4580
4694
4044
2054
-94
-1270
-1635
-2004
-2469
-2482
-1663
-311
702
584
-274
-868
-1632
-3179
-4799
-5498
-5415
-5214
-4434
-2498
-265
1702
3039
3956
4988
5625
5297
4113
2628
1756
2476
4330
6866
9333
9958
9757
9087
6974
3798
453
-1734
-4974
-9581
-11189
-9458
-7219
-6508
-5935
-2047
2412
3655
3223
3309
4216
2925
92
27
1320
1282
680
1127
3641
5462
4452
2696
982
-1046
-3218
-5660
-7783
-9371
-10376
-9282
-6757
-4109
-1392
1099
3346
4686
4913
4850
4124
1992
-452
-1884
-2344
-2468
-2739
-2754
-1805
-201
687
541
-96
-879
-1891
-3543
-5260
-5758
-5466
-5258
-4404
-2339
224
2221
3513
4417
5283
5823
5321
3660
2024
1452
2285
4045
6632
9096
9766
9669
8782
6524
3819
825
-1856
-5582
-9908
-10958
-9272
-7414
-6712
-5511
-1273
2683
3478
3441
3973
4333
2645
318
602
1720
1552
982
1674
4138
5428
4049
2275
527
-1537
-3621
-6025
-8086
-9563
-10024
-8445
-6010
-3239
-274
2052
3989
5097
5145
4881
3831
1671
-620
-1990
-2379
-2479
-2632
-2616
-1761
-257
702
342
-437
-832
-1759
-3662
-5296
-5598
-5192
-5045
-4044
-1658
914
2732
3799
4544
5264
5712
5004
3277
1781
1641
2817
4697
7455
9510
9724
9265
8078
5848
2599
-394
-2822
-6865
-10598
-10844
-8688
-6932
-6838
-4837
21
2953
3340
3224
3816
4132
2004
414
1222
2041
1904
1409
2428
4881
5164
3198
1394
-553
-2639
-4985
-7400
-8994
-10126
-10016
-7929
-5046
-1906
841
3240
5328
5978
5763
4974
3244
916
-1314
-2652
-3159
-3134
-2921
-2665
-1448
156
691
140
-790
-1592
-2741
-4585
-6066
-6018
-5363
-4784
-3203
-570
1966
3693
4724
5353
5624
5451
4221
2220
844
1019
2482
4822
7540
9016
9349
9135
7783
5242
2023
-525
-3653
-8234
-10903
-10426
-8326
-7122
-6752
-3467
1186
3228
3423
3555
4255
3740
1351
652
1642
2026
1711
1434
3113
5272
4680
2955
1350
-676
-2852
-5427
-7706
-9359
-10156
-9334
-7280
-4339
-1087
1597
3803
5495
6036
5847
4828
2950
666
-1369
-2416
-2982
-3002
-2706
-2422
-1254
222
442
-316
-1251
-2158
-3467
-5169
-6091
-5715
-4959
-4034
-2061
644
3060
4482
5311
5724
5683
5388
4103
2103
860
1534
3439
5800
7973
8891
9077
8651
6860
3875
1094
-1106
-5123
-9625
-11017
-9527
-7588
-7465
-6277
-1504
2203
3199
3345
3996
4683
2830
871
1344
2004
2105
1659
1727
3943
5040
3618
1862
17
-1864
-4130
-6830
-8633
-9883
-10250
-8628
-5923
-2607
385
2762
4871
5878
6106
5691
4088
1868
-330
-1902
-2768
-3148
-3042
-2937
-2406
-990
-8
-216
-1159
-2226
-3112
-4272
-5763
-6182
-5392
-4572
-3342
-921
1920
3867
5083
5985
6038
5548
4584
2945
1266
628
2015
5022
7310
7931
8460
8879
8105
5216
1910
237
-3184
-8431
-10994
-10284
-8066
-7706
-7950
-3914
903
2627
2868
3362
4859
3991
1435
1778
2688
2519
2254
2104
3817
5440
4393
2786
817
-1518
-3502
-5996
-8328
-10116
-10865
-9223
-6882
-4211
-617
2166
4320
5787
6482
6865
5580
3272
1156
-570
-1473
-2352
-2931
-2588
-2295
-1723
-690
-541
-1385
-2601
-3766
-4675
-5677
-6258
-5778
-4710
-3308
-1174
1605
4108
5533
6322
6814
6393
5247
3856
1875
248
305
2349
5478
7113
7428
8134
8174
6767
3606
730
-906
-5065
-9670
-10735
-9070
-7077
-7667
-6678
-1268
2252
2869
3052
3888
4729
2391
545
1725
2113
1832
1537
2078
4462
5137
3778
2504
390
-1702
-3696
-6410
-8453
-10224
-10509
-8412
-6003
-2918
509
3034
5018
6204
6917
6918
4918
2306
303
-1145
-2197
-3161
-3246
-2829
-2577
-1618
-746
-856
-1743
-3092
-4235
-5191
-5977
-6253
-5786
-4501
-2540
-128
2608
5000
6341
6913
6904
6162
4867
3154
1255
291
1088
3980
6691
7030
7296
8241
7880
5150
1898
512
-2297
-7730
-10837
-10007
-7787
-7798
-8554
-4720
307
1909
2113
3013
4671
3791
1201
1541
2792
2812
2161
1752
3567
5168
4096
2626
1007
-1187
-3364
-5693
-7613
-9404
-10753
-9316
-6557
-4210
-1277
1844
4346
5468
6010
7027
6478
3872
1428
57
-681
-1847
-2848
-2701
-2381
-2245
-1762
-1381
-1871
-3191
-4410
-5249
-5959
-6107
-5589
-4615
-2882
-464
1978
4173
5964
6978
7144
6622
5590
4469
2614
873
692
2598
5611
6779
6713
7538
7738
6059
2973
631
-884
-5239
-9823
-10685
-8784
-6990
-7969
-6927
-1602
1738
2171
2346
3645
4670
2352
955
2304
2721
2447
1687
2202
4532
4747
3418
2191
-19
-2200
-4135
-6278
-8166
-9921
-9909
-7725
-5455
-2652
542
3374
5240
5708
6438
7097
5616
2913
720
-287
-1215
-2505
-2868
-2768
-2544
-2041
-1808
-1995
-2534
-3659
-4962
-5930
-5956
-5648
-5243
-3938
-1832
676
2948
4943
6777
7460
7211
6536
5332
3717
1695
596
1357
3744
5987
6246
6299
7179
6654
4064
1333
264
-2416
-7803
-10750
-9598
-7439
-7859
-8591
-4799
-52
1333
1496
2484
4211
3623
1169
1325
2759
3037
2361
1755
3468
5276
4183
2344
645
-1354
-3408
-5772
-7550
-8907
-9845
-8686
-6135
-3570
-973
1792
4387
5491
5699
6586
6555
4447
1910
366
-230
-1189
-2245
-2534
-2428
-2101
-2131
-2494
-2840
-3801
-5208
-6244
-6424
-5867
-5073
-3843
-2085
365
2825
4654
6225
7507
7547
6782
5784
4524
2759
852
438
2040
4770
6292
6259
6909
7488
6073
3102
1035
-169
-3978
-8711
-10366
-8805
-7031
-7866
-7665
-3162
710
1525
1491
2717
4233
2459
345
1223
2450
2604
1885
1908
4069
4988
3688
2441
693
-1270
-3210
-5323
-7065
-8854
-9309
-7663
-5698
-3364
-621
2157
4481
5238
5821
6768
6086
3907
1605
297
-417
-1776
-2634
-2777
-2844
-2468
-2374
-2701
-3052
-3866
-5036
-6012
-6201
-5765
-5017
-3866
-2031
467
2645
4592
6478
7635
7688
6920
6015
4715
2763
1476
1808
3830
5951
6147
6180
6971
6643
4254
1331
335
-1520
-6527
-10138
-9823
-7554
-7365
-8695
-5977
-1205
698
945
1648
3593
3893
1391
938
2317
2913
2588
1554
2512
4582
4094
2376
900
-844
-2671
-4842
-6661
-7870
-9087
-8546
-6477
-4562
-2014
582
2966
4429
4814
5836
6330
5030
3061
1548
707
-255
-1445
-2156
-2563
-2703
-2923
-3429
-3757
-4286
-5254
-6145
-6527
-6047
-5124
-3867
-2290
-23
2380
4100
5766
7228
7795
7300
6344
5466
4097
2275
1482
2510
4870
6451
6114
6427
7059
5805
2709
143
-331
-2881
-7620
-9919
-8838
-6452
-6740
-7548
-3903
266
1313
1081
1735
3640
2982
255
456
1847
2492
2348
1698
3393
5099
4157
2623
1054
-647
-2479
-4813
-6571
-8155
-9137
-7864
-5820
-3904
-1355
1482
3955
4888
5154
6213
6144
4319
2173
908
52
-1118
-2058
-2513
-2648
-2568
-2492
-2911
-3586
-4331
-5258
-6186
-6784
-6366
-5150
-3993
-2195
453
2720
4373
6000
7544
7792
7013
6368
5415
3352
1387
1310
3094
5268
5881
5859
6807
6910
4752
1830
529
-334
-4449
-9092
-9865
-7777
-6751
-7973
-6942
-2242
671
712
1013
2685
3721
1573
-162
825
1980
2167
1469
1745
3975
4812
3513
2091
637
-955
-2925
-5164
-6800
-8178
-8590
-7264
-5601
-3394
-584
1893
3893
4546
5267
6294
5522
3677
1934
819
-163
-1421
-2189
-2587
-2961
-2802
-2935
-3372
-3659
-4307
-5290
-6011
-6195
-5684
-4626
-3439
-1540
634
2594
4640
6357
7375
7363
6692
6330
4979
2744
1585
1745
3295
5450
6219
6585
7295
6548
4314
1501
363
-749
-5039
-9110
-9574
-7656
-6483
-7312
-5913
-1427
1044
1105
1318
2892
3660
1217
-360
695
1782
1959
1175
1810
4171
4727
3571
2391
1009
-612
-2774
-4813
-6231
-7636
-8076
-7027
-5484
-3191
-459
2012
3715
4530
5458
6068
5321
3573
1907
626
-680
-1671
-2225
-2807
-3098
-2871
-2779
-3058
-3425
-4080
-4966
-5746
-6198
-5734
-4548
-3192
-1489
540
2641
4646
6170
7086
7005
6632
6099
4524
2667
1432
1465
2937
4977
6117
6652
7290
6626
4303
1782
507
-657
-4565
-8910
-9654
-7657
-6299
-6784
-5731
-1388
1374
1265
1444
2782
3475
1123
-1064
-184
1178
1242
528
1211
3564
4500
3546
2519
1533
-96
-2302
-4248
-5803
-7386
-8204
-7441
-5858
-3823
-1271
1097
2977
4120
4932
5464
4879
3488
1967
356
-1032
-1822
-2434
-3130
-3323
-2864
-2491
-2736
-3360
-3841
-4207
-4892
-5793
-5430
-4131
-2851
-1359
376
2415
4336
5585
6437
6816
6904
6432
4711
2855
1674
1671
2840
4580
6290
7232
7447
6489
4623
2604
704
-818
-3881
-7993
-9386
-8113
-6469
-6090
-5437
-1779
1469
1969
2125
2820
3373
1660
-1124
-955
373
420
210
751
2798
4387
3871
3213
2442
916
-1103
-3394
-5100
-6687
-8113
-7907
-6439
-4279
-1796
372
2674
4382
4926
5288
4941
3636
1922
-111
-1625
-2339
-3008
-3518
-3528
-2938
-2116
-2086
-2547
-2906
-3063
-3806
-5143
-5179
-4074
-3051
-2064
-641
1614
3721
4933
5778
6640
7227
6354
4549
3108
1863
1188
1522
3517
6341
7417
7149
7018
6271
4102
1322
125
-1504
-6184
-9512
-8578
-6106
-5589
-6309
-3555
982
2132
1616
2181
3313
2382
-1065
-1942
-240
255
-74
3
1901
4194
4313
3796
3362
1879
-171
-2432
-4347
-6218
-8287
-8657
-7324
-5596
-3548
-1102
1537
3187
3650
4154
4529
3742
2022
-24
-1492
-2126
-2761
-3352
-3463
-2860
-2014
-1934
-2410
-2452
-2302
-3303
-4811
-4966
-3983
-3078
-2578
-1292
1019
2851
3817
4805
6231
6890
6005
4637
3540
2557
1823
1912
3764
6582
7587
7076
6945
6435
4144
1232
-26
-1157
-5194
-8892
-8409
-5878
-4952
-5506
-3411
947
2327
1734
2005
2931
2425
-722
-2116
-718
210
360
539
2112
4367
4637
4062
3808
2520
65
-2198
-3918
-6125
-8520
-8832
-7223
-5870
-4273
-1293
1947
3389
3389
3828
4369
3417
1462
-241
-1575
-2385
-2910
-3165
-2906
-2110
-1226
-1194
-1981
-1929
-1714
-2949
-4773
-5318
-4327
-3576
-3225
-1711
655
2406
3456
4744
6387
6939
6058
4618
3182
2275
1699
1828
3801
6566
7811
7585
7615
7140
4582
1473
-30
-1453
-5442
-9056
-8483
-6101
-5360
-5541
-3048
1332
2535
1601
2036
3021
2130
-899
-2346
-1013
-17
-25
443
2221
4490
5049
4467
4059
2499
53
-2257
-4630
-7123
-9085
-8920
-7357
-6227
-4387
-1124
1885
3020
2991
3563
3883
2512
492
-791
-1635
-2328
-2856
-2740
-1843
-842
-185
-483
-1177
-1248
-1700
-3118
-4759
-5404
-4755
-4214
-3477
-1446
762
2354
3458
4799
6350
6676
5880
4675
3397
2512
1931
2272
4721
7144
7500
7294
7537
6576
3320
77
-613
-2021
-6729
-9778
-8150
-5411
-5144
-5683
-2439
2057
2464
1334
1865
3060
2027
-1413
-2401
-709
75
17
553
2589
4768
4875
4277
3580
1453
-896
-2700
-4844
-7572
-9148
-8046
-6690
-5978
-3661
185
2943
3398
3224
3932
4004
2034
-90
-1321
-2026
-2671
-3070
-2558
-1495
-302
457
-56
-591
-429
-1203
-3090
-4847
-5294
-4750
-4404
-3454
-1320
874
2564
3813
5308
6567
6705
5820
4287
2612
1807
1565
2020
4262
6861
7761
7703
7904
6960
3955
863
-75
-1696
-6253
-9270
-7994
-5560
-5151
-5410
-2334
1864
2500
1497
1769
2929
1902
-1496
-2618
-1077
-112
-117
271
2390
4509
4573
4230
3579
1589
-744
-2749
-4738
-7275
-8783
-7712
-6309
-5510
-3466
-31
2486
2693
2358
3009
3060
1507
-450
-1468
-1829
-2331
-2591
-2153
-976
83
366
-65
-559
-752
-1488
-3022
-4539
-4975
-4531
-4166
-3193
-1363
469
2021
3099
4172
5229
5426
4764
3664
2662
2110
1833
2373
4565
7158
7952
7543
7602
6629
3502
309
-793
-1802
-5668
-8891
-7802
-5059
-4067
-4411
-2261
1790
2884
1588
1333
2374
1727
-1588
-3034
-1303
-174
-116
395
2479
4785
5124
4848
4030
1465
-1042
-2733
-5023
-7663
-8872
-7823
-6808
-6179
-3081
608
2439
2762
2534
3054
2668
848
-804
-2069
-2582
-2700
-2609
-1594
-443
505
1082
768
370
318
-752
-2622
-4221
-4871
-4627
-4287
-3330
-1619
36
1693
3107
4140
5011
5305
4970
3946
2883
2523
2256
2471
4328
7103
8475
8127
7838
6998
4102
897
-410
-1573
-5036
-8439
-8204
-5622
-4188
-4210
-2642
1168
2819
1751
1503
2380
2089
-987
-2962
-1303
-31
-271
114
1968
4297
4631
4114
3677
1667
-1012
-2975
-4628
-6447
-8132
-8116
-6653
-5654
-3764
-622
1728
2576
2329
2500
2619
1111
-607
-1781
-2383
-2539
-2722
-1920
-452
155
661
962
730
302
-445
-1624
-3226
-4519
-4446
-4022
-3517
-2299
-781
915
2210
3069
4241
4951
4550
3608
2835
2714
2341
1778
2712
5427
7555
7528
7153
7278
5435
1711
-317
-228
-2067
-6592
-8671
-6263
-3701
-4186
-4021
-282
2613
1911
1058
2339
2981
163
-2545
-1919
-754
-778
-677
760
2876
3881
4236
4600
3129
472
-1383
-2837
-4915
-7389
-8231
-7429
-6635
-5066
-2334
293
1632
1616
1801
1975
1078
-144
-1272
-2038
-2430
-2486
-1590
-541
15
839
1383
1210
973
444
-575
-2187
-3864
-4348
-4250
-3719
-2670
-1407
228
1580
2371
3537
4393
4266
3603
2842
2777
2768
2159
2452
4635
7491
8504
7854
7991
7045
3578
522
-158
-453
-3925
-7856
-7186
-4141
-2971
-3561
-2099
1635
2528
998
1335
2552
1192
-2210
-3291
-1721
-970
-951
312
2287
3598
4358
5121
4529
1774
-820
-1678
-3346
-6482
-8028
-7767
-7311
-6729
-4532
-1347
309
576
936
1474
1502
568
-496
-1161
-1886
-2154
-1339
-399
-61
467
1421
1578
1235
1096
425
-1238
-3250
-4219
-4154
-4025
-3714
-2875
-1458
-214
693
2091
3352
3803
3486
3092
3382
3820
3438
2518
2652
4693
6859
7318
6924
6562
5468
2638
117
51
-131
-3109
-6407
-6435
-3512
-1757
-2643
-2029
655
1935
1307
1063
1826
776
-2178
-3124
-1916
-928
-329
520
1717
2886
3883
4622
3639
953
-947
-1676
-3340
-5974
-7487
-7523
-7392
-6543
-4230
-1874
-996
-476
376
487
319
431
260
-651
-1486
-984
311
735
583
1046
1809
1890
1136
560
22
-1616
-3304
-3704
-3416
-3245
-2919
-1923
-870
-269
677
2130
2898
2711
2397
3006
4034
3933
3681
3763
3545
4062
5618
7117
6821
5382
4585
3245
974
-134
119
-713
-3493
-5037
-2881
-385
-928
-2231
-897
1450
1445
210
212
91
-1988
-3567
-2714
-1293
-482
210
1180
2463
3584
4158
3822
2204
152
-1506
-2604
-4080
-6380
-7836
-7698
-6324
-5034
-4371
-3058
-1272
-654
-1049
-738
373
710
-262
-852
120
1075
1215
1181
1452
2216
2151
1230
692
67
-1030
-2221
-3180
-3472
-3447
-3089
-2484
-2135
-1617
-539
695
1541
1599
1980
3247
4105
4440
4919
5255
4620
3181
2837
4332
5263
4398
3576
3765
3307
1533
1083
2298
1527
-1450
-2777
-1237
167
-1232
-2781
-1209
508
-112
-1032
-582
-308
-1906
-3063
-1995
-1042
-804
-289
241
1208
2464
3781
4412
2788
918
542
-1130
-4613
-7366
-8315
-8352
-9036
-8746
-6605
-4700
-3359
-2299
-824
1233
2070
1695
1695
1721
1713
1545
1162
1399
1602
1506
1473
1083
620
79
-866
-1920
-3251
-3789
-3794
-4270
-4183
-3136
-1932
-845
383
2051
3788
4536
5034
5964
6375
5797
4557
3420
1967
540
1051
2767
3674
3684
4414
5698
5153
3811
4361
4416
1587
-1762
-2568
-1363
-1710
-3451
-2766
-453
232
-466
-228
714
-272
-2076
-2157
-1795
-2229
-2102
-1516
-417
1252
2833
4218
4332
3038
1358
-388
-2851
-5978
-8664
-10055
-10464
-10412
-9396
-7263
-4638
-2120
-58
1690
3515
4583
4321
3594
2902
2250
1464
546
-70
-134
0
-33
-71
314
253
-837
-1931
-2743
-3631
-4312
-4400
-3980
-3170
-1758
265
2395
4385
5803
6696
6994
6361
5449
4288
2360
613
-473
-1498
-1996
-1158
1181
3619
5138
6959
8146
7192
5570
4768
3814
1313
-1480
-2361
-2116
-2417
-2631
-1310
467
694
271
553
601
-1112
-3366
-4273
-4255
-3982
-2953
-1196
659
2560
4056
4523
3846
2082
-554
-3725
-6669
-8954
-10728
-11780
-11318
-9284
-6959
-4456
-970
2222
3826
4441
4928
5016
3921
1892
245
-614
-1417
-2093
-1994
-1018
-205
-39
35
98
-50
-800
-2275
-3428
-3779
-3671
-2937
-1444
374
2205
3939
5266
5569
5296
4659
3513
2515
1827
1247
789
366
521
1255
1886
2775
4619
6570
7385
7397
7414
6771
4735
2478
1663
805
-1209
-2719
-2832
-1851
-1072
-873
-158
609
202
-518
-619
-746
-1788
-2819
-2367
-1647
-1427
-714
303
795
611
328
-107
-1754
-4530
-7127
-8658
-9512
-10235
-10001
-8649
-6562
-3801
-733
1863
3873
5276
5440
4682
3653
2277
297
-1666
-2829
-3492
-3506
-2857
-2170
-1405
-790
-404
-114
-271
-804
-1249
-1377
-774
40
1130
2437
3129
3288
3499
3587
3196
2591
1966
1367
1053
1275
1811
2304
2742
3399
4091
4448
4489
4583
4482
3714
3125
3311
3607
3369
2725
2571
2564
2121
1615
1275
1101
306
-679
-1059
-1377
-1623
-1867
-1629
-817
-479
-492
-750
-1520
-2764
-4214
-4941
-5304
-5691
-5543
-4915
-4215
-3693
-3516
-3440
-3343
-3325
-3253
-3458
-3403
-2780
-2185
-1406
-495
316
1167
1292
694
-160
-1258
-2723
-4124
-4786
-4736
-4395
-3636
-2265
-765
744
2336
3456
3954
4250
4084
3416
2595
1844
786
-297
-809
-595
58
512
1138
2265
3223
3829
4348
4837
5134
4983
4773
4605
4466
4344
3950
3575
3356
2845
1939
1242
1027
861
655
868
1438
1906
2164
2130
2243
2352
1913
1669
1644
1191
723
250
-451
-1376
-2726
-3959
-5231
-6489
-6956
-7414
-7432
-6744
-6092
-5002
-3724
-2334
-788
182
1094
1618
1545
1232
-61
-1531
-2516
-3134
-3861
-4900
-5146
-4935
-5122
-5033
-4387
-3918
-3583
-3065
-2209
-1005
391
1867
2956
3735
4319
4466
4315
3671
2360
1228
491
-287
-891
-831
-237
338
1159
2471
3915
4853
5189
5378
5378
4989
4385
3845
3163
2571
2460
2612
2651
2587
2457
2048
1248
668
457
130
-177
-332
-6
563
1140
1562
1670
1960
2244
2004
1441
742
-153
-1370
-2269
-2566
-3035
-3719
-3859
-3748
-3808
-3662
-3308
-2889
-2581
-2067
-1179
-623
-166
158
41
-144
-552
-1096
-2079
-3435
-4522
-5536
-6412
-6862
-6793
-6346
-5678
-4568
-3131
-1928
-545
856
1727
1999
1903
1901
1593
926
207
-426
-904
-1112
-1034
-679
-60
577
1299
2102
3002
3906
4412
4708
4964
5099
5008
4667
4210
3795
3332
2824
2508
2188
1575
933
666
575
558
656
831
1235
2013
2609
2716
2720
2778
2608
1996
1315
957
299
-704
-1558
-2017
-2048
-2309
-2475
-2191
-1897
-1642
-1186
-534
-53
113
447
842
1043
1002
883
791
458
-144
-970
-1892
-2872
-4021
-4965
-5631
-6089
-5997
-5406
-4630
-3733
-2499
-1127
-58
680
1174
1154
554
-258
-856
-1157
-1634
-2284
-2518
-2157
-1784
-1476
-768
-46
164
436
987
1425
1658
1684
1801
2190
2607
2987
3296
3336
3139
2839
2537
2041
1250
508
49
-237
-228
75
314
724
1528
2360
2818
2991
2882
2324
1516
873
413
-272
-926
-1190
-967
-597
-404
-103
266
297
253
351
424
216
36
186
591
1116
1562
1790
1803
1572
746
-210
-1046
-2147
-3513
-4444
-4814
-5021
-4794
-4097
-3084
-1939
-724
506
1212
1378
1243
731
-21
-918
-1618
-2007
-2213
-2083
-1494
-786
-399
-102
369
1005
1276
996
516
292
172
-52
-70
345
675
790
1076
1537
1752
1643
1385
917
220
-399
-761
-1131
-1242
-899
-315
222
787
1306
1660
1862
1622
966
398
-142
-749
-1408
-1855
-1839
-1516
-1050
-561
80
771
1390
1723
1895
1811
1436
1100
928
1079
1249
1405
1633
1878
1940
1469
606
-292
-1243
-2176
-3004
-3447
-3479
-3375
-2780
-1701
-604
541
1578
2446
2928
2996
2510
1596
436
-765
-1661
-2501
-2955
-3033
-2609
-1725
-676
426
1448
2284
2757
2913
2859
2564
2057
1518
898
341
95
67
-185
-568
-746
-729
-780
-1172
-1542
-1600
-1613
-1502
-1041
-291
329
605
970
1413
1478
1174
655
-14
-861
-1694
-2175
-2460
-2766
-2925
-2669
-1976
-1160
-278
425
966
1440
1766
1948
1966
1745
1333
918
555
206
-179
-488
-679
-873
-1124
-1367
-1463
-1556
-1634
-1704
-1670
-1296
-866
-471
-129
442
976
1120
1304
1600
1465
820
348
84
-219
-624
-987
-1151
-1047
-740
-220
328
853
1487
2047
2381
2661
2965
3093
2826
2469
1993
1445
1046
490
-327
-1212
-1707
-1851
-1726
-1479
-1334
-1240
-735
-8
538
952
1197
1268
991
639
546
263
-438
-1252
-1753
-1853
-1996
-2136
-2151
-1827
-1382
-785
-117
236
569
909
1328
1753
1942
1959
1766
1281
640
65
-367
-977
-1837
-2514
-2716
-2499
-2150
-1950
-1845
-1362
-622
108
470
599
667
683
825
754
550
271
-112
-382
-564
-685
-829
-925
-840
-594
-233
262
761
1254
1647
2125
2599
2887
3078
2941
2472
1976
1654
1349
860
271
-352
-751
-833
-964
-1056
-970
-860
-707
-416
-51
103
209
450
755
953
716
479
333
59
-386
-916
-1267
-1613
-1939
-2063
-1959
-1657
-1221
-813
-454
-112
354
842
1224
1516
1579
1516
1291
939
494
59
-457
-1037
-1455
-1834
-1996
-2032
-2001
-1791
-1446
-990
-511
-158
77
294
479
520
488
479
338
88
-145
-330
-326
-391
-580
-745
-860
-685
-485
-310
8
338
693
1071
1665
2189
2380
2187
1926
1697
1227
520
-130
-623
-885
-945
-847
-688
-445
-6
368
590
715
766
589
290
63
-87
-140
-115
0
30
-34
72
252
141
-217
-572
-680
-747
-1004
-1175
-1093
-835
-412
128
473
821
1152
1287
1131
813
524
195
-178
-418
-530
-543
-505
-547
-485
-318
-362
-575
-705
-729
-655
-597
-560
-378
-80
243
668
968
991
957
966
1001
785
170
-242
-405
-621
-693
-458
-111
155
422
709
998
1266
1263
1054
769
360
-128
-486
-845
-1246
-1360
-1099
-700
-457
-219
60
299
430
408
330
307
173
48
39
-28
-100
-216
-219
-224
-221
-169
-246
-355
-316
-203
-118
-45
47
85
232
419
541
570
620
599
354
147
-93
-341
-563
-874
-986
-888
-759
-665
-514
-174
119
247
286
165
-53
-220
-303
-364
-594
-654
-362
-105
-43
-5
161
362
494
604
752
715
497
344
432
706
927
1046
1089
1108
987
901
831
456
-67
-541
-850
-1183
-1490
-1491
-1152
-843
-651
-383
44
317
310
262
317
171
-6
-68
-181
-348
-363
-316
-381
-475
-560
-628
-736
-852
-902
-828
-706
-549
-263
26
399
764
918
862
784
725
540
187
-174
-386
-557
-679
-642
-536
-443
-434
-348
-200
-94
-67
-82
18
107
176
291
457
682
927
1031
967
878
767
639
495
316
112
40
72
121
263
567
962
1360
1697
1865
1947
1835
1533
1139
639
152
-170
-427
-714
-852
-848
-721
-610
-442
-346
-432
-541
-544
-557
-568
-553
-381
-137
58
248
308
292
159
-96
-419
-817
-1179
-1426
-1669
-1873
-1976
-1850
-1456
-1012
-597
-134
249
426
437
308
91
-110
-420
-619
-591
-517
-431
-313
-158
-132
-217
-350
-579
-850
-1040
-1005
-909
-743
-342
214
792
1357
1766
2031
2160
2028
1798
1395
954
503
57
-364
-597
-361
-56
302
688
1014
1321
1680
1893
1743
1433
1194
918
561
297
136
5
-124
-174
-104
-35
-192
-435
-617
-779
-931
-1021
-931
-741
-531
-95
326
609
734
810
824
579
268
-196
-654
-1099
-1532
-1839
-1992
-1931
-1765
-1523
-1237
-864
-438
-182
-79
-84
-136
-217
-444
-555
-554
-577
-573
-530
-483
-434
-449
-552
-712
-854
-987
-1062
-961
-753
-500
-173
337
883
1313
1580
1697
1710
1630
1468
1225
957
671
454
284
155
114
303
493
629
841
1102
1297
1301
1288
1213
1209
1076
972
962
883
831
723
622
428
270
110
-180
-386
-298
-124
-94
-62
112
341
445
477
500
525
451
331
162
-34
-199
-478
-781
-975
-1149
-1345
-1474
-1555
-1628
-1562
-1379
-1140
-949
-800
-653
-443
-282
-185
-235
-442
-680
-923
-1214
-1397
-1514
-1579
-1669
-1681
-1499
-1167
-870
-621
-287
78
460
776
901
856
882
882
878
769
561
399
349
357
296
318
325
399
379
391
597
810
867
838
922
1060
1172
1131
1092
1095
973
848
772
664
472
322
218
62
56
174
314
495
795
1166
1339
1356
1234
933
525
126
-188
-395
-579
-712
-780
-854
-760
-619
-574
-706
-787
-747
-802
-866
-961
-1087
-1070
-982
-825
-720
-679
-566
-552
-659
-797
-973
-1166
-1463
-1706
-1767
-1678
-1438
-1112
-779
-478
-66
350
613
796
807
658
500
280
50
-183
-251
-216
-187
-40
168
328
402
365
401
446
524
463
502
582
577
727
880
1011
1154
1299
1315
1239
1156
1035
841
577
416
351
307
444
650
929
1194
1485
1722
1850
1765
1516
1288
872
386
29
-234
-503
-735
-846
-804
-743
-677
-581
-506
-416
-385
-417
-444
-547
-641
-799
-883
-875
-871
-921
-1057
-1127
-1134
-1225
-1388
-1458
-1430
-1432
-1366
-1264
-1228
-1056
-772
-471
-219
12
232
334
370
364
261
110
-41
-168
-357
-419
-372
-348
-317
-218
-50
39
90
206
316
242
173
111
178
198
281
429
520
669
781
880
913
956
917
790
816
828
851
899
945
1042
1149
1248
1340
1381
1339
1225
989
738
426
74
-154
-281
-395
-420
-305
-221
-148
-52
93
183
190
145
95
-40
-255
-513
-794
-1063
-1233
-1333
-1361
-1357
-1295
-1191
-1179
-1110
-970
-843
-760
-602
-424
-310
-256
-207
-209
-320
-471
-549
-566
-533
-539
-530
-459
-408
-443
-418
-337
-255
-224
-259
-254
-189
-144
-152
-82
4
82
162
295
433
445
462
485
513
536
584
759
789
946
1083
1213
1334
1292
1351
1341
1310
1254
1228
1188
1090
980
887
784
721
691
673
610
517
486
409
384
287
262
253
292
302
180
129
56
-169
-414
-586
-719
-882
-1045
-1108
-1092
-1093
-1035
-947
-828
-758
-636
-442
-312
-400
-434
-349
-394
-514
-610
-622
-651
-758
-895
-946
-916
-924
-961
-829
-639
-505
-456
-523
-609
-704
-848
-1000
-1056
-889
-762
-610
-464
-301
-189
-131
37
129
183
315
414
466
595
695
806
859
891
1002
1043
961
971
929
870
794
787
788
834
885
919
996
1051
1097
1079
1101
981
939
909
828
771
686
599
488
324
226
217
130
52
-35
-109
-226
-309
-288
-255
-251
-295
-291
-243
-275
-363
-447
-473
-482
-573
-559
-541
-571
-651
-724
-772
-821
-819
-889
-906
-912
-926
-860
-819
-763
-774
-763
-755
-818
-885
-946
-946
-909
-907
-891
-807
-738
-637
-491
-274
-111
19
172
400
591
709
770
768
732
685
597
473
333
198
191
182
158
220
396
585
799
1029
1209
1291
1354
1407
1355
1229
1040
912
772
674
554
477
458
403
366
283
183
217
250
207
275
371
427
413
433
372
261
226
138
19
-105
-165
-206
-221
-269
-360
-413
-433
-438
-352
-289
-271
-312
-342
-343
-429
-536
-676
-742
-811
-913
-955
-923
-873
-923
-1016
-987
-881
-863
-771
-685
-542
-466
-341
-190
-149
-115
-101
-108
-137
-99
-127
-197
-270
-260
-294
-319
-243
-260
-250
-164
-65
8
156
295
425
461
532
625
625
546
470
461
429
390
344
301
299
266
282
359
352
369
419
446
422
429
428
422
427
409
382
329
305
310
338
361
351
292
208
197
185
137
135
164
143
82
-3
-23
-27
-78
-143
-272
-335
-358
-383
-434
-477
-551
-532
-494
-482
-455
-425
-401
-326
-160
-56
59
140
124
39
-16
-50
-168
-292
-381
-473
-455
-468
-416
-311
-273
-171
-21
108
184
260
301
362
303
277
267
253
229
166
151
189
169
53
9
-34
-17
81
133
170
274
382
448
460
497
531
478
401
304
189
59
15
-45
-82
-71
-31
33
70
67
53
130
123
106
106
157
179
130
45
-23
-21
-108
-186
-212
-231
-307
-416
-543
-604
-554
-468
-375
-294
-251
-199
-88
-13
72
162
137
120
89
6
-95
-257
-391
-488
-544
-544
-523
-479
-373
-316
-255
-152
-19
104
226
317
379
382
364
248
119
7
-84
-86
-107
-116
-42
34
66
95
54
35
105
106
138
254
356
391
365
340
320
241
121
16
-127
-185
-238
-269
-280
-297
-248
-137
-26
108
209
240
225
128
55
-22
-72
-134
-184
-188
-118
-81
-70
-7
31
25
-54
-55
-102
-117
-149
-172
-63
9
124
188
243
315
341
326
267
132
-6
-130
-165
-139
-131
-69
-47
-21
-19
-2
-19
40
144
153
100
92
100
82
55
94
176
272
335
437
497
476
386
248
129
-14
-62
-85
-42
4
98
159
232
348
311
329
294
223
171
19
-100
-258
-389
-491
-434
-378
-394
-319
-224
-107
-41
-22
12
16
-88
-169
-226
-267
-290
-312
-275
-156
-26
-43
-67
-24
-38
-108
-132
-68
-53
-43
-65
-74
-47
-43
-70
-57
-27
-61
-171
-255
-351
-448
-482
-489
-436
-336
-216
-155
-49
47
13
-78
-58
-92
-200
-247
-280
-281
-231
-187
-12
207
375
489
580
597
462
357
238
143
116
90
104
123
194
255
325
412
478
460
424
412
241
114
82
27
-94
-154
-197
-109
-24
16
55
117
149
119
99
-5
-27
16
-23
-34
4
55
81
125
225
256
239
214
156
76
-11
-110
-169
-128
-114
-103
-124
-115
-114
-100
-41
-2
-23
-82
-143
-214
-295
-392
-423
-433
-420
-353
-280
-224
-126
-99
-116
-134
-98
-77
-130
-100
-36
30
80
173
253
304
292
292
310
231
160
183
162
137
144
173
225
283
256
236
158
66
-30
-163
-185
-184
-162
-112
-117
-96
-60
-17
16
13
16
-16
-40
-46
-31
-123
-149
-162
-132
-41
37
87
95
129
147
154
192
146
84
75
30
16
5
-63
-53
9
92
179
252
316
292
162
10
-41
-110
-196
-230
-254
-260
-285
-295
-267
-282
-272
-218
-197
-158
-66
10
63
56
60
-14
-68
-118
-91
-122
-129
-90
-92
-28
-27
5
56
89
185
255
240
223
122
35
-36
-123
-131
-142
-200
-267
-245
-191
-138
-73
-61
1
58
19
1
-28
-45
-81
-96
-71
-42
58
101
157
189
154
175
168
131
77
30
19
-8
-42
-48
-29
16
122
224
289
344
317
311
285
176
120
63
0
-48
-93
-158
-206
-195
-219
-184
-138
-76
-44
-37
8
36
29
17
67
98
54
79
87
-10
-68
-49
-62
-45
-43
-77
-67
-78
-7
105
235
312
368
409
369
314
227
109
-14
-140
-217
-312
-334
-295
-286
-234
-116
-66
-44
-47
-26
-12
48
100
117
166
189
166
142
81
47
50
30
21
3
-98
-85
-139
-146
-117
-76
11
70
120
132
131
147
102
40
-9
-2
25
-29
-98
-183
-239
-267
-301
-324
-269
-217
-180
-87
-34
-32
-45
-66
-2
20
36
103
101
37
-35
-86
-140
-150
-165
-160
-154
-100
-53
-3
45
158
264
333
354
305
223
109
0
-81
-124
-198
-231
-248
-233
-230
-204
-161
-123
-61
-41
-17
25
35
19
48
66
43
113
160
212
216
191
166
46
10
-37
-50
16
24
4
32
134
190
256
321
393
396
290
233
197
92
-23
-85
-89
-124
-157
-92
-18
30
39
65
30
-21
-28
-116
-121
-137
-148
-86
-60
12
59
38
-24
-95
-157
-198
-247
-229
-184
-212
-214
-216
-146
-54
30
103
191
254
229
162
30
-102
-224
-279
-354
-320
-216
-149
-50
37
85
59
-3
-18
-13
-29
-31
34
56
73
101
112
87
63
51
54
14
-41
-88
-84
-67
-69
-70
-42
68
161
265
352
417
453
431
419
371
308
173
23
-70
-119
-73
-40
21
24
40
57
122
171
177
198
145
130
88
63
4
-40
-94
-176
-125
-104
-77
-30
-47
-13
-30
-99
-122
-93
-41
-1
13
50
59
108
79
-35
-121
-181
-278
-349
-359
-372
-356
-267
-215
-191
-166
-116
-74
-101
-74
-102
-77
-74
-127
-127
-116
-80
-40
-7
-3
16
-40
-125
-181
-291
-335
-337
-292
-223
-127
-33
29
128
180
196
214
190
122
73
-1
-80
-102
-122
-127
-164
-176
-79
29
198
249
321
393
381
348
296
272
246
246
240
283
309
247
199
141
72
70
142
206
240
311
298
259
233
185
173
138
150
153
118
147
84
15
-31
-99
-148
-157
-161
-110
-69
-83
-129
-124
-121
-193
-221
-225
-157
-104
-33
43
79
31
-12
-80
-159
-205
-282
-367
-450
-529
-535
-511
-415
-261
-205
-97
-68
-2
39
21
25
-12
-54
-83
-178
-220
-276
-268
-190
-104
32
201
289
278
267
248
214
152
133
137
167
178
218
218
182
188
181
206
223
251
284
321
319
267
205
152
142
134
149
162
204
178
137
159
133
70
29
38
35
-44
-100
-83
-93
-120
-84
-83
-139
-149
-48
-48
-80
-41
-38
-4
-27
-99
-122
-118
-166
-238
-271
-290
-303
-301
-309
-338
-369
-357
-372
-315
-201
-169
-174
-162
-157
-224
-246
-227
-246
-243
-222
-182
-115
-26
-11
-7
24
65
87
55
50
-18
48
90
67
92
75
108
80
107
180
237
306
328
397
445
396
315
253
218
150
170
178
246
237
208
265
258
298
271
221
223
177
208
188
175
113
85
54
-25
14
6
41
95
138
124
76
40
-11
-68
-125
-141
-177
-140
-155
-153
-131
-122
-164
-224
-189
-244
-268
-295
-281
-292
-345
-354
-358
-380
-418
-390
-357
-304
-232
-178
-146
-146
-155
-162
-154
-141
-65
-24
-12
15
-3
2
-1
-24
-76
-111
-105
-1
69
75
160
226
268
294
320
308
294
327
336
358
309
220
127
99
95
141
235
308
337
343
368
357
328
288
219
166
160
140
144
251
293
319
304
284
293
234
101
-14
-53
-124
-109
-59
-78
-109
-125
-176
-188
-138
-144
-188
-254
-360
-444
-452
-433
-504
-554
-549
-515
-476
-391
-322
-305
-219
-255
-278
-260
-248
-262
-346
-337
-268
-235
-205
-169
-172
-133
-166
-111
-66
-96
-7
-8
-36
-39
11
48
84
149
195
272
287
280
250
199
167
142
174
255
308
351
360
358
305
275
250
259
311
330
345
361
346
281
292
315
266
241
199
176
143
80
112
104
130
98
61
98
108
113
111
103
73
70
-39
-126
-154
-216
-282
-282
-290
-273
-258
-281
-240
-219
-179
-147
-127
-149
-206
-238
-299
-333
-318
-316
-227
-205
-202
-192
-159
-157
-164
-124
-161
-128
-174
-173
-115
-99
-65
-1
67
81
98
120
118
85
62
51
-14
1
-18
-1
13
28
95
116
168
239
304
281
226
245
227
186
163
135
107
110
149
135
148
223
231
242
210
171
176
152
130
118
107
69
67
59
-4
1
-35
-27
-14
-23
-44
-92
-104
-108
-100
-123
-91
-59
-89
-93
-96
-110
-84
-109
-133
-88
-139
-160
-146
-167
-243
-332
-343
-366
-356
-272
-206
-168
-158
-151
-134
-131
-125
-86
-59
-70
-96
-75
-96
-164
-185
-234
-221
-148
-124
-30
31
136
179
168
158
137
98
52
130
169
200
235
237
201
204
203
177
135
134
115
136
180
209
274
239
214
191
205
251
246
249
192
193
144
144
111
60
41
-21
2
40
72
69
64
19
24
-20
-15
-4
-31
-89
-103
-60
-76
-65
-51
-74
-134
-162
-157
-183
-167
-185
-239
-267
-262
-226
-204
-169
-176
-102
-17
40
86
87
3
-84
-110
-147
-153
-168
-172
-158
-183
-133
-67
-7
12
57
125
139
221
218
201
207
166
157
118
84
51
52
84
78
103
73
42
34
26
36
46
55
78
108
95
85
66
32
-1
-25
-50
-77
-62
-76
-68
-66
-65
-32
-17
-44
13
79
27
70
51
40
3
-107
-136
-205
-195
-133
-87
-74
-38
-49
-56
-51
-51
-72
-54
-41
-58
7
25
15
-23
-52
-89
-95
-68
-24
-7
33
45
13
14
9
-35
-97
-103
-66
-39
3
4
34
26
-8
-8
-23
7
42
41
31
62
79
71
23
-9
-5
-17
12
28
67
78
46
102
148
184
154
122
117
113
86
96
40
7
-33
-109
-105
-91
-55
-29
20
23
29
87
133
131
110
67
65
83
33
-11
-57
-63
-70
-53
-57
-50
46
118
134
104
142
30
-35
-41
-64
-58
-33
-8
-21
-24
-27
-20
-14
-1
-26
-4
-34
-66
-90
-102
-122
-175
-212
-181
-168
-152
-109
-46
14
62
81
57
2
-82
-100
-104
-100
-115
-97
-91
-43
3
64
85
103
99
106
120
126
145
107
99
69
38
82
60
49
71
42
35
46
25
-25
-15
-21
41
60
73
21
-52
-64
-35
19
18
32
26
27
10
8
-2
-42
-46
-2
-25
2
20
40
88
33
-22
-80
-137
-163
-165
-102
-95
-75
-45
-59
-32
-73
-100
-119
-94
-117
-115
-104
-101
-64
-14
-8
-20
-14
-35
5
-26
-17
37
62
42
25
22
-5
-23
-47
-3
42
67
127
153
128
45
-14
-22
1
10
40
59
127
116
109
78
6
-44
-70
2
77
134
149
135
111
42
26
42
27
0
15
10
21
26
44
59
9
-11
0
29
94
177
148
89
27
11
-2
-29
-1
38
90
108
83
40
-46
-54
-81
-68
-84
-66
-10
-23
3
32
55
72
43
4
-54
-68
-77
-138
-121
-140
-149
-155
-205
-186
-117
-54
-8
44
60
57
46
6
-48
-128
-159
-117
-125
-57
0
18
80
60
71
50
19
7
9
-8
-11
-52
-83
-100
-74
-73
-88
-83
-50
4
60
64
-5
-55
-58
-50
-46
-15
-6
25
52
124
116
112
116
102
120
139
124
80
59
44
52
43
53
87
76
130
90
30
86
78
67
10
-41
-48
-74
-93
-91
-111
-83
9
41
10
1
-52
-129
-135
-118
-128
-103
-58
-44
-83
-78
-41
-5
-11
-20
-42
-45
-22
-62
-53
-42
-52
-31
-8
-1
9
63
80
30
13
28
-9
-32
-61
-22
-19
-11
32
15
-24
-20
-5
31
37
53
75
46
21
-35
-69
-98
-53
43
88
81
101
129
82
87
67
39
-27
-39
47
57
99
119
122
126
103
74
76
88
122
125
107
79
66
61
61
85
85
59
30
39
-7
-29
18
49
57
72
57
3
-52
-23
-13
-25
-66
-82
-89
-93
-77
-54
-36
-38
-50
-31
-28
-26
-7
-27
-66
-118
-119
-98
-120
-102
-136
-139
-138
-115
-115
-88
-80
-139
-171
-201
-192
-186
-146
-127
-110
-91
-131
-130
-82
-83
-63
-48
-38
-22
12
32
30
33
33
19
22
50
79
57
54
80
125
105
79
84
84
107
112
167
157
139
115
78
44
14
13
36
26
33
92
85
84
74
95
105
100
96
110
126
104
129
75
49
36
-3
8
30
63
80
72
103
65
68
-8
-110
-160
-240
-243
-181
-104
-86
-38
-15
-16
-68
-104
-173
-196
-170
-135
-117
-95
-106
-98
-66
-69
-22
-11
27
46
92
123
87
27
-28
-72
-108
-94
-58
-55
49
126
127
141
186
182
102
85
54
30
52
64
40
10
16
27
45
60
57
90
98
128
87
88
60
-6
-36
-70
-57
-25
28
29
51
90
68
52
26
17
37
21
42
60
23
13
0
-1
7
-47
-78
-70
-64
-42
-61
-91
-120
-181
-198
-196
-164
-106
-45
21
48
-18
-19
-41
-79
-72
-38
-7
-13
-18
-35
-26
-21
-6
-15
-19
-3
52
94
80
64
28
29
-5
-5
23
32
38
46
40
22
-8
-42
-69
-74
-62
-43
-58
-33
-19
12
51
26
15
23
-2
15
21
9
33
-4
-21
-23
-36
-40
17
47
64
64
45
34
64
98
89
56
49
7
-2
18
-2
1
-53
-100
-101
-69
-28
-25
9
26
-20
-54
-37
-65
-71
-99
-96
-79
-55
-26
-27
-82
-108
-105
-125
-99
-78
-18
-1
16
44
-2
25
33
-20
15
-1
-18
24
42
38
35
28
3
40
25
53
91
133
175
151
152
113
116
69
41
67
48
62
86
87
81
82
104
69
88
141
145
181
166
90
38
31
-4
-34
-56
-29
30
80
95
82
53
19
24
-22
-34
-64
-33
-55
-55
-34
-105
-101
-134
-134
-117
-80
-24
0
-14
-15
-41
-62
-78
-97
-78
-115
-78
-81
-76
-108
-133
-140
-134
-109
-69
-69
-100
-72
-49
-59
-75
-105
-140
-115
-130
-141
-164
-86
-85
-51
-23
-59
-47
-77
-80
-51
-12
19
20
46
67
39
33
-21
13
40
67
84
121
149
130
116
81
64
48
71
107
121
195
201
143
144
141
123
92
59
62
85
80
116
105
79
65
-1
11
-15
23
67
67
82
56
4
-10
1
-6
-1
-24
-22
-28
-26
-44
-28
-51
-72
-61
-53
-60
-52
-45
-16
5
-2
-15
-30
-56
-46
-42
-83
-68
-85
-74
-87
-116
-120
-90
-80
-102
-81
-115
-105
-76
-75
-80
-49
-27
-8
-19
-31
20
1
6
13
32
3
17
29
10
16
43
92
148
134
114
122
101
110
136
132
89
47
42
48
13
21
-4
1
55
92
133
134
115
116
104
100
105
109
69
76
61
46
37
29
45
31
-18
-37
-18
-34
-12
-15
-24
-52
-53
-43
-47
-46
-56
-56
-58
-63
-94
-101
-88
-80
-104
-112
-128
-133
-124
-145
-134
-124
-120
-126
-91
-67
-59
-64
-73
-61
-106
-130
-107
-56
-28
-54
-78
-52
-24
-5
60
72
81
75
31
26
33
59
76
64
64
34
21
36
30
22
27
47
58
74
110
91
52
31
20
12
7
19
-21
8
6
30
11
30
53
2
19
19
33
47
28
10
-17
-22
-32
-29
-51
-71
-32
-26
2
23
18
3
-24
-20
-35
-55
-45
-70
-93
-99
-39
-67
-64
-66
-71
-50
-25
-11
-35
-9
-17
-25
-55
-66
-49
-30
-6
2
50
45
87
94
91
96
74
103
133
106
100
89
91
90
75
71
78
95
125
103
79
83
83
79
82
101
99
84
74
80
73
46
42
57
53
72
106
76
58
57
28
7
-10
-16
-32
-24
-11
-4
-1
-7
-21
-20
-45
-34
11
0
1
-27
-39
-57
-94
-105
-119
-157
-162
-172
-172
-155
-142
-125
-102
-92
-101
-119
-117
-124
-139
-139
-136
-131
-146
-142
-131
-138
-112
-82
-60
-43
-17
50
95
91
83
59
25
14
-21
-19
-18
-3
-20
-36
-28
-49
-36
-30
-16
9
1
30
24
33
24
6
7
5
9
37
69
81
94
82
77
71
56
69
46
22
43
37
30
72
71
77
53
42
70
22
35
36
22
24
34
38
18
-18
-7
-13
-13
12
29
26
28
55
51
63
48
31
9
-47
-58
-33
-45
-22
16
3
-16
14
-3
-10
-31
-48
-14
-52
-40
-17
12
18
25
41
52
23
32
38
24
45
27
13
6
19
29
34
42
71
61
60
99
118
110
100
59
22
12
-15
-26
0
-15
24
54
64
78
66
72
51
33
58
49
21
14
13
23
-15
-17
-27
-38
-27
-17
4
-30
-33
-29
-55
-61
-61
-50
-46
-52
-53
-62
-61
-74
-93
-91
-103
-84
-70
-52
-47
-35
-75
-79
-87
-112
-79
-80
-66
-83
-81
-50
-69
-69
-68
-69
-74
-73
-35
-20
-34
-18
-21
-61
-59
-56
-61
-44
-31
-42
-15
6
4
-6
-4
-26
-7
6
-19
22
7
3
18
24
30
18
60
87
63
73
57
66
59
25
17
18
23
11
49
87
75
68
60
36
20
40
36
52
34
25
15
9
20
19
30
2
12
22
43
38
22
52
33
-3
1
-14
-35
-25
-18
-3
34
24
29
24
8
-6
-7
6
14
37
62
51
51
67
54
41
48
24
20
20
23
43
58
73
39
25
-9
-11
26
52
79
80
70
36
28
-6
-14
5
-30
-33
-32
-20
-15
-30
-17
-13
-13
-9
9
14
0
-7
-14
-1
10
-7
-16
-35
-56
-54
-53
-59
-47
-49
-57
-37
-33
-25
-28
-33
-53
-78
-97
-93
-71
-73
-58
-79
-91
-63
-65
-66
-67
-72
-62
-47
-24
-24
-28
-35
-34
-30
-20
-10
8
23
16
6
-5
-15
2
-13
7
18
20
34
46
69
95
86
84
67
26
23
-5
14
14
35
40
15
13
12
0
-15
-11
-12
-11
7
22
17
8
-15
-32
-40
-32
-38
-9
22
10
23
9
-1
-12
-31
-44
-50
-23
-5
24
33
40
35
29
35
23
-9
1
4
-3
7
10
5
5
14
40
55
36
38
21
12
25
15
12
16
-1
5
12
17
11
12
7
3
13
2
7
18
24
20
20
24
4
5
-9
-11
-13
4
6
39
46
30
27
16
7
-3
18
7
20
15
-13
0
17
-4
11
22
1
3
-5
17
22
39
28
30
22
17
27
3
9
0
12
10
11
24
8
20
9
12
11
20
19
6
3
-6
-16
-30
-32
-53
-54
-63
-73
-88
-73
-73
-72
-61
-58
-47
-71
-65
-69
-68
-63
-75
-61
-86
-89
-56
-42
-23
-38
-25
-12
-49
-36
-43
-41
-20
-9
6
-2
2
-11
-19
-21
9
56
51
65
53
21
15
11
8
-8
-4
13
36
35
18
43
38
42
45
35
64
41
25
23
10
-9
-10
-5
8
9
24
57
58
52
39
50
46
35
12
26
39
15
41
32
41
47
33
36
28
38
33
2
-3
-1
-6
-29
-34
-27
-27
-22
-32
-17
-20
-19
-12
-17
-7
-18
6
-1
-2
15
-4
-10
-20
-16
-21
-7
4
-7
-6
-8
-3
16
13
4
-4
-22
-22
-13
-27
-18
-27
-10
6
2
14
24
3
0
12
12
26
33
36
22
6
-16
-19
-34
-29
-21
-12
18
12
21
25
4
-5
-7
-11
6
2
3
-12
-27
-37
-38
-25
-24
-30
-29
-5
-10
-6
-6
-10
-8
-29
-30
-27
-25
-3
-3
8
12
3
-6
-15
-28
-26
-7
-14
0
30
30
19
21
9
5
10
4
10
34
58
52
56
33
12
11
-16
4
-8
-6
10
4
2
16
14
-4
2
-6
-20
-15
-25
-21
-4
-15
-22
-21
-28
-26
-11
-9
13
11
21
14
9
1
-20
-17
-28
-23
-23
-14
-3
10
27
23
19
3
-5
-16
-11
-13
-29
-10
-10
-12
-2
3
17
21
23
25
19
11
-13
-11
-21
-23
-16
-15
1
-5
12
24
10
12
2
9
10
11
4
2
-1
-20
-9
-6
-5
5
21
21
15
17
18
3
11
4
5
15
13
7
2
3
24
23
30
11
-6
5
-19
-11
-20
-10
4
-1
17
23
26
21
1
6
21
20
31
20
19
15
8
-4
-15
-8
-3
13
20
17
13
16
22
6
5
0
-9
-31
-21
-14
-23
-21
3
16
4
15
18
6
-1
-10
-27
-18
-26
-26
-21
-21
-21
-6
15
9
-5
-14
-13
-21
-35
-29
-42
-48
-41
-56
-45
-35
-31
-23
-19
-1
11
10
9
3
-10
-15
-20
-9
-17
-13
-4
-9
-5
-2
7
-7
-10
-5
9
1
-16
1
-6
-17
9
20
28
20
8
22
-2
-10
-6
-1
6
4
8
4
-6
-1
14
2
22
26
16
23
16
8
14
15
10
5
-4
-12
-11
-15
-4
21
5
21
29
21
31
34
21
9
20
21
11
22
8
11
-4
10
21
21
22
10
24
26
16
13
3
2
-5
-18
-10
-4
10
24
23
15
9
8
-4
-7
-13
-12
-1
7
-4
-10
10
2
4
6
-2
-4
-4
0
-7
-18
-17
-26
-16
-26
-15
-11
-21
-21
-26
-17
-22
-23
-19
-9
-24
-29
-22
-17
-12
4
-6
-25
-12
-9
-7
-5
-13
-9
-12
-2
5
-8
5
-3
-2
-12
-4
15
6
13
15
19
-7
-11
-3
-19
-7
7
18
31
27
28
24
3
-7
-2
13
11
16
14
14
6
8
21
9
18
18
21
16
-5
-1
-6
-21
-2
7
21
17
21
25
12
-4
-9
-2
1
0
-1
-16
-20
-17
-20
-15
-30
-21
-23
-13
-24
-24
-23
-24
-34
-21
-17
-31
-32
-30
-30
-38
-14
-12
-5
-12
-8
-6
-4
-1
-4
-7
-8
-9
-14
0
8
14
28
22
28
40
41
27
22
34
14
20
18
15
19
18
21
25
29
14
16
10
6
3
-1
2
2
13
5
2
7
5
2
-8
-10
-7
-2
5
-4
11
10
-7
-5
-12
-3
5
4
17
-2
-15
-11
-6
10
10
2
-9
-6
-9
-17
2
7
15
13
8
16
10
10
17
10
8
-1
8
14
14
17
6
2
8
15
0
0
4
1
-7
-15
2
3
-2
9
6
8
-5
-5
6
6
-4
2
-12
-7
3
5
11
-10
-6
-13
-20
-16
-13
-11
-13
-10
-12
-10
-10
-18
-8
-15
-8
-9
-9
-13
-19
-18
-28
-17
-20
-12
-13
-26
-12
-22
-33
-18
-22
-22
-16
-9
-8
-13
-3
2
-6
-9
-8
-1
-14
-16
-9
-11
-16
-9
9
14
9
6
16
27
32
27
36
22
5
-4
2
3
5
3
6
16
0
1
8
7
16
23
21
19
13
-1
6
12
-10
-1
6
-7
-10
-4
-3
3
14
9
11
10
16
20
13
8
5
-5
-10
-1
8
12
22
20
18
4
-4
13
15
10
4
14
4
-1
8
8
14
12
33
36
30
14
15
13
10
12
9
8
7
16
8
4
10
11
6
10
2
-3
-1
6
0
-18
-21
-39
-33
-34
-20
-7
-19
-13
-16
-12
-16
-21
-30
-48
-48
-42
-34
-23
-20
-4
-14
-12
-3
-3
-11
-25
-30
-20
-22
-19
-12
-7
3
-15
-6
-3
-2
1
-7
4
14
25
21
20
2
10
9
3
4
7
4
0
13
9
10
0
1
8
-6
5
14
14
18
1
0
1
-7
-8
0
0
7
5
0
-4
-4
-1
-10
-10
-15
-16
-9
-10
-2
2
1
0
-6
0
-6
-6
5
-3
-4
-9
-13
-7
-7
-14
-9
-4
7
9
0
-3
-15
-22
-3
1
13
26
23
28
27
26
21
15
7
5
16
18
18
33
29
22
34
12
8
21
18
19
11
19
13
5
7
8
8
8
11
15
11
-9
-5
1
-8
-11
5
-3
-3
-6
7
10
7
15
5
6
-6
-2
-7
-15
-7
-14
0
1
-5
2
-5
-9
-8
0
-9
-8
-6
-17
-24
-24
-21
-24
-17
-5
0
-1
-3
2
-8
-13
-3
-2
-12
-11
-14
-11
-11
-21
-16
-9
-13
-11
4
-5
-1
6
6
-7
-6
-12
-17
-11
2
0
-2
-4
-4
-5
-9
4
3
2
6
10
11
10
4
4
1
-3
-5
-4
-4
-1
-2
-1
-6
0
9
2
1
11
19
10
11
9
2
-5
-4
-5
-2
-6
-13
-9
1
1
5
2
3
-1
-6
-1
-4
-9
-12
-12
-16
-13
-8
0
2
-5
-12
1
9
-3
0
5
4
-1
-2
-1
13
6
0
12
10
4
0
3
9
4
14
31
23
10
12
8
-10
-6
-7
0
10
11
19
17
12
5
-2
7
7
-4
7
10
5
-1
13
8
6
0
2
16
16
9
14
17
8
8
7
11
7
6
12
21
18
19
19
9
9
2
-3
-1
7
7
16
17
10
6
4
1
-2
-3
-4
-11
-13
-13
-23
-23
-25
-23
-18
-18
-14
-13
-6
-8
-14
-14
-20
-24
-21
-15
-21
-27
-21
-12
-11
-14
-8
-6
-7
-11
-10
-8
-4
-10
-11
-4
-9
-9
-10
-14
-13
-14
-13
-3
-4
-11
-2
-15
-12
-15
-13
-9
3
10
2
2
2
-5
-13
-5
-3
2
0
-3
-5
-10
-7
-7
-8
-1
4
-1
5
7
2
1
-13
-13
-9
-12
11
16
11
13
3
-1
4
11
13
17
16
18
17
13
10
7
14
15
15
15
17
20
19
11
12
16
18
18
24
24
22
21
20
24
21
16
10
9
16
13
10
10
4
-3
1
2
-4
1
4
7
-1
1
0
4
9
0
-2
-5
-5
-9
-8
-3
3
-2
8
10
6
13
13
12
8
2
-5
-5
-6
-18
-17
-13
-3
3
4
10
1
-9
-9
-10
-11
-14
-16
-13
-18
-15
-9
-14
-18
-13
-8
-1
-1
-2
-2
-12
-11
-16
-7
-9
-21
-12
-11
-12
-9
-1
0
0
-5
-1
-2
-7
-8
-6
-4
2
8
3
4
-2
-3
2
7
5
0
0
-3
2
-2
-8
-7
-10
-11
-12
-4
-2
-5
-7
-6
-13
-16
-12
-14
-12
-16
-11
-4
-8
-17
-21
-9
2
7
11
2
-3
-3
-8
-8
-7
-8
2
10
7
11
10
2
8
12
14
15
8
13
3
-8
-8
-7
-1
1
4
2
12
15
18
21
10
15
5
2
-1
0
0
-6
1
10
13
11
12
16
13
11
13
7
9
9
4
3
0
-4
-1
-3
1
7
13
13
18
18
13
11
2
2
0
0
6
6
4
9
7
7
6
9
12
18
18
14
12
9
9
18
14
8
11
14
4
2
-1
-9
-1
2
-4
-4
0
0
5
-1
0
-2
1
6
2
-4
-8
-12
-17
-18
-25
-19
-16
-17
-9
-7
-5
-1
-4
-13
-11
-20
-17
-12
-15
-17
-15
-13
-13
-13
-13
-14
-19
-12
-11
-8
-10
-15
-13
-15
-14
-17
-11
-13
-14
-10
-4
-4
-3
-4
-10
-11
-13
-8
2
1
-1
5
13
5
-3
-3
2
1
-3
-5
-8
-3
-5
-2
3
4
5
4
9
4
-4
2
2
2
-5
-11
-5
1
3
1
5
4
2
5
5
1
-2
-1
3
3
5
8
5
-7
-7
-6
-5
6
8
4
6
14
11
10
14
9
2
9
14
17
13
15
20
18
18
11
17
18
8
12
16
15
11
6
11
7
12
23
23
26
23
12
9
16
11
6
6
4
-2
3
9
7
13
15
2
-2
1
-3
1
-4
2
-3
-6
-2
-6
-5
-6
-2
-1
0
0
0
0
2
0
-5
-6
-4
-16
-13
-7
-5
-3
-8
-5
0
-5
-7
-4
-13
-11
-8
-11
-10
-16
-13
-11
-5
-11
-11
-3
-7
-11
-10
-4
-11
-15
-16
-17
-14
-10
-2
-5
-12
-16
-14
-19
-14
-9
-5
-3
-1
0
-6
-7
-12
-11
-6
-9
-8
-8
-8
-11
-10
-11
-16
-15
-10
-7
-12
-11
3
-3
-6
-3
-10
-11
-6
-3
-4
-1
-6
-1
-2
-10
-7
-5
0
5
12
13
6
7
6
0
-1
-2
-4
0
6
4
14
18
18
17
11
10
12
13
14
13
18
22
18
22
17
20
21
22
29
25
26
21
16
14
13
12
11
13
15
13
16
14
7
7
6
9
3
3
8
11
10
4
4
-1
-2
-2
3
0
6
6
3
-1
-1
-5
-9
5
4
4
4
6
3
-4
-7
-3
-1
-11
-11
-6
-7
-11
-6
-6
-11
-8
-6
3
4
3
1
0
-5
-8
-9
-6
-8
-14
-12
-11
-9
-4
-6
-11
-11
-14
-13
-5
1
-1
-8
-8
-3
0
-5
-3
-2
-7
-7
-14
-9
-7
-3
-6
-4
-7
-5
-3
-8
-6
-10
-6
-5
-8
-10
-12
-13
-2
-3
-6
-7
-10
-10
-16
-10
-5
-5
-6
-6
-9
-15
-10
-6
-10
-11
-7
-7
-6
-12
-10
-5
-2
2
3
4
-5
-11
-17
-12
-6
-1
3
7
8
9
13
7
3
-4
4
4
5
6
14
14
12
17
4
7
2
4
4
9
8
6
21
15
13
14
14
16
14
16
18
20
25
19
16
18
9
7
13
17
18
24
26
29
23
26
21
10
15
11
12
15
19
18
10
12
11
9
8
5
4
0
3
2
6
0
-7
-5
-5
-7
-10
-7
-12
-12
-4
-7
-7
-9
-13
-11
-17
-11
-4
-6
-5
-13
-17
-25
-21
-18
-17
-12
-9
-7
-7
-11
-10
-10
-13
-12
-14
-11
-10
-7
-11
-10
-8
-6
-5
-7
-9
-5
-10
-9
-6
-7
-3
-3
-2
-6
-7
-10
-9
-4
-2
-2
0
-2
-3
-6
-6
0
4
3
7
7
1
-5
-7
-8
-7
-5
0
2
-1
-2
-3
-6
-6
-1
-2
1
2
3
1
-7
-10
-9
-14
-11
-8
-13
-8
-7
-5
-5
-1
-2
-3
-4
-6
2
-7
0
-1
-4
1
6
10
7
5
3
4
4
5
9
9
7
9
6
6
5
1
5
4
7
12
11
12
9
7
8
12
10
5
6
5
6
1
-3
2
5
4
8
11
8
10
10
10
10
8
16
14
6
3
2
3
8
14
10
16
16
20
14
7
10
6
7
8
13
17
20
17
12
6
-3
1
5
3
5
8
6
6
14
5
5
3
-1
-3
-4
-3
-4
-4
-11
-8
-6
-8
-2
-5
-5
-7
-8
-5
-5
-11
-16
-16
-14
-14
-8
-7
-15
-9
-14
-15
-15
-16
-15
-13
-10
-13
-5
-7
-3
-6
-5
-3
-10
-10
-14
-10
-6
-4
-6
-6
-6
-7
-8
-8
0
1
4
6
-1
-3
-5
-13
-13
-12
-8
-5
0
-2
0
-1
-4
-2
-6
-9
-10
-9
-10
-7
-5
-6
-5
-5
-7
-9
-5
0
-9
-8
-7
-6
-3
-3
-1
-1
-4
-6
-8
-3
-3
-2
-1
1
2
3
3
0
1
-3
-2
1
5
11
17
18
16
15
14
13
14
17
15
12
15
15
17
14
14
11
6
10
15
16
15
19
14
16
10
11
11
5
9
11
13
11
9
8
9
8
4
5
5
6
5
3
5
4
2
4
5
7
5
5
6
1
-3
-1
3
2
2
3
5
2
3
5
-1
1
-2
-8
-6
-7
-3
-7
-5
-6
-9
-9
-7
-10
-9
-9
-7
-10
-12
-15
-15
-8
-8
-6
-3
-3
-6
-7
-11
-9
-5
-7
-3
-7
-8
-14
-5
-5
-8
-4
-7
-7
-12
-9
-7
-9
-5
-2
-1
0
-3
2
-2
-7
-7
-8
-7
-12
-4
-5
-3
0
-2
2
2
-3
-5
-1
-2
-12
-11
-4
0
0
-2
