-9
-15
-16
-14
-14
-16
-15
-9
-7
-9
0
1
2
1
-1
1
4
1
-4
6
5
9
12
12
20
14
15
14
14
16
21
16
18
23
20
25
26
20
19
17
21
23
16
18
19
19
10
9
14
15
11
10
6
-1
2
-4
1
-1
-5
-5
-8
-1
-3
-6
-2
2
-1
-5
4
-2
-5
-4
-4
-3
1
1
-1
4
-2
-3
1
0
3
3
2
5
10
7
1
2
1
-2
12
5
2
7
3
3
4
-1
-1
0
-4
-1
-3
0
-1
-1
-8
-4
0
-6
1
1
2
6
0
-2
1
-2
-6
0
-2
-5
-7
-10
-7
-2
-7
-7
-2
-7
-7
-6
-11
-8
-9
-12
-12
-11
-8
-9
-10
-12
-12
-8
-11
-9
-13
-9
-11
-14
-11
-19
-10
-9
-9
-5
-11
-3
-7
-3
-2
-4
1
-2
2
-1
3
2
-6
-8
-7
0
6
4
5
3
-6
-2
-4
-5
-2
6
8
9
11
7
10
-2
-1
-8
-4
0
-5
0
3
-6
-15
-6
-11
-7
-6
-11
-11
-7
-6
2
2
-12
-11
1
-2
6
3
3
7
7
17
6
9
7
5
5
7
10
13
15
16
16
18
20
11
13
16
13
12
17
16
18
15
18
22
17
21
16
18
17
21
9
10
10
9
13
4
7
9
11
4
8
7
4
5
5
7
2
2
2
-2
-2
-4
-3
-6
-5
-9
-10
-11
-9
-9
-7
-11
-13
-8
-10
-8
-12
-11
-14
-12
-15
-14
-10
-10
-13
-13
-7
-9
-4
-7
-8
-2
-2
-11
-11
-5
-4
-1
-2
0
-5
2
1
6
5
-2
-1
-5
-1
0
-1
0
3
5
0
-3
0
-5
-8
-15
-10
-7
-8
-9
-6
-5
-15
-9
-15
-9
-14
-10
-14
-13
-8
-9
-12
-16
-16
-13
-11
-8
-7
-9
-3
-10
-4
-4
0
-4
1
-2
2
4
7
9
9
10
6
8
9
10
9
6
6
10
5
13
10
6
11
17
10
6
10
6
7
3
1
8
9
3
5
0
7
0
-1
2
-6
3
-2
1
0
2
9
3
1
3
6
6
8
1
-1
4
4
10
13
8
5
3
3
6
7
12
8
8
8
14
11
12
13
7
2
8
10
7
7
9
6
6
2
2
5
4
0
1
7
2
4
2
8
3
8
-2
1
3
1
4
4
8
4
5
1
11
3
-2
-8
4
-10
-9
-2
-2
3
-4
-4
-10
-8
-14
-9
-12
-14
-17
-19
-12
-20
-14
-16
-18
-18
-19
-25
-24
-22
-19
-20
-15
-12
-11
-14
-15
-10
-9
-7
-9
-7
-8
-9
-2
3
-2
-3
-6
-4
0
0
1
5
3
1
-1
6
4
2
1
-1
0
4
4
10
6
6
6
3
-3
-4
-8
-6
-7
-3
1
3
3
-5
-2
-6
-6
-9
-8
-6
-5
0
1
3
5
3
3
4
2
4
5
5
3
5
4
3
4
5
2
8
4
0
3
4
5
2
-2
-6
4
1
3
4
8
8
9
11
17
12
5
10
5
6
13
9
10
11
17
21
17
18
20
21
17
17
16
16
11
11
18
18
14
18
21
18
16
13
11
12
5
1
4
4
-1
-4
-1
-6
-12
-7
-7
-3
-6
-7
-9
-8
-11
-12
-10
-14
-11
-8
-6
-11
-4
-9
-8
-5
-10
-8
-3
-12
-10
-10
-10
-8
-4
1
-2
2
-2
0
0
-5
-6
-10
-7
-10
-4
-6
-8
-8
-12
-16
-15
-16
-15
-13
-11
-10
-7
-6
-11
-9
-16
-9
-12
-11
-8
-20
-12
-15
-13
-10
-13
-11
-11
-7
-11
-13
-7
-8
-6
-4
-6
-7
-2
-4
-5
1
1
-1
2
5
2
-1
2
4
6
4
10
7
11
7
7
5
8
8
3
5
1
5
5
8
5
4
5
7
6
3
10
8
4
1
-1
2
6
7
9
9
16
8
11
9
14
12
16
18
14
14
17
11
11
13
6
12
11
8
11
5
2
10
8
6
2
10
5
10
10
17
15
2
2
2
10
5
3
1
-1
1
2
8
2
3
-2
-5
-3
-2
2
3
-1
0
1
5
-1
0
0
-1
-4
-3
-3
-8
-5
-8
-13
-2
-2
-8
-3
-3
-1
-8
-13
-8
-12
-17
-15
-18
-14
-12
-11
-11
-7
-9
-15
-7
-7
-9
-10
-12
-12
-7
-4
-5
-2
-5
-5
-6
2
0
-2
6
0
7
7
5
1
-1
0
-5
-3
0
5
4
1
-5
7
-1
-8
-4
-5
-11
-16
-9
-2
-3
-3
-6
-8
-8
-10
-8
-6
-9
-5
-9
-8
-4
-3
2
1
5
1
8
5
-2
-4
-8
-7
-7
-11
-6
-2
-4
-5
0
-2
0
12
6
4
6
6
1
6
6
6
9
2
-2
3
2
-4
-7
-9
-9
-7
-3
-2
-3
10
10
10
14
12
17
13
10
14
16
18
18
17
21
20
17
11
15
13
11
6
8
7
9
15
20
21
17
20
13
10
6
3
0
4
6
4
8
10
2
3
-1
2
-2
-5
-1
-5
-6
-5
-6
-2
-4
-1
2
-1
-3
1
0
-4
-11
-5
-5
-12
-2
1
-1
-3
-1
-3
-1
-5
-7
-10
-13
-11
-12
-7
-6
-3
-6
-4
-3
-2
-3
-10
-8
-13
-10
-12
-12
-10
-4
-4
-11
-6
-3
-1
-2
-4
-5
-4
-7
-7
-2
-2
-2
-2
-1
-2
5
0
-1
1
-4
-5
-3
2
-3
-4
-5
-5
-6
-9
-9
-8
-10
-12
-10
-9
-10
-9
-5
-10
-7
-3
-3
-8
-6
-6
-9
-6
-7
-12
-5
-3
-4
-2
-5
-9
-7
-4
-6
3
1
-1
-6
1
6
-5
8
7
5
8
5
11
10
13
10
6
8
7
13
7
11
11
16
16
16
15
8
14
8
7
8
5
11
16
13
12
15
12
7
8
10
12
5
11
11
8
10
12
9
4
12
6
11
6
14
8
4
4
1
14
7
6
7
9
12
5
3
0
5
1
-3
-4
-7
-7
-4
1
1
1
4
-2
1
4
-2
-2
-4
-6
-4
-5
-5
0
1
-4
0
3
-1
2
-5
-10
-12
-12
-5
-8
-6
2
2
3
4
-4
-8
-9
-13
-16
-14
-8
-12
-16
-5
-9
-16
-13
-17
-19
-18
-17
-18
-19
-20
-18
-16
-17
-12
-8
-15
-9
-3
-10
-6
-11
-11
-11
-11
-15
-15
-9
-7
-6
-2
-4
-6
-2
-5
4
1
0
5
6
13
14
12
8
4
6
9
2
-1
3
0
3
0
5
5
-3
4
2
8
10
3
6
13
5
2
11
8
2
2
3
6
12
7
6
6
6
3
4
0
0
1
9
11
11
16
6
7
9
6
7
5
5
1
5
4
6
9
3
3
8
7
3
6
4
9
2
6
6
0
9
8
9
13
15
12
10
11
9
10
10
4
9
8
11
13
12
20
12
9
11
5
5
7
3
0
11
8
3
8
-1
-2
-1
-2
-4
-1
-9
-5
-12
-11
-9
-9
-15
-15
-6
-13
-14
-18
-14
-17
-13
-16
-10
-8
-11
-6
-12
-9
-7
-13
-2
-2
-9
-10
-9
-10
-15
-11
-16
-15
-13
-6
-3
3
1
-2
-4
-10
-5
-10
-1
-10
-15
-5
-10
-2
-3
-8
-8
-7
-1
-4
-10
-4
-9
-10
-7
-13
-9
-9
-8
-10
-7
-10
-8
-6
-17
-5
-9
-1
-6
-5
-4
-4
8
2
-3
-2
3
-5
5
6
3
6
7
6
17
11
10
15
15
16
8
20
22
15
18
20
9
10
10
14
17
15
23
15
19
14
15
22
15
10
10
12
15
4
8
9
9
8
6
12
8
0
0
4
-3
-3
-4
-12
-11
-5
-4
-2
-1
-3
-3
-12
-11
-4
-3
-12
-11
-7
-9
-9
-13
-12
-8
-13
2
-1
0
2
0
4
-5
5
0
-2
-10
-3
4
8
29
61
57
57
66
46
26
4
1
-21
-57
-53
-49
-40
-10
-22
-32
-6
-10
-21
-6
-30
-52
-54
-26
-17
-18
32
43
31
67
82
39
49
45
-14
-39
-25
-54
-80
-57
-46
-42
14
73
47
44
54
-7
-23
15
16
-13
-5
31
9
43
106
42
20
59
-6
-22
-9
-44
-103
-103
-13
-40
-50
47
-8
-26
60
8
-29
-11
-49
-75
-71
-20
-28
-71
3
-12
-58
18
6
-61
-53
-65
-97
-80
-56
-50
-57
-13
11
13
44
53
12
17
35
2
-6
3
-10
-7
10
40
44
50
51
38
29
38
20
-10
4
-7
-9
20
36
44
46
54
64
49
38
25
-2
-14
3
13
32
36
38
54
58
73
59
30
18
-1
-10
0
-4
-7
1
19
34
47
63
51
5
-9
-17
-39
-37
-26
-16
-17
23
57
46
69
52
7
20
-12
-53
-82
-96
-30
-70
-19
77
-17
31
49
-45
13
-47
-103
-59
-109
-82
-43
-14
56
-20
43
113
-16
34
42
-97
-52
-63
-134
-46
-10
-37
2
46
20
-4
22
44
-67
-72
-9
-102
-58
21
-51
-1
70
49
61
65
43
-22
-42
-13
-67
-82
-23
-49
-44
59
66
34
73
58
8
22
14
-27
-38
-26
8
-4
33
89
41
61
84
10
36
15
-58
-37
-35
-11
-10
-18
31
17
28
65
20
-13
2
-52
-67
-55
-73
-67
-55
-23
-6
9
22
12
-18
-22
-32
-66
-71
-75
-85
-60
-22
-17
6
21
19
15
17
20
-26
-41
-45
-34
-19
-7
1
5
34
65
60
53
60
27
2
17
-12
-12
5
-11
19
52
69
83
95
93
101
93
72
57
53
49
49
70
107
90
83
112
106
86
67
33
-15
-18
-19
-25
-10
4
-22
13
49
20
20
4
-20
-30
-46
-51
-48
-33
-9
-10
49
66
29
30
-29
-64
-86
-115
-116
-132
-133
-105
-119
-85
-46
-66
-38
-41
-83
-93
-117
-150
-149
-120
-79
-73
-25
16
8
36
45
-26
-35
-54
-125
-124
-110
-115
-88
-32
-9
20
80
92
68
96
85
37
52
80
79
112
167
187
208
250
246
204
162
119
74
20
11
-2
-42
-24
23
38
84
106
83
68
29
17
-12
-27
-10
-38
-23
20
-1
1
10
-51
-83
-102
-179
-229
-243
-259
-259
-231
-190
-173
-164
-100
-106
-116
-54
-77
-78
-55
-56
-41
-31
-27
9
18
28
23
15
-11
-31
-55
-94
-82
-93
-78
-18
7
48
92
128
166
168
157
168
155
152
136
126
143
142
148
168
183
209
230
213
196
167
162
160
153
154
152
108
92
130
146
176
138
126
148
78
39
9
-52
-139
-164
-129
-119
-121
-109
-115
-120
-84
-91
-73
-98
-161
-157
-144
-182
-172
-152
-169
-140
-111
-73
-58
-78
-126
-144
-180
-233
-253
-272
-289
-285
-233
-155
-116
-56
-5
2
29
45
10
-30
-45
-58
-39
-22
-13
25
45
44
46
40
26
-17
-45
-38
-47
-19
44
84
154
235
299
318
340
350
309
258
232
198
125
101
112
123
129
149
116
85
100
79
63
45
-10
-42
-74
-80
36
166
166
157
151
76
-47
-131
-156
-267
-380
-352
-330
-265
-113
-24
67
164
233
322
325
253
108
-61
-139
-227
-313
-304
-332
-365
-302
-276
-255
-304
-388
-411
-432
-434
-409
-348
-305
-231
-36
161
265
359
421
387
314
253
140
-98
-258
-308
-393
-429
-347
-270
-196
-77
59
153
188
205
170
155
199
244
282
365
464
518
592
642
607
453
307
200
84
58
44
95
216
328
532
708
740
690
617
569
474
354
282
209
167
265
370
333
244
108
-161
-499
-698
-818
-1092
-1377
-1340
-1068
-768
-519
-238
39
139
135
197
131
-193
-550
-668
-593
-516
-258
36
87
67
56
-117
-456
-820
-1169
-1435
-1523
-1430
-1118
-697
-244
211
616
1030
1174
1028
844
481
79
-129
-227
-227
-154
-6
248
435
544
604
444
128
-153
-374
-522
-658
-552
-261
32
531
1083
1324
1403
1441
1307
1034
821
652
432
420
655
883
1065
1234
1262
1106
942
865
714
556
405
149
-46
-51
-32
-232
-467
-478
-570
-939
-1191
-1299
-1397
-1566
-1628
-1318
-992
-923
-760
-422
-204
-317
-462
-355
-388
-708
-826
-691
-570
-530
-515
-217
-58
-252
-407
-599
-1035
-1530
-1758
-1723
-1559
-1284
-805
-345
319
1039
1593
1919
1944
1705
1286
888
554
149
-266
-443
-412
-195
278
540
553
493
315
89
-213
-484
-744
-817
-507
46
713
1399
1876
2156
2334
2313
2208
2025
1636
1022
765
670
382
402
583
801
1014
1247
1886
2391
2366
2050
1518
1085
151
-1118
-1415
-1590
-2524
-2922
-2545
-1888
-1444
-1432
-943
-509
-773
-1057
-1233
-1437
-2011
-2567
-2024
-1268
-1134
-601
165
437
575
526
32
-850
-2045
-2699
-2601
-2159
-1684
-1242
-783
-535
-357
15
354
258
-255
-600
-672
-366
288
643
935
1434
1695
1841
1784
1331
359
-675
-987
-1065
-1205
-863
-344
-208
530
1393
1384
1138
796
351
-92
-176
-170
-278
-116
408
1113
1967
3109
3941
4160
4088
3815
3474
2821
1838
1180
940
1093
1362
1254
1272
1471
1116
310
-373
-434
-1340
-3124
-4036
-4097
-3915
-3776
-3326
-2127
-1024
-328
590
1207
1244
535
-397
-496
-639
-1357
-1818
-1918
-1986
-2088
-2065
-2255
-2857
-3641
-3828
-2634
-1450
-1429
-1061
-682
-1034
-1079
-563
595
787
125
525
833
1671
2647
1962
1230
1123
513
188
-93
-942
-2162
-2725
-1562
-593
-27
1304
1658
1337
2236
2941
2028
860
233
-7
181
558
1139
1037
738
1506
2188
2268
2775
3448
3419
3240
3613
4217
3797
3021
3171
3675
4299
4226
2942
1975
1548
307
-1198
-1790
-2029
-3430
-4945
-4664
-3575
-3331
-3673
-3225
-2115
-1594
-1360
-802
-424
-582
-868
-357
407
447
208
-69
-354
-740
-1621
-2645
-3467
-4702
-5403
-4694
-4105
-3961
-3473
-2513
-1601
-750
278
1050
1189
1458
1675
1764
2063
2067
1620
1095
879
787
237
-388
-906
-1691
-1948
-1524
-1073
-601
-164
224
595
826
1055
849
474
487
849
1264
1756
2123
2328
2485
2734
2908
2490
1776
1667
1969
1933
1976
2084
1984
2180
2822
3746
5124
5897
5187
3797
3217
2650
749
-1288
-2287
-3070
-4023
-4570
-4127
-3295
-3225
-3351
-2584
-1416
-1285
-1917
-2263
-2272
-2367
-2382
-1641
-656
-216
181
736
1267
1128
-134
-1468
-2722
-4192
-4861
-4574
-4738
-4983
-4340
-3452
-2377
-1124
141
898
1121
1464
1867
1973
2224
2316
1749
1755
2144
2025
1542
1024
313
-692
-1126
-606
-530
-901
-437
-280
-261
467
809
467
228
627
1350
1649
2047
2947
3084
2853
3443
3393
2360
1331
765
718
796
1309
1676
1781
2518
3421
4051
5541
6498
5368
3832
3165
2454
698
-1277
-2261
-3259
-4605
-4968
-4603
-4137
-4151
-4307
-3561
-2551
-1984
-1954
-2234
-1915
-1575
-1700
-761
307
321
370
831
1127
381
-1024
-2494
-4095
-5436
-5763
-5550
-5190
-4231
-3271
-2381
-999
216
679
910
1313
1766
1607
1372
1397
1206
1220
1523
1659
1762
1405
804
283
-384
-924
-1128
-1010
-698
-424
9
679
908
905
1064
1133
1147
1205
1309
1641
1902
1983
2103
2323
2348
2005
1579
1833
2484
2902
3017
3044
3167
3191
3227
4085
5421
5418
4040
2725
2197
1356
-98
-968
-1845
-3303
-4283
-4400
-3870
-3593
-4309
-4502
-3562
-2737
-2241
-2348
-2363
-1957
-1795
-1050
397
830
738
824
1090
1102
122
-1425
-3101
-5058
-6102
-6324
-6682
-6384
-4500
-1646
639
2660
4126
3820
2255
1090
793
-71
-1727
-2503
-2771
-2064
472
2185
2587
2809
2660
2039
1197
361
-1337
-3612
-3760
-2537
-1767
152
2245
2834
3914
5653
5959
4614
2753
1134
-451
-1596
-1551
-1242
-1516
-1030
682
2862
5177
6832
6995
6304
6049
5978
5407
5124
4666
2612
364
-73
-31
-1067
-1922
-1977
-2512
-3166
-2665
-2227
-2815
-4302
-5569
-5403
-4840
-4241
-3792
-3407
-2154
-683
702
2414
3133
2467
1745
1072
233
-1470
-3855
-5852
-7487
-8141
-6919
-5147
-4196
-3331
-1647
-85
753
1582
2264
1787
400
136
407
352
1166
1308
796
1708
2611
2487
1786
765
-626
-2350
-2524
-1847
-2514
-2242
-850
-416
869
2993
3320
2719
2770
3200
2964
2357
2268
1886
1083
1504
2404
2149
1649
1540
1601
2336
3677
4386
3692
2807
3231
3729
4312
5859
5886
3838
2257
1862
1450
119
-1132
-2366
-4051
-4466
-3842
-3306
-3633
-4967
-5338
-4409
-3510
-3025
-3334
-3607
-3067
-2101
-415
1099
1257
1134
1313
1548
1484
74
-2368
-4554
-6187
-6840
-6490
-5726
-4635
-3255
-1538
706
2199
2394
2034
1416
878
321
122
-172
-725
-189
962
2043
3126
3239
2526
1640
641
-523
-2030
-2998
-3390
-3318
-1846
70
1448
2908
3918
4346
4480
4097
3082
1526
154
-440
-582
-363
546
1073
1461
2926
4964
6280
6420
5876
4867
3647
3103
3941
4465
3649
2407
1240
1065
1195
478
-455
-2024
-3757
-4074
-4012
-3725
-4163
-6033
-6253
-4997
-3967
-3122
-2767
-2482
-1895
-847
1464
2725
1904
1169
725
250
-347
-1942
-4282
-6384
-7731
-6971
-5149
-4552
-4295
-3267
-2274
-869
1018
2394
2477
1248
862
1401
1870
2425
1754
418
704
1482
1789
1618
599
-833
-2218
-2057
-1099
-1696
-2141
-1431
-962
252
2598
3565
2834
2567
2996
3167
2990
2596
1816
961
1084
1881
1979
1624
1398
2033
3293
4501
5150
4732
3965
3562
3623
5001
6216
5010
2792
1365
1505
1450
-46
-1048
-2318
-3897
-3923
-3152
-2494
-3127
-5212
-5438
-4169
-3565
-3420
-3861
-3845
-3074
-1925
277
1853
1588
1157
1123
1243
916
-1003
-3542
-5786
-7114
-6460
-4972
-4719
-4815
-4077
-3098
-1431
634
2106
2215
1262
1291
1842
1972
2337
1337
31
630
1456
1734
1542
660
-678
-1811
-1500
-1028
-1917
-2350
-1986
-1468
50
2015
2755
2650
2797
3304
3561
3196
2800
1809
402
590
1377
1278
1431
2045
3278
4719
5725
6387
5744
4905
4663
4716
5861
5649
3367
1479
379
362
128
-975
-1727
-3140
-4302
-3793
-2622
-1983
-3672
-5151
-3968
-3192
-3173
-3126
-3587
-3832
-3491
-1689
702
1067
632
534
337
495
-132
-2342
-4935
-6694
-6986
-6250
-5478
-5034
-4612
-3779
-2063
148
1843
2493
1955
1253
1530
1975
2245
1782
17
-605
154
627
805
422
-709
-1801
-1648
-650
-824
-1762
-1703
-1508
-1046
792
1961
1646
1679
2515
3264
3663
3866
3412
2371
1937
2553
2293
1327
1218
1545
2497
3718
4602
5139
4710
4626
5467
6538
7176
5716
3309
1609
811
254
-1104
-2151
-2760
-4003
-3920
-2435
-1367
-1739
-3726
-4046
-2759
-2823
-3394
-4033
-4585
-4402
-3599
-1391
395
425
808
1434
1666
1550
-53
-2866
-5411
-6760
-6718
-6188
-5975
-5745
-4973
-3542
-1234
1021
2296
2711
2128
1365
1460
1478
1124
329
-499
91
1210
1606
1740
1080
-329
-999
-1063
-1404
-2259
-2807
-2717
-2197
-833
1162
2072
2269
3134
3890
4106
4132
3515
2289
1424
1408
1590
1320
1174
1668
2699
4039
5170
5780
5773
5598
5473
6178
7125
6269
3952
1715
269
-238
-1315
-2299
-2542
-3889
-4317
-2922
-1631
-1068
-2347
-3633
-2836
-2340
-2486
-3167
-4174
-4133
-3978
-2949
-605
-94
-522
57
650
1054
404
-1712
-4144
-6238
-6979
-6323
-5855
-5848
-5404
-4565
-2871
-549
1227
2387
2477
1760
1724
1826
1576
1372
159
-694
132
759
696
475
-231
-1189
-1785
-1643
-1717
-2688
-2884
-2254
-1560
-56
1714
2156
2192
3258
4237
4250
3874
3395
2134
1266
1578
1622
883
567
1176
2296
3358
4574
5435
5444
5530
6263
7697
8148
6526
4287
2377
1150
-45
-1621
-2374
-3386
-4875
-4572
-2930
-1394
-1590
-3105
-2621
-1334
-1354
-1755
-2447
-3086
-3344
-3026
-1211
72
-118
-156
153
745
986
-613
-3228
-5546
-7036
-7141
-6579
-5862
-5353
-4929
-3589
-1208
962
2245
2630
2309
1660
1461
1487
844
-32
-777
-693
365
1176
1127
389
-627
-1208
-1588
-2113
-2549
-3081
-3146
-2124
-728
597
1870
2456
2761
3504
4119
4039
3078
1806
1244
959
899
1157
1070
948
1854
3277
4372
5221
5598
5706
5711
6535
8028
7701
5755
3832
1898
576
-646
-1883
-2698
-4273
-5079
-4025
-2543
-1187
-1665
-2860
-1841
-973
-1074
-1543
-2528
-3081
-3500
-2724
-596
-131
-738
-591
-403
111
-20
-1752
-4208
-6454
-7375
-7009
-6235
-5400
-5089
-4617
-2798
-399
1398
2381
2795
1940
894
1017
868
298
-274
-869
-641
473
1250
910
72
-699
-1660
-2426
-2483
-2855
-3645
-3083
-1599
-370
1530
3151
3244
3488
4355
4387
3463
2259
1042
-33
-533
7
513
408
1181
2681
4023
5627
6573
6574
6362
6540
7662
8190
6796
5031
3087
1229
176
-1010
-1701
-2798
-4690
-4828
-3512
-2053
-1724
-3109
-3087
-1524
-934
-947
-1275
-1599
-2070
-2375
-625
981
524
-117
-353
-185
-191
-1317
-3325
-5980
-7910
-7795
-6692
-6013
-5424
-4509
-3311
-1295
1190
3130
3503
2294
1343
1131
934
1145
500
-1255
-1194
258
1114
1485
1035
-459
-1997
-2211
-1882
-2812
-3745
-3372
-2781
-1589
1039
2820
2513
2716
3841
4074
3652
3143
1715
-48
-419
506
742
448
931
1479
2404
4376
5906
5974
5815
6007
6758
8002
8151
6574
4382
2436
979
-228
-1207
-2102
-4459
-6031
-4945
-3070
-1827
-2423
-3152
-1903
-790
-304
4
-647
-1645
-2510
-1817
183
706
-6
-589
-658
-22
-271
-1932
-4228
-6739
-8173
-7828
-6716
-5709
-5192
-4577
-2842
-396
1814
3221
3443
2484
1606
1388
1247
869
-122
-1082
-985
-31
810
769
-300
-1530
-2340
-2638
-2692
-2933
-3359
-3105
-1876
-444
1432
2966
3050
3231
3985
4250
3875
2649
1238
-28
-791
-341
156
12
28
994
2490
4209
5611
5881
6001
6653
7769
8817
8242
6510
4598
2070
430
-167
-1232
-2695
-4787
-5534
-4321
-2888
-2179
-3233
-3873
-2460
-1432
-1039
-676
-959
-1776
-2054
-141
1934
2003
1536
1027
819
834
-189
-2492
-5536
-8057
-8771
-8254
-7347
-6429
-5762
-4514
-2241
648
3080
4324
4070
2930
2281
2124
1920
1155
-456
-1397
-742
275
866
638
-349
-1778
-2486
-2301
-2647
-3461
-3880
-3599
-2470
-423
1762
2718
2863
3874
4797
4827
4336
3123
1025
-466
-613
-455
-554
-676
-540
406
2170
4268
5588
5996
6677
7418
8390
9104
7975
5993
3696
1092
-298
-1038
-1982
-3829
-5971
-5814
-3937
-2465
-2244
-3052
-2607
-1382
-1111
-841
-785
-1630
-2673
-2305
70
1672
1606
1335
1230
1517
1323
-169
-2744
-5931
-8334
-9103
-8586
-7315
-6524
-5779
-3810
-1249
1519
3707
4819
4544
2983
2193
1956
1179
141
-1163
-1849
-1144
26
623
390
-615
-1706
-2422
-2753
-2808
-3561
-4154
-3309
-1868
-80
2099
3253
3443
3932
4639
4865
4095
2657
808
-858
-1210
-895
-1087
-1433
-1039
450
2293
4118
5722
6398
6845
7635
8858
9667
8442
6204
3799
1233
-344
-1133
-2159
-3947
-5763
-5536
-4084
-2585
-2041
-3177
-3194
-1905
-1386
-1144
-1175
-1665
-2319
-1893
504
2456
2618
2399
2095
1994
1731
76
-3023
-6451
-8779
-9526
-8837
-7675
-6717
-5614
-3754
-1003
1939
4245
5452
4659
3197
2530
1976
1470
247
-1588
-2016
-1147
-119
622
545
-283
-1591
-2056
-1718
-2282
-3322
-3517
-3253
-2268
95
1962
2538
3034
3819
4452
4526
4158
2983
720
-793
-833
-1083
-1363
-1392
-1420
-570
1524
3949
5512
6286
6993
7770
8842
9482
8570
6511
3942
1197
-1012
-1935
-2241
-3918
-5882
-5717
-4180
-2259
-1485
-2198
-2015
-1308
-1336
-1578
-1938
-2329
-3312
-3463
-990
1414
2106
2447
2558
2590
2419
968
-1815
-5242
-7921
-9140
-9196
-8480
-7380
-5990
-4186
-1428
1754
4059
5391
5113
3742
2507
1659
969
-345
-1683
-2121
-1836
-943
79
534
193
-642
-1103
-1162
-1685
-2356
-2764
-3104
-2709
-1063
644
1846
2819
3522
3967
4185
3966
2761
767
-664
-1225
-1584
-1622
-1522
-1403
-616
1286
3724
5516
6631
7285
7572
8522
9524
8924
7107
4685
1989
-237
-1635
-2132
-3067
-4899
-5621
-4685
-2617
-924
-1401
-1915
-1279
-1333
-1799
-1965
-2344
-3276
-3850
-2251
466
2003
2660
2995
3085
3061
2158
-313
-3668
-6858
-8936
-9313
-8596
-7585
-6408
-4859
-2555
517
3088
4783
5188
3972
2551
1847
1251
207
-1123
-2041
-1906
-1135
91
904
645
-155
-777
-968
-1236
-1845
-2400
-3138
-3220
-1831
-64
1219
2124
2747
3178
3638
3918
3186
1599
183
-674
-1160
-1111
-818
-940
-830
405
2526
4330
5622
6506
6901
7541
8834
9241
7979
5859
3410
776
-1353
-2075
-2283
-3841
-5502
-5150
-3453
-1361
-442
-1003
-1178
-1194
-1773
-2228
-2665
-3359
-4371
-4369
-1850
886
2128
2724
2966
3136
2816
1323
-1260
-4494
-7469
-9076
-9249
-8459
-6953
-5596
-3949
-1198
1751
3839
4838
4577
3315
1919
995
207
-1074
-2166
-2836
-2666
-1355
80
945
918
445
255
99
-242
-803
-2012
-2996
-2874
-1834
-361
955
1721
2258
2856
3380
3583
2874
1347
19
-787
-757
-317
-364
-326
132
1082
2956
4865
6197
6727
6784
7599
8842
8684
7114
5090
2737
459
-1631
-2431
-2224
-3624
-5134
-4544
-2471
-152
227
-915
-1217
-1464
-2381
-3187
-3770
-4372
-5253
-4808
-1920
1009
2424
3186
3691
3808
3515
1950
-890
-4328
-7316
-8980
-9126
-8123
-6651
-5129
-3200
-423
2257
4079
4932
4465
2821
1348
377
-712
-1894
-2852
-3441
-2881
-1158
542
1709
2066
1733
1476
1311
687
-483
-2151
-3225
-3197
-2479
-1197
162
814
1224
2096
2826
2970
2502
1296
-130
-593
-151
95
260
665
1056
1860
3512
5555
6575
6558
6754
7455
8295
7772
5905
4088
1798
-592
-2107
-2393
-1725
-2664
-4050
-3082
-884
898
564
-1126
-1659
-2281
-3600
-4378
-5049
-5507
-6135
-5319
-1668
1419
2791
3625
3800
3957
3676
1918
-953
-4419
-7446
-9014
-8884
-7754
-6176
-4630
-2876
-139
2455
3872
4397
3625
1729
141
-904
-1893
-3126
-3875
-3722
-2718
-753
1441
2766
3021
2845
2698
2182
1016
-409
-2430
-3988
-3876
-2997
-1961
-672
158
689
1594
2529
2927
2297
1173
454
146
388
1057
1218
1342
1785
2544
4241
6197
6693
6439
6519
7354
8070
6929
5278
3956
1592
-967
-2314
-1762
-799
-2492
-3682
-1745
638
1562
164
-1434
-1799
-3122
-4532
-4900
-5343
-6017
-6561
-4809
-763
2164
3353
3795
4282
4699
3976
1753
-1451
-4955
-7930
-9436
-9111
-7811
-6380
-4490
-1871
1149
3827
5223
5169
3860
1723
3
-1531
-3574
-4801
-5129
-4790
-2466
381
2451
4209
4798
4649
4317
2971
816
-1953
-4438
-5426
-5422
-4785
-3143
-1400
-17
1866
3571
4413
4440
3361
1602
274
-136
-125
-419
-373
499
1338
2113
3223
4935
6211
6079
5849
6269
7187
7225
5418
4270
3968
2412
390
-662
598
1284
-999
-1953
-695
-7
-754
-3036
-4019
-4252
-5992
-7084
-7051
-6442
-5799
-5429
-2659
1286
3074
4018
5018
5534
5268
3457
559
-2340
-5447
-7976
-8990
-8700
-7724
-6125
-4015
-1567
808
2294
2938
2672
1504
26
-1524
-3119
-3891
-3630
-2901
-1583
438
2473
4257
5282
5406
4967
3572
1291
-1266
-3548
-4986
-5824
-6344
-5502
-3653
-1802
373
2343
3323
3986
4136
3532
2874
2328
1854
1567
1571
2160
2768
2570
2306
2678
3685
4372
4285
4056
4713
5725
5782
5450
5776
5395
3430
1494
1663
3295
1986
-1164
-2031
-1585
-1350
-2439
-4112
-4570
-5614
-6977
-6899
-6197
-5296
-5288
-5010
-1917
1398
3014
4187
4753
4803
4203
2699
813
-1970
-5343
-7335
-7930
-8057
-7259
-5518
-3834
-1926
325
1653
2294
1862
313
-937
-1808
-2193
-2670
-3053
-2110
-557
1271
3587
5105
5377
5160
4468
3051
754
-1737
-4207
-6516
-7319
-6690
-5415
-3764
-1497
865
2777
4443
5202
4934
4205
3483
2674
2011
1922
1782
1220
1190
1282
932
1092
1928
2700
2791
3247
4765
6643
7425
7011
7045
7058
5731
3519
2134
2523
1359
-2051
-3455
-2925
-2918
-4053
-5747
-5775
-5634
-6836
-7113
-6285
-5348
-5048
-4533
-1900
1428
3369
4352
5012
5381
5007
3603
1224
-1772
-4786
-7106
-8241
-8431
-7772
-6430
-5281
-3673
-1838
-607
220
410
8
-525
-832
-932
-1144
-780
321
1286
2540
4084
4947
4950
4437
3289
1471
-475
-2522
-4612
-6183
-6545
-5944
-4885
-3096
-931
1131
2958
4229
5062
5416
5221
4653
3810
3365
3213
2456
1846
1539
777
305
544
1261
2054
2527
3251
4780
6572
7652
7814
7910
7174
5134
3086
2298
2166
-139
-3392
-4150
-3844
-3861
-4411
-5609
-5662
-5651
-6310
-5928
-4873
-4337
-4467
-3787
-936
1863
2976
3720
4195
4242
4020
2901
864
-2035
-4820
-6456
-7438
-7954
-7624
-6701
-5350
-3568
-1679
-293
413
230
-446
-469
-117
-184
-754
-742
244
1592
3088
4351
4612
4187
3519
2488
1082
-987
-3398
-5479
-6661
-6148
-4924
-3797
-2080
330
2452
4129
5448
5778
5240
4533
3864
3195
2578
1812
890
441
319
-120
-338
232
1382
2308
3071
4442
6534
8259
8563
8342
8091
6966
4638
2130
1031
420
-2012
-4603
-5052
-4670
-4610
-5314
-5919
-5315
-5403
-6175
-5794
-4692
-4179
-4285
-3096
-144
2103
3236
4192
4878
4863
4136
2603
203
-2715
-5460
-7371
-8402
-8733
-8433
-7153
-5222
-3213
-1250
240
1181
1133
548
712
708
-256
-874
-775
58
1447
2752
3839
4320
4403
3842
2686
1098
-1283
-4013
-5772
-6421
-6260
-5041
-3247
-1267
1105
3795
5885
6609
6450
6002
4998
3727
2666
1571
309
-248
-314
-506
-443
136
962
2081
3284
4386
5580
7005
8341
8620
8116
7634
6558
4262
1785
620
15
-2000
-4423
-5176
-4792
-4780
-5584
-6110
-5906
-6028
-6354
-5859
-4717
-3837
-3515
-2314
508
2793
4021
4723
5005
4846
3820
2018
-210
-3007
-5833
-7697
-8554
-8914
-8524
-6880
-4807
-3103
-1330
475
1373
1212
896
977
563
-267
-577
-570
165
1575
2469
3159
3854
3830
2840
1776
550
-1955
-4197
-4992
-5636
-5389
-3666
-2028
-339
2212
4699
5802
5911
5695
4978
3742
2661
1758
531
-432
-279
-21
-167
395
1019
1744
3197
4451
5155
5920
7197
8296
8125
7787
7494
5713
2914
761
232
-223
-2651
-5005
-5634
-5599
-5452
-5827
-6223
-6092
-6443
-6532
-5358
-3768
-2916
-2911
-1782
1215
3371
4122
4588
4326
3438
2254
807
-1208
-4120
-7041
-8540
-8740
-8530
-7681
-6432
-4807
-2686
-715
1285
2554
2045
806
449
623
229
-221
-328
-230
663
2140
3274
3733
3295
2219
1168
217
-1085
-2924
-4631
-5095
-4261
-2766
-660
1512
3208
4852
6192
6454
6021
5033
3462
1879
566
-20
-294
-613
-496
-123
319
1039
2334
3926
4761
5302
6186
7301
8348
8477
7888
7017
5549
3404
1078
-199
-453
-2450
-5396
-6204
-5811
-5595
-5866
-6433
-6290
-6337
-6211
-4934
-3678
-2885
-2692
-1868
991
3407
4033
4255
3956
3245
2369
911
-1107
-3943
-6910
-8273
-8311
-8347
-8067
-7060
-5515
-3337
-1018
955
2128
1853
858
728
1199
958
-10
-685
-506
117
1401
2720
2849
2429
1821
1375
1039
95
-1638
-3290
-3859
-3151
-2067
-653
878
1999
3475
5136
5823
5336
4320
3221
2128
1360
1058
631
-107
-152
307
605
1239
2088
2952
3855
4856
5867
6721
7621
8224
8050
7529
6429
4308
1504
-823
-1560
-2705
-5326
-6840
-7138
-6825
-6030
-5877
-5824
-5376
-4881
-3963
-2839
-2160
-2012
-2238
-1068
1121
1959
2187
2280
1842
1536
1129
-86
-2025
-4408
-6112
-6713
-7271
-7681
-7226
-6334
-5125
-2921
-697
780
1399
1000
1060
1823
1828
1042
325
-241
-275
331
1259
1833
1676
1354
1496
1880
1578
538
-803
-1420
-1350
-906
-25
680
1017
1966
3122
3633
3773
3482
3085
2629
2163
1969
1813
1267
940
913
963
1309
1720
2278
3433
4722
5571
6374
7419
8260
8403
7941
6841
4768
1824
-976
-2361
-3095
-5116
-7107
-7561
-7046
-5778
-4816
-4689
-4212
-3453
-2780
-2114
-1669
-1532
-2350
-2523
-780
413
513
478
576
862
944
552
-759
-3032
-4765
-5645
-6537
-7198
-7261
-7081
-6461
-4610
-2100
51
1375
1675
1961
2428
2152
1471
592
-516
-1174
-1043
-251
745
1196
1323
1773
2660
3105
2626
1501
506
-270
-708
-596
-463
-334
281
1352
2382
3264
3627
3692
3586
3067
2752
2477
1771
890
177
92
510
575
892
2381
4031
5249
6282
7404
8334
8569
7932
6823
5030
2111
-1144
-3597
-4293
-4981
-6990
-7957
-7072
-5545
-4016
-3111
-2597
-2136
-2143
-2011
-1846
-2100
-2939
-3879
-3354
-1810
-653
-16
527
1380
2076
2012
1348
-413
-2774
-4643
-6156
-7378
-7996
-8117
-7806
-6408
-3613
-699
1278
2406
2874
3080
2858
2126
1362
-31
-1472
-1719
-1207
-78
1124
1564
2303
3732
4588
4729
4025
2546
996
-300
-790
-994
-1535
-1312
-264
784
2153
3534
4099
4230
4182
3810
3349
2786
1597
205
-201
-25
-86
118
1378
3285
4672
5734
6993
7810
7962
7749
6788
5018
2561
-541
-3356
-4752
-4739
-5489
-6781
-6376
-4858
-3123
-1654
-1316
-1466
-1691
-2260
-2788
-3408
-4328
-5268
-5766
-4466
-2157
-673
195
1433
2833
3445
3058
1894
-207
-2617
-4669
-6303
-7479
-8448
-8696
-7476
-5169
-2483
10
1651
2321
2531
2580
2227
1247
-113
-1535
-2437
-1857
-307
970
1908
3167
4759
5768
6167
5769
3747
1574
154
-1011
-2111
-2831
-3001
-2370
-794
1129
2530
3472
4254
4407
4153
3856
3490
2152
651
484
741
527
739
1627
2779
4274
5402
6060
6375
6352
6388
5846
4397
2560
79
-2623
-4297
-4620
-4442
-5065
-5505
-4450
-3089
-1506
-503
-1075
-1610
-2164
-3133
-3825
-4412
-5079
-6000
-5754
-3556
-1560
-488
692
2099
2951
2942
2227
751
-1439
-3611
-5481
-6836
-7772
-8265
-7700
-6188
-3945
-1272
1024
2335
2861
2900
2448
1379
329
-791
-2088
-2315
-1148
158
1608
3532
4970
5860
6833
6978
5626
3695
1901
-157
-2190
-3045
-3228
-3144
-1944
-159
1169
2837
4519
5022
4674
4356
3941
2757
1488
1043
699
41
295
1231
2135
3654
4930
5377
5750
5999
5981
5737
4680
2962
819
-1291
-2819
-3818
-3883
-3570
-4060
-4053
-2914
-1520
-324
-736
-1905
-2431
-3383
-4375
-4855
-5638
-6394
-6653
-5281
-2701
-1041
134
1553
2884
3480
3072
1929
-187
-2718
-4830
-6324
-7403
-8369
-8462
-6923
-4724
-2327
-53
1404
1865
1672
1538
1195
232
-1059
-2098
-2268
-1225
613
2459
4064
5404
6453
7359
7799
6744
4235
1694
-183
-1716
-2961
-3455
-3453
-2889
-1418
578
2322
3307
3760
3851
3736
3791
3402
2358
1549
1245
1173
1402
2131
2920
3241
3745
4534
4899
4749
4257
4152
3702
2217
956
-287
-2093
-3369
-3591
-2839
-2584
-3146
-2858
-2124
-1119
-663
-1832
-2508
-3023
-4090
-4675
-4903
-5246
-5778
-5580
-3600
-1567
-652
418
1650
2350
2170
1513
137
-1974
-3736
-5121
-6253
-6791
-7037
-6593
-4912
-2417
-299
1165
2201
2007
1183
666
159
-810
-1947
-2289
-1887
-565
1679
3774
5112
6370
7421
7798
7396
5852
3127
411
-1302
-2689
-3651
-3666
-2940
-2008
-379
1951
3399
3916
4218
4020
3441
2973
2590
1808
828
752
1109
1294
2100
3074
3504
3949
4619
4894
4419
4035
4234
3357
1852
993
-468
-2099
-2798
-2525
-1957
-2451
-3071
-2612
-2032
-1194
-1375
-2750
-3331
-3972
-4785
-5057
-5308
-5558
-5747
-4874
-2536
-756
343
1491
2337
2526
2050
1111
-685
-2906
-4703
-5990
-6732
-7331
-7217
-5911
-4084
-1826
263
1660
2132
1589
885
334
-469
-1345
-1981
-2123
-1168
896
3074
4776
6083
6932
7475
7407
6219
3901
980
-1257
-2883
-4050
-4155
-3592
-2787
-1390
924
2967
3948
4436
4477
3879
3166
2787
2113
1003
304
450
792
1546
2716
3240
3666
4440
4858
4569
4221
4333
3833
2437
1504
371
-1063
-2062
-2628
-2146
-1734
-2434
-2752
-2150
-1401
-1141
-2201
-3165
-3600
-4612
-5202
-5243
-5460
-5732
-5546
-3787
-1532
-318
716
1641
2240
2252
1648
436
-1510
-3384
-4845
-5881
-6465
-6414
-5617
-4786
-3563
-1470
355
1189
1498
1587
1126
168
-366
-546
-673
-333
593
1844
3506
5240
6197
6592
6830
6027
4319
2673
1023
-1062
-3072
-3666
-3337
-2976
-1848
-79
1091
2082
3574
4407
4287
4050
3538
2619
2098
1682
1255
927
888
1590
2104
2722
3711
3922
3715
3717
3667
4025
4101
3013
1490
-4
-869
-1452
-2065
-1760
-1987
-3186
-3199
-2231
-1180
-1431
-3044
-3780
-3984
-4740
-5047
-5361
-6036
-6386
-5740
-3580
-1645
-795
35
1011
1858
2370
1971
675
-1168
-2844
-4139
-4934
-5634
-6409
-6480
-5696
-3618
-1005
531
1284
1630
1379
848
499
412
-260
-915
-621
483
2213
4273
5278
5662
6337
6477
5912
4534
2408
-248
-2591
-3426
-3300
-3428
-2830
-1505
-243
1664
3818
4723
4427
4001
3499
2792
2206
1512
429
-262
27
1032
2199
3267
4009
4200
4558
4958
4656
4383
4237
3176
1285
-142
-748
-1459
-2482
-2653
-2112
-2254
-2587
-2137
-1547
-1308
-2209
-3643
-3897
-4327
-5259
-5700
-5928
-5851
-5573
-4228
-2043
-626
189
1226
2245
2581
2027
887
-809
-2625
-3956
-5019
-5704
-6239
-6188
-5272
-3912
-1838
-62
788
1544
1889
1553
1061
724
390
79
209
858
1762
2978
4081
4873
5249
5438
5085
4049
2803
1152
-565
-1770
-2273
-2504
-2236
-1365
-503
694
2109
3116
3595
3654
3607
3257
2749
2435
1819
1035
853
1105
1632
2360
2902
3055
3365
3656
3516
3409
3605
3677
2969
1624
700
163
-837
-1894
-2038
-1869
-2488
-2970
-2774
-2333
-2155
-3130
-3988
-3917
-4269
-4978
-5497
-5622
-5528
-5550
-4527
-2498
-1418
-557
821
1885
2273
2118
1309
-155
-1697
-3025
-4246
-5479
-6113
-5799
-5197
-4106
-2081
-731
108
1160
1760
1559
873
492
111
-236
-29
525
1183
2352
3706
4597
5300
5750
5364
4400
3377
2025
232
-1072
-1832
-2443
-2371
-1573
-770
99
1231
2193
2691
3040
3401
3226
2790
2610
2147
1587
1597
1936
2248
2617
3026
3477
3634
3503
3528
3820
4042
3520
2247
866
-46
-974
-2147
-2687
-2545
-2995
-3592
-3270
-2504
-1775
-2172
-3136
-3101
-3345
-4007
-4419
-4825
-5134
-5370
-4852
-3121
-1842
-1112
29
1185
1930
2076
1410
9
-1572
-2921
-4016
-5004
-5698
-5604
-4975
-3920
-1998
-273
665
1551
2070
1906
1382
712
10
-775
-890
-382
141
1347
2912
4042
4977
5896
6190
5457
4464
3206
1270
-241
-1088
-1807
-2237
-1782
-898
-92
1071
2112
2721
2926
3146
3159
2424
1857
1533
997
927
1555
2237
2822
3406
3892
4307
4417
4238
4102
3993
3502
2288
764
-298
-1152
-2345
-3287
-3054
-2901
-3458
-3443
-2909
-2216
-1982
-2778
-3222
-3174
-3882
-4504
-4612
-4652
-4735
-4783
-3574
-1943
-1046
-178
746
1431
1548
870
-274
-1661
-3159
-4323
-5299
-6142
-6407
-5481
-3634
-1597
339
1614
2318
2347
1713
1352
630
-983
-2150
-2451
-2270
-1141
413
1769
3237
4713
6056
6864
6704
5528
3508
1677
517
-611
-1613
-1879
-1822
-1282
286
1805
2362
2620
2844
2722
2432
2253
1840
994
325
574
1454
2286
3300
4042
4295
4722
5286
5236
4646
4267
3702
2289
920
63
-1092
-2411
-3462
-3579
-2957
-2909
-3103
-2854
-2550
-1993
-1945
-2865
-3128
-3472
-4546
-4871
-4472
-4323
-4699
-4293
-2476
-1050
-232
732
1511
1432
877
178
-1082
-2659
-3763
-4558
-5157
-5220
-4588
-3551
-2349
-788
513
1285
1684
1371
623
-128
-762
-1413
-1843
-1650
-1031
145
1799
3449
4877
5896
6529
6704
6039
4787
3228
1521
-4
-1018
-1635
-1985
-1778
-1079
29
937
1650
2336
2613
2554
2589
2477
1985
1565
1304
1610
2189
2834
3585
4026
4235
4421
4485
4384
3776
3225
2525
1030
-136
-1001
-2165
-3038
-3618
-3285
-2633
-2955
-2953
-2451
-1967
-1496
-2170
-3002
-3159
-3933
-4726
-4820
-4731
-4925
-4998
-3941
-2215
-1157
-463
477
971
824
575
-21
-1508
-2872
-3780
-4595
-4941
-4873
-4401
-3214
-1173
655
1538
2212
2296
1163
-119
-889
-1506
-2579
-3168
-2475
-1597
122
2723
4496
5643
6834
7583
7336
6427
4771
2173
-169
-1191
-1864
-2489
-2097
-1347
-605
1060
2686
3019
3082
2785
2258
1782
1360
1065
260
146
1256
2208
3300
4753
5493
5477
5624
5942
5351
4322
3398
1471
-625
-1814
-2767
-3726
-4606
-4270
-3172
-2926
-2482
-1733
-1391
-946
-1374
-2430
-2785
-3486
-4554
-5088
-5088
-4814
-4710
-3726
-1912
-609
189
998
1535
1250
547
-317
-1845
-3399
-4401
-5122
-5264
-4731
-3800
-2531
-866
533
1066
1378
1599
804
-479
-1325
-2021
-2600
-2456
-1645
-723
590
2586
4377
5656
6664
7130
6669
5832
4590
2517
633
-424
-1392
-2027
-1634
-1067
-565
451
1515
1942
2274
2590
2330
1846
1532
1596
1217
1165
2280
3009
3412
4364
4944
4921
4861
4675
4033
3054
2648
1957
245
-802
-1548
-2588
-3252
-3455
-2751
-2457
-2969
-2826
-2468
-1931
-1707
-2588
-3174
-3339
-3881
-4378
-4385
-4274
-4810
-4782
-3276
-1856
-1308
-722
-66
153
198
138
-597
-1792
-2838
-3582
-3834
-3681
-3413
-3210
-2603
-1527
-550
91
593
584
-280
-1012
-1359
-1458
-1407
-1301
-848
-48
1346
3396
4899
5574
6232
6446
6106
5606
4244
2104
421
-859
-1511
-1721
-1647
-1260
-849
178
1376
2075
2469
2732
2639
2485
2654
2718
2215
2258
2688
2855
3215
3646
3940
3950
3762
3984
3722
3001
2878
2024
650
-130
-1011
-1947
-2883
-3127
-2397
-2395
-2770
-2581
-2302
-1691
-1553
-2527
-3054
-3296
-4098
-4571
-4536
-4697
-5366
-5155
-3583
-2103
-1243
-446
493
945
1001
982
189
-1242
-2491
-3530
-4257
-4685
-4697
-3862
-2495
-1390
-338
571
698
152
-410
-678
-1094
-1837
-2004
-1659
-891
918
2807
4246
5602
6539
7143
7270
6551
4822
2365
645
-350
-1550
-2114
-1965
-1913
-1003
756
1742
2135
2481
2533
2322
2279
2335
1889
1013
1027
1931
2538
3331
4240
4223
4116
4508
4466
4051
3129
2176
1541
742
66
-553
-1387
-2205
-2859
-2605
-1734
-1876
-2590
-2932
-2653
-2164
-2561
-3449
-3853
-4175
-4676
-4539
-4154
-4377
-4924
-4296
-2617
-1441
-900
-414
56
135
146
-46
-917
-2252
-3307
-4123
-4414
-3986
-3275
-2921
-2306
-1390
-836
-444
-242
-358
-883
-1186
-1156
-890
-290
569
1207
2130
3747
5055
5678
6096
6010
5258
4457
3593
2419
994
-84
-680
-1160
-1065
-469
-228
88
797
1507
2039
2384
2620
2461
2350
2729
2778
2696
3011
3242
3323
3438
3714
3549
3009
2938
2756
2073
1958
2113
1405
472
-119
-489
-1136
-2014
-1888
-1521
-2501
-3152
-3014
-2683
-2314
-2815
-3463
-3431
-3563
-3929
-4052
-4264
-4707
-5142
-4450
-2880
-2037
-1765
-968
33
605
876
696
-266
-1520
-2395
-2843
-3476
-4162
-4206
-4039
-3614
-2585
-1365
-987
-1067
-795
-464
-77
325
293
260
631
1306
2612
3865
4450
4819
5282
5831
5997
5351
3941
2372
1035
140
-549
-1366
-1867
-2020
-1465
-219
800
1664
2347
2702
3109
3554
3634
3249
2484
2070
2180
2407
2826
2879
2600
2473
2731
3228
3185
2707
2417
2012
1263
657
-19
-989
-2053
-2935
-2468
-1786
-2398
-3040
-2905
-2191
-1987
-2766
-3157
-3420
-4373
-4915
-4946
-5058
-5340
-5499
-4436
-2729
-1599
-720
320
1034
1101
1057
566
-600
-2046
-3423
-4308
-4880
-5130
-4598
-3565
-2478
-1443
-493
73
-36
-339
-425
-496
-587
-427
-64
450
1664
3276
4551
5321
6075
6468
6258
5701
4568
2646
944
58
-943
-1578
-1309
-1076
-805
353
1606
2090
2579
3001
2915
2523
2297
2216
1594
1108
1703
2314
2774
3616
4047
3828
3700
3773
3495
2731
1956
1506
993
433
92
-435
-929
-1278
-1607
-1194
-701
-1372
-2446
-2866
-2474
-2519
-3644
-4250
-4390
-5041
-5255
-4839
-4677
-4812
-4619
-3406
-1967
-1079
-412
173
393
500
574
-69
-1141
-2395
-3490
-4113
-4490
-4526
-3795
-2798
-1934
-974
-247
-96
-518
-859
-724
-778
-955
-646
-287
425
2143
3791
4855
5769
6467
6566
6202
5662
4102
1881
525
-231
-1245
-1507
-1176
-1114
-525
814
1836
2105
2388
2485
2169
2005
1991
1850
1233
1084
1780
2382
3024
3897
3844
3362
3307
3203
2795
2179
1424
998
991
684
283
-77
-429
-971
-1378
-818
-624
-1664
-2762
-3208
-3030
-3163
-4277
-4859
-4940
-5231
-5213
-4934
-4424
-4331
-4405
-3162
-1461
-847
-390
282
431
441
501
-137
-1215
-2133
-2782
-3415
-3911
-3647
-3503
-3784
-3294
-2350
-2023
-1905
-1383
-1090
-1025
-231
600
1066
1867
2659
3489
4465
5245
5414
5291
5347
5165
4375
3677
2896
1451
384
-50
-752
-1271
-1255
-1178
-839
-35
930
1768
2318
2928
3387
3399
3605
3494
2851
2769
2910
2848
2806
2671
2337
1907
1736
1915
1819
1286
1426
1890
1570
1078
907
459
-429
-1143
-862
-686
-1828
-2899
-3114
-3005
-3172
-3943
-4497
-4551
-4946
-5082
-4972
-4784
-4903
-5059
-3979
-2540
-1633
-854
-2
621
1002
1155
792
-133
-1268
-2325
-2996
-3631
-3785
-3792
-4109
-3841
-3120
-2461
-2016
-1460
-1038
-991
-331
533
936
1540
2344
3068
3881
4822
5464
5598
5710
5659
5021
4244
3369
2060
869
-103
-966
-1631
-2055
-2066
-1537
-711
341
1375
2222
2952
3348
3523
3553
3478
3181
2853
2829
3061
2948
2695
2367
2180
1975
1651
1469
901
724
1119
752
291
249
-121
-517
-965
-826
-627
-1765
-2811
-3016
-3055
-3030
-3762
-4489
-4484
-4724
-5044
-4889
-4655
-4729
-4867
-4119
-2747
-1958
-1485
-664
102
436
783
756
50
-896
-1833
-2549
-2847
-2949
-3188
-3111
-2762
-2527
-2318
-1954
-1622
-1553
-1561
-842
-8
540
1622
2601
3433
4710
5692
6087
6335
6227
5522
4525
3796
2584
1181
331
-357
-1090
-1219
-835
-783
-598
296
820
1057
1716
2259
2324
2258
2724
3016
2952
3443
3908
3854
3779
3417
2944
2502
1936
1425
836
169
573
1267
1052
956
891
457
97
-419
-483
-711
-2187
-3236
-3637
-3813
-3805
-4467
-5126
-4959
-4825
-4721
-4491
-4329
-4341
-4422
-3705
-2356
-1722
-1599
-997
-198
269
681
690
71
-646
-1369
-2088
-2643
-3079
-3532
-3863
-3864
-3312
-2835
-2559
-2095
-1452
-941
6
1120
1769
2622
3428
3969
4852
5411
5385
5328
5178
4810
4147
3464
2684
1589
739
149
-747
-1541
-1561
-1427
-1399
-601
282
862
1749
2671
3139
3339
3756
4075
3864
3792
3806
3472
2856
2129
1770
1453
935
707
421
73
704
1515
1528
1267
876
450
-96
-738
-953
-1524
-2722
-3626
-3950
-3712
-3463
-4310
-4780
-4358
-4351
-4524
-4382
-4305
-4768
-4945
-4054
-2839
-2476
-2082
-948
-41
581
1286
1195
312
-439
-1004
-1749
-2472
-2920
-3356
-3774
-3572
-2965
-2608
-2404
-1955
-1362
-938
25
1082
1597
2394
3473
4042
4764
5542
5645
5527
5470
5224
4555
3633
2855
1799
634
116
-480
-1282
-1430
-1346
-1257
-676
93
873
1598
2223
2855
3263
3704
4177
4255
4202
4212
4103
3362
2727
2599
1914
1299
1047
516
523
943
1224
1087
664
405
-45
-908
-1304
-1412
-2503
-3627
-3993
-3908
-3531
-3795
-4273
-4148
-3943
-3852
-3889
-3941
-4240
-4744
-4424
-3352
-2750
-2661
-1972
-1073
-401
164
460
138
-539
-1085
-1385
-1874
-2453
-2616
-2829
-3003
-2728
-2399
-2278
-2147
-1852
-1173
-500
157
1058
1780
2689
3700
4294
4929
5359
5210
5132
5000
4444
3654
2908
2197
1374
614
304
-242
-790
-739
-624
-451
-46
320
762
1201
1645
2089
2456
3088
3651
4047
4302
4378
4092
3366
2718
2253
1660
1075
513
69
490
1015
1102
1073
570
115
-330
-1234
-1547
-1968
-3531
-4507
-4637
-4213
-3817
-4369
-4498
-4045
-3924
-3816
-3626
-3598
-3997
-4314
-3470
-2548
-2296
-2003
-1386
-578
50
458
416
-290
-1170
-1610
-1651
-1838
-2208
-2275
-2548
-2570
-2302
-2040
-1760
-1799
-1425
-727
-274
645
1533
2116
3104
3884
4450
5149
5454
5194
4901
4603
4025
3252
2556
1912
1147
558
428
80
-419
-448
-351
-210
149
666
986
1187
1586
2263
2942
3558
3995
4287
4253
4171
4080
3414
2769
2290
1532
1093
906
842
1112
1098
969
699
56
-455
-1295
-1942
-2293
-3363
-4385
-4746
-4515
-3944
-4059
-4235
-3750
-3617
-3515
-3330
-3260
-3424
-3952
-3677
-2772
-2562
-2452
-1938
-1391
-731
-213
-181
-599
-1265
-1692
-1750
-1755
-1754
-1885
-2157
-2224
-2042
-2126
-2047
-1702
-1801
-1525
-837
-219
591
1541
2251
2998
3707
4437
5034
5046
4791
4448
4014
3595
3153
2314
1664
1211
559
334
325
-188
-415
-404
-292
17
249
653
1084
1604
2431
3456
4034
4429
4884
4607
4361
4293
3548
2724
2080
1496
1220
1153
1400
1309
737
380
-77
-823
-1842
-2196
-2614
-3828
-4580
-4652
-4391
-3943
-3961
-3898
-3484
-3370
-3094
-3057
-3254
-3354
-3786
-3568
-2668
-2431
-2280
-1975
-1568
-972
-758
-997
-1215
-1678
-2073
-1948
-2066
-2372
-2245
-2241
-2010
-1261
-1052
-1318
-1183
-917
-451
194
476
567
818
1567
2251
2801
3449
3841
4013
4492
5137
5039
4504
4163
3427
2491
2126
1459
278
-320
-244
-301
-91
468
791
792
1049
1914
2397
2526
3049
3358
3266
3692
4071
3823
3536
3406
3180
2700
2487
2433
2063
1997
1939
1246
627
-110
-1264
-2599
-3276
-3196
-4130
-5102
-4961
-4586
-4017
-3612
-3519
-3269
-3387
-3627
-3659
-3747
-4003
-4509
-4413
-3375
-2685
-2310
-1647
-1093
-667
-416
-412
-724
-1422
-2080
-2370
-2486
-2711
-2732
-2742
-2535
-1799
-1262
-1021
-724
-502
-317
140
500
540
723
1181
1610
2183
2872
3410
3929
4457
4985
5151
4873
4495
3800
2862
2225
1479
516
-107
-496
-485
-180
132
577
794
1115
1707
2105
2322
2668
2931
2981
3421
3684
3555
3286
3158
3077
2809
2560
2568
2251
2025
2369
1820
1064
501
-748
-2128
-3101
-3258
-3874
-5352
-5711
-5305
-4632
-3778
-3449
-3276
-3088
-2984
-2883
-2904
-3074
-3822
-4388
-3694
-2910
-2548
-2156
-1664
-1085
-655
-281
-277
-1091
-1875
-2025
-1790
-1808
-1993
-2206
-2523
-2374
-1754
-1157
-801
-800
-773
-220
523
1015
1363
1492
1686
2095
2812
3393
3592
3602
3743
4259
4807
4944
4451
3651
2919
2270
1793
1227
261
-334
-439
-361
-57
290
539
759
1375
2171
2926
3466
3749
4004
4036
3860
3986
3681
3033
2787
2355
2424
2662
2714
2662
1863
1311
745
-482
-1818
-3107
-3846
-4614
-5656
-5979
-5705
-4821
-3964
-3722
-3148
-2651
-2612
-2633
-2941
-3291
-3934
-4479
-3867
-3163
-3040
-2663
-2013
-1328
-810
-693
-911
-1558
-2587
-2855
-2382
-2531
-2614
-2117
-2122
-1899
-1149
-690
-360
-599
-607
-153
-98
298
724
656
1008
1758
2257
2864
3504
3674
3622
4085
4635
4322
3850
3497
2840
2217
2035
1645
778
399
517
426
415
672
796
771
1081
1812
2128
2536
3361
3771
3890
3996
4177
4096
3676
3559
3297
2877
2850
2830
2656
2253
1463
597
-398
-1502
-2819
-3718
-4172
-5269
-6031
-5954
-5214
-4206
-4068
-3761
-2906
-2763
-2814
-2685
-2886
-3534
-4091
-3737
-2985
-2647
-2338
-1940
-1499
-1044
-803
-1099
-1682
-2089
-2435
-2589
-2620
-2626
-2629
-2594
-2082
-1250
-1028
-879
-512
-303
178
817
1023
926
1295
1737
1869
2426
2862
2933
3093
3586
4258
4413
4329
4345
3597
3112
3079
2198
1350
928
504
365
641
892
888
838
1290
1819
1913
2211
2621
2719
2948
3581
3790
3487
3365
3289
3070
2969
3095
3072
3015
3147
2873
2181
1307
155
-1138
-2861
-3858
-4196
-5447
-6330
-6284
-5757
-4760
-4186
-3776
-3194
-3143
-3110
-2954
-3024
-3454
-4165
-4112
-3383
-2863
-2395
-1848
-1389
-940
-609
-657
-1290
-2329
-2962
-2851
-2559
-2526
-2422
-2389
-2505
-2225
-1661
-1151
-991
-1126
-673
-25
504
1331
1712
1841
2175
2510
3031
3388
3286
3087
2956
3401
3914
3855
3499
3110
2761
2567
2528
1954
1006
511
356
370
503
677
688
837
1551
2377
2988
3607
4013
4039
4055
4245
4147
3515
3151
3131
3002
3178
3778
3743
2780
1918
1264
178
-1333
-2800
-3815
-4779
-5919
-6397
-6274
-5562
-4726
-4448
-3497
-2505
-2371
-2446
-2661
-2980
-3546
-3934
-3368
-3004
-2990
-2346
-1623
-1211
-847
-760
-1268
-1905
-2227
-2405
-2729
-3251
-3569
-3695
-3745
-2984
-1937
-1555
-1125
-562
-140
847
1887
1955
1663
1766
2003
2085
2207
2300
2088
2078
2881
3642
3945
4211
4211
3624
3326
3170
2387
1417
713
380
447
809
1347
1493
1322
1825
2492
2809
3065
3132
3138
3170
3285
3409
3116
2924
2900
2763
2936
3327
3465
3673
3744
3220
2312
1185
-148
-1757
-3320
-4252
-5091
-6060
-6502
-6241
-5098
-4275
-4130
-3327
-2637
-2736
-2810
-3065
-3499
-4197
-4697
-4073
-3538
-3371
-2494
-1568
-944
-334
-155
-525
-1082
-1830
-2684
-3222
-3487
-3771
-3907
-3542
-2699
-1976
-1520
-840
-278
11
479
1018
946
1018
1596
1748
1607
1893
2262
2362
2804
3388
3561
3635
3948
3895
3163
2599
2289
1482
1224
1290
820
832
1251
1580
1632
1658
2078
2302
2411
2781
3188
3475
3662
3700
3574
3723
3951
3598
3361
3500
3692
4187
4382
3755
2888
1703
587
-618
-2207
-3324
-4516
-6000
-6565
-6364
-5682
-4986
-4896
-4244
-3167
-2504
-2165
-2345
-2834
-3407
-3700
-3205
-2605
-2665
-2642
-1790
-962
-620
-571
-1181
-2219
-3154
-3917
-3807
-3424
-3418
-3215
-2648
-1778
-1098
-815
-553
-567
-778
-726
-323
177
552
1004
1447
2067
2559
2804
2989
2799
2463
2236
2256
2398
2203
1991
1918
1890
2297
2816
2918
2696
2636
2707
2443
2144
1736
1098
751
947
1487
2005
2787
3717
4312
4594
4872
5128
4754
4111
3780
3442
3648
4016
3351
2582
1997
1224
318
-988
-1952
-3097
-5081
-6071
-6266
-6279
-5979
-6020
-5625
-4682
-3940
-3339
-2915
-2762
-2821
-2884
-2157
-1414
-1629
-1860
-1656
-1443
-1406
-1521
-2169
-2912
-3442
-3755
-3912
-4131
-4429
-4449
-4101
-3357
-2144
-1580
-1121
-638
-427
301
760
994
1421
1493
1632
2117
2244
2064
1785
1641
1634
1833
2192
2248
2080
2069
2066
1793
1618
1872
1804
1779
2452
2997
3220
3274
3306
3228
3024
3099
3187
2967
2909
3182
3167
3320
3529
3405
3247
3226
3405
3365
3894
4839
4297
3474
3086
2086
722
-704
-1574
-2715
-4550
-5356
-5525
-5571
-5101
-5089
-5048
-4355
-3948
-3740
-3675
-3687
-3882
-4002
-3367
-2503
-2211
-2121
-1340
-719
-533
-443
-986
-2047
-2915
-3108
-2968
-3542
-4040
-3986
-4185
-3982
-2779
-1673
-1589
-1496
-962
-608
132
906
896
690
1139
1908
2164
2391
2390
1730
1548
2456
3156
2674
2360
2435
1725
1632
2148
1602
910
1124
1846
2466
2811
3218
3359
3105
3582
4305
4061
3682
3816
3523
3158
3480
3459
2961
2772
2973
3260
3703
4638
4868
3816
3298
2900
1645
-12
-1435
-2387
-3914
-5283
-5452
-5583
-5452
-5036
-4932
-4399
-3811
-3549
-3652
-3920
-4069
-4329
-4145
-3234
-2608
-2362
-1743
-728
-117
-206
-592
-1563
-2544
-3184
-3541
-3845
-4549
-4927
-4858
-4422
-3416
-2242
-1548
-1101
-674
-143
418
767
877
541
464
930
1435
1607
1700
1579
1554
1981
2440
2794
2461
1858
1568
1291
973
809
489
469
1106
2108
3031
3800
4281
4478
4620
4775
4826
4338
3661
3228
2875
2755
3037
3132
2959
3145
3691
4132
4732
5347
4902
3919
3320
2366
937
-347
-1350
-2638
-4075
-4546
-4643
-4640
-4360
-4520
-4560
-4277
-4044
-4165
-4520
-4664
-4861
-4800
-3702
-2455
-1871
-1421
-476
391
580
375
-737
-2347
-3375
-3824
-4149
-4842
-5229
-5159
-5038
-4090
-2450
-1443
-1017
-720
-352
86
504
656
272
22
195
744
1417
1669
1512
1482
1808
2322
2511
2372
1888
1247
787
548
469
62
-284
171
1172
2332
3353
4267
4814
5162
5555
5704
5404
4808
4174
3633
3316
3272
3210
2855
2674
2976
3171
3691
4593
4480
3708
3127
2650
1778
471
-391
-1276
-2603
-3362
-3613
-3814
-3775
-4023
-4281
-4187
-4084
-4123
-4527
-4788
-4914
-5241
-4850
-3563
-2739
-2301
-1297
-427
-80
10
-377
-1496
-2902
-3581
-3737
-4431
-5034
-5090
-5142
-4626
-3321
-2050
-1500
-1011
-672
-670
-49
381
150
-109
-44
356
619
939
1167
893
928
1593
2189
2380
2221
1847
1252
1050
960
454
-59
-262
320
1211
2115
3197
3953
4541
5192
5750
5961
5591
5114
4514
3814
3537
3450
3237
3014
3021
3347
3944
4766
5133
4634
3943
3478
2603
1364
520
-509
-2063
-3193
-3462
-3500
-3544
-3823
-4226
-4253
-3953
-3866
-4241
-4645
-5069
-5348
-4826
-3775
-2985
-2440
-1556
-405
455
826
523
-177
-1209
-2333
-3032
-4170
-5731
-6432
-6579
-6045
-4798
-3467
-2247
-1521
-499
664
1066
1176
1011
443
196
291
353
277
315
738
1395
2142
2789
2969
2507
1986
1412
367
-678
-1446
-2071
-2167
-1184
188
1288
2708
4243
5508
6529
7103
7014
6258
5377
4791
4149
3401
2884
2430
2091
2080
2458
2690
2937
3620
3758
3441
3174
2655
1813
932
359
-180
-1015
-1798
-2380
-2651
-2485
-2672
-3154
-3425
-3639
-4052
-4493
-4914
-5512
-5863
-5614
-4713
-3824
-3173
-2102
-1021
-262
344
344
-329
-1453
-2524
-3027
-3383
-4098
-4620
-4745
-4696
-4253
-3439
-2382
-1790
-1701
-1398
-933
-689
-395
-265
-447
-120
342
585
1005
1211
1066
1084
1693
2179
2026
1928
1720
1101
833
1018
576
-196
-280
125
472
1222
2417
3246
3810
4811
5797
6129
6319
6478
6030
5454
5173
4728
3848
3076
2947
3014
3379
3902
3704
3046
2837
2585
1696
1072
590
-720
-1984
-2421
-2673
-2932
-3253
-3524
-3577
-3467
-3268
-3382
-3744
-4128
-4514
-4408
-3716
-3147
-2956
-2522
-1758
-1008
-465
-364
-630
-1389
-2311
-2739
-3272
-4271
-4942
-5105
-5144
-4927
-4115
-3229
-2460
-1482
-550
28
320
593
534
-40
-163
23
-180
-6
506
513
675
1374
1895
1932
1902
1653
908
304
230
-185
-934
-769
-186
188
1262
2638
3566
4162
4827
5530
5798
5812
5849
5521
4890
4725
4615
3988
3416
3118
2880
3146
3801
4087
3568
3079
2787
2110
1322
826
92
-1280
-2171
-2291
-2295
-2380
-2751
-3292
-3422
-3417
-3482
-3853
-4604
-5127
-5330
-4737
-3794
-3162
-2694
-1988
-1071
-185
340
203
-343
-1121
-1703
-2224
-3467
-4953
-5825
-6224
-6066
-5051
-3787
-3259
-2499
-1219
-290
661
1092
362
-387
-545
-508
-535
-632
-468
-217
568
2039
3005
3125
3039
2547
1703
1042
93
-1255
-2384
-2631
-2044
-1107
150
1622
2677
3971
5570
6415
6703
6634
6033
5518
5189
4890
4510
3657
3024
2960
3031
3355
3944
4136
3839
3510
3180
2487
1493
459
-361
-1054
-1481
-1513
-1571
-1572
-1556
-1715
-1746
-1675
-2031
-2772
-3617
-4352
-4924
-5193
-4919
-4410
-3892
-3023
-1936
-947
-246
-28
-170
-457
-743
-1335
-2292
-3555
-4599
-5207
-5379
-4944
-4182
-3549
-2897
-1842
-834
-80
334
-46
-642
-997
-1245
-1344
-1384
-1468
-1214
-271
1037
2057
2620
3007
2866
2438
2052
1156
-55
-1058
-1650
-1786
-1411
-607
266
1254
2600
4062
5034
5677
5990
5883
5450
5209
5113
4586
3918
3583
3371
3283
3445
3823
4138
4174
4099
3724
3207
2541
1361
370
-436
-1493
-2052
-2283
-2347
-2004
-2093
-2155
-1905
-2086
-2400
-2792
-3490
-4151
-4645
-4715
-4181
-3743
-3382
-2391
-1355
-630
-11
23
-555
-1120
-1584
-2022
-2636
-3572
-4251
-4732
-4862
-4438
-3897
-3272
-2656
-2010
-1386
-594
-321
-513
-753
-1038
-1210
-1144
-1018
-1041
-688
44
887
1659
2338
2533
2461
2336
1801
1108
317
-703
-1363
-1395
-1087
-465
407
1239
2269
3433
4274
4901
5362
5387
5288
5299
5286
5075
4729
4423
4289
4125
4129
4377
4673
4670
4297
3659
2973
2190
1138
392
-456
-1639
-2371
-2658
-2501
-2195
-2298
-2356
-2165
-2158
-2398
-2796
-3353
-3932
-4315
-3837
-3136
-2743
-2248
-1490
-769
-80
418
578
93
-942
-1982
-2995
-4221
-5413
-5917
-5792
-5311
-4300
-2915
-1884
-873
172
414
329
-18
-859
-1553
-1983
-2249
-2536
-2259
-1217
-270
792
2152
2894
2895
2859
2374
1079
-176
-1131
-2093
-2616
-2240
-1420
-617
712
2287
3303
4199
5093
5212
4832
4716
4452
3978
3843
3946
3924
3783
3908
4050
3872
3759
4022
4248
4049
3689
3097
2352
1655
1092
445
-317
-1046
-1555
-1741
-1506
-1333
-1608
-1818
-1894
-2229
-2669
-3131
-3767
-4502
-4737
-4427
-3936
-3292
-2555
-1790
-1014
-133
390
439
-2
-878
-1709
-2298
-2884
-3593
-4099
-4249
-4148
-3548
-2757
-2076
-1574
-1329
-1221
-1187
-1162
-1333
-1780
-2091
-2045
-1792
-1346
-672
16
492
1229
2037
2436
2402
2026
1293
483
-137
-693
-1223
-1420
-1242
-774
137
1237
2348
3193
3631
4154
4599
4672
4725
4677
4370
4042
3932
3884
3724
3740
3825
3947
4331
4893
4962
4557
4215
3440
2465
1751
926
-189
-1498
-2175
-2283
-2323
-2237
-2105
-2270
-2375
-2214
-2317
-2901
-3432
-3858
-4054
-3589
-2912
-2302
-1819
-1134
-320
190
482
426
-130
-906
-1644
-2457
-3477
-4279
-4856
-5046
-4632
-3793
-2955
-2269
-1669
-1158
-676
-489
-791
-1152
-1670
-2056
-1993
-1630
-1210
-761
65
1094
1830
2446
2790
2267
1364
516
-473
-1522
-2159
-2459
-2357
-1590
-303
998
2126
3228
3994
4302
4619
4728
4395
4045
3849
3851
3830
3821
3797
3633
3415
3423
3376
3395
3700
3709
3384
3136
2799
2249
1460
735
146
-736
-1304
-1518
-1803
-1955
-2032
-1996
-1971
-2097
-2240
-2538
-2944
-3223
-3444
-3466
-3132
-2850
-2513
-1755
-999
-395
119
242
118
-292
-1064
-1946
-2917
-3791
-4394
-4554
-4271
-3696
-3081
-2195
-1349
-781
-366
-432
-916
-1310
-1706
-2168
-2324
-2207
-2021
-1450
-305
667
1434
2220
2588
2372
1938
1250
173
-993
-1818
-2112
-2104
-1635
-553
546
1617
2883
3955
4482
4721
4775
4528
4294
4123
3815
3345
2891
2759
2755
2715
3142
3534
3729
4670
5548
5234
4438
3900
3022
1662
659
32
-980
-2149
-2406
-2247
-1926
-1496
-1544
-1874
-1941
-1931
-2290
-2883
-3486
-4212
-4563
-3766
-2713
-2365
-1832
-643
293
914
1274
903
-241
-1507
-2312
-2837
-3481
-3715
-3633
-3584
-3108
-2132
-1431
-1299
-1298
-1562
-1957
-2182
-2254
-2443
-2673
-2556
-1952
-1043
-15
1000
1611
1931
2263
2362
1907
892
-283
-1143
-1729
-1944
-1699
-1405
-1011
-25
1151
2092
2750
3124
3213
3087
3099
3143
3002
2930
3052
3329
3709
4024
4130
4035
3753
3670
3634
3419
3392
3389
3016
2836
2862
2436
1794
1203
628
-111
-617
-1072
-1728
-2181
-2529
-2842
-2972
-2987
-3121
-3192
-3046
-2832
-2763
-2621
-2246
-2046
-1801
-1362
-988
-687
-297
-63
-153
-514
-1138
-1989
-2940
-3561
-3816
-3948
-3855
-3563
-3110
-2482
-1844
-1509
-1528
-1497
-1496
-1506
-1387
-1341
-1395
-1194
-386
432
1065
1726
2109
2219
2169
1773
980
-124
-1100
-1831
-2145
-1971
-1367
-610
334
1660
2913
3741
4304
4441
4173
3858
3578
3349
3082
2875
2731
2654
2711
2864
2835
2844
3133
3328
3528
3996
4204
3953
3645
3222
2494
1637
873
215
-502
-1057
-1305
-1647
-1863
-2015
-2376
-2689
-2900
-3088
-3394
-3643
-3808
-4019
-4051
-3608
-3027
-2445
-1547
-499
291
994
1330
1139
544
-196
-839
-1584
-2361
-3014
-3698
-4090
-3991
-3787
-3451
-3196
-3093
-2581
-2112
-1686
-1244
-1097
-1054
-706
-76
390
777
1206
1551
1818
2135
2250
1624
706
29
-747
-1381
-1576
-1777
-1874
-1411
-383
727
1798
2625
3126
3552
3886
4040
3987
3689
3458
3278
3070
3026
3038
2791
2543
2705
2886
3023
3105
3276
3320
3195
3162
2898
2235
1506
787
153
-356
-865
-1387
-1999
-2424
-2417
-2427
-2454
-2359
-2568
-2801
-2694
-2667
-2780
-2989
-3091
-2887
-2563
-1995
-1284
-753
-447
178
612
590
178
-528
-1380
-2419
-3099
-3640
-4198
-4412
-4276
-3974
-3461
-2613
-1890
-1440
-1040
-656
-509
-433
-164
-61
-68
184
745
1184
1492
1790
1863
1563
1281
884
13
-731
-1045
-1246
-1077
-447
303
1180
2077
2846
3347
3601
3726
3661
3340
3119
3006
2872
2766
2732
2657
2586
2647
2750
2804
2861
2986
3067
3084
3239
3279
3045
2715
2322
1824
1160
594
16
-727
-1501
-2070
-2558
-2837
-2906
-3027
-3064
-3083
-3055
-3090
-3102
-3189
-3350
-3236
-2702
-2021
-1377
-604
-13
393
656
569
174
-568
-1407
-2267
-3035
-3717
-4143
-4403
-4462
-4240
-3758
-3200
-2634
-2064
-1618
-1166
-732
-306
138
439
618
1059
1461
1618
1741
1688
1318
914
464
-78
-560
-859
-882
-670
-225
451
1011
1568
2270
2718
2950
3137
3109
2981
2785
2617
2500
2389
2349
2523
2670
2731
2942
3070
3111
3072
2978
2671
2355
2063
1795
1891
1975
1920
1762
1492
1215
779
216
-354
-1058
-1864
-2467
-2816
-3091
-3387
-3561
-3511
-3290
-2964
-2648
-2390
-2220
-2130
-1924
-1564
-1375
-1240
-1013
-738
-496
-428
-532
-890
-1358
-1925
-2610
-3276
-3815
-4256
-4368
-4250
-3914
-3275
-2730
-2051
-1249
-628
-76
504
988
1226
1337
1575
1688
1523
1436
1281
854
638
613
264
114
235
335
601
1033
1424
1723
1985
2305
2509
2431
2461
2484
2268
2269
2450
2485
2512
2794
2927
2922
2953
2945
2852
2671
2594
2485
2222
2047
1851
1656
1646
1773
1873
1763
1676
1494
1047
497
-131
-1005
-1784
-2418
-3033
-3467
-3616
-3508
-3291
-2922
-2567
-2262
-2065
-1880
-1716
-1661
-1715
-1757
-1760
-1853
-1775
-1613
-1499
-1345
-1322
-1494
-1767
-2117
-2469
-3074
-3545
-3832
-4038
-3996
-3566
-3044
-2493
-1773
-892
-109
424
963
1217
1122
1041
1085
793
407
309
305
347
596
1047
1356
1695
2191
2380
2332
2224
1958
1624
1366
1298
1237
1207
1376
1644
1892
2209
2563
2768
2945
3123
3234
3308
3388
3260
3057
2845
2548
2241
1793
1367
996
624
382
290
176
208
373
541
626
600
348
-49
-608
-1165
-1529
-1941
-2311
-2561
-2644
-2405
-2127
-1956
-1794
-1789
-1873
-1958
-2240
-2675
-3105
-3439
-3523
-3353
-3031
-2554
-2012
-1487
-1068
-899
-1101
-1482
-2015
-2561
-3071
-3407
-3546
-3446
-2970
-2137
-1171
-359
414
830
1050
1131
872
445
45
-114
-11
436
1129
1905
2741
3510
4098
4219
4002
3407
2580
1708
868
247
-191
-298
-73
509
1341
2179
2891
3428
3793
3893
3816
3699
3341
2772
2443
2167
1926
1824
1704
1590
1434
1295
1089
711
216
-133
-415
-603
-626
-639
-514
-221
190
446
505
411
159
-253
-641
-1183
-1877
-2425
-2898
-3228
-3322
-3489
-3636
-3698
-3717
-3531
-3331
-3208
-3084
-2865
-2638
-2310
-1923
-1755
-1676
-1607
-1702
-1712
-1759
-1944
-2162
-2302
-2288
-2291
-2180
-2009
-1814
-1641
-1189
-740
-214
334
784
1351
1947
2485
2854
3203
3313
3277
3257
3212
2981
2540
2009
1452
1073
769
624
509
508
838
1306
1767
2306
2771
3036
3188
3385
3334
3176
2963
2529
2186
1749
1377
1164
889
618
547
373
178
69
-144
-400
-619
-713
-639
-419
-69
275
477
778
1077
1147
1052
771
220
-501
-1205
-1883
-2671
-3443
-3820
-4063
-4200
-4020
-3741
-3653
-3580
-3265
-3065
-2961
-2739
-2690
-2601
-2243
-1778
-1346
-1019
-779
-646
-687
-820
-1064
-1643
-2234
-2636
-2808
-2738
-2311
-1713
-982
9
1105
2064
2877
3457
3661
3673
3542
3286
2865
2481
2006
1592
1362
1236
1245
1288
1318
1453
1612
1628
1734
1863
1868
1869
2023
2162
2294
2428
2481
2532
2615
2507
2291
2076
1608
1032
576
155
-316
-655
-820
-911
-804
-507
-121
118
365
629
783
914
957
785
621
406
202
-45
-429
-753
-1201
-1594
-1724
-1914
-2223
-2519
-2826
-3085
-3359
-3532
-3717
-3742
-3660
-3411
-3052
-2664
-2112
-1588
-1213
-867
-678
-750
-948
-1202
-1623
-2142
-2505
-2686
-2821
-2708
-2213
-1701
-1031
-91
690
1304
1923
2364
2516
2572
2529
2228
1858
1594
1363
1110
1075
1167
1234
1426
1640
1851
1908
1957
1920
1761
1686
1601
1447
1417
1487
1552
1731
1949
2040
2218
2194
1878
1655
1337
817
217
-201
-546
-812
-812
-704
-606
-328
-22
266
539
781
896
883
860
768
545
295
20
-275
-372
-384
-504
-577
-629
-820
-960
-1154
-1516
-1891
-2176
-2466
-2485
-2373
-2266
-2127
-1831
-1451
-1115
-924
-925
-1068
-1346
-1576
-1887
-2250
-2583
-2785
-2803
-2462
-1997
-1514
-1019
-462
134
611
981
1120
1114
942
765
680
488
372
420
585
893
1237
1535
1679
1727
1757
1764
1642
1469
1221
988
910
977
1038
1158
1327
1488
1688
1843
1825
1763
1556
1257
984
667
403
110
-8
-16
22
125
271
383
536
768
848
893
792
686
563
355
233
-3
-223
-380
-531
-618
-695
-705
-695
-691
-755
-866
-905
-933
-999
-1007
-903
-802
-667
-519
-452
-429
-385
-446
-581
-769
-1005
-1246
-1567
-1761
-1878
-1991
-1976
-1795
-1629
-1412
-1102
-742
-506
-272
-110
-136
-112
-136
-168
-206
-170
-118
51
240
508
671
785
894
783
650
452
179
-43
-211
-321
-352
-223
-13
331
725
1065
1331
1471
1508
1417
1252
1041
743
509
386
273
183
166
127
62
95
197
318
405
560
687
790
950
1037
997
923
820
612
376
251
92
-160
-286
-373
-498
-526
-502
-536
-595
-564
-451
-435
-317
-143
-106
-6
105
68
-14
-102
-260
-475
-589
-571
-615
-653
-615
-622
-552
-395
-266
-133
58
182
234
274
225
58
-78
-112
-131
-160
-15
213
415
596
740
789
736
658
489
235
-11
-324
-526
-695
-742
-648
-652
-527
-281
-119
0
233
392
380
299
247
30
-164
-270
-437
-616
-642
-586
-530
-465
-393
-285
-189
-46
26
31
57
101
103
103
105
-25
-101
-115
-167
-150
-185
-252
-359
-508
-555
-520
-459
-347
-113
198
474
649
824
847
758
687
500
271
116
-6
-119
-126
-36
32
158
348
496
529
587
567
502
505
455
343
221
213
232
339
405
492
680
782
850
969
908
823
691
521
330
186
59
-98
-208
-252
-261
-316
-388
-416
-499
-547
-487
-494
-551
-558
-546
-525
-505
-472
-539
-650
-731
-743
-820
-867
-845
-897
-856
-684
-648
-569
-561
-718
-781
-801
-846
-913
-905
-892
-750
-555
-434
-271
-175
-148
-105
-61
-13
-90
-140
-178
-124
-58
83
209
311
361
348
390
400
342
361
530
561
522
513
524
569
701
813
892
876
899
908
780
661
584
498
570
685
752
1007
1251
1374
1614
1783
1724
1578
1415
1211
954
764
569
419
354
317
424
476
444
455
413
317
184
83
-126
-302
-468
-516
-558
-655
-671
-761
-747
-769
-818
-820
-831
-925
-1011
-1077
-1190
-1237
-1291
-1430
-1523
-1532
-1574
-1634
-1626
-1548
-1473
-1341
-1228
-1099
-983
-854
-786
-767
-722
-650
-574
-486
-410
-405
-395
-369
-303
-267
-118
41
170
319
441
558
721
711
748
822
716
622
544
432
305
325
254
170
194
231
283
422
594
781
977
1169
1290
1365
1446
1471
1389
1374
1309
1140
1036
924
844
750
749
655
618
599
519
502
539
566
592
590
519
408
234
171
66
-19
-101
-132
-132
-229
-244
-328
-448
-559
-721
-893
-1074
-1218
-1343
-1408
-1479
-1451
-1458
-1430
-1383
-1280
-1230
-1212
-1122
-1080
-930
-875
-788
-719
-668
-549
-433
-458
-417
-461
-594
-608
-603
-534
-429
-278
-93
100
279
513
575
715
848
874
901
815
700
520
433
326
269
281
291
381
495
660
844
972
1059
1130
1199
1194
1182
1098
938
860
800
744
739
732
766
735
676
643
591
535
481
417
269
230
188
167
121
151
190
200
257
302
314
283
172
22
-137
-259
-487
-781
-958
-1108
-1206
-1278
-1343
-1349
-1271
-1214
-1111
-1072
-992
-929
-891
-846
-841
-838
-790
-862
-951
-921
-859
-768
-756
-786
-768
-777
-726
-642
-627
-603
-448
-375
-265
-81
87
210
299
426
506
571
562
436
242
113
-29
-187
-307
-338
-219
18
343
647
934
1206
1341
1472
1472
1378
1296
1060
852
714
616
572
596
659
721
803
790
888
880
816
689
435
295
160
85
111
235
374
618
840
1003
1104
958
828
609
286
-102
-456
-767
-1049
-1201
-1180
-1152
-1100
-952
-802
-588
-424
-375
-359
-388
-454
-622
-701
-777
-816
-846
-875
-854
-821
-798
-817
-893
-909
-956
-1006
-974
-886
-697
-590
-429
-370
-191
-36
-22
-15
-32
-28
-83
-184
-280
-328
-399
-385
-233
-131
21
141
346
595
810
1001
1091
1188
1228
1297
1321
1317
1268
1199
1140
1057
935
876
829
829
841
861
936
952
852
767
729
595
521
446
333
355
436
441
525
591
603
602
496
312
100
-188
-487
-812
-1077
-1259
-1391
-1403
-1330
-1242
-1009
-765
-565
-403
-333
-377
-490
-537
-661
-797
-925
-1001
-1052
-1038
-1027
-1022
-907
-812
-804
-792
-792
-809
-810
-810
-722
-552
-393
-235
-126
-11
72
114
93
-10
-168
-287
-440
-595
-634
-604
-576
-424
-133
103
290
495
723
838
920
1003
1046
1012
1058
1050
1039
1050
1082
1131
1114
1133
1060
1036
974
850
762
687
593
504
470
431
524
601
673
813
956
1033
1039
975
889
716
519
244
-87
-309
-512
-688
-795
-863
-886
-877
-845
-810
-683
-587
-553
-467
-441
-440
-444
-459
-496
-549
-548
-589
-704
-710
-727
-821
-863
-911
-936
-922
-872
-850
-754
-593
-423
-267
-92
28
46
84
90
-14
-118
-269
-434
-510
-548
-576
-561
-444
-307
-170
103
300
470
667
770
831
819
844
809
833
842
866
907
937
1041
1036
986
941
902
808
699
617
539
490
437
410
456
521
575
684
796
874
883
800
696
501
294
72
-98
-296
-519
-658
-761
-797
-821
-809
-768
-701
-598
-532
-510
-481
-451
-446
-512
-607
-583
-603
-679
-682
-717
-699
-797
-824
-907
-955
-1013
-1022
-952
-876
-732
-565
-447
-368
-302
-274
-232
-279
-279
-274
-334
-370
-376
-377
-345
-224
-200
-147
-66
-32
14
85
134
201
295
341
475
581
612
676
773
817
880
936
1007
1043
1026
1013
945
874
813
728
683
717
751
728
733
760
804
800
828
807
810
830
749
698
602
475
304
110
-59
-184
-281
-349
-449
-439
-400
-362
-316
-316
-323
-351
-372
-433
-478
-491
-569
-559
-552
-568
-562
-509
-473
-522
-610
-670
-759
-788
-836
-849
-792
-776
-639
-583
-433
-295
-254
-258
-250
-278
-362
-421
-528
-553
-525
-483
-407
-334
-207
-28
57
146
213
294
275
259
235
173
170
184
206
298
442
570
693
791
913
1010
990
923
885
755
674
579
504
505
584
576
606
715
789
837
814
800
712
618
480
377
283
209
169
58
36
-28
-113
-118
-207
-313
-387
-430
-487
-538
-518
-536
-548
-473
-425
-427
-401
-410
-413
-480
-560
-664
-760
-859
-944
-950
-946
-944
-917
-848
-821
-763
-722
-633
-568
-537
-570
-542
-507
-504
-489
-526
-479
-511
-468
-363
-272
-192
-81
22
72
100
95
145
149
169
144
173
249
325
449
590
716
771
877
968
983
970
959
899
885
812
762
817
835
830
888
969
980
954
951
942
942
879
777
684
576
473
437
374
279
273
225
167
81
28
-54
-108
-185
-253
-317
-293
-273
-306
-260
-228
-262
-269
-297
-328
-442
-577
-659
-782
-851
-882
-916
-875
-887
-865
-803
-805
-783
-770
-777
-753
-714
-708
-723
-792
-805
-821
-801
-681
-610
-524
-403
-282
-178
-63
-51
-43
-55
-64
-15
-19
112
198
203
216
283
403
473
511
530
564
543
533
550
549
592
607
647
681
754
807
851
909
880
924
930
866
834
752
654
611
518
455
413
366
384
375
373
447
415
380
340
254
191
119
14
-7
-88
-156
-162
-260
-308
-365
-418
-421
-461
-472
-502
-527
-593
-665
-714
-695
-698
-748
-751
-764
-817
-867
-871
-931
-926
-974
-985
-982
-984
-949
-847
-767
-698
-583
-555
-473
-360
-291
-204
-209
-213
-183
-226
-266
-221
-167
-150
-50
5
114
177
255
358
376
445
416
413
422
420
478
526
596
689
766
816
868
855
848
912
901
862
823
771
708
649
678
669
705
751
767
802
844
864
804
784
714
615
547
482
432
403
354
262
226
170
70
8
-52
-93
-117
-223
-248
-287
-347
-421
-437
-455
-491
-492
-581
-613
-628
-637
-684
-732
-801
-890
-917
-931
-928
-956
-923
-898
-789
-717
-699
-625
-564
-495
-442
-384
-383
-357
-335
-317
-319
-273
-276
-240
-190
-134
-42
-5
-12
-16
36
57
76
91
123
132
194
214
259
294
317
355
384
465
465
458
467
464
410
415
343
319
385
358
384
403
455
442
450
505
532
534
541
532
511
438
442
413
410
361
245
173
90
54
-12
-37
-102
-151
-153
-157
-135
-119
-95
-162
-139
-178
-203
-207
-256
-269
-326
-318
-334
-346
-379
-393
-449
-462
-469
-503
-518
-510
-453
-472
-373
-294
-236
-191
-196
-192
-167
-154
-161
-170
-197
-203
-208
-145
-124
-93
-48
-57
-48
-63
-71
-74
-33
-23
17
10
41
120
159
157
165
213
200
229
181
262
235
262
321
310
366
401
445
459
440
468
505
495
492
460
486
463
429
442
372
332
305
249
161
108
58
49
67
63
44
41
22
-30
-45
-60
-108
-165
-215
-213
-221
-211
-246
-260
-311
-313
-261
-247
-186
-183
-175
-169
-209
-237
-248
-261
-320
-327
-320
-288
-208
-162
-89
-51
-31
-29
-26
-22
-52
-46
-92
-133
-116
-126
-114
-85
-18
39
66
135
157
152
94
50
44
21
-31
-44
-71
-67
-76
-106
-79
-93
-61
2
25
85
143
205
226
241
262
201
218
193
187
173
158
136
88
7
-92
-131
-182
-172
-198
-223
-190
-214
-178
-156
-127
-128
-111
-71
-87
-70
-74
-130
-130
-149
-178
-184
-231
-205
-229
-203
-174
-138
-111
-87
-67
-52
-8
-5
0
1
-7
11
26
63
92
119
175
180
192
229
256
242
202
195
123
161
139
135
218
205
202
194
245
232
231
247
228
233
204
233
188
144
131
124
87
79
57
73
147
149
164
197
234
271
264
269
283
281
267
238
212
152
86
95
62
-39
-127
-161
-253
-328
-314
-307
-313
-364
-345
-360
-397
-370
-356
-376
-416
-411
-382
-349
-360
-378
-403
-379
-381
-337
-266
-203
-176
-149
-106
-73
-88
-106
-138
-179
-233
-182
-92
-92
-45
41
76
142
183
242
302
267
292
274
261
288
311
309
316
319
273
278
234
231
252
270
235
249
217
160
140
122
132
117
64
57
27
49
65
68
140
116
124
124
147
120
94
97
151
107
61
75
15
-23
-44
-113
-109
-111
-166
-215
-247
-310
-345
-313
-375
-350
-369
-392
-336
-321
-322
-319
-322
-361
-384
-361
-389
-418
-385
-392
-351
-341
-279
-230
-205
-153
-175
-161
-152
-135
-136
-138
-127
-134
-115
-24
-12
28
92
154
189
224
263
276
266
290
284
279
305
257
325
390
374
411
415
388
387
351
382
358
309
334
347
374
362
384
399
368
442
449
454
428
420
404
394
409
356
380
348
325
314
303
310
279
253
207
129
72
29
-34
-112
-135
-159
-233
-241
-295
-338
-355
-393
-443
-445
-442
-459
-472
-499
-512
-555
-577
-594
-577
-573
-594
-577
-574
-577
-527
-504
-473
-450
-407
-364
-377
-349
-347
-323
-261
-227
-174
-147
-114
-105
-109
-98
-29
16
68
84
82
165
199
202
219
262
259
265
290
274
259
270
245
198
177
170
185
211
226
241
256
308
295
286
284
273
318
336
325
343
298
253
245
261
280
255
256
240
220
225
205
144
148
97
90
30
-18
-16
-46
-116
-174
-187
-174
-159
-217
-214
-253
-246
-196
-224
-184
-230
-305
-322
-320
-298
-285
-312
-322
-340
-321
-313
-296
-301
-320
-306
-332
-276
-214
-180
-116
-73
-45
14
51
72
48
67
39
70
75
63
72
107
128
141
198
219
252
263
230
291
310
317
327
267
277
277
316
293
320
299
280
277
225
241
228
216
230
202
192
184
192
179
204
171
221
249
225
227
187
139
96
27
-47
-102
-160
-200
-223
-206
-203
-231
-263
-245
-238
-227
-172
-163
-137
-157
-230
-218
-244
-263
-277
-301
-349
-356
-313
-286
-285
-273
-257
-303
-313
-334
-312
-297
-280
-274
-221
-194
-166
-87
-65
-47
-62
-11
24
24
56
43
42
20
66
130
102
155
209
233
253
274
293
296
283
268
281
301
274
269
259
233
228
244
254
200
202
181
203
180
171
136
119
110
93
99
28
15
-15
-18
-49
-84
-92
-109
-146
-171
-200
-212
-214
-221
-221
-230
-230
-230
-243
-236
-230
-256
-257
-220
-224
-224
-236
-294
-303
-295
-261
-305
-334
-289
-247
-191
-182
-138
-133
-122
-165
-167
-172
-164
-145
-130
-102
-39
34
59
114
138
164
174
211
204
209
236
268
278
253
290
302
330
355
415
425
433
438
449
456
497
502
503
503
525
515
522
580
525
506
449
417
375
374
323
283
271
227
210
187
210
191
167
146
134
86
35
-33
-127
-230
-275
-311
-316
-310
-352
-409
-415
-419
-431
-444
-499
-538
-553
-546
-526
-503
-486
-519
-518
-515
-536
-487
-487
-448
-458
-476
-500
-507
-525
-547
-529
-509
-511
-459
-417
-374
-362
-273
-182
-166
-132
-142
-99
-38
-22
-12
14
21
45
77
131
159
224
238
274
319
348
395
419
474
511
557
586
586
623
646
642
642
615
579
575
555
513
468
459
464
439
426
377
390
367
348
328
312
288
247
212
150
119
55
-32
-105
-137
-171
-209
-218
-246
-258
-272
-328
-310
-345
-342
-336
-391
-402
-415
-442
-464
-467
-478
-489
-477
-451
-453
-441
-386
-422
-456
-460
-443
-456
-415
-395
-355
-306
-294
-248
-188
-112
-149
-114
-78
-124
-105
-86
-30
8
38
91
171
214
261
299
328
346
366
374
393
431
417
454
415
415
466
497
498
493
498
489
476
483
488
541
517
535
497
464
417
374
382
346
371
352
350
281
199
114
107
46
2
-18
-56
-49
-60
-50
-84
-95
-165
-233
-250
-276
-350
-356
-387
-431
-416
-414
-442
-454
-441
-490
-465
-465
-480
-435
-440
-452
-417
-424
-439
-497
-496
-509
-516
-489
-439
-395
-403
-350
-350
-364
-337
-293
-273
-251
-235
-202
-184
-124
-88
-41
-2
43
102
134
194
211
248
236
246
221
265
320
342
350
384
423
400
470
501
513
510
493
471
439
422
432
432
406
390
396
407
373
355
308
266
232
192
156
93
82
33
75
103
103
84
89
57
20
-1
-47
-102
-148
-251
-274
-288
-310
-286
-277
-258
-286
-267
-299
-274
-280
-280
-266
-257
-305
-284
-268
-300
-282
-320
-313
-288
-325
-327
-271
-259
-254
-224
-228
-220
-233
-188
-184
-173
-127
-110
-19
33
102
127
145
229
214
231
231
217
243
242
255
292
293
342
379
359
401
405
412
388
392
397
346
345
341
319
323
357
338
355
333
317
317
297
255
213
191
146
117
65
-5
4
18
-8
-43
-75
-82
-94
-118
-115
-122
-156
-167
-202
-222
-248
-321
-332
-361
-385
-416
-416
-429
-399
-388
-369
-394
-399
-421
-425
-390
-379
-367
-362
-348
-357
-342
-332
-311
-304
-314
-304
-330
-320
-292
-302
-266
-241
-166
-125
-69
-21
25
28
45
105
156
163
190
240
213
233
225
209
210
236
278
289
368
386
416
443
441
427
388
412
359
343
401
401
391
373
366
346
314
239
244
238
173
159
127
143
111
50
33
42
27
32
77
58
39
7
-21
-8
-44
-82
-147
-162
-189
-236
-235
-251
-221
-250
-271
-271
-267
-270
-273
-229
-240
-230
-248
-258
-243
-174
-179
-193
-152
-163
-147
-185
-216
-211
-234
-253
-249
-252
-248
-224
-174
-97
-52
1
73
104
159
177
165
140
103
127
159
174
171
168
173
189
222
232
276
302
296
322
348
326
319
309
297
313
324
351
343
340
292
260
244
214
198
139
106
56
30
-17
-60
-64
-35
-22
-3
13
1
13
-50
-91
-86
-152
-128
-139
-173
-213
-257
-282
-259
-260
-274
-286
-294
-288
-271
-233
-252
-233
-262
-228
-248
-241
-212
-244
-216
-190
-223
-253
-254
-281
-269
-300
-305
-290
-311
-301
-278
-215
-170
-146
-107
-41
-37
-22
9
16
53
61
28
27
23
97
115
107
119
166
170
171
219
211
228
236
288
312
321
302
309
282
291
287
269
277
288
281
249
234
236
215
188
184
150
131
127
113
80
94
91
89
73
75
77
19
22
-6
-32
-1
-23
-39
-80
-107
-88
-116
-98
-102
-80
-87
-69
-94
-89
-101
-145
-105
-125
-83
-70
-56
-53
-59
-81
-76
-86
-104
-125
-152
-147
-176
-181
-138
-78
-26
-28
-21
36
27
27
25
35
-13
26
51
42
59
29
40
23
23
39
55
69
70
82
102
117
131
147
170
151
159
171
164
117
100
110
97
113
132
139
78
68
70
45
35
8
7
-25
-27
-11
-11
-31
-15
-57
-73
-73
-80
-81
-106
-127
-165
-177
-174
-171
-202
-197
-228
-240
-225
-248
-216
-217
-239
-212
-217
-212
-170
-195
-200
-167
-187
-174
-136
-168
-172
-167
-155
-116
-108
-109
-124
-98
-65
-26
-7
-18
1
-5
22
63
35
24
79
100
82
87
145
173
172
159
195
222
206
212
192
193
191
204
230
238
250
242
257
226
225
236
230
231
200
172
187
227
206
172
143
120
103
69
70
59
48
24
22
-11
-55
-45
-51
-85
-88
-124
-156
-138
-148
-120
-144
-159
-171
-195
-174
-168
-218
-169
-191
-214
-175
-137
-101
-81
-56
-115
-95
-83
-42
-18
-22
-25
0
2
18
19
50
35
12
17
42
94
86
117
86
94
70
97
74
77
77
93
111
94
103
135
150
174
152
109
130
95
113
87
103
106
100
87
39
81
71
63
60
70
59
65
81
47
17
10
-6
-9
-14
-21
7
-11
-44
-67
-100
-117
-145
-155
-158
-174
-204
-226
-218
-217
-235
-204
-200
-153
-164
-187
-173
-196
-212
-252
-240
-229
-246
-213
-202
-190
-186
-208
-173
-171
-134
-141
-183
-180
-144
-131
-163
-115
-71
-84
-51
-55
-31
-25
-28
21
20
36
33
56
59
88
98
116
128
163
205
255
235
261
265
251
274
233
246
252
283
271
260
242
246
248
274
279
281
308
332
303
267
285
255
220
183
156
126
124
100
104
122
93
116
95
63
8
10
-8
-71
-109
-141
-141
-135
-153
-158
-144
-150
-165
-153
-158
-173
-200
-208
-184
-195
-188
-199
-193
-234
-218
-215
-220
-203
-201
-143
-158
-162
-151
-144
-147
-113
-117
-117
-91
-58
-69
-80
-73
-70
-66
-48
-46
2
12
12
29
71
107
86
113
83
108
119
139
168
148
153
131
119
169
148
147
156
130
97
96
124
136
171
167
174
195
189
192
209
158
118
121
100
84
90
80
54
33
4
5
3
-39
-23
-41
-65
-53
-106
-108
-150
-116
-105
-137
-147
-182
-205
-207
-184
-164
-183
-219
-220
-254
-275
-263
-266
-262
-249
-269
-247
-195
-196
-211
-202
-169
-182
-162
-127
-140
-136
-115
-109
-38
-44
-47
-49
-54
-41
-34
16
33
41
21
45
71
54
98
115
136
139
137
187
147
138
127
133
131
122
153
154
236
208
222
246
246
246
233
253
253
242
262
268
237
229
190
192
202
186
182
187
167
175
150
138
108
73
97
71
52
55
32
21
-9
-35
-23
-72
-78
-84
-86
-80
-92
-75
-72
-85
-125
-133
-173
-167
-137
-139
-159
-182
-189
-166
-149
-133
-130
-149
-115
-109
-110
-89
-92
-62
-57
-47
-45
-59
-42
-57
-52
-57
-61
-34
-25
-36
-22
-20
-49
-40
-29
-41
-10
15
-6
5
37
21
14
-12
10
17
26
28
40
42
13
23
38
57
84
85
78
78
58
78
63
44
19
28
33
34
48
33
33
-1
-70
-95
-101
-120
-146
-81
-71
-58
-53
-59
-34
-25
-41
-55
-65
-115
-121
-138
-167
-170
-190
-203
-207
-199
-186
-157
-131
-127
-102
-70
-67
-97
-86
-75
-73
-53
-22
-35
-16
7
29
83
98
103
130
138
138
187
192
184
205
232
228
218
224
232
228
207
190
180
170
133
118
77
84
128
114
113
141
140
122
150
149
117
102
52
27
43
43
39
2
-15
-13
-24
-38
13
23
0
-2
-35
-12
-31
-81
-61
-68
-80
-63
-58
-65
-108
-64
-74
-100
-62
-98
-113
-98
-118
-120
-108
-136
-140
-116
-102
-103
-84
-96
-81
-58
-69
-87
-90
-75
-75
-50
-45
-20
3
33
40
45
72
119
107
139
153
101
88
111
91
111
144
151
128
107
134
182
165
119
124
79
59
45
19
3
-12
-19
-24
-37
31
22
-1
-9
-2
0
-47
-13
-30
-76
-79
-77
-44
-60
-82
-82
-81
-89
-69
-86
-94
-133
-156
-161
-181
-162
-138
-117
-91
-77
-82
-76
-98
-112
-118
-123
-142
-147
-137
-119
-157
-161
-160
-159
-154
-156
-131
-131
-120
-114
-115
-112
-121
-154
-138
-124
-112
-108
-91
-75
-49
9
17
35
8
56
84
101
145
163
192
168
192
163
193
224
247
244
244
287
297
262
268
246
225
243
232
246
238
259
243
214
209
214
208
183
169
155
174
154
142
121
96
86
47
68
68
68
48
76
80
44
6
-26
-10
-33
-46
-21
-48
-42
-72
-86
-113
-134
-100
-112
-113
-151
-157
-192
-196
-208
-168
-161
-177
-165
-208
-188
-162
-172
-156
-164
-175
-153
-161
-144
-150
-132
-129
-104
-104
-102
-94
-95
-74
-28
-35
-13
46
-16
6
25
18
17
3
29
64
31
32
63
76
88
90
113
118
99
94
90
85
67
56
30
47
26
65
87
50
72
69
29
42
34
17
15
49
46
12
53
26
10
20
23
-16
-16
-12
-17
-28
-28
-6
-45
-48
-21
-20
-44
-33
-40
-53
-37
-70
-63
-79
-97
-101
-136
-125
-145
-146
-154
-162
-156
-145
-154
-152
-120
-141
-104
-81
-102
-97
-80
-73
-85
-88
-90
-57
-58
-58
6
-9
14
14
50
83
97
96
107
146
137
154
172
147
127
159
170
185
187
190
163
171
168
166
165
154
185
203
178
173
173
146
145
143
161
135
131
130
95
49
33
33
40
44
21
22
4
4
9
21
9
-27
-31
-22
-9
-35
-41
-43
-32
-79
-88
-87
-71
-93
-108
-79
-99
-79
-78
-69
-76
-72
-71
-79
-72
-68
-94
-94
-95
-96
-77
-93
-88
-82
-69
-69
-66
-68
-74
-52
-45
-41
-11
-28
-14
-4
-23
-16
-25
-16
-17
-21
-27
-11
-5
9
39
28
22
-7
-4
0
-9
-29
-38
-26
-23
-22
-3
-11
-16
-24
-42
-35
-9
-9
-17
-6
-12
3
-1
1
17
0
16
2
11
-2
5
18
-7
3
4
-10
-11
32
12
9
16
44
54
43
51
42
10
-14
-36
-32
-68
-79
-68
-52
-21
-36
-26
-41
-43
-61
-36
-18
-12
-11
-25
-9
-17
4
27
-2
-2
-15
3
19
1
0
-9
2
7
10
27
49
44
43
69
69
91
83
78
91
84
88
93
97
71
62
55
74
63
77
104
96
104
120
116
100
57
63
49
43
58
70
96
61
54
33
11
18
15
5
20
8
2
1
-33
-30
-21
-37
-4
-10
-11
-6
-6
4
-27
-33
-27
-40
-48
-19
-48
-55
-22
-41
-31
-39
-37
-59
-78
-67
-90
-95
-84
-92
-74
-66
-96
-87
-65
-69
-80
-75
-94
-74
-93
-92
-76
-70
-67
-67
-60
-84
-66
-79
-50
-47
-35
-36
-34
-19
-10
1
-9
10
1
13
30
33
21
15
19
21
20
29
27
48
57
43
57
56
39
39
51
27
67
74
42
43
30
27
21
20
1
18
19
8
23
39
23
29
27
14
2
8
-7
-13
-15
-21
-14
-30
-5
7
-3
3
26
27
15
8
4
-18
-12
5
-14
-17
-30
-17
-28
-29
-26
-33
-28
-40
-51
-32
-29
-35
-27
-23
-36
-46
-50
-52
-40
-31
-21
-13
15
22
21
26
25
31
30
20
25
42
66
71
93
93
126
113
103
106
112
108
94
107
88
123
117
96
91
93
87
94
87
75
72
69
49
31
30
25
31
20
11
4
-9
-8
-16
-27
-56
-55
-70
-56
-54
-56
-54
-58
-66
-51
-53
-64
-53
-69
-61
-68
-67
-65
-56
-81
-85
-83
-61
-59
-69
-72
-75
-74
-74
-68
-68
-59
-69
-44
-46
-43
-37
-41
-40
-40
-12
-32
-45
-43
-53
-35
-28
-33
-16
-16
-35
-33
-21
-20
-7
3
-10
-21
-6
4
-2
7
-15
18
28
5
24
19
14
27
24
21
32
18
24
17
21
25
9
13
24
27
30
49
54
36
35
19
5
8
3
16
0
-17
-12
-2
13
8
-9
3
11
13
19
22
23
29
33
29
20
24
13
19
6
3
19
29
29
18
39
24
36
30
20
15
11
18
7
-17
-17
-15
-29
-18
-7
-5
4
6
5
-4
7
3
-1
9
6
18
38
51
33
31
26
12
26
27
38
45
64
49
57
47
48
38
35
55
42
43
29
34
40
20
13
9
-4
12
2
-6
3
-28
-26
-24
-39
-35
-47
-53
-49
-52
-60
-44
-58
-59
-61
-65
-46
-53
-55
-52
-55
-50
-42
-41
-36
-24
-6
-9
-1
9
2
-12
-5
2
-7
-5
5
17
8
-3
-2
16
31
17
11
4
15
15
11
10
13
3
4
9
9
3
14
8
-11
-8
-10
-27
-13
-20
-27
-26
-40
-24
-37
-31
-18
-1
-11
-38
-23
-34
-32
-30
-11
-4
-12
-9
-10
-3
0
-5
-15
-17
-22
-10
-25
-26
-26
-45
-31
-32
-25
-22
-21
-23
-10
-3
-14
-16
-12
-25
-28
-21
-10
-14
-2
-1
3
25
21
28
40
30
20
38
54
56
68
55
56
45
48
50
57
47
36
43
49
65
51
40
25
30
43
36
49
43
44
28
11
28
17
1
0
5
8
27
34
29
11
14
18
19
23
30
42
29
25
33
25
37
38
30
41
44
47
37
29
29
24
12
9
17
11
1
7
3
-4
2
-13
-34
-34
-43
-39
-32
-45
-48
-54
-54
-57
-60
-65
-77
-71
-63
-54
-63
-72
-70
-74
-76
-74
-66
-59
-53
-49
-33
-35
-27
-12
-31
-26
-36
-32
-14
-34
-30
-25
-8
-6
-6
-5
-11
-21
-13
-12
-8
-24
-30
-12
-3
-3
9
10
9
0
-18
3
9
19
15
11
5
8
9
3
13
9
5
12
17
23
24
17
17
18
16
25
8
12
27
24
19
11
6
16
3
19
36
26
31
10
5
-3
-5
-1
-2
-3
-13
-12
-5
0
4
1
9
14
23
17
19
26
3
5
12
9
18
11
20
29
24
34
33
40
38
34
31
11
15
13
12
23
28
17
23
31
19
10
10
6
5
5
-7
3
1
-5
-15
-11
-3
-10
-10
-6
12
6
-1
4
-1
-15
-4
2
-8
1
2
8
11
23
29
25
26
12
15
18
10
1
19
14
13
15
9
16
11
14
6
2
-7
-7
-3
2
-1
0
-10
-16
-31
-19
-10
-12
-14
-16
-19
-29
-35
-42
-63
-52
-47
-47
-35
-40
-37
-38
-12
-24
-18
-15
-24
-23
-32
-35
-37
-29
-31
-23
-23
-16
-9
-18
-9
-13
-23
-21
-23
-13
-10
-12
-5
-9
-8
-15
-18
-22
-20
-34
-46
-39
-39
-30
-20
-14
-9
-1
-3
-1
1
8
3
-2
8
13
12
14
24
20
16
14
36
41
41
45
37
34
30
40
35
44
37
35
25
25
25
16
9
13
16
15
29
30
26
14
13
12
6
14
11
6
4
3
4
0
-2
-3
0
-1
-5
-6
-13
-17
-14
-12
-10
-7
-1
7
8
17
22
22
26
12
13
7
2
6
2
10
6
16
25
30
36
19
15
12
22
18
16
14
23
21
23
35
22
16
18
7
2
12
5
11
19
12
13
14
22
17
16
21
7
12
1
7
11
4
8
-5
-7
-1
-10
-16
-19
-27
-33
-35
-31
-36
-27
-34
-27
-30
-48
-44
-49
-54
-62
-65
-57
-56
-55
-63
-56
-52
-55
-38
-43
-42
-37
-46
-40
-45
-34
-32
-35
-33
-28
-18
-17
-13
-7
-13
-14
-2
0
-2
-6
4
17
30
22
27
21
12
10
-4
7
7
12
21
13
13
22
28
20
24
20
14
23
16
26
23
26
32
31
32
26
16
11
20
23
24
29
25
20
27
24
24
22
17
16
12
13
0
-2
3
0
-6
-6
-2
-5
-12
-11
-10
-8
-7
-5
-12
-9
-13
-15
-16
-10
-7
-13
-17
-7
7
20
12
11
12
13
7
13
14
11
17
11
19
21
19
24
29
29
34
35
32
33
28
33
25
27
24
20
22
16
14
13
17
17
11
6
5
-4
10
2
-2
3
-1
-1
0
-4
-4
-6
-8
-8
-13
-7
-13
-16
-18
-14
-11
-18
-13
-19
-23
-14
-21
-22
-18
-26
-18
-19
-23
-24
-25
-25
-18
-13
-16
-13
-17
-11
-17
-22
-21
-26
-24
-29
-32
-36
-33
-32
-33
-30
-25
-22
-14
-11
-22
-20
-24
-24
-26
-18
-23
-22
-24
-23
-16
-17
-16
-17
-17
-11
-5
-9
0
3
6
4
5
12
13
11
9
13
20
14
12
25
12
8
13
22
24
17
28
19
18
13
18
32
29
34
33
26
28
18
15
16
14
8
12
14
15
12
15
22
12
11
6
5
4
6
8
9
4
9
10
5
5
0
1
3
-3
2
-2
-1
6
-1
0
1
5
0
-2
-3
0
3
18
13
11
13
8
2
-3
0
-1
6
-3
4
0
2
5
3
3
-5
-9
0
4
12
11
12
9
4
12
9
12
13
10
8
5
13
17
17
18
4
6
17
17
8
2
-5
1
3
2
-4
-13
-16
-20
-11
-14
-6
-10
-21
-23
-14
-16
-26
-13
-23
-27
-21
-26
-21
-15
-24
-14
-1
-1
1
-10
-14
-22
-23
-12
-12
-4
-9
-17
-18
-20
-12
-17
-14
-13
-14
-4
-16
-17
-16
-21
-15
-16
-11
-11
-13
-18
-20
-18
-24
-15
-28
-30
-19
-22
-18
-19
-10
-13
-9
-11
-1
6
1
16
3
7
6
4
12
9
9
7
13
7
12
19
17
13
19
21
26
25
19
25
20
25
30
25
26
17
19
14
15
24
21
17
16
19
14
18
13
9
7
0
6
13
18
10
10
10
3
3
10
6
14
13
12
16
10
11
14
22
7
19
22
16
15
11
14
1
6
8
-1
3
2
1
4
6
7
7
11
8
-9
-14
-8
-12
-5
-10
-9
-4
-8
-8
-11
-11
-13
-7
-11
-8
-4
-5
-2
-6
-8
-9
-10
-15
-4
-4
-13
-8
-10
-7
-17
-12
-8
-5
-10
2
-1
-5
-11
-21
-18
-22
-17
-19
-9
-7
-9
-5
-9
-5
-3
-4
-2
-2
-12
-11
-4
-5
3
4
-2
-10
-4
-4
-2
-3
-1
-1
-13
-13
-10
0
-5
-7
-1
-4
-10
-11
-8
-11
-11
-20
-20
-20
-15
-15
-24
-18
-17
-14
-7
-6
-6
-1
-4
3
-4
-7
-11
-9
-9
-14
-7
-6
-4
2
-4
-5
-3
-3
0
6
18
16
17
14
20
15
23
19
14
22
22
18
23
25
23
20
14
22
18
10
23
20
18
28
31
29
20
19
15
12
14
9
8
1
0
7
10
12
8
5
9
9
4
6
6
6
6
11
8
10
1
-1
3
1
5
13
10
9
13
9
7
5
9
4
5
7
2
-1
-1
5
1
-6
2
4
-4
-3
-8
-4
-8
-7
-8
-9
-15
-21
-15
-18
-21
-18
-9
-13
-15
-10
-21
-15
-15
-22
-19
-10
-5
-11
-8
-4
-8
-10
-12
-12
-18
-12
-11
-14
-9
-10
-8
-2
-4
-3
9
5
6
4
-4
-8
-8
1
-5
-5
4
2
6
6
3
2
-1
-1
-3
4
6
-8
5
4
1
0
3
6
-4
-5
0
-8
-12
-16
-13
-12
-10
-8
-10
-14
-19
-21
-24
-24
-22
-25
-26
-23
-25
-20
-17
-15
-14
-14
-9
-18
-10
-11
-6
-7
-6
-4
1
-4
-8
-2
-7
-4
-5
4
7
14
13
25
26
26
25
29
28
30
26
31
34
32
31
33
36
40
42
41
36
32
37
28
30
30
31
31
29
28
29
26
26
22
24
20
15
14
6
11
5
3
1
4
4
1
2
5
0
-3
3
-6
-14
-10
-14
-17
-17
-13
-11
-11
-7
-13
-19
-18
-20
-19
-23
-19
-16
-20
-20
-17
-16
-19
-16
-17
-20
-18
-14
-3
-5
-4
-3
-4
-6
-9
-10
-8
-6
-9
-7
-2
-8
-11
-15
-12
-10
-11
-10
-11
-5
-4
-3
0
1
-3
-3
-8
-11
-4
-4
-2
-1
-8
-13
-20
-6
-11
-9
-7
-10
-2
-3
-1
-3
-7
-10
-7
0
-1
-9
-10
-7
-10
-6
-6
-1
-1
-6
-2
4
