-3
-3
-6
-8
-8
-4
-4
-1
-1
4
6
4
6
2
1
3
1
2
0
2
3
1
1
1
6
7
9
7
6
3
1
0
-1
-1
-1
-6
-2
-4
-3
-7
-8
-10
-10
-6
-3
-2
-3
-2
-9
-3
-4
-11
-9
-8
-8
-4
-1
0
3
-6
-7
-8
-9
-9
-19
-19
-17
-14
-12
-12
-14
-8
-2
0
6
4
0
3
5
6
5
0
-2
-3
-4
-5
-3
0
2
0
4
7
-1
-5
-5
-4
-7
-7
-9
-9
-11
-6
-4
-2
-1
-4
-2
-2
0
-4
-6
-11
-11
-5
-4
-1
0
2
3
7
6
9
3
2
0
-2
5
0
2
1
1
6
9
5
7
6
3
5
9
14
12
14
16
12
9
12
10
11
14
17
19
10
14
12
8
13
7
8
5
3
7
7
9
11
9
10
8
9
6
4
5
8
5
5
4
-3
-2
-2
-3
-3
4
8
8
9
8
7
1
-2
0
-4
0
0
-8
-5
-2
-4
-4
3
3
-6
-4
-1
-5
-10
-12
-14
-14
-6
-6
-5
-3
-5
1
0
1
1
-3
-7
-7
-9
-13
-14
-20
-19
-21
-18
-16
-14
-7
-8
-12
-10
-14
-14
-12
-10
-11
-10
-11
-2
-3
-4
1
0
-8
-12
-11
-10
-6
-8
-5
-8
-7
-4
-7
-3
3
3
4
6
5
3
-4
1
2
5
7
5
6
3
11
12
14
14
13
15
15
17
12
4
2
4
9
12
14
15
12
6
7
6
7
3
-1
-5
-8
-13
-10
-5
-1
3
9
13
11
10
4
0
-6
-8
-10
-2
0
-1
0
0
-3
-6
-3
-6
-6
-7
-1
1
0
1
1
-3
-4
4
12
9
8
5
7
7
3
3
3
-2
-6
-4
-8
-13
-4
3
3
4
9
11
8
6
4
1
5
5
5
-5
-2
-2
4
5
10
16
14
14
10
14
14
16
14
18
26
22
24
26
18
16
15
16
16
11
10
3
-2
-6
-11
-12
-14
-15
-15
-7
-6
-11
-11
-6
-3
-6
-2
-6
-11
-18
-18
-19
-14
-11
-13
-9
-11
-15
-22
-25
-24
-25
-21
-19
-20
-18
-18
-20
-22
-22
-22
-22
-18
-19
-23
-27
-22
-21
-23
-22
-18
-19
-17
-15
-11
-10
-12
-5
-1
-2
-5
-7
-5
-6
-7
-7
-7
-9
-9
-10
-15
-15
-9
-8
-5
8
16
19
28
35
39
40
39
45
49
54
58
53
46
44
41
41
42
38
32
29
17
15
9
4
6
13
13
19
22
26
22
22
24
17
22
26
26
17
15
1
-1
-3
-10
-13
-18
-27
-30
-34
-28
-33
-33
-30
-36
-44
-48
-45
-46
-41
-37
-29
-26
-21
-31
-30
-28
-32
-25
-18
-19
-18
-12
-10
-8
-14
-8
-4
-4
2
5
7
5
7
3
10
4
-6
-3
-6
-3
1
5
17
20
29
40
41
45
47
57
55
59
68
68
60
63
74
75
77
81
72
70
68
56
40
16
1
-19
-24
-23
-32
-39
-28
-24
-22
-9
-14
-28
-24
-22
-29
-38
-50
-63
-66
-62
-51
-54
-46
-39
-44
-46
-48
-56
-70
-74
-81
-83
-88
-88
-80
-75
-58
-45
-39
-32
-31
-27
-25
-29
-34
-36
-32
-26
-23
-21
-17
-15
-6
8
23
27
29
26
16
9
5
6
4
3
13
17
19
14
12
12
19
24
30
35
36
49
54
62
67
74
85
87
104
127
127
134
144
134
122
122
133
111
93
89
57
42
63
38
23
34
42
22
14
36
3
-23
4
-4
-39
-30
-23
-62
-69
-40
-52
-67
-42
-41
-71
-74
-59
-100
-124
-102
-121
-140
-123
-116
-125
-124
-96
-89
-97
-67
-59
-75
-56
-47
-62
-60
-49
-48
-47
-34
-18
-13
-2
20
21
18
25
22
19
19
23
25
29
33
38
38
40
46
42
38
32
27
40
47
57
57
53
59
63
74
86
81
88
97
103
100
108
125
99
96
136
134
118
113
86
55
49
45
4
-22
-8
-18
-39
-19
-13
-46
-32
-12
-34
-33
-22
-58
-90
-84
-83
-96
-105
-93
-104
-107
-73
-76
-116
-102
-103
-140
-146
-147
-177
-194
-171
-153
-148
-125
-94
-86
-72
-44
-38
-49
-36
-43
-40
-25
-26
-29
-22
-4
12
26
30
38
46
58
62
48
47
32
15
24
22
18
20
21
38
66
106
121
114
131
142
153
156
154
136
133
142
147
163
191
201
221
245
266
279
261
236
187
136
122
82
21
15
-4
-23
11
21
14
17
15
0
-46
-64
-94
-171
-190
-183
-202
-178
-136
-143
-118
-79
-87
-112
-137
-167
-202
-235
-256
-289
-330
-318
-306
-297
-246
-201
-177
-129
-92
-71
-61
-65
-80
-89
-68
-44
-29
-10
40
69
101
125
138
143
141
132
106
86
49
26
20
23
37
53
71
94
127
171
191
194
197
189
204
220
221
207
214
232
233
257
270
276
273
254
250
222
168
137
76
-1
-1
-21
-68
-95
-97
-90
-81
-44
-57
-99
-88
-89
-143
-161
-170
-224
-247
-228
-239
-256
-243
-253
-275
-282
-265
-294
-351
-366
-374
-392
-379
-362
-371
-331
-255
-193
-150
-93
-52
-22
13
41
55
56
64
68
94
120
139
163
183
193
201
208
185
164
159
147
132
114
95
99
114
127
149
161
197
232
259
271
275
280
276
283
283
289
302
316
328
341
341
365
354
339
354
339
305
256
191
145
110
62
20
-6
-28
-57
-90
-130
-210
-280
-287
-341
-426
-478
-496
-471
-441
-414
-378
-331
-289
-266
-251
-302
-389
-430
-419
-430
-454
-422
-407
-381
-303
-269
-272
-279
-279
-253
-222
-232
-245
-227
-169
-84
6
85
169
232
317
436
449
447
450
408
358
346
337
261
199
209
189
174
185
167
145
142
140
116
121
147
161
232
321
363
400
456
510
562
597
563
508
476
440
400
349
304
252
262
330
320
229
144
27
-134
-261
-387
-557
-727
-824
-888
-914
-844
-788
-789
-729
-625
-532
-502
-493
-527
-541
-417
-287
-276
-241
-156
-101
-37
17
-36
-149
-217
-319
-426
-525
-641
-713
-737
-702
-599
-483
-345
-206
-48
177
365
480
584
694
778
832
839
808
746
680
664
602
497
450
379
303
253
152
66
2
-66
-56
0
72
154
256
402
605
752
916
1000
1009
1102
1073
1004
977
891
769
745
794
818
725
567
395
184
-49
-262
-551
-905
-1184
-1358
-1377
-1330
-1369
-1391
-1265
-1120
-977
-911
-922
-951
-995
-819
-588
-528
-408
-173
55
316
481
426
267
60
-193
-408
-663
-1007
-1266
-1429
-1378
-1252
-1100
-922
-781
-552
-198
69
150
250
361
539
718
849
982
1061
1191
1352
1409
1339
1205
1002
741
472
234
-14
-294
-518
-531
-418
-276
-186
-2
273
565
894
1105
1233
1339
1423
1483
1412
1255
1178
1215
1258
1244
1298
1448
1377
1133
994
735
194
-336
-726
-1183
-1645
-1970
-2213
-2253
-2087
-1831
-1683
-1567
-1391
-1324
-1291
-1360
-1617
-1781
-1549
-1218
-990
-695
-247
244
678
979
1130
913
511
118
-394
-959
-1527
-2037
-2305
-2311
-2044
-1559
-1213
-858
-442
6
377
527
501
448
429
602
772
965
1254
1586
1970
2288
2546
2516
2231
1762
1166
578
-12
-624
-1049
-1342
-1262
-971
-666
-165
469
1079
1583
2040
2350
2427
2378
2340
2174
1981
1900
1968
2065
2186
2429
2749
2935
2888
2475
1889
1123
36
-990
-2042
-3001
-3737
-4173
-4153
-3760
-3368
-2848
-2227
-1877
-1542
-1321
-1377
-1696
-2006
-2062
-1955
-1912
-1557
-852
-127
644
1557
1970
1678
1175
392
-588
-1684
-2860
-3848
-4548
-4707
-4302
-3650
-2815
-1963
-1196
-7
865
1007
1176
1096
715
677
899
1030
1165
1590
2373
2965
3413
3727
3527
2965
2332
1557
655
-351
-1213
-1690
-1686
-1438
-995
-300
422
1089
2011
2738
2884
2971
3036
2835
2685
2476
2122
1881
2011
2399
2805
3536
4025
3901
3637
3402
2876
1836
712
-476
-1723
-2682
-3492
-4105
-4398
-4527
-4454
-4062
-3662
-3504
-3455
-3482
-3785
-4133
-4104
-3865
-3724
-3221
-2053
-633
608
1745
2613
3105
3204
2789
1783
387
-1271
-2738
-3727
-4574
-5066
-4875
-4203
-3359
-2289
-1205
-516
-294
58
404
297
356
466
551
1119
2042
2833
3614
4362
4820
5113
4911
4116
2889
1612
315
-1011
-1758
-2222
-2511
-2196
-1391
-498
381
1469
2362
2880
3272
3512
3481
3296
3042
2613
2401
2609
2900
3442
4216
4810
4936
4779
4435
3707
2441
1093
-302
-1965
-3285
-4153
-4631
-4721
-4706
-4625
-4077
-3507
-3247
-3258
-3589
-4025
-4425
-4531
-4316
-4396
-4220
-3222
-1969
-679
843
2212
3150
3845
4112
3701
2364
500
-1294
-3019
-4572
-5539
-6142
-5946
-5045
-4018
-2614
-1081
-77
593
1275
1351
826
373
212
-68
-77
943
2080
2882
4210
5405
5634
5655
5339
4002
2258
605
-1175
-2756
-3661
-4085
-3955
-2965
-1588
-280
1255
2818
3736
4351
4889
4625
3982
3679
3110
2408
2319
2601
3121
3901
4666
4836
4716
4644
4010
2766
1458
-185
-2256
-3835
-4690
-5291
-5569
-5662
-5642
-4891
-3918
-3352
-3144
-3241
-3584
-3758
-3395
-3196
-3739
-3787
-2722
-1726
-670
649
1643
2444
3219
3676
3190
1942
283
-1455
-3049
-4390
-5341
-5949
-5940
-5248
-4131
-2461
-1065
-259
619
1481
1780
1609
1440
1134
802
1159
1972
2537
2978
3928
4732
4924
4955
4484
3204
1741
457
-901
-2077
-2884
-3178
-2918
-2097
-1006
168
1393
2523
3421
4266
4746
4512
4212
4053
3594
3305
3416
3587
3955
4603
5004
4813
4542
4120
3036
1986
1083
-491
-2385
-3631
-4456
-4907
-5264
-5756
-5854
-5419
-4674
-4152
-3950
-4139
-4419
-4117
-3322
-3225
-3501
-2870
-1730
-700
310
1418
2277
2791
3085
3168
2518
1030
-558
-2124
-3625
-4719
-5454
-5935
-5987
-5305
-3926
-2469
-1432
-431
514
1173
1539
1470
1116
846
793
1262
2085
2677
3304
4222
4887
4914
4669
4078
2648
986
-240
-1498
-2661
-3203
-3214
-2794
-1727
-171
969
1939
3080
3950
4407
4494
4119
3596
3390
3034
2830
3065
3445
4146
5058
5563
5462
5215
4980
3910
2351
1245
-370
-2445
-3980
-4820
-5329
-5694
-5924
-5816
-5453
-4911
-4377
-4270
-4593
-4919
-4703
-4044
-3847
-4086
-3347
-1986
-812
321
1458
2412
3130
3591
3705
3038
1476
-181
-1897
-3639
-4857
-5683
-6221
-6195
-5742
-4409
-2846
-1720
-500
543
1332
1939
1893
1556
1314
1215
1543
2100
2665
3363
4267
4817
5178
5137
4545
3310
1535
63
-1212
-2508
-3176
-3423
-3164
-2094
-635
550
1624
3005
4132
4812
4988
4779
4463
4185
3862
3460
3308
3663
4284
4919
5291
5165
4932
4707
3697
2460
1474
-137
-2097
-3551
-4431
-5076
-5672
-6121
-6174
-5848
-5113
-4425
-4534
-4851
-4797
-4381
-3783
-3750
-3896
-3154
-1938
-887
121
920
1804
3398
4465
4285
3447
1901
135
-1711
-3255
-4311
-5934
-6961
-6705
-6218
-4455
-2347
-1647
-849
518
1576
2323
2141
945
-239
-139
1148
1361
1041
2126
3185
4136
5786
5717
4053
3061
1809
196
-1096
-2534
-3982
-4706
-3990
-2521
-1228
172
1220
2142
4073
5479
5152
4703
4460
3904
3948
4270
3814
3835
4949
5574
5517
5827
6004
5115
3965
3327
1874
-202
-1626
-3353
-4808
-5213
-5626
-6215
-6303
-6143
-5724
-4955
-4848
-5431
-5344
-4275
-3730
-3913
-3312
-2216
-1427
-382
824
1336
1731
2751
3784
4008
3155
1729
69
-1770
-3458
-4519
-5329
-6558
-7000
-6279
-5022
-3161
-1624
-744
169
1445
2538
2709
2025
804
8
513
1481
1489
1804
2860
3594
4625
5594
4775
3036
1993
864
-496
-1688
-2858
-3995
-4041
-2706
-1121
24
1297
2280
3323
4843
5426
5062
4652
4270
3897
4132
4113
3813
4391
5309
5596
5678
6048
5851
4610
3815
3268
1341
-697
-2136
-3688
-4875
-5415
-5974
-6470
-6612
-6316
-5819
-5431
-5571
-5838
-5389
-4409
-4022
-3863
-2909
-1910
-1005
205
1234
1857
2688
3289
3569
3442
2461
867
-851
-2476
-3876
-4972
-5769
-6482
-6425
-5321
-4045
-2800
-1456
-391
500
1387
1693
1374
915
524
314
464
1092
1942
2594
3435
4297
4751
4873
4026
2625
1230
-163
-1275
-2319
-3097
-3218
-2521
-1470
-519
547
1538
2526
3395
3962
4203
4059
3810
3694
3639
3600
4052
4811
5491
5902
6016
6186
6118
5430
4387
3706
2434
378
-1383
-2752
-3940
-4966
-5773
-6354
-6653
-6478
-6147
-6111
-6408
-6508
-6079
-5116
-4456
-4284
-3481
-2046
-709
288
1203
1921
2808
3535
3917
3813
2883
1463
-68
-1641
-3114
-4390
-5384
-6075
-6215
-5455
-4014
-2784
-1974
-899
297
1136
1239
878
329
-158
-95
273
697
1377
2531
3758
4704
5314
5275
4678
3473
2032
621
-711
-2069
-3184
-3487
-2985
-1946
-828
277
1221
2272
3556
4262
4276
4168
4130
3912
3740
3567
3470
4023
5269
6019
6039
6155
6365
6182
5392
4257
2950
1087
-1023
-2518
-3627
-4664
-5723
-6543
-6570
-6325
-6155
-5838
-5825
-6320
-6234
-5251
-4390
-4353
-4232
-3093
-1549
-370
679
1418
1940
2882
3953
4418
3593
1940
454
-819
-2432
-3871
-4827
-6081
-6519
-5741
-4598
-3067
-1957
-1239
-211
692
1124
928
41
-945
-1397
-910
58
454
984
2622
4003
4918
5770
5379
4154
2891
1497
-41
-1719
-3177
-3949
-3968
-3078
-1634
-406
661
1648
2784
4216
4734
4501
4384
3942
3628
3790
3929
3880
4787
5969
6175
6160
6515
6622
5716
4640
3759
1963
-198
-1735
-3158
-4358
-5386
-6155
-6562
-6626
-6547
-6233
-5887
-6133
-6290
-5392
-4261
-3991
-3809
-2874
-1744
-748
307
1078
1342
1721
2323
3093
3465
2617
1321
202
-1114
-2698
-3679
-4338
-5548
-5839
-4763
-3870
-2927
-1684
-754
-220
248
715
677
31
-607
-1081
-1008
-26
786
1527
2774
3767
4687
5533
5235
3971
2674
1270
-166
-1605
-2711
-3167
-3075
-2177
-999
147
1472
2593
3504
4473
4838
4625
4331
3949
3635
3764
4173
4756
5570
6045
6152
6388
6743
6190
4877
3935
2647
682
-941
-2294
-3734
-5076
-5955
-6419
-6645
-6687
-6678
-6565
-6545
-6611
-6130
-5188
-4480
-4161
-3239
-1726
-608
195
1011
1450
1780
2131
2414
2787
2182
918
-113
-1233
-2527
-3580
-4190
-4618
-5155
-4709
-3541
-2823
-1924
-969
-673
-503
-210
-281
-614
-1088
-1511
-1354
-454
776
1509
2515
3860
4610
5245
5384
4185
2723
1411
-102
-1433
-2471
-3068
-3007
-2380
-1324
-156
939
1994
2855
3561
4057
4170
4041
3862
3542
3599
4190
4931
5871
6465
6488
6625
6894
6564
5213
3865
2808
1061
-878
-2102
-3169
-4459
-5554
-5965
-6238
-6382
-6291
-6216
-6331
-6376
-6016
-5091
-4267
-4094
-3478
-2022
-534
315
1014
1512
1941
2274
2628
2665
1683
475
-456
-1588
-2891
-3767
-4152
-4669
-4836
-3925
-3018
-2129
-1114
-711
-581
-281
-257
-745
-1341
-1666
-1933
-1709
-532
482
1257
2686
4025
4787
5336
5131
3897
2507
1038
-396
-1694
-2874
-3334
-3061
-2200
-860
374
1423
2403
3292
4195
4569
4211
3908
3652
3180
3391
3952
4655
5822
6647
6884
6964
7160
6786
5362
3978
2903
1208
-720
-2035
-3129
-4217
-5022
-5427
-5607
-5751
-5682
-5580
-5718
-6107
-6165
-5451
-4739
-4532
-4160
-2796
-1304
-182
708
1389
1979
2239
2265
2484
2163
777
-395
-1462
-2733
-3950
-4520
-4547
-5066
-4821
-3541
-2852
-2195
-1128
-710
-745
-660
-855
-1281
-1799
-2172
-2305
-1847
-311
907
1839
3286
4361
5019
5592
4996
3301
1602
-30
-1412
-2563
-3488
-3512
-2918
-1835
-212
1348
2605
3413
4096
4778
4814
4537
4394
3854
3471
3930
4743
5610
6375
6682
6705
6911
6996
5984
4373
3053
1524
-297
-1698
-2646
-3822
-5039
-5524
-5476
-5510
-5513
-5545
-5672
-5848
-5967
-5439
-4676
-4601
-4403
-3188
-1561
-401
266
883
1612
1982
2504
2828
1936
659
-305
-1362
-2577
-3611
-4183
-4677
-4963
-4212
-3186
-2246
-1225
-818
-617
-292
-265
-778
-1618
-2272
-2668
-2524
-1637
-637
210
1674
3343
4398
5041
5172
4366
3268
1827
217
-1299
-2672
-3210
-3038
-2403
-1253
12
1240
2524
3406
4147
4623
4429
4379
4262
3783
3838
4048
4393
5556
6725
7015
6870
6899
6972
6059
4540
3448
1925
87
-1146
-1956
-2925
-4117
-4988
-5183
-5302
-5582
-5649
-5816
-6332
-6635
-6128
-5241
-4822
-4667
-3590
-1854
-419
459
1020
1599
2149
2420
2418
1784
393
-671
-1516
-2665
-3615
-4200
-4732
-4864
-4299
-3374
-2456
-1814
-1437
-1031
-691
-606
-1068
-1876
-2465
-2591
-2215
-1667
-1041
-57
1522
3143
4372
4981
4905
4411
3481
2154
459
-1122
-2487
-3230
-3187
-2531
-1468
-357
762
1959
3123
4105
4456
4451
4575
4407
4180
4112
4095
4273
5356
6710
7132
6801
6689
6748
6055
4688
3548
1973
87
-1183
-1895
-2498
-3458
-4401
-4647
-4625
-4791
-4944
-5344
-6204
-6712
-6396
-5798
-5371
-5140
-4402
-2765
-892
264
781
1317
1978
2469
2529
2076
841
-361
-1159
-2157
-2869
-3345
-4034
-4342
-3904
-3095
-2199
-1598
-1431
-1166
-735
-501
-872
-1799
-2571
-2825
-2266
-1414
-1038
-134
1597
3289
4481
5280
5351
4645
3699
2574
929
-931
-2330
-3237
-3498
-2934
-1882
-869
160
1325
2558
3567
3890
3889
4030
4101
4124
4420
4556
4439
5540
7009
7268
6831
6593
6459
5817
4676
3435
1860
-22
-1262
-1845
-2372
-3222
-4106
-4549
-4548
-4652
-4807
-5249
-6176
-6690
-6381
-5478
-4844
-4575
-4014
-2404
-319
883
1339
1587
1754
1736
1847
2042
895
-645
-1225
-1967
-2950
-3474
-3811
-4164
-4250
-3596
-2644
-2244
-1653
-1165
-1089
-875
-829
-1416
-2050
-2396
-2449
-2202
-1654
-527
689
1813
3238
4293
4497
4432
3824
2530
894
-623
-1843
-3039
-3634
-3080
-2348
-1696
-288
1165
2192
3168
3847
4022
4172
4442
4500
4331
4504
4927
5523
6760
7411
7082
6591
6427
6051
5010
3766
2499
885
-520
-1261
-1767
-2495
-3615
-4188
-4116
-4283
-4737
-5371
-6154
-6759
-6808
-6087
-5247
-4905
-4332
-2694
-615
726
1307
1628
1926
2236
2327
1946
623
-1010
-1729
-2273
-3074
-3492
-3813
-3998
-3580
-2823
-1808
-1245
-1261
-1203
-991
-932
-1100
-1834
-2701
-2917
-2593
-1667
-918
-506
727
2452
3788
4583
4718
4129
3133
2200
1205
-260
-1895
-2918
-3084
-2706
-1783
-850
-181
709
1951
3082
3525
3316
3267
3470
3670
3956
4224
4545
5113
6579
7884
7852
7190
6809
6534
5553
4089
2890
1392
-360
-1417
-1747
-2254
-3071
-3960
-4396
-4338
-4500
-5072
-5864
-6755
-7323
-6705
-5614
-5144
-4949
-3821
-1687
169
1096
1496
1801
1845
1638
1825
1555
28
-1218
-1705
-2396
-3302
-3686
-3678
-4166
-4166
-2787
-2110
-2023
-1282
-835
-979
-1074
-1089
-1735
-2445
-2482
-2248
-2112
-983
473
1182
2515
4024
4585
4838
4535
3285
1776
402
-675
-1933
-3152
-3239
-2609
-1884
-732
374
1090
2181
3173
3490
3537
3596
3786
3690
3733
4435
4916
5701
7165
7852
7529
7246
7007
6197
4742
3389
2192
478
-975
-1617
-1998
-2784
-3753
-4223
-4368
-4721
-5066
-5620
-6410
-7050
-7023
-6260
-5530
-4998
-4120
-2468
-617
749
1418
1687
2124
2289
2049
1617
583
-536
-1459
-2162
-2623
-3103
-3586
-3682
-3265
-2651
-1938
-1455
-1374
-1228
-852
-832
-1200
-1806
-2302
-2391
-2014
-1303
-821
-172
1341
2947
3859
4454
4542
3940
3124
2128
696
-971
-2248
-2821
-2909
-2630
-1823
-999
-179
996
2206
2960
3180
3161
3242
3676
3788
3675
3803
4170
4922
6231
7409
7502
7066
6934
6824
5936
4464
3122
1511
-31
-1017
-1569
-2011
-2786
-3790
-4283
-4209
-4505
-5113
-6114
-7144
-7373
-6848
-6128
-5804
-5495
-4429
-2446
-431
601
964
1509
2045
2317
2464
1834
577
-247
-853
-1736
-2468
-2839
-3408
-3776
-3217
-2461
-1994
-1583
-1481
-1547
-1298
-1073
-1555
-2399
-2738
-2663
-2338
-1509
-784
-210
1246
2909
3900
4484
4512
3838
2899
1930
598
-1060
-2259
-2981
-3128
-2589
-1657
-789
-42
1150
2434
3158
3253
3137
3317
3552
3695
3888
3898
4022
4950
6626
7720
7724
7446
7225
6878
5950
4628
3247
1485
-149
-1060
-1725
-2255
-3119
-4247
-4699
-4594
-4583
-5169
-6192
-7103
-7252
-6670
-5670
-5126
-5062
-4135
-1972
-58
690
924
1250
1568
1662
1867
1371
338
-372
-780
-1299
-1835
-2256
-2849
-3216
-2901
-2377
-1903
-1758
-1939
-1936
-1709
-1562
-1992
-2470
-2681
-2469
-1730
-1101
-551
440
1913
3206
4003
4474
4332
3761
3022
1815
223
-1104
-1979
-2564
-2709
-2211
-1388
-663
154
1142
2157
2855
3099
3166
3337
3483
3716
4035
4186
4492
5455
6905
7814
7733
7361
7076
6603
5646
4352
2988
1406
-234
-1302
-1766
-2278
-3356
-4359
-4698
-4639
-4968
-5720
-6578
-7294
-7433
-6759
-5832
-5486
-5179
-3880
-1783
-164
615
958
1081
1241
1624
1929
1251
331
-90
-523
-1102
-1538
-1965
-2692
-3156
-2628
-2158
-2329
-2396
-2553
-2725
-2439
-2240
-2588
-3229
-3275
-2488
-1804
-1028
171
985
2059
3831
4821
4728
4491
3741
2566
1465
361
-887
-2258
-2724
-2421
-2224
-1591
-489
267
1123
2288
3075
3204
2994
2950
2995
2935
2929
3134
3409
4030
5305
6890
7866
7981
7802
7551
7096
6168
4787
3200
1416
-165
-1391
-2275
-3072
-4132
-5053
-5147
-4857
-5213
-5990
-6577
-6902
-6949
-6535
-6018
-5800
-5587
-4539
-2762
-1197
-464
84
1074
2259
2980
3136
2861
2091
1388
880
176
-924
-2202
-3145
-3472
-3604
-3495
-3530
-3887
-3746
-3180
-2726
-2559
-3004
-3285
-2854
-2067
-897
-177
395
2017
3708
4678
5404
5198
4220
3459
2757
1434
-376
-1658
-2331
-2805
-2572
-1624
-1066
-638
532
1908
2828
3307
3433
3373
3560
4071
4302
4272
4457
5107
6487
7799
8070
7574
7242
6999
6259
5043
3594
1853
98
-1215
-2019
-2460
-3309
-4694
-5380
-5202
-5303
-5892
-6588
-7229
-7524
-6914
-5715
-5153
-5188
-4254
-2366
-889
-231
-92
3
364
1010
1675
1565
803
502
367
-53
-613
-1095
-1768
-2788
-2971
-2533
-2904
-3506
-3617
-3708
-3573
-3063
-2789
-3042
-3074
-2205
-1107
-348
510
1402
2421
3769
4614
4606
4114
3488
2545
1515
411
-667
-1742
-2386
-2181
-1795
-1262
-446
313
1149
2215
3046
3368
3243
3319
3564
3807
3995
4276
4552
5324
6834
7987
8035
7515
7201
6871
5917
4556
3208
1338
-387
-1263
-1834
-2630
-3623
-4522
-4890
-4813
-4928
-5590
-6629
-7269
-7221
-6769
-5997
-5579
-5431
-4393
-2475
-892
-252
-48
320
1047
1728
1964
1743
1295
993
797
556
113
-819
-1768
-1990
-2150
-2631
-2990
-3523
-4068
-3879
-3410
-3425
-3542
-3469
-2998
-1990
-773
4
390
1519
3181
4153
4531
4536
3987
3038
2368
1629
81
-1325
-1927
-2103
-2088
-1545
-772
-375
445
1946
2955
3208
3198
3368
3496
3514
3758
3814
3712
4296
5677
7119
7821
7705
7471
7267
6932
5941
4479
2833
954
-475
-1479
-2375
-3200
-4325
-5252
-5346
-5133
-5421
-6341
-7267
-7485
-7272
-6839
-6069
-5645
-5358
-4032
-1975
-722
-326
23
515
1074
1680
2131
2095
1841
1662
1517
1414
784
-319
-1187
-1878
-2480
-3147
-3843
-4570
-4802
-4387
-4072
-3922
-3625
-3114
-2350
-1441
-667
-229
519
1627
2538
3194
3532
3701
3453
3055
2607
1703
537
-375
-1163
-1666
-1591
-1395
-1295
-832
331
1550
2305
2661
2848
2845
3236
3734
3685
3505
3953
4979
6076
7292
8053
7742
7251
7330
6962
5658
4144
2774
1093
-301
-1023
-1690
-2796
-4076
-4598
-4686
-4791
-5329
-6362
-7123
-7363
-7101
-6477
-6044
-5889
-5061
-3507
-1774
-519
-80
188
911
1880
2720
3011
2191
1337
993
560
-165
-1007
-1796
-2745
-3068
-2835
-2947
-3273
-3413
-3407
-3386
-3185
-3010
-3155
-3385
-3007
-2339
-1388
-31
1111
2033
3387
4665
5180
4968
4119
2852
1542
481
-696
-2132
-2943
-2807
-2392
-1537
-275
757
1856
3287
4336
4498
4287
4089
3898
3663
3470
3472
3473
3858
5132
6657
7294
7173
7120
7018
6466
5437
4246
2457
434
-846
-1654
-2412
-3123
-4083
-4822
-4921
-4739
-4990
-6025
-6956
-7390
-7389
-7068
-6600
-6465
-6203
-4826
-2911
-1454
-721
-105
833
1810
2623
3221
3131
2503
2131
1758
1018
6
-1073
-2026
-2800
-3260
-3638
-3974
-4300
-4279
-3796
-3460
-3217
-3109
-2840
-2294
-1821
-960
-10
731
1771
3022
3924
4416
4630
4212
3449
2631
1593
362
-749
-1633
-2171
-2142
-1623
-913
-47
1138
2404
3283
3725
3891
3794
3675
3573
3334
3214
3512
4230
5308
6625
7438
7486
7369
7392
6872
5620
4319
2723
962
-600
-1755
-2529
-3452
-4468
-5139
-5348
-5349
-5700
-6415
-7076
-7308
-7252
-6751
-6220
-5851
-5230
-3776
-1854
-542
127
654
1403
1998
2632
3201
3039
2335
1786
1316
574
-433
-1481
-2340
-3124
-3623
-3785
-3964
-4237
-4021
-3594
-3510
-3411
-3088
-2762
-2412
-1804
-1022
-192
950
2352
3423
4137
4674
4722
4248
3436
2216
757
-611
-1596
-2258
-2637
-2342
-1772
-894
471
1926
3046
3738
4219
4307
4191
4227
4061
3489
3133
3551
4370
5246
6386
7096
7179
7285
7479
7024
5765
4426
2959
1078
-609
-1642
-2482
-3623
-4706
-5205
-5334
-5502
-5976
-6737
-7334
-7552
-7604
-7409
-7001
-6686
-6041
-4585
-2703
-1424
-732
122
1201
2006
2585
3157
3188
2658
2238
1827
1033
40
-1038
-1823
-2496
-3429
-3776
-4089
-4617
-4305
-3877
-3987
-3825
-3232
-2824
-2413
-1601
-664
104
1275
2902
3687
4106
4857
4906
4140
3331
2262
812
-520
-1413
-2129
-2665
-2379
-1549
-797
277
1934
3115
3788
4264
4419
4121
3878
3877
3519
3081
3443
4314
5279
6412
7413
7679
7521
7726
7317
5870
4511
3132
1049
-775
-1698
-2509
-3529
-4388
-4742
-5112
-5394
-5475
-6179
-7196
-7656
-7633
-7578
-7176
-6778
-6219
-4825
-2901
-1190
-262
326
1388
2235
2757
3510
3596
2729
1952
1575
706
-418
-1352
-2121
-3296
-4056
-3925
-4112
-4538
-4224
-3936
-4114
-3770
-3156
-3009
-2831
-2068
-997
111
1564
3186
4225
4908
5627
5901
5236
4044
2410
716
-602
-1709
-2753
-3227
-2862
-2004
-735
892
2394
3487
4363
4945
4943
4496
3967
3373
2738
2572
2888
3359
4275
5659
6979
7645
7843
7970
7586
6303
5136
3821
1542
-655
-2118
-3150
-3996
-4748
-5421
-5909
-5888
-5605
-6070
-6914
-7426
-7823
-7826
-7256
-6909
-6875
-5902
-4032
-2287
-1058
-195
922
1928
2447
3045
3569
3683
3465
2753
1882
955
-255
-1553
-2418
-3489
-4568
-4781
-5067
-5410
-4944
-4453
-4386
-3831
-2925
-1978
-1210
-156
719
1088
2490
4337
4444
4159
4802
4655
3734
3169
2105
306
-882
-1107
-1402
-2194
-1823
-518
35
974
2681
3369
3379
3783
4010
3465
3094
3205
3054
2877
3726
5187
6201
7104
8051
8279
8075
7924
6963
5385
3837
2156
179
-1774
-3065
-3567
-4436
-5453
-5757
-5786
-5968
-6285
-6914
-7717
-8041
-7890
-7332
-6991
-6671
-5494
-3792
-2049
-537
252
884
1950
2761
3580
4205
3894
3171
2404
1624
705
-464
-1641
-2931
-4147
-4768
-4898
-5098
-5244
-5182
-5117
-4718
-3935
-3388
-2885
-2084
-1200
94
1860
3276
4279
5148
5783
6124
5704
4590
2969
1124
-204
-1080
-1995
-2436
-2186
-1526
-367
1135
2357
3083
3703
4204
4211
3697
3266
2931
2454
2262
2524
3124
3968
5297
6870
7906
8283
8104
7817
7020
5626
4300
2438
269
-1439
-2784
-3651
-4158
-4969
-5831
-6097
-5857
-5871
-6679
-7642
-8148
-8376
-8098
-7367
-7064
-6662
-5273
-3187
-1361
-287
618
1600
2445
3125
3662
3824
3954
3691
2896
2166
1232
-356
-2054
-3269
-4463
-5518
-5899
-6407
-6600
-5988
-5234
-4445
-3604
-2462
-1157
57
1218
2107
2687
3827
4916
4771
4716
4797
4018
3128
2438
1316
51
-535
-790
-1238
-1424
-595
338
680
1526
2696
3029
3015
3234
3011
2578
2720
2906
2626
2655
3822
5315
6642
7930
8650
8417
8047
7909
6909
5099
3443
1536
-694
-2320
-3126
-3763
-4946
-5931
-6111
-5980
-5955
-6294
-7310
-8261
-8218
-7726
-7251
-7044
-6663
-5485
-3650
-1740
-338
265
973
2289
3264
4029
4745
4752
4015
3227
2516
1364
-362
-2239
-3808
-5228
-6167
-6423
-6874
-7035
-6485
-5727
-4783
-3620
-2668
-1603
-431
546
1629
2721
3856
4700
4892
4958
5054
4552
3782
2752
1275
294
-120
-514
-940
-903
-290
542
1367
2054
2559
2844
2972
3020
2653
2327
2284
2262
2217
2610
3424
4418
5626
7139
8193
8416
8253
8029
7376
5746
4270
2741
371
-1625
-2653
-3484
-4312
-5156
-5776
-6046
-6020
-6117
-7012
-8160
-8457
-8382
-8329
-7889
-7322
-6813
-5624
-3479
-1476
-367
497
2016
3319
3890
4573
5271
5140
4387
3480
2367
729
-1418
-3196
-4473
-5967
-7027
-7284
-7597
-7578
-6466
-5226
-4322
-3260
-1714
-258
695
1621
2388
2823
3834
5047
4790
4504
4689
4224
3644
3116
2107
941
362
107
-344
-603
-102
483
688
1493
2515
2477
2161
2113
1841
1548
1789
2070
1921
2282
3852
5514
6940
8391
9271
9094
8595
8375
7490
5564
3733
1914
-360
-2130
-3061
-3668
-4544
-5458
-5769
-5657
-5786
-6414
-7513
-8480
-8664
-8487
-8335
-8006
-7655
-6601
-4595
-2375
-723
267
1366
2882
3978
4486
5211
5433
4801
3933
2900
1357
-816
-2911
-4496
-6072
-7490
-7842
-8148
-8322
-7111
-5619
-4615
-3407
-1837
-300
927
1927
2711
2996
3718
5026
5090
4536
4677
4594
4100
3746
2928
1703
1005
644
255
-254
-210
320
593
882
1517
1834
1697
1697
1566
1317
1473
1888
2009
2203
3155
4469
5695
7138
8547
8988
8635
8397
7924
6558
4854
3387
1230
-1200
-2569
-3191
-3986
-5052
-5812
-6147
-6208
-6335
-7075
-8319
-8982
-9001
-9015
-8698
-8026
-7554
-6463
-4165
-1851
-375
789
2383
3774
4648
5660
6422
5831
4560
3343
1907
-59
-2285
-4244
-6011
-7412
-7864
-7792
-7900
-7334
-5881
-4553
-3237
-1789
-625
263
1003
1714
2291
2815
3833
4662
4666
4972
5571
5375
4615
4012
2979
1777
1178
491
-377
-682
-190
483
726
1221
1871
1928
1790
1776
1410
837
804
1182
1474
2040
3148
4481
5779
7555
9207
9545
9128
8723
7887
6433
4769
2992
652
-1562
-2847
-3542
-4084
-4640
-5343
-5827
-5840
-5827
-6462
-7676
-8606
-9105
-9286
-8902
-8321
-7887
-6769
-4524
-2056
-116
1382
2783
4115
5028
5831
6490
6402
5129
3510
1925
-196
-2503
-4627
-6460
-7975
-8744
-8521
-8246
-7587
-5793
-4066
-2974
-1572
-54
819
1409
2155
2403
2306
3326
4452
4103
4194
5201
5306
4929
4864
4066
2714
2012
1653
646
-527
-251
193
-201
55
814
828
697
1087
1141
748
995
1747
2019
2286
3319
4668
5797
7250
8795
9148
8769
8604
7916
6486
4783
3268
1115
-1349
-2753
-3528
-4368
-5040
-5601
-6387
-6678
-6553
-7175
-8279
-8905
-9374
-9627
-8892
-7764
-7157
-6172
-4045
-1500
451
1935
3437
4520
5368
6528
7037
5929
4053
2320
382
-1801
-3736
-5695
-7731
-8604
-8241
-7684
-7103
-5944
-4543
-3331
-1884
-482
170
280
729
1385
1960
2899
3923
4376
4730
5798
6502
6300
5748
4830
3629
2740
2218
1191
-1
-377
5
269
483
795
791
658
878
1128
734
352
560
852
1422
2467
3456
4271
5474
7362
8741
9167
9144
8491
7494
6461
4971
3042
1006
-920
-2523
-3670
-4171
-4370
-5310
-6293
-6487
-6572
-7017
-7668
-8506
-9394
-9682
-8940
-7742
-7239
-6703
-4713
-2041
239
1965
3255
4339
5335
6395
7018
6397
4788
2852
896
-1113
-3223
-5426
-7470
-8623
-8814
-8445
-7502
-6370
-5177
-3574
-1742
-216
618
934
1300
1656
1888
2456
3123
3440
4061
4930
5622
6117
6157
5719
4967
4113
3375
2293
968
55
-495
-878
-826
-841
-1028
-845
-327
235
428
586
1033
1476
1966
2852
3593
4235
5294
6733
8094
8860
8928
8495
8086
7397
5864
3980
2237
207
-1917
-3414
-4221
-4833
-5939
-6845
-7201
-7393
-7514
-7762
-8469
-9155
-9192
-8611
-7546
-6785
-6309
-5004
-2918
-576
1168
2047
3185
4541
5675
6428
6188
4549
2419
482
-1362
-3407
-5622
-7603
-8841
-9042
-8082
-6659
-5532
-4485
-3236
-1491
158
887
927
878
1079
1520
2520
3377
3581
4256
5541
6634
7267
7372
6721
5593
4700
3949
2784
1106
-127
-808
-1213
-892
-816
-1380
-1531
-692
236
794
1092
1313
1705
2364
3315
4030
4220
4807
5859
7036
8356
8887
8666
8086
7406
6534
5023
3117
1284
-1019
-3171
-4177
-4778
-5704
-6991
-7915
-7940
-7677
-7708
-8120
-8700
-9073
-8716
-7893
-7038
-6583
-6118
-4547
-2081
91
1508
2527
3569
4720
5798
6399
5600
3426
1320
-302
-2184
-4459
-6345
-7862
-8837
-8310
-7104
-6038
-4870
-3333
-1475
-102
779
1356
1302
1199
1331
1543
2078
2926
3674
4471
5678
7000
7795
7813
7215
6178
4976
3955
2445
342
-1283
-2043
-2242
-2248
-2429
-2451
-1822
-836
204
984
1363
1998
2664
2938
3507
4325
4715
5067
5741
7082
8325
8480
8174
7819
7029
5799
4207
2306
58
-2418
-4241
-5387
-6170
-6981
-7993
-8482
-8159
-7698
-7561
-7427
-7607
-7995
-7694
-6739
-5947
-5867
-5501
-3871
-1683
172
1450
2572
3744
5099
6214
6077
4538
2629
717
-1342
-3453
-5433
-7108
-8376
-8476
-7512
-6393
-5114
-3662
-2270
-944
383
1374
1430
1097
991
1088
1652
2699
3392
3974
5134
6680
7926
8487
8215
7192
5958
4890
3593
1403
-928
-2337
-3135
-3465
-3264
-3056
-2657
-1491
36
1408
2174
2763
3326
3560
3699
4147
4360
4280
4711
5722
7264
8378
8566
8368
7919
7286
5918
3766
1542
-920
-3463
-5379
-6483
-7229
-8134
-8777
-8387
-7506
-6898
-6485
-6331
-6672
-7064
-6765
-6079
-6026
-6300
-5515
-3679
-1690
35
1351
2400
3739
5060
5456
5083
3772
1937
81
-1861
-3784
-5766
-7216
-7925
-8053
-7155
-5776
-4537
-3167
-1656
-408
569
1082
1095
997
1038
1269
1747
2591
3639
4607
5834
7506
8423
8510
8255
7267
5808
4403
2761
297
-2123
-3291
-3620
-3892
-3781
-3060
-2209
-1037
591
1958
2529
2992
3725
4015
3770
3762
4123
4360
4687
5747
7250
8137
8259
8100
7520
6551
5047
2729
235
-2250
-4389
-6105
-7252
-7550
-7941
-8308
-7743
-6673
-6122
-6058
-5912
-6189
-6974
-7148
-6689
-6643
-6904
-6083
-3969
-1875
-84
1530
2786
4268
5570
5980
5019
3014
1059
-793
-2697
-4560
-6137
-7324
-7770
-7013
-5647
-4293
-3218
-2163
-901
64
877
1149
732
390
624
1434
2526
3594
4497
5792
7392
8722
9275
8825
7658
6290
4847
3254
1128
-1387
-3004
-3625
-3592
-3174
-2727
-2010
-814
456
1660
2549
2708
2795
3122
3243
3072
3031
3429
4076
5000
6442
8078
8697
8264
7747
6955
5700
3528
891
-1486
-3709
-5596
-6947
-7401
-7390
-7637
-7400
-6348
-5375
-5162
-5300
-5615
-6414
-7257
-7406
-7166
-7452
-7599
-6125
-3604
-1520
71
1497
2827
4136
5101
5487
4364
2521
1022
-589
-2433
-4325
-5676
-6446
-6842
-6279
-5124
-4219
-3112
-1753
-763
-3
708
790
542
703
1077
1490
2249
3656
4823
5809
7323
8626
8792
8470
7881
6375
4386
2579
655
-1668
-3224
-3612
-3843
-3707
-2824
-1784
-959
228
1592
2245
2557
3099
3571
3233
2866
3215
3735
4220
5081
6514
7688
8034
7875
7396
6411
4870
2802
439
-1919
-3969
-5662
-6856
-7055
-6883
-7078
-6837
-5827
-5030
-5093
-5413
-5790
-6724
-7617
-7538
-7314
-7732
-7397
-5679
-3432
-1456
218
1760
3370
5133
6051
5573
3812
2013
454
-1320
-2936
-4582
-6149
-6740
-6274
-5300
-4139
-3050
-2350
-1538
-442
503
778
257
-31
213
984
2375
3549
4354
5550
7163
8704
9384
8861
7664
6301
4857
3256
1362
-753
-2459
-3252
-3159
-2562
-2122
-1778
-984
110
1154
1985
2173
1944
2144
2583
2830
2712
2842
3485
4291
5488
7051
8151
7963
7202
6558
5642
3949
1596
-780
-2921
-4583
-5514
-6129
-6260
-6259
-6301
-5794
-4884
-4532
-5193
-5982
-6586
-7432
-8237
-8374
-8259
-8249
-7356
-5139
-2788
-897
748
2262
3896
5314
6131
5617
3704
1879
359
-1535
-3447
-4996
-6090
-6702
-6284
-5019
-3947
-2972
-1854
-871
-118
319
483
131
-152
81
712
1836
3315
4590
5788
7452
8934
9479
9051
7935
6318
4561
2734
785
-1385
-2896
-3235
-3194
-2764
-2056
-1443
-793
255
1266
1687
1773
1907
2141
2221
2253
2596
3276
4032
5063
6515
7911
8388
7903
7153
6228
4627
2460
197
-2031
-3892
-5186
-6075
-6316
-5980
-6007
-6013
-5349
-4807
-5107
-5836
-6437
-7205
-8225
-8410
-7980
-7932
-7506
-5818
-3564
-1552
313
1773
3144
4376
5012
5376
4772
3200
1552
-45
-1694
-3369
-4676
-5155
-5441
-5523
-4663
-3572
-2874
-1812
-847
-495
-196
174
475
658
920
1420
2246
3845
5488
6285
7223
8399
8747
8396
7883
6394
4258
2527
1183
-669
-2376
-2994
-3139
-3138
-2558
-1567
-859
-104
985
1622
1799
2301
2941
2729
2400
3132
4065
4601
5480
7049
8066
7941
7444
6968
5766
3859
2014
-18
-2334
-4006
-4981
-6016
-6320
-6291
-6768
-6777
-6032
-5629
-6256
-6931
-7130
-7732
-8357
-7947
-7346
-7294
-6495
-4456
-2340
-698
698
1976
3088
4024
4788
4683
3405
1828
439
-936
-2356
-3764
-4746
-5216
-5329
-4704
-3734
-3044
-2391
-1541
-896
-565
-195
10
-11
250
1059
1869
3063
4732
5849
6725
7939
8717
8509
7839
6844
5171
3428
2116
727
-1095
-2184
-2243
-2270
-2113
-1407
-840
-498
238
1084
1439
1537
1916
2167
2106
2494
3445
4263
4887
6047
7531
8041
7473
6939
6283
4767
2574
751
-1009
-3067
-4630
-5383
-5795
-6090
-6461
-6762
-6577
-6256
-6451
-7037
-7611
-8044
-8472
-8349
-7564
-7053
-6543
-5029
-2693
-701
797
2003
3150
4130
4833
5102
4184
2483
911
-307
-1485
-2779
-3756
-4370
-4784
-4380
-3458
-2835
-2361
-1843
-1369
-999
-613
-374
-329
-129
511
1405
2605
4283
5551
6366
7517
8501
8806
8480
7408
5893
4306
2947
1727
1
-1495
-2105
-2241
-2056
-1657
-1265
-905
-232
515
877
968
1135
1385
1540
1958
2915
3866
4553
5750
7395
8179
7884
7432
6904
5649
3657
1616
-192
-2301
-4239
-5525
-6134
-6267
-6633
-7200
-7040
-6646
-6759
-7052
-7371
-7940
-8477
-8254
-7399
-6772
-6409
-5302
-3247
-1302
181
1381
2226
3151
4130
4541
4005
2638
1091
-246
-1376
-2300
-3294
-4140
-4606
-4370
-3543
-2721
-2212
-1960
-1706
-1231
-807
-761
-903
-844
-193
837
2279
3808
5098
6238
7408
8412
8874
8651
7568
6086
4668
3411
2143
676
-710
-1660
-1790
-1307
-1087
-1092
-874
-351
239
690
824
667
656
1094
2043
2833
3433
4303
5678
7391
8270
8052
7630
6955
5761
3854
1895
294
-1848
-4028
-5452
-5807
-5836
-6532
-7340
-7490
-7171
-7161
-7344
-7648
-8413
-8856
-8117
-6814
-6265
-6043
-4837
-2713
-712
722
1724
2602
3499
4020
4345
3919
2451
743
-530
-1423
-2202
-3000
-3775
-4190
-4041
-3064
-2064
-1943
-2017
-1798
-1398
-1002
-948
-1227
-1178
-380
912
2321
3766
5203
6435
7477
8386
8747
8236
7308
5943
4440
3351
2445
1192
-239
-969
-885
-467
-243
-222
-308
-153
411
780
460
-10
52
571
1456
2320
3005
3952
5402
7348
8491
8337
7858
7350
6113
4002
2015
291
-1999
-4333
-5682
-6069
-6151
-6618
-7247
-7537
-7278
-6965
-7176
-7729
-8438
-8844
-8373
-7312
-6673
-6446
-5496
-3448
-1300
210
1208
2214
3030
3385
3766
3904
2991
1397
165
-700
-1651
-2671
-3311
-3842
-4276
-3711
-2671
-2470
-2465
-1929
-1418
-1201
-1013
-836
-753
-213
848
1883
3074
4781
6061
6707
7529
8325
8319
7883
6980
5405
4051
3311
2337
691
-514
-792
-815
-824
-691
-579
-465
-93
545
526
173
378
805
1488
2311
3238
4284
5738
7407
8188
8099
8005
7692
6277
4129
2405
680
-1878
-4277
-5633
-6151
-6780
-7598
-8079
-8212
-8016
-7746
-7825
-8294
-8666
-8596
-7757
-6582
-5938
-5352
-3916
-1913
-229
821
1713
2701
3210
3456
3767
3419
2132
561
-646
-1415
-2187
-2984
-3530
-3969
-3950
-2907
-2089
-1932
-1800
-1559
-1213
-886
-847
-1148
-1149
-344
870
1922
3415
5008
6021
6840
7804
8221
7842
7105
6059
4733
3679
3030
2114
914
230
216
293
248
191
22
154
537
656
500
199
284
851
1705
2466
3219
4603
6479
7582
7866
7955
7754
6893
5097
3421
1835
-364
-2793
-4644
-5433
-5978
-6849
-7879
-8250
-8139
-8061
-8141
-8456
-8858
-9121
-8444
-7202
-6532
-6214
-5024
-3015
-1077
114
927
1971
2975
3384
3522
3444
2520
1163
-180
-1215
-2082
-3053
-3751
-4375
-4591
-3730
-2604
-2121
-1802
-1333
-935
-350
-40
-427
-930
-673
311
1316
2401
3717
4890
5875
7065
7836
7569
6990
6235
5133
4163
3435
2450
1305
777
861
947
1022
1203
1054
761
942
1146
785
155
102
642
1195
1807
2625
3776
5519
6971
7421
7391
7378
6892
5562
4082
2749
690
-1752
-3538
-4537
-5131
-6135
-7309
-8004
-8134
-7892
-7958
-8510
-9140
-9232
-8466
-7032
-6089
-5861
-5019
-3101
-887
450
788
1255
2362
3278
3679
3647
2819
1601
463
-576
-1398
-2409
-3460
-4242
-4683
-4161
-3167
-2532
-2219
-1821
-1205
-495
129
46
-458
-516
132
1140
2052
2916
3690
4609
5703
6462
6668
6232
5517
4958
4507
4067
3275
2262
1704
1668
1778
1774
1580
1122
862
942
1028
806
411
391
1030
1831
2393
2906
4008
5607
6539
6775
6821
6613
5882
4685
3753
2775
837
-1255
-2584
-3201
-3866
-5191
-6649
-7498
-7965
-8332
-8616
-9242
-9942
-9869
-8619
-7003
-6071
-5460
-4062
-2127
-354
854
1355
1629
2008
2405
2848
2720
1761
697
-133
-848
-1613
-2339
-3100
-4222
-4755
-4184
-3639
-3472
-3077
-2509
-1891
-913
18
255
298
601
1106
1649
2519
3197
3250
3756
4550
4879
4892
4809
4327
3785
3744
3957
3541
2755
2695
2878
2784
2880
2808
2176
1696
1716
1497
981
985
1269
1624
2279
3180
4133
5218
6271
6678
6527
6291
5934
4969
3670
2861
2013
373
-1132
-1996
-2339
-2937
-4326
-5625
-6590
-7310
-7959
-8776
-9858
-10520
-10090
-8695
-7263
-6428
-5330
-3460
-1251
417
1161
1399
1863
2260
2199
2234
1977
1189
358
-149
-527
-1149
-1962
-2554
-3283
-3997
-3936
-3692
-3866
-3868
-3304
-2531
-1629
-835
-296
300
1258
2216
2828
3458
4086
4144
4096
4263
4017
3457
3061
2626
2447
2491
2751
3018
3007
3210
3637
3655
3536
3459
2915
2466
2270
1780
1232
1203
1677
2336
2772
3404
4664
5979
6709
6647
6115
5582
4882
3690
2567
1953
847
-489
-1334
-1525
-1643
-2600
-3913
-4937
-5789
-6742
-7727
-8996
-10379
-11066
-10309
-8676
-7520
-6659
-5138
-2831
-586
1042
1587
1425
1814
2495
2761
2236
1269
452
-316
-855
-1045
-1480
-2575
-3343
-3496
-3502
-3487
-3670
-4022
-4044
-3591
-2739
-1752
-1241
-915
-130
1238
2865
3918
4188
4403
4787
4984
4780
4027
2863
1716
1142
1265
1459
1317
1469
2233
3235
4100
4677
4789
4535
4110
3782
3460
2813
1985
1755
2075
2668
3361
4085
5363
6699
7215
7118
6632
5758
4500
3078
2161
1049
-627
-1846
-2141
-1944
-2212
-3165
-4108
-4718
-5223
-6140
-7422
-8855
-10135
-10576
-9837
-8627
-7859
-6904
-4950
-2481
-425
906
1576
1819
1851
2237
2632
2069
897
12
-462
-925
-1280
-1563
-2254
-3142
-3300
-3103
-3219
-3581
-3869
-3951
-3729
-3011
-2222
-1656
-1027
20
1283
2852
4291
4825
5001
5356
5431
4966
3985
2610
1290
466
359
366
227
551
1553
2704
3696
4535
4910
4986
4821
4464
3817
3060
2646
2419
2433
2832
3567
4597
5933
6996
7290
7092
6721
5893
4358
2853
1837
236
-1554
-2550
-2587
-2439
-2991
-3850
-4429
-4698
-5164
-6113
-7528
-9020
-9993
-9950
-9241
-8658
-8135
-6803
-4529
-2168
-388
632
1236
1702
1912
2257
2235
1402
405
-299
-669
-989
-1342
-1749
-2505
-2962
-2796
-2827
-3234
-3672
-4047
-4166
-3826
-3412
-3133
-2731
-1801
-458
982
2766
4290
4972
5541
6206
6117
5424
4323
2592
1094
303
-165
-688
-929
-262
1036
2233
3350
4403
4847
5250
5668
5369
4511
3776
3480
3373
3312
3557
4229
5340
6675
7501
7629
7373
6899
5907
4340
3219
1969
-100
-1984
-2818
-2780
-3028
-3870
-4627
-5011
-5184
-5416
-6204
-7770
-9161
-9571
-9065
-8458
-8365
-7896
-6315
-4041
-1940
-611
92
840
1449
1747
2119
2039
1181
298
-127
-438
-875
-1287
-1670
-2370
-2924
-2616
-2621
-3270
-3631
-3653
-3673
-3581
-3234
-2940
-2679
-1783
-360
947
2415
3943
4792
5414
6039
5954
5286
4259
2786
1319
452
-44
-687
-1181
-645
545
1561
2510
3602
4440
4897
5349
5309
4608
3969
3715
3742
3645
3786
4465
5632
6850
7254
7173
7056
6748
5731
4284
3230
1862
-187
-1969
-2725
-2728
-3324
-4529
-5193
-5347
-5580
-5959
-6764
-8150
-9238
-9224
-8346
-7773
-7786
-7264
-5545
-3310
-1477
-707
-331
360
1224
1927
1975
1451
652
-101
-469
-497
-718
-1339
-1981
-2311
-2392
-2221
-2380
-3099
-3851
-4116
-3810
-3572
-3704
-3756
-3340
-2338
-681
1140
2445
3526
4719
5784
6245
6088
5219
3835
2482
1432
616
-313
-949
-1049
-573
486
1722
2578
3336
4128
4975
5418
5146
4660
4163
3869
3986
4045
4079
4571
5814
7139
7601
7420
7204
6882
5864
4683
3727
2132
-83
-1715
-2312
-2553
-3338
-4580
-5439
-5685
-5618
-5851
-6832
-8140
-9009
-8813
-7902
-7292
-7244
-6854
-5293
-3029
-1315
-639
-399
170
961
1678
2108
1804
943
199
-83
-187
-615
-1367
-2056
-2651
-2654
-2325
-2711
-3437
-3844
-4003
-3743
-3495
-3476
-3590
-3233
-2145
-833
567
1953
3090
4064
5200
5932
5830
5174
4053
2753
1760
925
35
-911
-1340
-782
47
853
1884
2711
3359
4332
5064
4965
4463
4164
4137
4078
4101
4352
4909
6107
7162
7453
7434
7314
6724
5677
4787
3771
2060
26
-1397
-2081
-2637
-3705
-4956
-5779
-6021
-6110
-6604
-7537
-8504
-8937
-8295
-7333
-6937
-6711
-5731
-3960
-2199
-962
-635
-503
10
538
1047
1295
989
353
82
49
-126
-554
-1185
-1846
-2464
-2496
-2338
-3062
-3884
-4209
-4255
-4089
-3832
-3795
-3845
-3084
-1839
-547
718
1984
3020
3978
4964
5386
5179
4592
3650
2493
1702
1131
362
-477
-519
49
470
1141
2069
2670
3175
4103
4621
4390
4268
4363
4423
4376
4618
4958
5523
6747
7691
7773
7450
7212
6721
5662
4703
3760
1905
-104
-1051
-1427
-2206
-3500
-4739
-5490
-5805
-6084
-6652
-7826
-8988
-8965
-8062
-7307
-7043
-6662
-5458
-3483
-1582
-547
-345
-220
416
1072
1232
1080
831
354
68
155
-23
-521
-1294
-1718
-1964
-2195
-2385
-3084
-3920
-4214
-4099
-4156
-4166
-4036
-3797
-2930
-1625
-398
619
1688
2989
3963
4513
4793
4545
3787
3033
2343
1539
680
-22
-417
-215
264
740
1222
1777
2570
3265
3730
3862
3678
3665
3853
4105
4130
4150
4630
5776
7202
7818
7686
7558
7303
6677
5769
4931
3565
1441
-216
-972
-1395
-2248
-3641
-4969
-5567
-5640
-5967
-6862
-8104
-8978
-8809
-7733
-6919
-6763
-6494
-5175
-3013
-1222
-453
-309
-186
393
1105
1423
1339
866
388
339
483
261
-570
-1418
-1887
-2313
-2475
-2856
-3789
-4485
-4478
-4271
-4216
-4215
-4091
-3747
-2801
-1467
-308
668
1660
2859
3799
4370
4505
4127
3501
2765
2105
1415
791
79
-397
21
683
1007
1329
2020
2754
3445
4001
4027
3719
3611
3972
4309
4350
4533
5155
6460
7743
8129
7906
7593
7169
6446
5566
4574
3035
1151
-186
-772
-1237
-2314
-3820
-4922
-5197
-5452
-6122
-7082
-8300
-9014
-8482
-7240
-6658
-6596
-5897
-4144
-2128
-798
-269
-262
-55
571
1162
1313
989
568
284
333
295
-34
-763
-1545
-2011
-2301
-2624
-3250
-4014
-4493
-4489
-4346
-4308
-4252
-4088
-3427
-2373
-1323
-258
720
1768
2811
3543
3971
3981
3480
2908
2418
1776
1089
562
45
-73
380
916
1332
1683
2247
2964
3523
3773
3701
3518
3557
3773
3900
4011
4318
5132
6640
7578
7603
7565
7433
6954
6187
5405
4366
2471
748
-170
-644
-1295
-2667
-4098
-4816
-4942
-5340
-6228
-7437
-8602
-8884
-8170
-7257
-7076
-6915
-5718
-3649
-1739
-694
-278
-88
412
1114
1415
1076
764
767
880
1051
1079
550
-470
-1103
-1302
-1780
-2944
-3951
-4645
-5072
-4872
-4639
-4847
-4923
-4217
-3032
-1855
-801
104
759
1771
3020
3411
3200
3107
2781
2237
2055
1747
952
244
209
697
1017
1276
1491
1632
2240
3158
3569
3266
3098
3201
3513
3820
3959
4107
4434
5790
7503
8048
7623
7360
7153
6521
5817
5163
3751
1714
442
51
-129
-1006
-2527
-3887
-4435
-4397
-4932
-6272
-7827
-8748
-8673
-7638
-6863
-6942
-6601
-4922
-2513
-794
-133
76
328
758
1498
1816
1274
649
354
427
628
471
-282
-1185
-1588
-1630
-1955
-2720
-3714
-4559
-4619
-4341
-4464
-4782
-4767
-4200
-3154
-1924
-851
-78
925
2191
3019
3408
3520
3059
2255
1786
1307
661
127
-266
-351
48
884
1458
1567
2058
3012
3605
3776
3862
3761
3662
3844
4213
4203
4183
5080
6449
7187
7168
7055
6820
6374
5732
5055
4032
2330
929
275
7
-559
-1934
-3380
-4080
-4314
-4762
-5719
-7168
-8294
-8464
-7650
-6857
-6851
-6767
-5531
-3467
-1708
-717
-428
-188
268
788
1038
780
368
271
536
898
1058
645
-176
-678
-914
-1270
-2043
-3273
-4285
-4676
-4549
-4427
-4599
-4771
-4287
-3132
-1849
-952
-398
204
1167
2206
2673
2525
2236
1934
1719
1647
1437
760
163
93
450
1000
1206
1282
1590
2266
3103
3711
3858
3776
4020
4487
4795
4858
4826
5468
6555
7048
7106
6953
6510
6004
5395
4793
3977
2554
1257
521
318
41
-1129
-2614
-3509
-3829
-4389
-5231
-6486
-7977
-8514
-7752
-6836
-6841
-6826
-5462
-3397
-1709
-551
-88
22
374
775
873
658
334
-53
-257
9
487
325
-218
-480
-613
-847
-1166
-1904
-3180
-3941
-3976
-4103
-4485
-4752
-4536
-3900
-2866
-1809
-1099
-241
861
1741
2277
2586
2467
2033
1730
1187
544
146
-317
-672
-587
180
850
1089
1501
2402
3136
3598
4057
4215
4238
4583
4914
4776
4576
5131
6236
6656
6520
6273
6049
5699
5126
4588
3741
2367
1156
553
312
-7
-1041
-2464
-3292
-3534
-3953
-4938
-6164
-7310
-7909
-7240
-6171
-6067
-6346
-5335
-3294
-1802
-977
-554
-312
-3
500
815
486
-148
-278
-144
-36
296
406
36
-379
-412
-290
-621
-1432
-2327
-3131
-3536
-3432
-3674
-4383
-4571
-3907
-3019
-2235
-1541
-871
-127
897
1935
2120
1855
1802
1714
1365
924
327
-331
-628
-488
-116
251
555
1122
1865
2617
3429
3900
4172
4579
5143
5588
5528
5384
5813
6629
6824
6644
6238
5651
5091
4606
4202
3380
2081
986
537
539
297
-748
-2043
-2836
-3229
-3749
-4643
-5952
-7209
-7739
-6945
-5864
-5573
-5527
-4537
-2723
-1135
-260
28
34
126
370
410
102
-481
-887
-748
-362
-136
-157
-204
-244
-330
-304
-288
-873
-1794
-2392
-2810
-3072
-3337
-3820
-4114
-3843
-3133
-2537
-2043
-1292
-495
288
1173
1589
1427
1306
1274
1011
518
-46
-693
-1030
-910
-509
-248
-48
631
1486
2242
3061
3697
3961
4512
5261
5711
5752
5673
6119
6813
6828
6553
6137
5373
4633
4086
3705
2969
1803
846
516
639
495
-570
-1874
-2572
-3149
-3866
-4658
-5721
-7014
-7507
-6577
-5539
-5392
-5101
-3854
-2369
-1047
-171
54
-19
34
251
155
-187
-681
-1106
-1200
-808
-292
-207
-213
-116
-39
-162
-330
-629
-1366
-2043
-2302
-2543
-2913
-3231
-3369
-3319
-2980
-2503
-1898
-1252
-719
-22
646
1012
1198
1122
844
692
516
162
-342
-718
-652
-444
-280
-30
391
959
1781
2492
3046
3722
4421
5216
5790
6007
6066
6524
7323
7383
6837
6150
5469
4778
4032
3486
2747
1702
911
656
845
875
-36
-1355
-2145
-2674
-3498
-4599
-5886
-7190
-7837
-7064
-5858
-5528
-5245
-3882
-1942
-547
334
684
539
412
504
611
62
-793
-1304
-1460
-1276
-967
-777
-730
-671
-433
-90
-73
-286
-594
-1129
-1553
-1826
-2216
-2749
-3180
-3187
-2973
-2817
-2202
-1364
-1070
-371
707
1189
1258
1214
965
556
237
-103
-847
-1611
-1593
-1147
-1038
-855
-177
439
1183
2186
2925
3335
4026
4988
5605
5820
6065
6667
7184
7170
6851
6177
5305
4623
3836
3111
2438
1533
657
181
312
509
-223
-1361
-1969
-2436
-3324
-4332
-5518
-6858
-7599
-6971
-5840
-5463
-5101
-3722
-1782
-442
491
925
811
729
674
564
13
-661
-1061
-1253
-1144
-860
-740
-789
-541
-165
-9
-15
-195
-594
-886
-1048
-1422
-2058
-2535
-2618
-2564
-2594
-2554
-2287
-1730
-1034
-282
242
591
986
1125
1061
842
437
-132
-662
-967
-1191
-1191
-1090
-1041
-675
123
959
1504
2047
2781
3768
4817
5593
6011
6109
6703
7636
7940
7286
6322
5435
4644
3855
3071
2337
1315
502
387
669
825
243
-902
-1684
-2101
-2784
-3953
-5408
-6905
-7722
-7237
-6131
-5674
-5323
-3913
-1707
38
1114
1502
1330
1193
1163
1011
284
-839
-1703
-2017
-1906
-1605
-1451
-1340
-1065
-423
319
581
414
47
-307
-624
-1058
-1751
-2615
-3180
-3221
-2982
-2829
-2397
-1641
-1102
-301
676
1130
1184
1155
906
489
82
-368
-1033
-1633
-1654
-1419
-1173
-927
-563
17
802
1664
2153
2496
3248
4255
4961
5293
5731
6326
7088
7507
7334
6566
5729
4968
4066
3197
2414
1357
254
-90
136
321
-205
-1150
-1714
-2126
-2684
-3568
-4960
-6507
-7386
-7126
-6304
-5912
-5560
-4302
-2311
-513
807
1371
1371
1440
1430
1040
238
-721
-1487
-1691
-1397
-1030
-889
-848
-613
-11
606
726
250
-386
-683
-682
-893
-1566
-2264
-2697
-2628
-2158
-1933
-1872
-1778
-1363
-553
137
416
458
495
590
844
886
401
-250
-616
-644
-503
-499
-711
-920
-590
216
899
1253
1530
2197
3273
4476
5235
5530
5966
6989
7784
7711
7013
6025
5034
4122
3324
2588
1471
318
-89
182
645
514
-297
-1133
-1706
-2275
-3173
-4580
-6315
-7699
-7816
-6955
-6343
-6116
-5036
-2923
-823
931
1890
2051
2027
1974
1745
1157
188
-1031
-1851
-2005
-1845
-1683
-1528
-1215
-617
27
674
951
617
293
170
-243
-1057
-1885
-2552
-2918
-2948
-2861
-2625
-2029
-1237
-414
306
868
1188
1324
1405
1079
449
-103
-560
-1063
-1462
-1469
-1197
-946
-679
-242
332
1040
1476
1710
2090
2901
3699
4224
4462
4897
5829
6660
6859
6424
5682
4988
4332
3528
2783
1736
642
24
-21
176
121
-532
-1319
-1787
-2214
-2894
-3975
-5427
-6801
-7235
-6596
-5944
-5827
-5226
-3476
-1550
10
1046
1399
1505
1665
1785
1368
432
-411
-700
-777
-820
-853
-860
-830
-572
45
507
460
204
-20
-222
-299
-588
-1331
-2168
-2476
-2210
-2092
-2134
-1952
-1659
-1083
-64
534
476
594
922
1148
1141
828
165
-485
-698
-596
-739
-1061
-1047
-844
-336
516
1137
1417
1881
2737
3698
4324
4513
4676
5138
5958
6488
6174
5314
4534
4116
3615
3034
2404
1388
474
341
726
794
148
-757
-1549
-2137
-2686
-3512
-4917
-6477
-7185
-6775
-5891
-5323
-5067
-3949
-2039
-179
1095
1546
1442
1423
1421
1180
532
-451
-1092
-1211
-1017
-713
-461
-272
-8
449
918
1028
685
136
-264
-581
-1063
-1699
-2356
-2805
-2826
-2529
-2240
-1952
-1575
-1017
-310
143
334
465
489
562
643
343
-2
-230
-445
-560
-467
-403
-518
-610
-291
272
683
1001
1371
1929
2650
3426
3966
4176
4420
5138
5953
6104
5610
4907
4307
3756
3135
2574
1784
811
381
408
501
410
-194
-1141
-1848
-2335
-2943
-3990
-5427
-6604
-6978
-6421
-5606
-5294
-4849
-3512
-1756
-165
828
1148
1102
1075
1156
1007
393
-308
-619
-626
-513
-287
-6
118
316
590
909
901
576
256
-267
-806
-1138
-1588
-2329
-2793
-2772
-2513
-2215
-1717
-1258
-763
21
642
913
1038
1207
1162
935
747
341
-244
-526
-437
-535
-659
-428
-19
323
768
1235
1557
1961
2556
3240
3638
3869
4012
4217
4769
5391
5434
4986
4458
4110
3660
3088
2651
1957
1020
589
698
591
178
-638
-1555
-2275
-2809
-3373
-4389
-5727
-6563
-6530
-5969
-5331
-4897
-4410
-3156
-1542
-237
491
539
476
511
481
221
-114
-490
-596
-295
67
543
836
967
1127
1241
1328
1018
297
-422
-1128
-1760
-2104
-2437
-2956
-3213
-2950
-2402
-1971
-1539
-865
-419
9
645
938
847
954
956
801
668
469
246
111
63
-45
-211
-240
42
321
493
954
1352
1593
2055
2629
3146
3328
3513
3782
4103
4516
4790
4540
4085
3802
3545
3168
2663
2296
1660
1090
894
728
282
-523
-1349
-2160
-2858
-3426
-4120
-5205
-6067
-6279
-5946
-5374
-4802
-4395
-3661
-2332
-858
64
172
52
27
83
130
59
-163
-269
158
795
1315
1693
1746
1567
1493
1421
958
204
-730
-1679
-2249
-2422
-2745
-3190
-3408
-3028
-2362
-1680
-1005
-663
-380
362
963
1019
1086
1084
984
1117
1192
1076
798
507
428
339
322
427
331
208
647
1217
1467
1724
1993
2197
2609
3108
3372
3287
3051
3299
3802
3990
3803
3609
3492
3434
3377
3175
2759
2165
1591
1082
460
-188
-975
-1990
-2927
-3570
-4022
-4507
-5105
-5642
-5802
-5416
-4628
-4045
-3828
-3265
-2232
-1379
-956
-913
-1065
-960
-589
-143
281
490
731
1314
2063
2440
2511
2392
2008
1374
787
79
-1002
-1985
-2649
-3183
-3485
-3401
-3285
-3161
-2735
-1998
-1418
-900
-208
209
380
829
1248
1232
1241
1305
1062
1011
1208
1071
577
334
368
272
207
387
529
692
1145
1589
1828
1860
2021
2240
2394
2532
2533
2484
2586
2974
3428
3625
3729
3843
3810
3684
3460
3142
2597
1670
792
112
-695
-1361
-2102
-3018
-3696
-4009
-4161
-4378
-4673
-4949
-4897
-4519
-4071
-3779
-3674
-3310
-2774
-2360
-1925
-1471
-1156
-679
257
1168
1808
2231
2545
2709
2663
2492
2206
1362
301
-434
-1162
-1922
-2439
-2921
-3273
-3160
-2757
-2448
-2241
-1956
-1627
-1227
-650
-52
189
468
1050
1589
1926
2244
2249
1916
1658
1608
1435
984
462
216
218
471
850
1003
1136
1461
2052
2390
2356
2125
1834
1568
1634
1665
1484
1461
1702
2209
2914
3729
4404
4636
4345
4090
3765
3051
2105
870
-293
-1306
-1969
-2258
-2700
-3182
-3441
-3459
-3267
-3202
-3461
-3901
-4310
-4554
-4584
-4659
-4759
-4833
-4434
-3465
-2342
-1367
-537
397
1505
2704
3527
3607
3273
2953
2623
1956
826
-365
-1426
-2279
-2874
-3174
-3375
-3541
-3409
-2916
-2356
-1939
-1586
-1156
-1027
-885
-256
295
329
470
940
1398
1910
2224
2159
1975
1969
2116
1895
1434
1138
1042
1048
1150
1187
1079
1161
1439
1617
1524
1350
1361
1348
1157
1113
1256
1417
1596
1836
2250
2706
3171
3620
3895
3888
3640
3334
2664
1884
1169
357
-416
-1086
-1681
-2052
-2325
-2596
-2847
-3008
-3151
-3363
-3722
-4139
-4602
-5011
-5149
-5113
-5044
-4660
-3864
-2867
-1788
-614
585
1523
2326
3140
3585
3528
3181
2463
1306
203
-710
-1766
-2830
-3500
-3849
-3882
-3574
-3150
-2739
-2158
-1504
-881
-397
-73
98
154
448
725
856
1067
1365
1607
2131
2711
2858
2924
3087
3030
2813
2623
2339
1789
1316
1090
883
594
564
642
601
754
1052
1189
1242
1452
1620
1688
1699
1782
1883
1913
2200
2475
2572
2574
2720
2820
2555
2183
1762
1065
398
-80
-815
-1613
-2132
-2455
-2694
-2868
-3047
-3309
-3598
-3851
-4096
-4489
-4753
-4803
-4884
-4604
-3860
-3096
-2354
-1384
-260
744
1685
2448
2794
2493
2124
1655
613
-583
-1593
-2427
-3203
-3575
-3501
-3401
-3031
-2312
-1601
-1113
-598
-8
225
271
422
366
95
165
465
714
1035
1631
2118
2625
3253
3552
3611
3475
3246
2877
2390
1818
1117
509
137
4
25
52
214
379
592
1026
1323
1467
1554
1498
1433
1321
1268
1129
1027
1012
1132
1355
1398
1403
1335
1380
1569
1600
1368
1028
684
394
143
-252
-848
-1521
-1948
-2109
-2312
-2659
-3016
-3323
-3441
-3341
-3208
-3285
-3283
-3009
-2603
-1975
-1454
-1098
-834
-474
-88
116
139
-110
-530
-945
-1054
-1251
-1659
-1994
-2165
-2153
-1987
-1710
-1427
-1262
-948
-342
-3
151
333
361
382
569
828
968
1094
1375
1814
2380
2931
3301
3482
3674
3776
3586
3157
2555
1829
1146
584
120
-228
-534
-557
-235
70
544
1006
1348
1650
1915
1996
1842
1603
1292
1015
847
645
430
265
224
392
497
511
461
501
512
622
560
173
-112
-284
-417
-621
-713
-954
-1289
-1462
-1448
-1493
-1707
-1839
-1819
-1734
-1624
-1476
-1618
-1819
-1832
-1882
-2072
-2205
-2386
-2680
-2823
-2793
-2807
-2829
-2810
-2640
-2342
-2068
-1730
-1412
-1190
-870
-529
-285
-180
-84
-43
33
193
266
411
646
1047
1439
1835
2276
2765
3100
3287
3410
3428
3230
2871
2493
1940
1431
931
529
166
7
10
105
312
551
831
1206
1509
1680
1754
1700
1661
1528
1301
1017
690
449
325
251
148
-19
-43
6
111
171
183
76
-110
-185
-294
-318
-450
-625
-644
-527
-383
-329
-386
-412
-284
-87
42
32
-134
-390
-526
-796
-1185
-1653
-2141
-2558
-2852
-3047
-3212
-3362
-3360
-3125
-2842
-2498
-2242
-2029
-1761
-1403
-1100
-948
-812
-641
-568
-416
-145
33
222
508
897
1292
1635
2036
2420
2601
2754
2847
2741
2479
2289
2007
1620
1258
954
686
403
414
408
354
320
408
529
632
742
772
817
898
1059
1088
961
872
779
769
687
568
412
249
230
170
101
25
-12
-21
-32
-109
-225
-255
-227
-261
-313
-301
-261
-132
-43
19
107
283
422
434
437
295
52
-198
-450
-774
-1159
-1576
-1854
-2085
-2222
-2233
-2226
-2228
-2186
-1960
-1743
-1633
-1593
-1465
-1451
-1445
-1394
-1463
-1566
-1540
-1342
-1091
-768
-409
-50
368
823
1268
1657
1888
2123
2226
2186
2039
1825
1596
1238
885
572
326
121
-42
-106
-193
-252
-134
1
45
105
198
227
274
338
400
475
464
467
535
638
644
530
474
450
429
414
448
475
432
486
555
554
426
276
227
185
193
196
317
453
538
750
945
1061
1093
1055
912
694
441
116
-323
-821
-1280
-1623
-1814
-1941
-1955
-1866
-1671
-1305
-911
-631
-423
-321
-310
-427
-543
-722
-1032
-1327
-1469
-1430
-1320
-1098
-794
-424
86
607
1070
1399
1558
1666
1728
1661
1469
1266
986
775
565
356
241
168
79
-49
-65
40
114
50
40
4
-104
-110
-197
-340
-546
-624
-614
-665
-692
-611
-510
-395
-273
-206
-168
-65
120
166
128
109
70
9
-51
-132
-225
-281
-264
-73
155
325
571
812
1012
1229
1331
1300
1072
866
614
283
-82
-417
-747
-1117
-1300
-1391
-1351
-1356
-1282
-1068
-775
-478
-244
-52
34
146
230
178
-72
-306
-412
-469
-466
-418
-323
-122
198
569
918
1228
1509
1695
1745
1730
1647
1448
1228
961
656
454
264
75
-154
-270
-253
-183
-128
-165
-204
-195
-169
-272
-394
-555
-703
-816
-939
-1117
-1245
-1202
-1105
-960
-881
-804
-707
-580
-460
-426
-466
-543
-559
-556
-585
-612
-544
-479
-302
-54
196
439
655
882
1070
1189
1203
1104
910
686
458
187
-40
-303
-513
-635
-736
-733
-634
-581
-479
-277
-110
116
233
306
392
464
499
435
278
178
149
71
60
40
76
255
487
682
847
1054
1353
1506
1642
1671
1557
1403
1159
1032
903
708
528
389
272
245
266
205
81
16
62
95
-34
-145
-274
-493
-643
-767
-890
-1089
-1208
-1218
-1136
-1085
-999
-902
-844
-699
-504
-451
-589
-732
-842
-898
-1025
-1208
-1362
-1359
-1204
-906
-632
-388
-73
216
447
635
649
569
450
188
-74
-328
-529
-749
-946
-1032
-1038
-921
-760
-608
-473
-272
45
315
435
514
651
710
662
605
509
389
376
441
454
459
501
625
729
832
940
990
1056
1144
1127
1081
1027
928
769
702
690
682
560
418
418
448
506
530
494
505
585
607
557
401
245
124
-32
-211
-314
-532
-664
-697
-737
-743
-734
-651
-622
-576
-478
-423
-506
-635
-723
-817
-877
-890
-940
-995
-932
-784
-666
-602
-458
-352
-253
-146
-86
-52
-50
-118
-217
-402
-588
-805
-1008
-1186
-1323
-1376
-1328
-1073
-829
-547
-272
11
249
439
626
749
783
754
695
742
706
771
875
896
1033
1167
1326
1494
1584
1567
1538
1456
1337
1252
1043
836
598
459
406
302
248
285
391
506
594
634
667
643
649
588
426
275
130
-23
-106
-234
-389
-424
-397
-382
-296
-270
-194
-226
-284
-302
-392
-523
-723
-885
-1072
-1174
-1265
-1268
-1243
-1186
-956
-784
-597
-489
-441
-346
-275
-275
-388
-548
-677
-834
-961
-1100
-1335
-1441
-1442
-1367
-1311
-1245
-1119
-981
-834
-676
-474
-323
-196
-89
51
184
296
377
476
582
726
892
969
1021
1089
1162
1212
1309
1272
1257
1291
1307
1322
1273
1157
1062
991
884
788
685
584
437
436
463
471
513
518
566
586
641
583
476
307
225
117
66
38
-22
-11
-60
-50
-51
-32
-85
-148
-216
-275
-394
-457
-517
-657
-691
-777
-777
-712
-633
-574
-493
-393
-345
-274
-283
-322
-380
-421
-547
-648
-730
-884
-1055
-1136
-1159
-1142
-1126
-1144
-1004
-867
-698
-627
-545
-416
-302
-271
-268
-279
-311
-254
-136
31
166
380
584
744
940
1125
1261
1313
1316
1272
1188
1066
920
755
616
554
546
529
567
596
696
821
846
862
835
767
666
598
494
394
292
197
167
158
139
135
136
190
245
318
320
264
200
90
16
-20
-115
-276
-458
-537
-564
-586
-576
-624
-611
-494
-389
-284
-261
-291
-279
-293
-326
-434
-552
-672
-829
-940
-974
-1076
-1141
-1230
-1297
-1191
-1131
-1114
-1088
-1045
-946
-795
-649
-605
-574
-512
-367
-305
-278
-202
-182
-157
-38
142
277
377
499
661
831
1028
1114
1080
1022
975
875
642
408
192
18
2
41
103
183
262
445
643
889
1045
1076
1072
970
961
818
647
563
435
367
349
360
402
430
470
578
598
561
487
405
242
129
14
-148
-261
-350
-432
-481
-411
-326
-279
-169
-79
3
24
-18
-92
-184
-291
-402
-548
-654
-725
-802
-802
-859
-881
-915
-954
-974
-965
-920
-870
-792
-766
-730
-650
-568
-490
-425
-379
-270
-199
-129
12
115
210
329
462
581
680
725
774
720
725
660
556
447
327
233
150
-10
-104
-111
-70
61
121
227
296
382
496
573
612
589
550
471
462
497
488
522
518
580
696
801
812
783
718
596
482
345
176
-23
-220
-400
-481
-522
-541
-504
-397
-330
-204
-118
-128
-43
-45
-83
-160
-323
-458
-589
-705
-777
-844
-909
-917
-1005
-1046
-960
-880
-849
-805
-687
-655
-638
-606
-524
-446
-444
-436
-411
-373
-353
-301
-265
-201
-84
50
166
333
481
585
715
789
848
837
768
598
436
238
43
-71
-182
-275
-362
-290
-205
-69
55
148
319
456
509
538
546
499
457
430
453
437
474
547
646
792
906
993
1015
970
931
852
682
521
333
113
16
-77
-171
-277
-260
-231
-186
-94
-62
-3
47
73
18
-16
-121
-249
-372
-523
-590
-605
-698
-786
-770
-703
-670
-672
-691
-605
-461
-384
-328
-343
-317
-284
-302
-314
-373
-384
-372
-293
-256
-203
-110
-50
72
185
244
339
410
444
456
441
357
264
176
98
20
-114
-212
-268
-294
-279
-206
-171
-118
-75
-62
11
44
162
243
293
273
251
337
393
434
490
546
650
729
823
828
764
735
637
541
426
278
179
76
-37
-76
-101
-55
-16
8
28
44
32
-14
-70
-107
-158
-238
-295
-371
-449
-534
-586
-634
-714
-728
-733
-710
-708
-690
-590
-510
-448
-377
-326
-320
-202
-273
-328
-328
-385
-365
-370
-384
-395
-343
-195
-19
100
180
252
302
358
401
352
250
116
-11
-82
-168
-225
-232
-232
-184
-128
-86
-47
-8
21
62
91
101
93
87
154
182
284
372
466
576
650
770
900
939
933
916
915
870
733
640
489
401
384
315
292
308
310
305
326
348
349
294
267
222
146
99
19
-72
-183
-258
-322
-366
-429
-457
-527
-557
-579
-647
-634
-658
-623
-557
-471
-421
-307
-174
-65
-18
-66
-110
-193
-256
-315
-389
-414
-410
-335
-203
-88
-18
44
90
72
37
-70
-194
-321
-402
-454
-478
-489
-426
-382
-315
-218
-115
-92
-75
-47
-64
-52
-58
-88
-140
-116
-40
70
166
255
394
513
577
683
727
718
691
675
627
567
474
382
263
243
300
312
353
394
403
434
496
515
544
449
395
339
244
175
84
9
-92
-208
-282
-335
-423
-478
-510
-515
-524
-528
-492
-434
-379
-297
-252
-230
-224
-199
-171
-174
-195
-167
-180
-175
-158
-209
-176
-177
-128
-92
-104
-106
-121
-146
-229
-288
-402
-477
-548
-622
-613
-619
-550
-492
-425
-351
-239
-158
-89
-45
-38
30
78
30
5
-51
-20
29
97
151
218
326
447
537
574
574
554
570
520
513
442
396
366
303
289
303
337
388
455
518
624
707
684
617
587
559
448
351
293
261
279
266
130
-3
-32
-89
-107
-83
-85
-86
-199
-249
-198
-127
-56
-42
28
68
75
91
49
-1
-60
-59
-61
-149
-150
-92
-59
-29
5
-51
-165
-224
-310
-387
-478
-573
-638
-697
-745
-751
-789
-779
-728
-621
-547
-493
-418
-359
-281
-204
-165
-142
-175
-169
-149
-83
-25
43
88
127
194
280
261
217
251
161
185
161
115
56
55
88
94
134
154
201
223
227
297
291
263
322
324
317
293
292
240
282
326
282
246
167
112
81
46
-8
-39
-59
-28
-28
-8
88
125
114
103
192
172
150
127
72
61
65
78
109
104
82
107
81
104
97
27
-50
-122
-180
-273
-353
-487
-591
-598
-631
-635
-606
-582
-546
-482
-415
-357
-276
-234
-177
-150
-109
-96
-122
-70
-13
24
85
128
179
295
292
276
258
192
148
132
91
60
23
1
-14
-42
27
49
66
103
145
213
255
250
269
315
336
335
316
263
201
166
156
107
71
26
49
74
112
162
232
258
256
235
201
239
227
195
173
137
138
203
160
154
153
142
163
161
134
96
56
58
69
51
22
-60
-111
-138
-206
-292
-377
-444
-479
-538
-563
-565
-573
-520
-441
-366
-257
-201
-154
-120
-78
-69
-94
-79
-105
-74
-61
-45
-4
28
67
105
106
88
27
-33
-51
-99
-123
-160
-209
-192
-216
-228
-214
-144
-67
-13
43
18
50
12
-2
4
24
-23
-59
-34
-46
-43
-18
-35
-40
-2
9
63
96
166
222
256
297
279
240
238
208
216
217
200
184
124
107
142
156
172
158
165
194
180
132
136
99
43
23
-19
-63
-148
-218
-260
-245
-238
-230
-214
-219
-221
-122
-75
-32
-39
-56
-31
-12
-2
10
11
-16
3
58
109
113
125
132
171
191
188
171
101
49
15
-33
-62
-52
-81
-80
-24
-13
15
6
19
75
99
81
66
93
60
40
-18
2
-74
-141
-116
-100
-125
-135
-115
-48
52
67
109
121
144
202
197
177
121
109
84
37
20
-49
-56
-102
-119
-101
-19
29
32
31
68
100
81
57
-16
-60
-145
-129
-166
-231
-277
-284
-212
-168
-109
-85
-27
25
43
60
83
67
41
10
8
-15
-29
-26
-23
40
84
126
131
179
191
143
132
103
81
68
53
31
13
-35
-72
-92
-79
-74
-53
-57
-98
-81
-73
-64
-84
-108
-149
-143
-137
-158
-175
-180
-132
-139
-159
-145
-129
-142
-100
-27
18
125
135
191
235
248
236
213
209
152
92
42
16
-16
-61
-129
-140
-119
-156
-145
-127
-147
-164
-187
-170
-184
-223
-251
-238
-220
-262
-230
-177
-140
-65
-39
57
87
91
105
85
92
76
45
29
-3
-3
-3
5
62
103
154
210
257
272
293
280
211
230
232
160
147
137
158
198
239
264
275
328
328
323
342
249
218
175
151
114
95
87
19
-34
-32
-51
-59
-86
-83
-75
-17
45
85
115
134
170
173
202
163
177
89
72
40
4
5
-55
-90
-108
-158
-188
-170
-213
-208
-251
-281
-327
-369
-418
-472
-459
-508
-523
-528
-493
-403
-354
-301
-213
-142
-96
-82
-54
-39
-58
-37
0
-31
-60
-57
-18
62
98
118
85
80
76
71
76
73
78
58
71
73
143
164
156
150
168
184
177
205
182
184
157
159
170
144
103
54
-12
-94
-100
-124
-160
-148
-144
-171
-155
-113
-103
-77
-44
-3
65
89
117
137
172
193
179
190
175
145
121
158
146
127
103
75
44
30
-19
-65
-47
-125
-193
-210
-242
-257
-299
-339
-343
-339
-316
-261
-209
-166
-93
-40
4
24
45
59
88
98
127
153
169
170
179
164
144
177
138
114
95
107
115
109
64
42
31
40
54
65
87
122
123
98
148
142
141
159
174
192
187
160
134
137
101
60
60
6
-57
-75
-94
-118
-101
-90
-121
-61
-9
-3
1
38
84
95
96
93
88
59
53
56
72
74
66
74
87
64
78
25
2
-46
-85
-128
-177
-227
-279
-332
-359
-367
-390
-376
-346
-298
-240
-223
-197
-129
-128
-78
-43
-53
-57
-68
-60
-43
-29
-38
-38
-22
7
22
19
1
8
2
-17
3
29
51
52
51
52
8
8
1
3
45
102
121
133
100
108
134
185
184
137
166
116
106
92
70
14
3
18
-37
-14
-16
-10
10
2
5
31
51
36
48
41
55
55
63
83
41
51
11
23
36
-2
-1
-56
-103
-107
-104
-131
-173
-195
-250
-281
-248
-244
-200
-227
-208
-190
-177
-153
-168
-140
-116
-24
-16
27
62
10
40
20
24
41
27
59
92
126
149
177
174
149
142
185
181
224
180
174
153
160
178
137
140
137
187
216
215
246
249
240
257
254
246
210
203
181
148
133
73
22
10
29
33
54
87
80
53
54
61
50
30
26
8
37
-1
-48
-60
-46
-37
-49
-61
-58
-95
-93
-110
-130
-132
-201
-234
-248
-274
-303
-306
-302
-340
-342
-338
-330
-326
-319
-262
-252
-254
-279
-230
-190
-168
-154
-153
-106
-123
-102
-112
-111
-126
-110
-105
-112
-70
-67
-77
-35
12
25
26
26
-1
19
35
32
34
16
55
80
120
150
170
194
240
231
219
259
233
187
164
180
163
167
151
120
142
135
202
206
216
192
223
237
244
253
204
190
172
174
169
131
93
81
99
114
71
76
35
32
20
2
-26
-85
-134
-170
-184
-232
-251
-287
-321
-305
-302
-302
-294
-306
-304
-247
-196
-216
-227
-215
-176
-146
-92
-54
-62
-95
-110
-109
-87
-77
-75
-38
-2
15
21
26
27
32
55
47
40
58
42
46
72
87
140
142
135
188
179
207
244
215
221
188
222
234
206
198
173
174
203
203
189
215
198
233
239
213
219
226
200
167
182
167
164
158
159
154
164
134
146
136
102
86
55
43
-14
-29
-52
-118
-173
-184
-167
-238
-296
-306
-325
-312
-364
-380
-380
-392
-388
-376
-360
-354
-326
-289
-286
-281
-258
-246
-240
-239
-213
-250
-248
-223
-192
-184
-170
-147
-181
-177
-156
-151
-155
-124
-132
-92
-104
-86
-45
-39
-10
-25
19
58
89
107
86
127
142
183
187
213
236
244
237
232
232
210
250
245
274
274
254
247
265
265
288
265
240
235
213
256
262
257
253
253
221
226
196
143
140
137
116
90
63
28
-11
-30
-51
-97
-129
-167
-201
-215
-224
-217
-220
-212
-240
-254
-202
-217
-213
-178
-189
-182
-172
-170
-141
-118
-67
-69
-85
-63
-90
-60
-65
-51
-40
-35
6
-38
-87
-74
-29
-39
-27
-18
-19
-49
-18
45
20
55
55
98
93
60
70
33
70
57
93
124
160
171
147
157
165
177
170
141
161
168
165
179
173
191
216
182
207
213
192
202
196
192
192
180
133
99
93
103
94
90
57
23
24
31
-18
-39
-36
-49
-74
-132
-175
-200
-254
-288
-284
-286
-309
-322
-309
-305
-298
-288
-280
-296
-286
-289
-297
-305
-294
-310
-310
-293
-270
-255
-217
-198
-206
-206
-164
-155
-170
-152
-155
-116
-85
-75
-101
-77
-52
10
16
20
46
69
100
100
112
116
160
187
210
199
194
202
191
202
243
246
253
274
273
294
288
246
250
240
234
275
313
293
271
233
228
198
165
156
154
130
126
129
106
75
42
33
31
24
20
-7
-15
-13
-47
-84
-64
-73
-81
-102
-127
-121
-130
-150
-160
-156
-135
-137
-90
-74
-113
-98
-131
-141
-118
-138
-126
-149
-167
-135
-179
-164
-159
-140
-100
-91
-53
-29
4
9
-14
-59
-101
-98
-101
-109
-95
-71
-48
-25
-24
36
32
49
61
47
84
78
89
89
113
111
146
142
154
151
159
160
160
221
198
214
238
247
248
239
215
224
201
173
173
163
145
117
73
32
46
31
36
6
-1
1
-38
-26
-43
-38
-66
-107
-102
-168
-208
-223
-231
-232
-274
-269
-233
-219
-209
-210
-191
-219
-207
-220
-218
-253
-255
-208
-219
-214
-208
-203
-186
-179
-161
-152
-122
-129
-115
-87
-90
-85
-89
-60
-43
-50
-33
-3
18
23
9
33
45
52
102
108
87
74
77
107
116
109
118
134
116
149
127
152
156
180
187
169
206
191
211
250
231
222
240
195
190
157
153
139
92
64
79
101
105
108
70
105
85
67
82
77
46
41
30
31
23
-36
-17
-25
-64
-61
-48
-43
-28
0
4
-30
-42
-55
-70
-70
-88
-89
-88
-99
-104
-89
-56
-65
-46
-58
-76
-90
-71
-67
-57
-60
-85
-118
-146
-152
-152
-152
-129
-131
-120
-80
-68
-41
6
-16
-19
19
14
66
44
26
44
44
37
55
52
66
40
51
63
105
151
141
176
151
164
167
168
140
106
79
65
50
20
30
5
27
64
16
-4
-23
-43
-40
-20
-16
-44
-67
-93
-83
-82
-123
-169
-184
-186
-177
-158
-140
-124
-138
-105
-95
-102
-116
-141
-132
-150
-132
-120
-82
-83
-89
-119
-87
-73
-63
-50
-61
-40
-43
11
39
75
58
57
44
18
27
9
12
13
-27
-14
13
35
35
24
49
94
119
144
143
81
97
98
117
90
88
81
36
69
67
69
114
103
109
142
140
120
71
80
63
93
96
70
84
61
60
71
62
49
13
15
11
-2
-12
-11
-5
-30
-59
-45
-54
-51
-36
-40
-29
-33
-33
-66
-43
-26
-16
-14
-10
-40
-31
-19
-43
-52
-13
12
-48
-21
-48
-53
-25
6
21
31
9
21
29
12
24
-1
-30
-15
-1
-12
-31
-43
-46
-32
-33
-36
-17
-14
6
37
32
3
34
40
10
22
26
43
43
46
62
70
76
88
72
42
59
67
88
80
94
108
84
62
64
56
24
11
13
11
0
19
-5
-23
-16
-32
-50
-65
-99
-105
-97
-102
-86
-127
-140
-143
-128
-137
-151
-140
-148
-164
-142
-152
-169
-183
-179
-173
-186
-184
-150
-158
-157
-150
-155
-149
-128
-132
-89
-66
-56
-27
-33
-20
-22
-19
-28
-6
-23
-6
-8
-21
22
34
50
81
110
94
94
95
103
85
98
104
130
170
165
153
150
168
184
201
182
194
180
216
214
226
251
219
213
174
158
148
172
129
120
122
108
118
101
93
89
92
85
39
3
0
-36
-26
-56
-56
-38
-71
-63
-32
-47
-86
-61
-75
-87
-83
-78
-121
-136
-123
-149
-148
-149
-144
-159
-163
-112
-112
-116
-129
-93
-65
-65
-36
-2
-11
2
22
-8
-15
-9
-5
-41
-56
-37
-35
-20
-5
-11
-12
-8
-11
18
14
9
11
2
8
4
27
10
43
58
64
85
79
97
88
73
94
111
109
100
73
74
71
84
101
105
81
58
81
18
31
37
23
54
27
20
31
15
-46
-61
-59
-56
-87
-81
-60
-78
-111
-124
-122
-143
-169
-161
-141
-138
-144
-112
-138
-132
-115
-132
-148
-191
-191
-174
-148
-150
-117
-65
-39
-25
-42
-65
-54
-46
-68
-51
-10
-18
-5
-19
-6
5
-20
-25
-11
-9
8
34
6
21
43
10
-9
-9
36
64
76
92
103
116
116
125
128
115
114
145
162
172
175
167
173
184
166
188
142
120
129
134
110
121
110
61
70
64
102
98
70
75
49
42
39
3
-12
-39
-55
-72
-73
-45
-36
-21
-19
31
14
34
34
12
-2
-33
12
-1
8
-11
-13
-26
-45
-12
-19
0
32
50
49
23
-1
11
-21
-42
-38
-22
-33
-32
-26
-31
-16
-40
-60
-63
-85
-102
-79
-56
-63
-46
-35
-32
-66
-69
-78
-89
-76
-79
-43
-36
-58
-43
-21
-24
-13
-19
-10
-9
-5
26
18
-12
-26
-40
-62
-33
-21
16
17
-1
5
27
33
36
17
3
-5
-1
25
11
-1
-24
-76
-96
-67
-77
-62
-55
-53
-18
5
6
-1
-53
-82
-91
-89
-85
-93
-74
-92
-71
-45
-32
-42
-21
-39
-59
-53
-32
-57
-41
-28
-22
-5
-50
-30
-49
-74
-64
-70
-32
-11
-10
-1
25
28
47
50
39
16
35
61
93
116
110
113
61
85
75
109
153
123
129
153
192
158
183
181
192
203
188
153
131
127
114
102
107
101
106
139
128
150
132
99
59
56
48
24
22
14
13
2
7
-11
-36
-54
-66
-64
-84
-96
-88
-91
-118
-85
-87
-82
-94
-114
-147
-146
-124
-146
-135
-110
-95
-64
-76
-62
-41
-58
-57
-59
-38
-17
-41
-26
-34
-51
-31
-47
-49
-41
-32
-31
-5
-12
-23
20
38
34
42
59
63
24
26
18
5
27
40
23
68
69
64
89
94
70
50
59
46
64
47
47
20
19
10
48
50
1
-4
-13
-25
-53
-41
-43
-60
-58
-70
-57
-48
-44
-33
-36
-24
-28
-46
-41
-59
-65
-86
-93
-111
-99
-105
-111
-96
-90
-85
-102
-88
-77
-85
-93
-91
-75
-86
-54
-47
-34
-48
-83
-55
-60
-64
-63
-49
-51
-38
-43
-20
2
-31
-14
-19
1
0
18
59
57
65
67
79
67
68
64
54
103
102
86
139
152
168
162
174
209
178
168
175
161
152
131
126
122
118
119
118
119
103
107
121
91
55
65
46
39
24
37
37
30
31
21
34
44
24
39
45
5
0
6
-25
-46
-51
-66
-44
-74
-75
-96
-93
-91
-93
-62
-65
-29
-66
-76
-53
-57
-60
-76
-74
-57
-83
-88
-88
-66
-90
-96
-72
-71
-68
-42
-41
-77
-38
-36
-30
-39
-41
-31
-50
-53
-39
-49
-57
-55
-50
-39
-41
-4
-14
-8
19
21
14
35
42
26
22
21
11
-3
0
-7
1
-2
-23
-7
10
3
8
22
36
24
15
10
-4
10
38
32
14
30
30
44
49
37
36
23
15
1
8
11
-13
1
6
-4
-2
8
-16
-37
-27
-49
-46
-42
-76
-53
-56
-64
-64
-53
-39
-50
-52
-59
-72
-73
-61
-73
-58
-58
-45
-33
-55
-26
-27
-33
-24
-34
3
16
8
9
26
25
32
41
45
37
61
87
78
107
120
126
118
135
123
128
146
140
149
135
132
131
112
121
111
103
91
67
69
60
45
46
47
34
48
45
20
14
4
9
3
10
-9
-6
-14
-19
-10
-34
-32
-16
-48
-54
-54
-35
-46
-33
-18
-47
-38
-56
-42
-56
-60
-67
-54
-51
-54
-63
-58
-47
-48
-45
-50
-52
-51
-33
-38
-36
-19
-19
-21
-21
-38
-61
-44
-44
-37
-26
-44
-38
-41
-43
-38
0
-10
11
23
5
7
-5
-12
-13
-13
-19
2
12
-20
-8
-4
1
-3
-30
-25
-24
-28
-24
-23
-17
-28
-28
0
-20
-19
-17
-46
-38
-27
-17
-19
-18
-1
-1
9
18
15
16
12
-10
4
17
37
40
41
21
7
12
14
29
31
21
21
21
18
19
17
8
2
20
28
30
22
28
34
5
-9
2
-5
-13
-32
-32
-28
-20
-21
-31
-38
-26
-11
-8
-4
1
4
3
4
-4
-17
-18
-12
1
26
28
17
28
28
15
44
42
47
33
41
47
44
55
65
65
43
39
31
38
31
32
40
42
35
57
50
46
45
55
58
67
80
70
82
60
57
59
64
49
35
31
39
34
25
11
4
7
0
-14
-9
-8
-30
-18
-28
-28
-25
-21
-23
-35
-36
-48
-67
-82
-88
-99
-90
-78
-64
-51
-67
-60
-63
-70
-88
-111
-95
-92
-108
-94
-78
-75
-82
-75
-54
-75
-74
-70
-57
-36
-39
-11
-6
-15
-2
5
6
8
6
3
26
32
38
14
9
-1
-2
11
15
30
20
11
16
20
15
16
31
35
25
44
51
38
25
25
27
6
11
16
12
12
12
15
17
17
25
39
30
21
17
17
5
12
11
13
23
33
18
5
2
-21
-30
-35
-36
-31
-19
-24
-7
-2
-8
-8
-3
-2
-10
7
-10
-17
-16
-31
-29
-20
-7
8
3
2
3
0
-7
-4
8
6
6
22
36
41
38
38
33
31
41
36
26
15
37
50
52
42
49
33
20
16
23
38
32
35
42
42
44
41
37
39
22
22
32
39
43
21
20
41
40
28
18
10
4
4
14
21
12
10
10
4
5
1
4
-18
-8
-10
-10
-3
-13
-34
-38
-34
-49
-44
-44
-41
-37
-41
-51
-55
-53
-71
-85
-69
-82
-87
-86
-80
-69
-66
-63
-55
-44
-54
-58
-55
-47
-47
-55
-46
-38
-24
-19
-16
-5
-8
-8
-17
-9
-10
-3
6
-1
20
17
22
45
41
38
32
34
26
25
27
11
1
2
4
5
-9
9
-6
3
14
0
15
16
13
22
10
10
9
-7
10
1
4
20
24
20
24
7
9
11
16
20
16
17
1
9
14
19
20
23
17
18
6
2
-3
-2
7
11
-6
-8
-2
-11
3
7
16
3
1
7
13
11
12
5
0
13
7
12
12
22
11
10
3
16
12
18
24
6
20
2
1
8
23
25
27
25
13
28
30
20
19
20
13
15
15
23
19
32
27
22
24
11
12
17
7
15
15
10
14
6
-17
-19
-10
-14
-15
-21
-15
-34
-20
-8
-12
-22
-26
-41
-37
-32
-38
-33
-33
-20
-27
-28
-32
-36
-33
-41
-33
-36
-34
-35
-32
-32
-31
-23
-28
-16
-8
-6
-9
2
-6
-3
-6
-11
-2
10
27
18
20
12
9
0
15
1
0
4
-10
-8
-6
4
0
1
-1
-5
4
12
-2
-3
-9
-9
-14
-19
-19
-28
-27
-18
-19
-18
-2
-7
-4
-13
-24
-22
-7
-9
-10
-8
-8
2
2
15
11
5
8
27
22
17
6
-2
1
3
10
9
14
14
21
11
26
30
24
19
9
14
12
8
7
1
1
9
4
21
13
5
5
-7
13
7
14
26
28
34
36
26
29
29
11
11
23
18
22
20
13
2
4
-2
-5
-1
1
3
1
5
2
6
22
22
17
16
-3
-6
-6
-9
-4
0
14
12
-4
14
20
13
24
26
23
18
20
18
12
8
2
7
9
5
5
3
3
-1
-7
-11
-7
0
3
1
0
-7
-6
-10
-13
-14
-21
-21
-30
-29
-35
-52
-47
-36
-44
-46
-37
-46
-49
-44
-43
-46
-46
-47
-46
-35
-42
-40
-33
-27
-29
-31
-24
-24
-21
-20
-14
-23
-15
-10
-9
-5
-12
-6
-13
-12
-1
-5
2
8
16
23
21
11
9
5
-1
13
3
15
20
26
22
30
38
24
27
18
21
22
24
25
33
32
34
23
13
13
13
22
19
24
29
24
21
25
26
16
7
4
8
11
6
2
4
-9
-12
-9
-16
-11
0
-3
-6
1
-6
0
-9
-13
-10
-12
-11
-11
-17
-25
-22
-13
-17
-14
-11
-4
0
4
17
18
16
16
15
10
11
4
-1
0
2
3
9
13
22
20
17
25
17
28
27
23
17
26
13
8
16
15
18
9
15
17
17
12
11
16
14
9
19
13
12
22
12
9
11
4
5
6
6
16
4
2
-4
-7
-13
-10
-12
-21
-20
-25
-14
-14
-8
-9
-18
-24
-28
-28
-37
-40
-47
-36
-36
-29
-35
-34
-46
-38
-39
-37
-32
-44
-32
-37
-40
-28
-24
-16
-13
-17
-9
-21
-6
-5
-6
-17
-4
-6
-5
6
0
-3
2
2
2
0
4
13
13
20
13
14
21
15
16
14
13
9
-6
-4
-1
4
14
13
5
1
3
5
8
12
7
14
10
18
10
8
10
15
10
8
5
4
4
5
12
6
15
12
12
7
9
11
17
9
11
16
19
11
16
11
10
6
6
12
6
5
-2
-3
-6
5
12
7
11
11
22
15
19
12
3
5
0
0
-8
-5
-10
-4
-1
-4
-2
-5
2
2
4
9
7
6
6
7
5
0
0
-1
1
-5
-15
-10
0
0
4
7
9
6
4
14
9
6
14
22
18
8
4
10
7
4
10
11
3
5
6
0
5
5
2
5
8
9
10
6
10
0
-8
-15
-10
-18
-28
-23
-33
-30
-31
-25
-25
-36
-31
-30
-36
-38
-36
-46
-42
-46
-44
-40
-41
-43
-40
-43
-37
-32
-33
-29
-19
-19
-16
-18
-14
-13
-1
14
11
14
16
20
9
11
11
8
3
6
13
19
23
26
32
27
26
26
22
22
31
28
18
21
17
12
17
15
18
11
10
14
16
9
18
19
10
15
9
13
5
10
10
13
17
6
6
3
0
5
4
-5
0
-4
-7
-2
-4
-1
-4
-4
-1
-8
-12
-16
-16
-12
-13
-19
-14
-19
-11
-12
-4
8
8
20
12
2
4
3
-5
4
3
4
13
10
12
20
22
20
12
11
15
13
17
16
13
10
7
4
13
17
10
18
13
3
-1
-1
8
7
4
3
-6
-10
-1
-6
-5
-10
-11
6
4
1
0
4
0
-1
2
0
3
-5
-10
-7
-10
-12
-1
-1
9
3
10
3
1
-2
-5
0
-4
-3
5
4
0
1
0
4
-4
-8
-15
-14
-11
-11
-15
-12
-19
-14
-10
-8
-8
-21
-22
-26
-31
-36
-43
-41
-34
-28
-23
-27
-31
-31
-35
-36
-35
-31
-28
-26
-21
-22
-20
-25
-26
-23
-13
-12
-19
-8
-8
5
4
9
5
12
13
12
17
8
15
22
25
28
39
31
37
35
28
26
25
21
18
18
18
24
21
23
24
17
16
13
10
13
10
7
7
7
13
21
9
9
12
8
5
5
7
8
2
7
4
5
8
2
8
8
2
4
3
8
4
2
5
6
4
8
15
5
11
5
9
9
15
11
16
17
6
14
10
12
8
7
10
8
10
12
11
7
7
1
5
0
-2
-3
-5
-8
-6
0
1
9
1
1
0
4
1
-8
-8
-13
-15
-11
-14
-11
-7
-4
-11
-11
-11
-14
-9
-15
-24
-25
-23
-22
-24
-17
-12
-15
-9
-22
-24
-28
-26
-23
-16
-14
-24
-26
-21
-22
-20
-15
-12
-16
-17
-9
-13
-15
-12
-7
2
-8
-11
-9
-7
-15
-9
-5
-5
5
3
5
-1
-4
-3
-1
-2
5
0
3
8
11
12
12
7
3
11
5
3
-1
-5
3
-5
-7
2
8
9
13
10
1
11
13
9
5
4
0
0
0
3
9
14
16
13
15
11
9
12
3
3
8
14
19
11
14
5
7
11
7
9
4
-2
-1
-9
-9
1
4
4
-1
7
15
12
9
3
1
7
3
5
10
5
1
-4
1
2
9
8
14
18
20
22
11
13
11
4
8
8
12
14
11
12
14
15
12
12
12
8
1
-3
3
-2
-4
-8
-4
-5
-6
-2
-5
-6
-3
-1
-7
-8
-9
-11
-11
-11
-8
-7
-1
0
6
11
12
11
8
5
1
4
-4
-4
-5
-11
-6
-2
-2
-10
-7
-11
-13
-12
-18
-19
-14
-11
-14
