-3
-3
-4
-2
-4
-2
-2
0
-3
-2
1
-3
-4
-6
-6
-2
-3
1
2
-2
-4
0
-1
-3
-3
-7
-5
-8
-7
-5
-8
-4
-5
-6
-6
-7
-7
-7
-8
-8
-6
-5
-6
2
-1
-1
1
-2
-1
-2
-2
-4
-2
-7
-2
-3
-4
-2
-3
0
-2
1
0
1
-1
0
2
3
2
3
8
3
4
4
3
4
2
2
-2
3
7
8
8
8
8
7
8
7
11
8
6
8
9
7
4
8
7
6
4
9
10
9
5
10
6
7
8
7
6
7
7
5
5
4
3
2
4
3
3
2
-1
2
2
2
2
3
1
0
-4
-6
0
-3
-4
-2
-1
-3
-2
-6
-4
-7
-9
-6
-7
0
0
-1
-4
0
-2
-3
-2
-5
-3
-7
-8
-4
-5
-4
0
1
4
1
3
3
1
-2
-3
0
-4
1
0
-3
-1
-1
-2
-4
-6
-5
-4
-5
-2
-4
-3
-2
-5
-3
-5
-5
-4
-2
-6
-5
-5
-4
-5
-6
-5
-9
-6
-5
-6
-6
-6
-5
-4
-8
-5
-1
-2
-2
-2
-3
0
-4
-3
1
0
-1
2
1
0
1
5
3
6
3
3
2
0
2
1
4
4
5
4
4
3
3
3
1
3
1
3
2
3
-1
-1
1
-5
-5
-4
-6
-3
-4
-2
-1
-1
-2
-2
-4
-3
0
1
4
1
1
2
4
4
5
5
5
6
9
12
11
10
11
6
8
8
9
11
10
7
8
12
6
8
8
6
10
8
8
3
5
7
5
6
4
-1
2
-2
-1
3
1
0
-1
2
-1
3
1
0
-1
0
2
-3
-2
0
1
-1
1
0
-3
-2
-5
-2
-2
-4
-6
-6
-9
-7
-6
-7
-8
-7
-6
-8
-8
-8
-7
-8
-5
-10
-13
-11
-8
-9
-8
-6
-5
-6
-4
-2
-7
-9
-5
-5
-1
-4
-5
-6
-5
-1
0
0
1
5
2
-1
0
2
2
2
1
2
6
6
5
4
6
1
1
2
0
1
1
4
4
1
2
0
-1
-5
-3
-4
-5
-5
-7
-4
-5
-3
-4
-7
-3
-6
-4
-6
-10
-7
-4
-4
-3
-3
-4
-5
-3
-1
-2
-3
-1
2
0
2
1
2
4
4
4
2
3
3
5
8
9
8
8
7
5
5
7
3
2
1
-2
1
2
6
6
7
6
9
9
7
8
8
9
8
10
9
8
6
8
6
6
8
7
8
8
7
5
5
6
3
2
2
3
2
4
3
2
1
-1
3
4
3
1
-3
-2
-2
-3
0
-2
-2
2
-2
-6
-3
-4
-7
-8
-8
-9
-6
-1
-4
-5
-5
-3
-1
0
5
6
5
-1
-6
-3
-9
-8
-8
-6
-6
-4
-4
-3
-2
-3
-7
-7
-6
-7
-1
-2
-2
0
0
-4
-4
-2
-3
-4
-4
-4
-9
-5
-8
-12
-7
-8
-8
-6
-5
0
-1
-2
-2
-5
-6
-6
-11
-7
-6
-10
-3
-3
-1
4
-1
1
5
1
3
4
1
1
2
-5
-3
-1
3
4
6
6
5
8
11
9
8
6
3
4
7
8
6
8
9
7
8
7
6
5
4
1
-1
-4
-1
1
-4
-3
-5
0
0
2
4
4
2
-1
-2
-6
-4
-3
-1
-1
1
-3
-3
0
0
0
3
1
1
3
0
-1
-2
0
1
-2
-1
2
4
8
9
11
5
9
7
5
6
4
4
3
4
7
9
7
8
6
4
2
3
0
3
3
-1
0
2
1
1
4
3
6
6
5
2
-1
-1
-1
-1
-1
0
0
0
0
0
-2
-2
-6
-2
-2
0
1
-1
4
4
2
-1
1
2
-3
-4
-2
-1
-5
-4
-5
-7
-8
-7
-5
-9
-10
-5
-5
-7
-5
-4
-6
-7
-8
-7
-9
-9
-8
-6
-4
-4
-3
-11
-5
-3
-6
-6
-7
-7
-6
-3
-4
-3
-2
-1
-3
-2
0
-1
-1
-3
-4
0
-2
-1
2
1
-2
1
3
3
1
0
-4
-4
-5
0
1
0
0
-4
-5
-4
0
0
2
2
2
6
1
1
0
-2
1
1
2
-1
-1
-3
2
3
-1
5
3
4
4
3
2
7
9
11
4
5
6
6
2
4
6
4
6
1
6
4
7
7
2
3
8
6
8
10
4
7
6
6
4
1
2
5
2
4
3
5
4
2
5
8
6
4
5
3
0
0
4
4
6
4
4
5
5
1
-1
-1
-1
1
-2
0
1
0
-2
0
1
1
0
-2
-1
-2
-5
-6
-5
-4
-6
-5
-4
-5
-3
-3
-5
-5
0
2
3
1
4
0
-3
-2
-3
-7
-6
-5
-3
0
0
4
1
-1
3
1
-2
-3
-4
-1
0
-3
-1
-3
1
0
-5
-1
-2
-4
-4
-7
-8
-13
-12
-9
-12
-14
-11
-7
-11
-7
-7
-9
-9
-9
-8
-8
-11
-13
-14
-10
-5
-6
-3
-5
-4
-3
0
1
-2
-2
-7
-7
-2
0
4
6
3
5
5
1
8
8
7
7
8
8
6
4
2
5
8
10
10
12
12
10
10
7
7
8
5
2
2
3
2
2
3
5
2
3
7
3
-2
4
9
5
7
4
7
6
3
8
8
7
9
5
7
7
6
3
2
3
4
6
1
7
6
11
13
14
18
15
12
12
10
8
10
8
8
8
10
12
8
0
4
5
1
6
-1
-9
-8
-9
-9
-5
-2
-5
-8
-8
-8
-10
-8
-13
-15
-11
-10
-14
-15
-12
-12
-6
-5
-3
-9
-13
-15
-12
-11
-15
-15
-12
-13
-9
-8
-9
-5
-5
-4
-4
-7
-12
-12
-7
-8
-7
-2
-1
-9
-6
-5
-7
-4
0
-2
-8
-9
-12
-12
-13
-15
-11
-6
-4
-5
-5
-8
-6
-5
2
1
-2
1
-1
-3
1
6
6
3
-2
5
6
3
0
6
7
12
8
5
6
7
4
0
11
16
16
18
17
15
11
7
8
5
3
4
7
-1
-4
-6
0
0
4
-2
-10
-6
0
-2
-1
9
6
-3
-8
-2
-4
-3
2
0
-2
1
3
-1
-3
8
15
8
9
7
-2
-1
6
7
7
10
13
9
7
4
2
5
-1
-4
-6
-5
-6
-15
-14
-19
-10
-7
-3
0
6
16
23
22
28
38
41
41
36
38
39
42
43
48
52
53
49
40
33
30
22
20
15
19
18
18
24
44
49
49
57
50
38
26
16
-4
-22
-28
-47
-76
-87
-90
-95
-106
-110
-109
-111
-120
-130
-121
-123
-115
-93
-93
-88
-69
-49
-38
-34
-29
-18
-24
-27
-33
-45
-50
-55
-58
-62
-54
-37
-29
-23
-8
6
19
26
39
50
47
47
51
56
55
54
60
54
42
35
29
23
27
34
28
10
13
15
30
48
54
75
86
111
123
132
150
146
137
151
147
127
104
80
72
57
53
36
5
-3
-3
-20
-23
-34
-54
-37
-22
-24
-14
-13
7
30
43
64
59
41
18
2
-9
-22
-48
-79
-98
-116
-130
-141
-169
-179
-170
-170
-175
-183
-178
-167
-148
-118
-86
-68
-47
-28
-13
8
25
29
31
28
18
-4
-21
-17
-45
-43
-26
-31
-34
-26
-5
8
31
53
54
55
66
73
81
62
39
51
70
80
78
66
55
51
58
51
24
18
34
37
39
68
81
79
97
145
173
193
222
188
187
219
205
170
143
115
82
57
41
15
-12
-26
-38
-45
-60
-72
-92
-107
-102
-108
-113
-122
-110
-91
-60
-28
-11
2
14
10
-15
-51
-94
-137
-180
-229
-279
-311
-343
-369
-367
-366
-347
-325
-312
-288
-254
-220
-205
-192
-147
-92
-45
-10
34
84
132
151
137
156
169
149
109
90
88
86
70
53
67
90
116
137
156
165
173
191
185
172
165
153
132
150
190
199
195
175
174
196
200
190
168
130
127
166
175
190
235
262
277
321
349
330
272
237
212
161
90
15
-49
-60
-49
-65
-79
-115
-128
-119
-140
-165
-170
-144
-152
-149
-121
-94
-102
-112
-107
-116
-143
-199
-263
-352
-413
-460
-491
-501
-508
-492
-480
-474
-467
-473
-449
-400
-367
-329
-285
-223
-177
-83
28
77
93
111
91
95
75
17
-14
-11
39
74
89
122
199
244
265
305
335
339
316
314
300
280
302
324
325
334
366
360
277
209
211
177
98
77
104
101
96
132
144
173
251
282
271
330
479
581
565
537
499
435
354
295
172
10
-64
-148
-221
-188
-150
-170
-239
-247
-184
-78
-72
-206
-350
-385
-307
-355
-426
-425
-455
-459
-392
-368
-408
-481
-578
-630
-675
-723
-784
-881
-922
-809
-631
-458
-319
-160
106
331
368
323
174
-87
-227
-274
-464
-570
-532
-484
-334
-62
139
140
135
284
356
286
205
2
-90
146
434
558
739
964
1123
1285
1327
1170
898
587
347
78
-177
-320
-476
-484
-179
131
327
455
518
599
670
676
550
362
315
405
530
672
851
1067
1264
1425
1395
1227
958
581
298
55
-211
-408
-521
-454
-281
-186
-199
-313
-496
-654
-799
-1086
-1548
-1959
-2090
-1947
-1740
-1593
-1447
-1235
-935
-574
-342
-400
-566
-589
-453
-400
-444
-345
-223
-95
210
475
325
-65
-382
-701
-1043
-1299
-1588
-1975
-1986
-1494
-1006
-660
-231
186
502
987
1360
1184
932
996
989
973
1256
1323
1189
1389
1726
1666
1464
1280
886
363
86
-65
-626
-1011
-859
-642
-331
229
660
877
1204
1702
2036
2039
2200
2440
2470
2389
2411
2215
1961
1890
1907
1906
1797
1841
1721
1273
944
750
83
-922
-1614
-2161
-3008
-3665
-3946
-4174
-4101
-3652
-3325
-3144
-2712
-2203
-1938
-1833
-1730
-1862
-1858
-1477
-1327
-1276
-902
-145
349
675
1235
1841
2124
2114
1707
697
-555
-1793
-3039
-3950
-4443
-4744
-4672
-4114
-2883
-1025
513
1193
1723
2251
2526
2493
1920
779
-260
-147
697
1036
1402
2532
3637
4346
4940
4639
3170
1473
-17
-1372
-2410
-2952
-3229
-3357
-2321
-154
1711
2921
3978
4733
5310
5704
5703
5115
4217
3781
3615
3422
3391
3481
4049
4925
5062
4803
4419
3592
2313
680
-1117
-2801
-4706
-6244
-6996
-7170
-6971
-6580
-6116
-5521
-4682
-3750
-3132
-3285
-3586
-3386
-2903
-2521
-2580
-2355
-1296
-161
708
1505
2238
2280
1989
2187
1902
760
-687
-2069
-3568
-4958
-5180
-4967
-5540
-4991
-3242
-2250
-1048
412
1018
1305
2185
2741
2294
1876
1781
1130
727
1814
2354
2061
2757
3392
2995
2883
2614
1150
-354
-1045
-1331
-2145
-2741
-2327
-1896
-1152
609
1789
2112
3146
4048
4241
4595
5018
5092
4903
4861
5014
4765
4388
4358
4633
5319
5465
4880
4334
3600
2595
1534
287
-1468
-3288
-4644
-5586
-6118
-6596
-6954
-7111
-6757
-6092
-5393
-4829
-4695
-4681
-4284
-3149
-2049
-1776
-1440
-388
739
1500
2064
2123
1693
1820
2445
2206
1056
-195
-1713
-3216
-4189
-4420
-4847
-5688
-5669
-4966
-4023
-2424
-903
-11
806
1981
3063
3595
3454
2922
2436
2499
3109
3020
2802
3020
3019
3096
3393
2763
1320
-16
-964
-1602
-2124
-2543
-2880
-2885
-1938
-481
231
707
1747
2616
3364
4325
4765
4898
5321
5653
5744
5612
5344
5222
5563
6320
6458
5667
4907
4348
3334
2206
1093
-906
-3276
-4697
-5490
-5923
-6514
-7494
-8085
-7817
-7060
-6384
-6298
-6495
-6130
-5089
-3413
-2207
-1888
-1372
-9
1392
2153
2586
2608
2230
1859
2419
2850
1400
-517
-1916
-3318
-4369
-4748
-5313
-6426
-6695
-5279
-3863
-2848
-1552
-637
13
1296
2739
3136
2897
2779
2609
2878
3885
4325
3844
3641
4076
4366
4233
3481
1617
-210
-1012
-1442
-2337
-3260
-3637
-3488
-2621
-1081
114
728
1203
2108
3139
3622
3833
3881
4066
4552
5263
5557
5444
5441
5961
7071
7607
7030
5995
4697
3561
2725
1761
-148
-2429
-4057
-4872
-4724
-4892
-6243
-7826
-8108
-7413
-7039
-7347
-7983
-8267
-7670
-5793
-3817
-3026
-2260
-471
1655
3148
4136
4443
3737
2950
3021
3390
2629
744
-1209
-2547
-3144
-3587
-4494
-5566
-6439
-6245
-4944
-3979
-3385
-2348
-1373
-316
1273
2655
3364
3528
3742
4205
4686
5321
5163
4245
4021
4342
4150
3370
2193
496
-643
-843
-1291
-2127
-2881
-3157
-2758
-1945
-860
-148
-89
417
1612
2666
3219
3166
3115
3852
4946
5616
5681
5444
5723
6701
7759
7863
6924
5783
4412
3014
2202
1307
-1119
-3626
-4883
-5125
-4783
-5045
-6494
-8204
-8323
-7421
-7148
-8069
-9016
-9122
-8119
-6045
-4462
-3828
-2924
-799
1583
3415
4580
4808
4234
3659
4145
4511
2929
605
-872
-1852
-2475
-3052
-4073
-5647
-6665
-5759
-4540
-4494
-4184
-3292
-2614
-1198
1017
2364
2602
3137
4272
5274
6404
6852
5660
4344
4612
4918
3964
2921
1594
14
-421
-136
-824
-2387
-3040
-2816
-2500
-1834
-1006
-1047
-1155
170
1868
2708
3039
3037
2871
3711
5367
6032
5371
4980
5846
7265
8133
8075
6915
5485
4297
3251
2553
1383
-1177
-3652
-4765
-4763
-4361
-5186
-7093
-8452
-8286
-7181
-6845
-8108
-9624
-9603
-7880
-5612
-4522
-4408
-3295
-777
1660
3342
4394
4599
4154
4065
4837
5127
3746
1592
-243
-1421
-2184
-2949
-4362
-6237
-6895
-5899
-4912
-4690
-4162
-3235
-2188
-729
978
2275
3117
3801
4473
5350
6309
6833
6333
5538
5555
5900
5618
4530
2705
1081
386
-197
-1553
-3156
-4117
-4274
-3946
-3280
-2629
-1849
-943
135
1672
2850
3485
3775
3368
3488
4759
5665
5244
4512
4801
6468
7941
7992
7227
6093
5063
4157
2977
1660
-349
-2998
-4798
-5297
-5172
-5622
-7120
-8614
-8763
-7880
-7108
-7559
-8982
-9750
-8855
-6729
-5561
-5523
-4595
-2166
402
2315
4030
4950
5035
5043
5702
5973
4590
2485
291
-1722
-3211
-3902
-4804
-6833
-7673
-6292
-4992
-4289
-3285
-2666
-2004
-404
1216
2051
2246
2638
3384
4431
5847
6894
6536
6004
6639
7132
6914
6152
4134
2009
1080
312
-1486
-3573
-4665
-4881
-4654
-3677
-2582
-2080
-1225
294
1617
2392
3240
3720
3212
3025
4296
5408
5067
4631
5144
6726
8394
8713
7815
6413
5433
4540
3058
1523
-439
-2979
-5004
-5586
-5402
-5848
-7076
-8009
-7978
-7545
-7079
-7278
-8619
-9742
-9157
-7245
-6123
-6001
-5056
-2778
-197
2039
3937
5197
5905
6085
6012
5912
5177
3518
1335
-602
-2118
-3339
-4673
-5987
-6862
-6762
-5754
-4949
-4323
-3341
-2047
-970
-2
1084
2156
2960
3671
4483
4955
5676
6442
6586
6741
7109
7115
6701
5742
4114
2581
852
-1318
-3149
-4393
-5240
-5621
-5448
-4756
-3362
-1852
-349
1171
2243
3073
4019
4087
3442
3592
4222
4432
4271
4281
5539
7312
7934
7877
7505
6904
5888
4003
2292
1040
-1111
-3895
-5782
-6239
-6262
-6864
-7799
-8192
-8167
-7750
-7201
-7727
-9055
-9570
-8502
-7120
-6647
-5945
-4093
-1829
357
2642
4633
6040
6465
6009
5610
5679
5153
3182
584
-1520
-2782
-3863
-4893
-5855
-6503
-6313
-5409
-4552
-3721
-2607
-1717
-1087
-36
1465
2591
3404
3955
4433
5445
6823
7472
7059
6836
7129
7051
6246
4967
3186
1023
-747
-2327
-3893
-5056
-5562
-5666
-5509
-4291
-2329
-821
115
1225
2620
3953
4546
4393
4041
4244
4778
4975
4836
5458
7025
7766
7441
7177
7023
6010
4128
2662
1539
-421
-2806
-4589
-5590
-6146
-6589
-7301
-8054
-8287
-7978
-7620
-7878
-8762
-9404
-8749
-7284
-6495
-5846
-4045
-1813
60
1834
3723
5379
6083
5799
5303
5174
4959
3888
1877
-179
-1488
-2642
-4143
-5287
-5888
-6189
-5905
-5316
-4416
-3131
-2079
-1202
-150
1132
2693
4062
4679
4874
5398
6382
7101
6972
6817
6895
6716
6233
5276
3794
2106
405
-1413
-3276
-4484
-5058
-5673
-6188
-5652
-4067
-2563
-1270
-11
1371
2879
4115
4609
4484
4659
5157
5258
5062
5408
6693
7364
6711
6356
6520
5936
4104
2683
1929
35
-2343
-4092
-5179
-5843
-6425
-7386
-8211
-8359
-8323
-8049
-8076
-8874
-9383
-8777
-7433
-6698
-6246
-4870
-2719
-794
723
2463
4158
5066
5228
5227
5305
5361
4857
3019
1087
-122
-1418
-3150
-4840
-5560
-6039
-6339
-5870
-5082
-4010
-2508
-983
32
1273
3073
4563
5215
5533
6158
6819
7254
7221
6960
6910
6933
6535
5597
4439
3072
1346
-560
-2413
-3782
-4627
-5337
-5871
-5759
-4557
-2863
-1575
-466
1026
2485
3622
4298
4527
4846
5184
5273
5266
5917
7133
7448
6662
6166
6221
5583
3832
2389
1325
-509
-2656
-3981
-4607
-5421
-6470
-7356
-7874
-8147
-8090
-8084
-8722
-9609
-9708
-8588
-7307
-6798
-6198
-4495
-2257
-430
1170
2572
3673
4582
4930
5009
5285
5538
4666
2852
1401
235
-1363
-3352
-4655
-5399
-6194
-6113
-5633
-5145
-3991
-2392
-1357
-630
1251
3279
4513
5152
5435
6097
7146
7870
7615
7333
7377
7183
6630
5715
4470
2768
1015
-662
-2407
-3795
-4371
-4666
-5462
-5416
-3829
-2252
-1452
-592
854
2304
3261
3662
3937
4450
4977
5228
5555
6501
7552
7338
6432
5986
5812
4802
2972
1667
299
-1701
-3405
-4274
-4953
-5991
-6909
-7493
-8029
-8528
-8688
-8676
-9368
-10079
-9720
-8422
-7426
-6941
-5987
-4133
-1704
62
1278
2392
3576
4553
4786
4766
5002
5234
4358
2909
1768
425
-1209
-2960
-4175
-5091
-5969
-6011
-5734
-5179
-3776
-2010
-998
-33
1639
3411
4906
5720
5937
6317
7120
7701
7630
7492
7605
7525
7015
6206
5065
3525
1815
66
-1859
-3274
-3691
-4159
-5104
-4945
-3416
-2094
-1396
-482
906
1957
2734
3774
4606
4934
5199
6081
7248
7708
7398
6871
6114
5233
4421
3296
2034
363
-1572
-3113
-3898
-4111
-5131
-6995
-8044
-7862
-8091
-8923
-9258
-9636
-10343
-10084
-8323
-6921
-6585
-5760
-4013
-1940
-113
1194
1985
2443
3152
4029
4676
4855
4660
4160
3280
2818
1802
-220
-2174
-3611
-4855
-5911
-6142
-6081
-5926
-5106
-3640
-1920
-305
1258
2852
4105
5259
6330
6834
7020
7093
7084
7217
7582
7711
7234
6382
5590
4743
3605
1977
-30
-1937
-3056
-3645
-4274
-4449
-4011
-3267
-2408
-1274
72
1266
2001
2756
3943
4947
5381
6140
7331
7777
7275
6981
6713
5613
3924
2740
2160
794
-1246
-3129
-3973
-4122
-4971
-6555
-7923
-8364
-8777
-9485
-10035
-10388
-10513
-10253
-8820
-7272
-6295
-5270
-3806
-2027
-382
837
1540
2145
2453
2979
4064
4882
4988
4251
3385
2963
2167
311
-1738
-3147
-4368
-5782
-6350
-6085
-5709
-5007
-3726
-2293
-711
1297
2879
3771
4491
5460
6312
6806
7052
6950
7113
7830
8315
8064
7316
6539
5470
4138
2661
973
-870
-2467
-3171
-3540
-3543
-2903
-2268
-1915
-1312
-40
1075
1602
2178
3014
3934
4849
6198
7618
7622
7101
7210
7224
6170
4453
3163
1912
100
-1801
-3276
-4258
-5121
-6314
-7657
-8267
-8443
-9029
-9778
-10328
-10523
-10266
-9303
-8214
-7456
-6428
-4882
-3136
-1778
-708
535
1418
1969
2562
3381
4417
5127
4766
3713
3243
2912
1775
13
-1733
-3233
-4392
-4926
-5237
-5394
-4959
-4166
-3220
-2253
-951
549
1572
2193
3000
4348
5692
6393
6565
6813
7679
8519
8636
8135
7378
6548
5479
4353
2856
1063
-362
-1470
-2431
-2780
-2406
-1909
-1735
-1655
-1050
-78
413
857
1502
2003
2841
4618
6512
7395
7235
7075
7232
7093
6095
4591
3041
1012
-1121
-2827
-3748
-4524
-6204
-8084
-8765
-8476
-8681
-9538
-10234
-10704
-10522
-9425
-8018
-7268
-6957
-5850
-3950
-2132
-923
-273
323
1011
1934
2840
3613
4314
4403
3796
3278
3353
2795
919
-1058
-2177
-2988
-3834
-4251
-4456
-4725
-4309
-3265
-2301
-1411
-448
455
1208
2221
3275
4167
4943
5641
6202
7049
8305
8712
8334
7950
7662
7014
5984
4617
2853
1136
135
-367
-1022
-1579
-1424
-1070
-936
-498
66
47
71
896
1957
2570
3448
5276
6525
6459
6641
7174
6699
5619
4802
3844
2124
87
-1813
-3211
-4077
-5348
-7119
-8609
-9091
-9179
-9771
-10533
-10874
-10867
-10251
-8738
-7443
-6808
-5742
-3983
-2414
-1326
-501
113
539
1047
1785
2847
4030
4384
3561
2719
2761
2555
1181
-210
-1442
-2787
-3449
-3337
-3299
-3672
-3637
-3250
-2669
-1740
-572
125
118
310
1536
3276
4464
4928
5284
6161
7528
8537
8717
8065
7151
6685
6235
5310
3978
2524
1367
584
398
635
550
-82
-553
-164
439
502
376
181
277
1138
2829
4700
5599
5587
5767
6331
6594
5988
4773
3374
1972
315
-1518
-2586
-3384
-5111
-7260
-8303
-8235
-8659
-9812
-10684
-11148
-11022
-10140
-8723
-8000
-7497
-6334
-4567
-2626
-1418
-826
-548
74
950
1655
2180
2721
3452
3709
3760
3827
3378
1998
87
-1107
-1502
-2326
-3481
-4003
-3969
-3478
-2440
-1643
-1396
-874
-61
647
1248
1698
1958
2354
3232
4096
4956
6168
7240
7754
8043
8615
8608
7646
6469
5279
3936
2748
2012
1049
187
323
584
402
160
538
765
485
783
1539
1939
2370
4011
5386
5334
5377
5966
6009
4954
4144
3878
2712
878
-772
-1872
-2734
-4051
-5918
-7752
-8652
-9006
-9769
-10944
-11572
-11414
-10783
-9438
-7981
-6873
-5684
-4140
-2508
-1276
-563
-162
79
201
497
1456
2563
2949
2731
2491
2680
2762
1842
403
-1015
-2181
-2881
-3105
-3357
-3601
-3333
-2623
-1929
-1133
-70
571
666
566
1158
2319
2923
2848
2959
3936
5413
6725
7356
7334
7351
7545
7483
6906
5766
4634
3636
2770
2268
2082
1927
1765
1678
1337
1313
1644
1652
1314
1124
1615
2876
4486
5148
4865
4973
5424
5498
4723
3854
3323
2154
432
-1116
-1948
-2576
-4026
-6003
-7507
-7993
-8494
-9532
-10669
-11479
-11503
-10698
-9221
-8055
-7415
-6224
-4395
-2469
-1244
-770
-349
134
393
469
991
1920
2502
2451
2418
2839
2842
1867
359
-854
-1537
-2426
-3347
-3794
-3836
-3483
-2774
-1856
-1109
-246
930
1572
1676
1677
2087
2589
2708
2487
2862
4168
5370
6041
6326
6835
7430
7394
6923
6354
5445
4347
3605
3157
2509
2293
2469
2301
2034
2037
2092
1978
1999
2157
2412
3435
4992
5557
5030
4993
5568
5427
4311
3350
2922
1903
462
-776
-1599
-2312
-3600
-5523
-7008
-7553
-8291
-9603
-10706
-11594
-11745
-10920
-9618
-8612
-7788
-6325
-4357
-2342
-968
-408
-192
262
735
932
1192
1836
2165
1681
1486
2091
2133
1128
-120
-1186
-2061
-2727
-3282
-3903
-4071
-3501
-2694
-1912
-958
19
939
1607
1859
2165
2807
3234
3192
2895
3026
3849
4536
4821
4859
5058
5381
5829
5909
5346
4756
4468
4097
3656
3659
3895
3665
3173
2897
2722
2520
2605
2759
2367
2400
4121
5924
5790
5228
5466
5561
4944
4055
3264
2238
782
-774
-1978
-2403
-2921
-4388
-6211
-7267
-7518
-8056
-9007
-10214
-11373
-11572
-10448
-9076
-8305
-7670
-6354
-4546
-2619
-1083
-404
-54
299
705
1203
2135
2908
2488
1520
1446
2010
1704
652
-711
-2240
-3032
-2972
-3076
-3675
-3908
-3553
-2956
-2005
-626
563
1047
1108
1602
2703
3703
3790
3384
3340
3736
4471
4981
4827
4186
3833
4279
4887
4659
4219
3971
3672
3717
4407
4976
4768
4188
3894
3772
3580
3502
3164
2586
2373
3264
4960
6049
5896
5502
5765
6044
5636
4479
3337
2091
653
-836
-1776
-2193
-3436
-5442
-6872
-7193
-7466
-8413
-9537
-10660
-11335
-10970
-9900
-9055
-8570
-7700
-6155
-4188
-2462
-1485
-1045
-458
269
857
1244
1984
2674
2381
1814
2002
2124
1284
-142
-1328
-2457
-3386
-3721
-4114
-4523
-4337
-3561
-2901
-2084
-1006
-38
754
1394
1834
2399
3304
3855
3677
3840
4515
4908
4726
4398
4211
3861
3691
3660
3340
2963
2959
3286
3408
3781
4638
5029
4912
4821
4856
4418
4215
4327
3869
3496
4407
5978
6254
5584
5538
5909
5418
4520
3880
2924
1282
-426
-1565
-2163
-2781
-4277
-6107
-7135
-7543
-8049
-8864
-9857
-10857
-11093
-10171
-9023
-8390
-7823
-6752
-5165
-3535
-2197
-1465
-1242
-799
-163
341
1174
2391
2773
2231
2077
2640
2379
918
-338
-1403
-2857
-3810
-3975
-4398
-4873
-4417
-3654
-3019
-1841
-553
247
785
1323
2133
3113
3880
3934
3652
4057
4797
5108
4955
4612
4150
3695
3802
3742
3074
2674
2677
2635
3012
4247
4956
4860
5004
5364
5330
4896
4857
4672
3933
3968
5411
6592
6121
5455
5696
5829
5336
4711
3966
2755
1253
-304
-1494
-1997
-2983
-5048
-6948
-7541
-7737
-8546
-9437
-10243
-11006
-10850
-9465
-8385
-8049
-7402
-6056
-4544
-3092
-2119
-1785
-1715
-1220
-507
53
1120
2269
2216
1710
2132
2625
1911
698
-205
-1711
-3351
-3792
-4133
-4916
-4995
-4463
-4187
-3604
-2082
-830
-349
102
724
1621
2954
3988
3975
3897
4619
5397
5355
5016
4681
3888
3317
3334
2975
2233
2092
2391
2255
2761
4353
5213
5192
5338
5772
5770
5677
5837
5466
5065
5776
6821
6696
5877
5769
5707
5007
4249
3739
2851
1384
122
-972
-1804
-2569
-4116
-6174
-7460
-7877
-8592
-9568
-10415
-10920
-10558
-9456
-8174
-7315
-6410
-5247
-3947
-2661
-2037
-1791
-1727
-1732
-1645
-1351
-518
622
1193
1131
1558
2531
2541
1592
750
-227
-1503
-2396
-3076
-4106
-4695
-4443
-4180
-3697
-2733
-1588
-689
-118
545
1282
2128
2841
3014
2983
3494
4374
4704
4550
4367
4179
3820
3657
3662
3151
2689
2646
2654
2794
3459
4226
4407
4529
4977
5299
5488
5707
5597
5383
6076
7191
7211
6523
6174
6237
5703
4787
4280
3456
2214
999
-63
-783
-1456
-2786
-4953
-6494
-7116
-7985
-9097
-10148
-10978
-11071
-9992
-8640
-7800
-7000
-5704
-4079
-2635
-1760
-1472
-1469
-1437
-1235
-756
-256
-103
-169
-387
-225
505
1134
845
-223
-1055
-1341
-1357
-1675
-2624
-3720
-4261
-4121
-3763
-3289
-2989
-2943
-2714
-1510
352
1784
2699
3375
4016
4581
5302
5538
4435
2943
2427
2403
2193
2010
1785
1622
2057
3161
4329
5157
5575
5831
5894
5962
6246
6341
5943
5223
5272
6406
7413
7152
6344
6092
5979
5641
5053
4188
2962
1695
626
-120
-573
-1504
-3259
-5040
-6120
-6807
-7706
-8705
-9815
-10721
-10393
-8889
-7493
-6851
-6265
-5092
-3529
-2109
-1395
-1501
-1778
-1879
-1920
-1762
-971
-179
-515
-754
-56
655
544
129
-182
-1095
-1966
-1708
-1696
-2499
-3111
-3038
-3066
-3003
-2229
-1847
-2035
-2016
-1685
-822
614
1398
1319
1863
3063
3958
4290
4294
3744
2942
2756
2911
2587
1852
1706
2021
2326
3191
4531
5306
5451
5723
6154
6478
6836
6954
6296
5995
7077
7893
7225
6302
6090
5858
5212
4541
4017
2961
1751
902
271
-137
-814
-2344
-4280
-5521
-6262
-7352
-8761
-9901
-10739
-10656
-9312
-7845
-6832
-5896
-4470
-2747
-1371
-624
-576
-811
-1029
-944
-857
-883
-1052
-1617
-2310
-2124
-1013
-580
-1140
-1831
-2000
-1775
-1312
-1169
-1897
-2730
-3043
-2828
-2616
-2573
-2773
-3234
-3089
-1867
-192
902
1671
2444
2929
3900
4936
4557
2911
1689
1343
891
430
326
214
247
1348
3089
4427
5292
6079
6660
6757
7095
7625
7515
6912
6488
6822
7784
8067
7358
6545
6201
5796
5089
4361
3278
1826
583
-101
-343
-868
-2308
-3944
-4838
-5473
-6444
-7489
-8625
-9837
-10150
-9165
-7972
-7085
-6038
-4943
-3664
-2025
-871
-741
-934
-854
-1046
-1280
-896
-336
-516
-1131
-1149
-700
-659
-1052
-1295
-1928
-2608
-2400
-1943
-2071
-2304
-2033
-2022
-1985
-1464
-1230
-1512
-1864
-1977
-1881
-1065
-120
287
881
1954
3008
3636
3785
3412
2689
2104
1692
1264
666
166
234
657
1655
2985
4032
4774
5511
6103
6516
7077
7408
7220
7120
7713
8510
8259
7188
6571
6407
5851
5031
4175
3077
1997
1227
495
156
-223
-1615
-3340
-4277
-4917
-6259
-7714
-9107
-10296
-10484
-9470
-8125
-7255
-6305
-4807
-2941
-1241
-311
-103
-271
-192
-93
-376
-674
-1070
-1704
-2273
-2256
-1645
-1386
-1790
-2352
-2451
-2132
-1715
-1432
-1880
-2524
-2608
-2308
-2154
-2329
-2693
-3059
-2838
-2038
-1141
-240
547
1231
2040
3138
3932
3902
2997
1989
1555
1262
814
99
-355
-331
321
1577
2705
3449
4192
5095
5777
6264
6704
6909
6804
6798
7272
8155
8751
8381
7507
7006
6727
6071
5034
3898
2573
1424
594
-17
-299
-970
-2375
-3659
-4220
-4833
-6041
-7533
-9008
-9992
-9871
-8865
-7970
-7299
-6285
-4765
-2882
-1225
-459
-510
-481
-162
-160
-347
-139
-36
-772
-1301
-921
-566
-1068
-1594
-1594
-2033
-2385
-1951
-1852
-2368
-2287
-1718
-1756
-1909
-1595
-1727
-2183
-2305
-2485
-2526
-1580
-553
-432
436
2096
3157
3413
3448
3273
2531
1913
1425
592
-361
-540
-65
266
889
2201
3416
4219
4939
5769
6218
6398
6768
6815
6806
7759
8757
8349
7271
7053
7226
6585
5722
4915
3744
2653
1909
1069
482
82
-1097
-2759
-3714
-4290
-5700
-7401
-8744
-9946
-10367
-9428
-8194
-7678
-6781
-4967
-2958
-1426
-430
-116
-298
-363
-179
-151
-295
-410
-1039
-1757
-1691
-1032
-894
-1497
-2075
-2256
-2054
-1464
-1215
-1835
-2382
-2160
-1956
-2157
-2354
-2570
-3168
-3470
-3092
-2273
-1499
-956
-283
560
1791
3138
3755
3119
2122
1762
1544
917
207
-447
-801
-467
474
1483
2398
3467
4373
5006
5767
6345
6445
6348
6290
6377
7146
8286
8523
7685
7046
7163
7120
6314
5181
4019
2955
2110
1361
719
205
-724
-2323
-3513
-3910
-4825
-6560
-8094
-9300
-9922
-9366
-8306
-7737
-7158
-5832
-3953
-2174
-1022
-541
-633
-598
-210
65
-214
-420
-389
-743
-1012
-536
-58
-600
-1376
-1505
-1425
-1211
-904
-1325
-1965
-1830
-1505
-1697
-2073
-2483
-3020
-3215
-2970
-2595
-2115
-1545
-900
-250
761
2021
2886
2825
2404
2221
1842
1265
696
-92
-959
-914
21
689
1254
2291
3370
4184
5123
5908
5879
5545
5584
5782
6163
7076
7895
7836
7310
7214
7654
7574
6636
5529
4461
3571
2706
1720
767
-2
-1169
-2818
-3757
-4230
-5641
-7510
-8670
-9433
-9739
-9123
-8201
-7860
-7082
-5285
-3386
-1898
-786
-432
-656
-372
174
335
-47
-361
-571
-1096
-1154
-546
-609
-1305
-1709
-1661
-1372
-888
-799
-1454
-1867
-1767
-1794
-2116
-2615
-3215
-3755
-3803
-3316
-2563
-1849
-1199
-413
618
1854
3017
3370
2651
1949
1660
1083
411
-247
-1203
-1614
-843
110
832
2051
3262
4109
5167
6145
6300
5991
5654
5448
5427
5936
7016
7492
6992
6609
7143
7645
7149
6394
5564
4211
3189
2374
1112
-35
-934
-2568
-4219
-4763
-5306
-6603
-7924
-8829
-9322
-9062
-7927
-7160
-6950
-6020
-4440
-2744
-1439
-757
-736
-784
-189
331
224
201
462
355
-121
106
588
206
-608
-1069
-1207
-1077
-813
-1099
-1727
-2143
-2062
-1931
-2249
-2723
-3109
-3342
-3212
-2440
-1696
-1333
-654
164
746
1577
2670
2852
1980
1388
1145
857
378
-347
-1090
-1210
-627
143
1040
1826
2634
3668
4587
5253
5567
5278
4779
4657
4953
5576
6659
7420
7144
6753
7261
7939
7579
6657
5596
4462
3619
2729
1490
248
-1016
-2828
-4532
-5120
-5501
-6735
-8211
-9050
-9301
-8839
-7731
-7028
-6818
-6025
-4216
-2275
-1113
-832
-998
-801
-153
305
281
135
137
24
5
393
884
623
-325
-864
-884
-809
-1014
-1647
-2614
-3219
-3190
-3119
-3252
-3634
-3971
-3853
-3025
-2115
-1402
-724
-94
506
1150
2084
2664
2408
1598
1019
894
710
268
-439
-1085
-1032
-243
786
1592
2368
3185
4066
4865
5453
5552
4905
4174
4080
4451
5063
6126
6907
6780
6726
7490
8233
8029
7120
6029
4861
3804
2548
1025
-368
-1782
-3524
-4916
-5292
-5613
-6670
-7930
-8668
-8810
-8364
-7620
-7116
-7019
-6347
-4675
-2871
-1782
-1267
-1132
-1093
-479
565
1011
929
1225
1486
1430
1676
2019
1350
144
-712
-1061
-1166
-1507
-2265
-3206
-3646
-3555
-3229
-3228
-3538
-3544
-3235
-2610
-1642
-868
-586
-152
582
1132
1725
2461
2342
1660
1390
1408
1162
694
252
-332
-598
-154
667
1256
1725
2421
3271
4121
4771
4965
4557
3864
3731
4234
4947
5970
6706
6838
6924
7304
7865
7886
7190
6175
4987
3784
2744
1576
24
-1641
-3259
-4618
-5195
-5446
-6451
-8065
-8907
-8867
-8651
-7951
-7263
-7071
-6349
-4791
-3081
-1931
-1384
-1392
-1362
-534
486
953
983
1090
1171
1249
1749
2254
1746
559
-321
-697
-1104
-1698
-2679
-3886
-4622
-4612
-4274
-4213
-4430
-4420
-3845
-2733
-1421
-490
147
768
1286
1932
2701
2868
2192
1465
976
626
605
447
-230
-763
-397
499
1392
2186
2737
3285
3952
4660
4970
4494
3574
3092
3276
3721
4603
5974
6755
6898
7377
8127
8682
8248
7015
5658
4227
2895
1598
178
-1347
-2729
-3931
-4778
-4960
-5199
-6303
-7524
-8189
-8411
-8383
-7916
-7618
-7564
-6613
-4953
-3258
-2010
-1483
-1311
-764
373
1309
1693
1752
1777
1931
2222
2443
2300
1726
659
-331
-837
-1032
-1689
-2849
-3774
-4251
-4295
-4081
-3906
-3954
-3986
-3440
-2415
-1341
-487
-75
295
972
1811
2300
2496
2450
1859
1369
1468
1432
831
145
-243
-160
347
1115
1730
2096
2600
3365
4005
4356
4120
3387
2825
2758
3275
4160
5340
6325
6921
7279
7778
8524
8507
7443
6213
4855
3341
1843
384
-1007
-2489
-3781
-4763
-5255
-5491
-6264
-7543
-8407
-8705
-8739
-8254
-7749
-7641
-6989
-5515
-3940
-2602
-1827
-1560
-1017
142
1327
2089
2582
2512
2472
2573
2622
2516
2007
900
-594
-1544
-1977
-2443
-3133
-4015
-4713
-4889
-4557
-4041
-3928
-3954
-3763
-3097
-1868
-457
444
753
1237
2046
2730
3201
3056
2024
1183
1152
1141
703
254
-200
-314
341
1419
2351
2957
3311
3560
4060
4376
4267
3626
2742
2567
3070
4211
5687
6712
6845
6867
7604
8489
8444
7317
5726
3999
2619
1523
349
-972
-2432
-4097
-5043
-4938
-5167
-6354
-7707
-8538
-8935
-8548
-7761
-7449
-7535
-6875
-5241
-3485
-2046
-1468
-1464
-1074
83
1396
2197
2355
2324
2418
2645
2975
3038
2376
916
-313
-882
-1506
-2277
-3202
-4175
-4768
-4574
-3964
-3645
-3557
-3571
-3301
-2371
-1191
-417
-57
346
897
1557
2439
2957
2612
2078
1870
1771
1558
1290
820
208
41
636
1458
2022
2438
2792
3297
3928
4231
3954
3176
2425
2276
2952
4102
5403
6316
6589
6954
7760
8549
8337
7169
5780
4239
2848
1588
340
-1093
-2733
-4080
-4866
-5060
-5370
-6469
-7802
-8738
-9017
-8810
-8355
-8139
-8068
-7255
-5658
-3814
-2407
-1790
-1478
-667
742
1895
2378
2558
2533
2440
2527
2808
2460
1427
323
-757
-1645
-2008
-2393
-3375
-4358
-4553
-4359
-4096
-3678
-3703
-3812
-3295
-2267
-1242
-280
393
582
1188
2388
3067
2988
2858
2479
1781
1592
1643
1177
456
107
343
916
1805
2812
3142
3280
3850
4463
4379
3766
3100
2475
2517
3250
4548
5760
6358
6538
6906
7749
8259
7805
6653
5155
3620
2538
1371
67
-1302
-2889
-4306
-4970
-5051
-5827
-7280
-8402
-9066
-9256
-8761
-8143
-7963
-7728
-6605
-4893
-3112
-1851
-1455
-1219
-545
728
1680
2009
2372
2780
2833
3032
3530
3284
2180
1159
386
-773
-1811
-2471
-3503
-4432
-4515
-4276
-4114
-3715
-3268
-3037
-2480
-1627
-1005
-438
261
690
849
1433
2130
2342
2281
2253
2116
1906
1963
1831
1242
839
927
1201
1603
2157
2659
2982
3280
3688
3671
3228
2724
2259
2232
2783
3854
5366
6323
6659
7056
7581
8058
7827
6851
5584
4004
2588
1515
450
-799
-2359
-3832
-4735
-5018
-5533
-6650
-8012
-9213
-9736
-9511
-8955
-8695
-8534
-7573
-5884
-3976
-2341
-1470
-911
-15
1002
1635
2156
2765
2957
2711
2769
3122
2997
2116
1269
226
-1105
-2029
-2463
-3244
-4255
-4551
-4641
-4547
-3976
-3518
-3255
-2731
-2031
-1329
-172
1041
1381
1466
2038
2668
2878
2961
2817
1995
1538
1692
1679
1197
802
930
1249
1772
2714
3431
3622
3795
4082
3990
3585
3222
2691
2317
2614
3825
5382
6281
6514
6670
7135
7793
7727
6810
5332
3698
2366
1294
259
-954
-2503
-4113
-5106
-5373
-5840
-6959
-8257
-9332
-9798
-9481
-8751
-8342
-8205
-7343
-5724
-3872
-2268
-1414
-1114
-504
594
1427
1807
2286
2776
2808
2885
3593
3898
2977
1698
896
-83
-1095
-1752
-2799
-4076
-4658
-4555
-4477
-4155
-3672
-3294
-2580
-1400
-504
271
1230
1707
1653
1844
2539
2601
2313
2176
1990
1789
1821
1974
1678
1244
1300
1767
2143
2455
2901
3234
3339
3463
3463
3083
2485
1923
1703
2111
3186
4645
5939
6558
6869
7457
8180
8142
7129
5961
4691
3070
1552
299
-967
-2424
-3899
-5076
-5683
-5934
-6699
-8020
-9222
-9839
-9890
-9421
-8975
-8888
-8196
-6740
-4959
-3133
-1957
-1320
-510
620
1514
1951
2464
2923
3036
3105
3506
3771
3059
1749
569
-423
-1420
-2243
-3173
-4274
-4976
-5044
-4723
-4467
-4194
-3653
-2861
-1839
-774
396
1382
1903
2205
2520
2952
3149
3022
2681
2246
1960
2019
1963
1666
1459
1553
1985
2566
3198
3604
3898
4092
4141
3882
3454
2960
2170
1569
1770
2719
4017
5419
6368
6802
7221
8007
8280
7449
6233
4815
3097
1659
540
-871
-2449
-3811
-4983
-5824
-6067
-6551
-7782
-9018
-9694
-9877
-9563
-8962
-8810
-8499
-7244
-5417
-3731
-2457
-1657
-1047
-114
1038
1876
2436
2889
3353
3808
4178
4457
4107
2905
1376
112
-852
-1992
-3146
-4306
-5392
-5694
-5228
-4635
-4220
-3638
-2736
-1683
-449
763
1485
1791
2005
2278
2552
2759
2953
2733
2361
2423
2691
2654
2339
2067
1830
2012
2588
2933
2795
2870
3285
3439
3409
3131
2507
1735
1314
1593
2357
3439
4931
6144
6675
7202
7957
8340
7836
6754
5487
3921
2256
844
-641
-2196
-3525
-4725
-5815
-6217
-6425
-7393
-8772
-9599
-9934
-9975
-9404
-8906
-8653
-7842
-6149
-4326
-3006
-2074
-1337
-451
599
1658
2384
2794
3250
3666
3882
4151
4200
3395
1787
318
-799
-1974
-3025
-4074
-5344
-6158
-5856
-5100
-4618
-3999
-3137
-2346
-1028
712
1818
2241
2597
2778
2744
2995
3256
2790
2045
1911
2245
2476
2602
2678
2509
2492
3196
3902
3961
3746
3762
3583
3190
3024
2598
1591
751
885
1611
2775
4493
6089
6816
7114
7833
8608
8241
7003
5548
3831
2182
961
-429
-2015
-3168
-4284
-5472
-5953
-5974
-6794
-8298
-9317
-9740
-9948
-9526
-9005
-8946
-8539
-7013
-5009
-3396
-2206
-1402
-641
518
1882
2780
3115
3390
3766
4196
4679
4817
3903
2329
770
-538
-1501
-2379
-3779
-5462
-6265
-6131
-5469
-4609
-4094
-3542
-2569
-1185
477
1762
2194
1969
1933
2408
2695
2739
2613
2259
2105
2701
3534
3651
3291
3098
3091
3284
3724
3708
3079
2516
2380
2328
2129
1734
1003
242
98
903
2325
3828
5313
6602
7348
8001
8695
8682
7662
6189
4670
2997
1491
10
-1516
-2832
-3894
-4745
-5435
-5756
-6150
-7347
-8650
-9314
-9795
-10079
-9843
-9543
-9409
-8375
-6427
-4662
-3183
-1962
-978
145
1732
3155
3745
3952
4273
4472
4391
4168
3661
2315
515
-885
-1870
-2909
-3907
-4837
-5808
-6219
-5588
-4732
-4264
-3683
-2927
-2107
-674
988
1883
2191
2470
2807
3175
3527
3580
3197
2864
3069
3402
3698
3752
3609
3315
3398
3949
4070
3771
3437
3033
2592
2344
2153
1502
634
108
428
1453
2712
4243
5866
7024
7505
7975
8473
8217
7038
5532
3769
1962
472
-995
-2394
-3451
-4504
-5547
-5987
-5970
-6673
-8030
-8837
-9383
-9789
-9715
-9373
-9362
-9058
-7705
-5907
-4349
-2857
-1587
-503
951
2490
3472
3852
4145
4625
4902
4923
4761
3801
2094
388
-938
-2204
-3532
-4628
-5921
-6872
-6526
-5482
-4701
-3980
-2987
-2059
-731
972
1985
2115
2055
1980
1856
2111
2558
2521
2622
3214
3984
4748
5162
5169
4744
4426
4467
4378
3671
2599
1817
1229
769
630
334
-224
-424
-160
466
1739
3562
5178
6759
7872
8222
8441
8562
7897
6346
4898
3255
1319
-174
-1259
-2164
-3072
-3918
-4720
-5207
-5467
-6339
-7761
-9045
-9857
-10392
-10484
-10245
-10086
-9456
-7764
-5655
-3797
-2196
-654
782
2249
3552
4273
4673
4909
4744
4124
3703
3122
1639
-104
-1499
-2701
-3720
-4428
-5124
-5837
-5878
-5290
-4483
-3972
-3416
-2646
-1703
-546
507
1232
1954
2474
2668
2988
3596
3961
4015
4298
4439
4570
4869
5079
4748
4251
4168
4195
3859
3264
2724
2214
1652
1322
1046
488
36
-101
131
882
2146
3790
5640
7082
7718
8045
8454
8406
7278
5790
4293
2327
678
-605
-1893
-2827
-3628
-4638
-5532
-5630
-5990
-7185
-8276
-9017
-9781
-10182
-9861
-9735
-9657
-8524
-6739
-4987
-3292
-1584
-234
1061
2573
3723
4235
4620
5095
4919
4096
3423
2550
849
-1000
-2348
-3356
-4430
-5217
-5523
-5749
-5410
-4369
-3484
-3006
-2233
-1342
-645
208
825
990
1264
1856
2191
2420
3217
4150
4554
5002
5636
5816
5505
5284
4941
4161
3540
3273
2731
1855
1424
1223
929
528
265
73
-214
-147
405
1328
2647
4545
6477
7486
7828
8174
8314
7760
6632
5340
3611
1611
76
-1089
-1999
-2791
-3756
-4845
-5560
-5733
-6316
-7658
-8913
-9804
-10423
-10447
-9991
-9750
-9172
-7638
-5758
-3938
-2143
-606
430
1634
2899
3520
3924
4622
4909
4356
3903
3486
2140
151
-1581
-2954
-4222
-5189
-5820
-6329
-6282
-5299
-4106
-3281
-2430
-1495
-618
300
1174
1365
1366
1646
1904
2127
2683
3497
4230
4961
5650
6333
6831
6827
6353
5576
4740
4027
3267
2172
1081
547
302
167
116
154
88
145
601
1448
2809
4464
5999
7058
7453
7476
7616
7484
6568
5202
3807
2262
1000
-27
-1074
-1925
-2802
-3954
-4949
-5361
-6020
-7517
-8897
-9913
-10653
-10784
-10311
-9980
-9521
-8015
-6023
-4074
-2260
-777
397
1455
2534
3301
3453
3624
3976
3977
3336
2679
2185
759
-977
-1896
-2527
-3720
-4632
-4939
-5349
-5096
-4131
-3568
-3380
-2645
-1524
-695
279
1074
1170
1609
2538
2954
2919
3488
4180
4394
5000
5758
5928
5599
5472
5270
4629
4181
3888
2938
1594
1124
1016
490
125
-79
-533
-793
-275
517
1396
2880
4775
6510
7543
7982
8017
7835
7235
6060
4930
3366
1507
153
-802
-1544
-2224
-3142
-4352
-5194
-5590
-6535
-7971
-9223
-10308
-10991
-10765
-10160
-9773
-9002
-7344
-5432
-3561
-1633
-209
727
1748
2831
3330
3838
4434
4232
3445
2810
2281
1162
-370
-1685
-2979
-4159
-4631
-4620
-4837
-4767
-4166
-3608
-3030
-2200
-1460
-1164
-776
-78
583
1447
2313
2747
3129
3972
4937
5658
6236
6237
6084
6014
5771
5215
4474
3695
2973
2411
1998
1734
1584
1339
1007
821
554
324
410
748
1428
2680
4442
6134
7066
7260
7265
7474
7072
6006
4864
3269
1516
467
-336
-1399
-2353
-3449
-4805
-5588
-5775
-6792
-8376
-9457
-10343
-10844
-10337
-9528
-9170
-8386
-6625
-4670
-2827
-1259
-292
286
1159
2201
2677
2800
3044
3125
2823
2611
2399
1639
104
-1171
-1940
-2831
-3507
-3893
-4388
-4794
-4391
-3526
-2994
-2485
-1898
-1452
-750
421
1208
1427
1916
2397
2816
3450
4203
4585
4755
5156
5477
5678
5649
5280
4611
3901
3532
3237
2488
1692
1176
838
641
546
330
-117
-371
-92
874
2290
3941
5506
6729
7295
7483
7927
7750
6553
5328
4016
2233
772
-74
-1022
-2232
-3209
-4131
-5010
-5522
-6229
-7645
-9199
-10158
-10729
-10730
-10215
-9804
-9192
-7739
-5666
-3648
-1954
-814
91
1041
1969
2811
3404
3629
3425
3057
2817
2433
1533
397
-916
-2363
-3268
-3597
-3891
-4221
-4403
-4387
-3984
-3138
-2400
-1987
-1651
-1263
-557
611
1756
2175
2448
3113
3743
4476
5247
5557
5202
5049
5326
5463
5058
4499
3837
3206
2960
2938
2727
2138
1778
1681
1437
1143
1016
672
409
1079
2555
4329
5979
6752
6928
7107
7548
7524
6608
5237
3392
1658
573
-248
-1128
-2479
-3958
-5084
-5531
-5747
-6698
-8154
-9693
-10588
-10602
-9979
-9345
-9118
-8514
-6946
-4674
-2622
-1369
-782
-326
446
1368
2186
2596
2433
2238
2364
2649
2584
1954
821
-748
-1986
-2445
-2754
-3414
-4155
-4450
-4479
-3839
-2732
-2179
-2093
-1869
-1182
-212
1111
1844
1768
2020
2647
3340
4174
4782
4596
4222
4568
5172
5277
4783
3986
3317
2954
2999
3089
2643
1857
1555
1711
1688
1569
1271
523
177
1117
2779
4449
5832
6429
6555
7032
7754
7764
6662
5154
3481
1939
966
198
-812
-2386
-3915
-4902
-5206
-5551
-6700
-8385
-9984
-10828
-10723
-10137
-9701
-9573
-8892
-7041
-4631
-2492
-1347
-828
-346
587
1667
2049
1873
1735
2166
2666
3026
3169
2521
938
-665
-1233
-1699
-2836
-4019
-4947
-5509
-5025
-3840
-3001
-2693
-2287
-1452
-158
1318
1839
1565
1767
2408
2796
3344
3909
3810
3710
4354
5158
5343
5307
5102
4263
3659
3706
3639
2976
2086
1642
1683
2000
2133
1919
1226
725
1478
2921
4315
5650
6435
6456
6718
7361
7585
6747
5403
3960
2410
1412
792
-47
-1443
-3027
-4155
-4822
-5194
-6089
-7791
-9472
-10562
-10849
-10617
-10036
-9626
-9254
-7847
-5501
-3123
-1479
-627
-334
51
923
1465
1241
994
1090
1164
1609
2488
2624
1675
732
307
-437
-1453
-2166
-3187
-4420
-4686
-4229
-4012
-3768
-3204
-2559
-1718
-373
755
1349
2060
2618
2886
3250
3597
3549
3405
3688
3797
3765
4147
4374
4040
3645
3718
3745
3423
3189
2988
2640
2316
2305
2158
1406
807
860
1354
2305
3990
5728
6510
6832
7327
7672
7479
6779
5638
3867
2041
1004
381
-432
-1617
-2933
-4197
-4870
-5028
-5833
-7531
-9311
-10482
-11008
-10827
-10277
-9916
-9356
-7853
-5546
-3250
-1549
-568
-30
521
1206
1627
1634
1374
928
848
1265
1854
2006
1566
757
-134
-697
-1009
-1797
-2904
-3872
-4473
-4499
-4142
-3710
-3419
-2903
-2003
-858
633
1958
2580
2962
3498
3877
4134
4366
3983
3261
3047
3267
3393
3315
3370
3169
3009
3376
3954
4104
3905
3776
3595
3447
3187
2651
1840
1327
1809
3271
5014
6045
6306
6448
6922
7489
7413
6517
4868
2777
1277
534
8
-973
-2703
-4348
-5327
-5411
-5513
-6811
-8671
-10087
-10602
-10177
-9340
-9069
-9156
-8251
-6158
-3846
-2046
-1035
-723
-469
320
1074
1254
992
469
114
435
1297
2100
1998
1042
194
-63
-198
-757
-1906
-3465
-4478
-4455
-3998
-3562
-3427
-3469
-2908
-1506
237
1370
1916
2239
2490
2978
3691
3951
3271
2524
2375
2531
2940
3340
3226
2790
2775
3366
3856
3896
3662
3251
2947
3041
3255
2880
2030
1516
1865
3214
5035
6411
6676
6480
6654
7287
7428
6590
5162
3159
1478
821
533
-134
-1365
-3097
-4370
-4479
-4437
-5646
-7634
-9414
-10622
-10809
-9977
-9458
-9701
-9167
-7251
-4750
-2426
-821
-196
-25
598
1507
1861
1470
573
-215
-441
-38
560
848
381
-307
-251
104
-90
-655
-1773
-3087
-3643
-3451
-3347
-3688
-3915
-3761
-3063
-1392
387
1285
1942
2937
3805
4569
5162
4913
3637
2653
2523
2283
1905
1708
1425
1220
2009
3176
3838
4261
4452
4420
4495
4845
4748
3784
2901
2897
3556
4805
5887
6053
5688
5644
6298
6591
6209
5231
3546
1880
1089
817
47
-1369
-3027
-4367
-4927
-4987
-5954
-7767
-9347
-10277
-10271
-9389
-8714
-8724
-8276
-6714
-4603
-2623
-1266
-886
-869
-388
503
948
727
198
-481
-673
-24
1055
1296
628
222
267
350
346
-125
-1632
-3238
-3687
-3464
-3437
-3580
-3759
-3754
-2926
-1250
151
878
1346
1760
2459
3470
4079
3753
2927
2252
2152
2388
2540
2296
1810
1735
2283
3024
3522
3577
3405
3296
3599
4118
4207
3637
2989
3199
4234
5706
6791
6843
6244
5941
6241
6284
5543
4346
2700
1197
710
872
517
-783
-2209
-3270
-3677
-4018
-5140
-7100
-9185
-10409
-10401
-9563
-9115
-9193
-8613
-6838
-4354
-2056
-649
-219
-14
577
1194
1336
827
-296
-1260
-1458
-849
-182
2
-458
-754
-130
636
913
449
-841
-2256
-2706
-2546
-2852
-3648
-4366
-4544
-3678
-1948
-481
176
861
1960
3108
4232
4746
4294
3320
2572
2330
2141
1869
1289
699
627
1481
2613
3260
3638
3844
4122
4709
5312
5324
4596
4231
4478
5277
6497
6956
6496
5884
5949
6211
5840
5036
3683
2097
1087
801
618
54
-1046
-2516
-3405
-3485
-4106
-5673
-7522
-9227
-10240
-9946
-8952
-8670
-8566
-7561
-5777
-3518
-1477
-450
-401
-437
4
427
616
244
-639
-1471
-1560
-713
-52
-37
-472
-812
-587
2
562
308
-883
-1995
-2335
-2215
-2276
-2630
-3335
-3833
-3244
-1775
-405
194
484
895
1705
2985
3669
3308
2534
2034
1847
1880
2080
1636
892
807
1384
2163
2761
3092
3082
3085
3551
4258
4626
4504
4502
5012
6071
7349
7988
7397
6415
6217
6096
5232
4318
3046
1226
224
262
367
-85
-943
-2063
-2830
-3000
-3703
-5329
-7287
-9111
-10205
-9864
-8916
-8551
-8071
-6764
-4921
-2708
-751
220
403
614
834
656
370
-184
-1238
-2091
-2149
-1555
-1060
-1001
-1156
-1035
-514
52
539
374
-506
-1155
-1405
-1727
-2134
-2582
-3237
-3446
-2866
-2000
-936
-67
567
1153
2052
3013
3322
3084
2505
1810
1488
1513
1313
823
659
955
1478
2153
2889
3415
3654
3973
4355
4722
4893
5062
5297
5754
6834
7715
7778
7213
6679
6309
5668
4811
3660
2059
732
110
-48
-259
-745
-1529
-2279
-2503
-3027
-4360
-5978
-7519
-9004
-9706
-9280
-8922
-8738
-7613
-5890
-4052
-2125
-577
54
376
1042
1162
519
-297
-1061
-1758
-2087
-1684
-1252
-1308
-1425
-1293
-708
-262
-89
-96
-612
-1185
-1178
-1044
-1585
-2280
-2526
-2622
-2352
-1589
-1293
-1324
-735
264
981
1666
2253
2108
1867
2109
2126
1662
1254
866
447
518
1103
1465
1612
1859
2373
3030
3718
4324
4333
4179
4678
5732
6859
7901
8138
7613
7105
7130
6932
5858
4515
2920
1224
337
372
254
-410
-1178
-1904
-2112
-1907
-2590
-4546
-6709
-8257
-9176
-9203
-8993
-9153
-9012
-7401
-4787
-2582
-1008
-175
225
719
1437
1722
896
-384
-1511
-2123
-1861
-1325
-1344
-1832
-2098
-1807
-892
-83
-214
-831
-1188
-1152
-827
-584
-1166
-2281
-2577
-2182
-1711
-1139
-922
-1282
-1000
301
1434
2013
2293
1923
1419
1815
2297
1721
653
72
-100
213
1034
1473
1335
1421
2310
3407
4117
4516
4683
4860
5453
6780
8242
8834
8316
7490
7146
7093
6446
5080
3415
1591
403
277
234
-249
-947
-1740
-2113
-1819
-1905
-3384
-5447
-7170
-8559
-8933
-8536
-8648
-8847
-7932
-5829
-3297
-1191
-138
166
456
1009
1329
999
-75
-1412
-2474
-2717
-2164
-1600
-1745
-2127
-1997
-1425
-736
-19
-113
-1000
-1472
-1144
-809
-1043
-1576
-2162
-2253
-1677
-935
-613
-693
-720
-271
523
1210
1639
1572
1152
1012
1276
1469
1185
510
-41
-50
604
1039
1171
1179
1275
1922
2866
3612
3747
3957
4691
5808
7379
8660
8836
8256
7754
7447
7056
6045
4490
2714
1016
108
-41
-98
-729
-1573
-2064
-1947
-1626
-2232
-4044
-6034
-7548
-8431
-8402
-8250
-8651
-8621
-7023
-4617
-2271
-438
492
902
1364
2000
2060
1249
-36
-1573
-2613
-2688
-2300
-2181
-2488
-2693
-2405
-1557
-538
-110
-429
-976
-1016
-650
-415
-626
-1520
-2103
-1922
-1292
-678
-477
-518
-467
245
1190
1744
1794
1447
1111
1080
1275
1135
391
-258
-522
-235
390
853
1018
1092
1541
2450
3432
4019
4219
4666
5483
6728
8308
9069
8687
7868
7529
7284
6313
4951
3218
1292
63
-259
-255
-700
-1469
-2163
-2400
-2072
-2144
-3428
-5382
-7044
-8056
-8264
-7832
-7819
-8054
-7167
-4906
-2398
-584
463
839
1000
1368
1556
952
-127
-1097
-1908
-2432
-2075
-1650
-2000
-2431
-2098
-1552
-1273
-869
-757
-1282
-1448
-890
-646
-1017
-1190
-1267
-1217
-824
-436
-479
-594
-367
-47
252
643
909
805
843
1192
1417
1217
929
495
61
88
332
304
107
259
603
1027
1816
2619
2994
3478
4568
5947
7389
8701
9098
8542
8065
7879
7079
5609
4050
2110
317
-376
-439
-606
-1107
-1652
-2015
-1748
-1470
-2130
-3748
-5686
-7328
-8104
-7940
-7889
-8171
-7766
-6159
-3690
-1280
357
1187
1638
1976
2166
1995
1256
103
-1166
-2131
-2450
-2222
-2310
-2807
-2655
-2158
-1888
-1159
-578
-744
-889
-530
-447
-737
-755
-969
-1318
-1213
-921
-922
-595
-142
-161
207
934
1143
1116
1252
1130
895
866
733
161
-355
-261
-94
-99
-36
272
572
922
1615
2287
2600
3075
4011
5174
6388
7829
8898
8918
8336
8088
7814
6528
4940
3319
1404
15
-496
-694
-1237
-1730
-2010
-2203
-2018
-2042
-3117
-4911
-6388
-7416
-7976
-7743
-7699
-7773
-6713
-4505
-2149
-357
856
1478
1879
2271
2401
1731
350
-979
-1626
-1773
-1640
-1400
-1557
-2104
-2189
-1661
-1063
-887
-1176
-1682
-1841
-1358
-713
-587
-1040
-1371
-1091
-382
95
36
-483
-962
-655
103
376
255
215
249
644
1510
1789
1153
506
292
236
266
272
-46
-738
-725
182
1059
1613
1997
2411
3081
4632
6628
8117
8746
8679
8300
8223
8007
6842
5050
3167
1088
-204
-389
-654
-1347
-2043
-2332
-2151
-1545
-1578
-3044
-5077
-6651
-7598
-7746
-7675
-8155
-8294
-7009
-4579
-1902
34
925
1445
2167
2943
3054
2302
759
-753
-1252
-1050
-973
-1416
-2002
-2599
-2595
-1576
-729
-982
-1604
-1675
-1203
-422
233
-151
-1140
-1360
-731
-65
39
-524
-1376
-1476
-300
645
828
856
758
962
1731
2463
2002
796
4
-229
-203
-98
-247
-777
-1238
-610
753
1636
1905
2162
2344
2979
4656
6530
7561
7893
7880
7832
7976
7855
6694
4881
3315
1650
784
354
-505
-1185
-1690
-2081
-2030
-1596
-2090
-3765
-5494
-6826
-7731
-7936
-7933
-8346
-8282
-6664
-4086
-1761
-126
802
1441
2194
2866
2868
1946
465
-767
-1031
-827
-905
-1266
-1602
-2039
-2107
-1245
-537
-944
-1567
-1578
-1345
-830
-318
-776
-1631
-1644
-968
-345
-128
-446
-1136
-1107
29
788
700
689
712
750
1424
2198
1505
256
-4
47
-104
-12
131
-522
-1045
-192
1045
1494
1753
2208
2240
2431
3754
5325
6304
6962
7503
7714
7735
7823
7212
5682
4032
2662
1318
123
-655
-1107
-1683
-2342
-2306
-1969
-2270
-3298
-4650
-6232
-7461
-7858
-7869
-8165
-8270
-7300
-5346
-3106
-1099
379
1246
2073
2896
3240
2747
1565
488
-238
-797
-961
-1064
-1567
-2194
-2143
-1371
-884
-845
-733
-839
-874
-381
-135
-696
-1203
-1390
-1421
-1145
-863
-971
-1175
-570
169
741
1441
1860
1785
1794
2182
1967
1137
510
-70
-649
-782
-467
-496
-766
-410
500
1121
1574
2244
2525
2284
2304
3072
3925
4850
6163
7122
7275
7305
7508
7206
6171
4957
3729
2009
551
-129
-446
-984
-1680
-2188
-2592
-2752
-3102
-4200
-5892
-7372
-8078
-8235
-8056
-7922
-7572
-6228
-4064
-1914
-194
949
1640
2384
3062
3052
2216
860
-314
-1087
-1411
-1109
-1008
-1573
-1831
-1300
-487
44
210
-221
-1023
-1207
-1042
-1178
-1682
-2309
-2541
-2212
-1431
-728
-294
-20
381
1144
1866
2177
2079
1579
1056
869
831
472
-83
-603
-803
-324
305
521
582
739
972
1420
2036
2230
1877
1579
1765
2384
3548
5072
6328
6837
6958
7257
7349
6995
5854
4369
2717
1087
246
-311
-886
-1378
-1768
-2180
-2413
-2392
-3112
-4734
-6447
-7580
-8174
-8335
-8077
-7956
-7596
-5897
-3425
-1283
211
1364
2266
2819
3245
2845
1666
342
-616
-1052
-1258
-1277
-1088
-1102
-970
-280
616
934
602
121
-637
-1183
-1339
-1822
-2707
-3163
-2960
-2482
-1538
-527
56
600
1446
2263
2600
2713
2437
1680
1013
792
449
-75
-505
-683
-542
-44
598
912
996
1190
1698
2152
2328
2162
1824
1537
1669
2344
3296
4401
5647
6557
6926
7003
7140
6644
5256
3981
2814
1313
202
-309
-736
-1192
-1721
-2180
-2616
-2978
-3718
-5042
-6523
-7638
-8231
-8250
-7905
-7639
-7030
-5483
-3206
-1209
148
1209
2015
2457
2523
2091
1313
341
-431
-1044
-1159
-756
-565
-545
-282
250
502
555
367
-484
-1375
-1863
-2141
-2721
-3203
-3321
-3090
-2374
-1396
-281
701
1354
1946
2636
2908
2757
2299
1620
820
121
-80
-141
-467
-657
-349
163
636
1149
1591
1632
1778
2158
2343
2176
1819
1507
1298
1835
2878
3995
5171
5842
6152
6333
6528
6311
5312
4248
2864
1460
572
143
-345
-1101
-1893
-2688
-3104
-3203
-4025
-5611
-6946
-7692
-7963
-7710
-7327
-7205
-6701
-5041
-2689
-798
296
852
1354
1797
2084
1866
1162
299
-576
-844
-284
480
512
147
327
651
880
1040
289
-1305
-2283
-2206
-2391
-3020
-3437
-3741
-3356
-1924
-459
399
1043
1832
2342
2905
3385
3016
1883
935
496
197
273
257
-249
-577
37
1056
1513
1742
1850
1735
1949
2603
2873
2320
1679
1435
1360
1712
2597
3471
4367
5259
5936
6300
6492
6305
5439
4398
3516
2311
1185
228
-676
-1420
-2041
-2697
-3378
-3828
-4664
-5724
-6552
-7202
-7680
-7859
-7577
-7122
-6531
-5117
-3288
-1849
-900
-148
444
599
721
895
872
579
304
347
621
1069
1161
1083
912
369
-97
-336
-1062
-2066
-2507
-2778
-3221
-3334
-3115
-2944
-2459
-1726
-902
52
1124
1901
2307
2538
2458
2268
1950
1394
813
476
518
631
498
505
860
1226
1411
1787
2028
1929
2026
2344
2310
2073
1978
1723
1346
1352
1974
2762
3714
4754
5405
5630
5822
6241
6067
5121
4278
3287
1865
681
-158
-1068
-2156
-2868
-3562
-4274
-4661
-5206
-6084
-6879
-7240
-7278
-7062
-6705
-6327
-5431
-4009
-2657
-1647
-1177
-808
-370
193
678
934
887
862
1312
1754
2047
2226
1975
1150
467
136
-631
-1570
-2279
-3101
-3611
-3374
-2964
-2906
-2606
-2027
-1448
-606
358
974
1244
1735
1990
1934
1987
1804
1345
1081
1257
1410
1360
1349
1280
1239
1455
1914
2030
1776
1721
1993
2221
2270
2436
2237
1692
1453
1562
1663
2054
2992
4033
4815
5375
5864
6205
6147
5687
5031
4027
2541
1251
277
-865
-1882
-2712
-3717
-4575
-4726
-4856
-5642
-6457
-6805
-7236
-7301
-6689
-6455
-6309
-5265
-3917
-3050
-2399
-1580
-1032
-755
-87
735
1222
1457
1790
1991
1992
2110
1996
1291
266
-607
-1407
-2154
-2714
-3153
-3576
-3510
-3056
-2598
-2087
-1524
-980
-578
13
858
1262
1415
1530
1466
1360
1424
1598
1418
1307
1522
1813
1929
2043
2168
1960
1840
2087
2184
2055
2124
2086
1961
2009
2005
1833
1515
1082
1093
1711
2657
3639
4600
5320
5562
5964
6337
5990
5189
4279
2983
1373
156
-709
-1636
-2758
-3849
-4338
-4415
-4532
-4863
-5569
-6474
-6982
-6740
-6503
-6598
-6465
-5835
-4930
-3852
-2776
-2055
-1449
-701
173
961
1616
2098
2343
2305
2246
2310
2044
1053
-2
-761
-1671
-2333
-2667
-3134
-3476
-3144
-2604
-2214
-1772
-1192
-705
-321
10
382
617
900
1101
1126
1319
1736
2033
2027
2212
2349
2320
2474
2637
2239
1765
1980
2169
2018
2019
2302
2278
2117
2280
2215
1808
1382
1086
989
1183
1929
3012
4095
5061
5758
6181
6335
6290
5913
4857
3522
2104
610
-775
-1902
-2841
-3848
-4625
-4980
-4925
-4970
-5426
-5990
-6545
-6953
-7034
-6917
-6990
-7049
-6402
-5311
-4220
-3051
-1946
-938
283
1613
2552
2767
2829
2843
2441
1992
1685
791
-849
-1902
-2194
-2659
-3041
-2881
-2895
-2989
-2165
-1213
-1109
-1121
-880
-780
-597
-25
157
-92
294
947
1252
1846
2533
2559
2427
2906
3202
2837
2500
2166
1659
1494
1977
2305
1904
1869
2481
2734
2780
2890
2525
1661
1269
1278
1140
1130
1629
2444
3511
4759
5664
5960
5849
5691
5280
4493
3323
1618
-164
-1449
-2185
-2703
-3414
-4017
-4324
-4350
-4320
-4517
-5092
-6038
-6819
-7210
-7251
-7156
-6983
-6654
-5886
-4526
-3056
-1637
-315
791
1655
2532
3227
3225
2587
1832
1232
678
-37
-916
-1659
-2253
-2464
-2206
-1889
-1983
-1913
-1583
-1393
-1228
-991
-957
-1395
-1234
-567
-241
125
878
1248
1548
2430
3028
3042
3061
3129
2994
2942
2847
2618
2335
2284
2499
2713
2742
2808
2900
2611
2383
2246
1826
1357
982
772
681
932
1571
2199
3135
4294
5141
5600
5646
5384
4791
3829
2758
1509
-6
-1285
-2054
-2697
-3155
-3351
-3790
-4260
-4490
-4723
-5409
-6129
-6836
-7742
-8048
-7615
-7166
-6816
-5862
-4617
-3341
-1725
-167
1002
1901
2454
2724
2719
2391
1698
780
-52
-848
-1518
-1894
-2184
-2303
-2247
-2026
-1767
-1473
-1246
-1196
-1181
-1318
-1419
-1511
-1209
-812
-507
137
843
1477
2183
2957
3360
3481
3773
3856
3512
3280
3168
2840
2577
2671
2830
2757
2801
2923
2815
2569
2541
2442
1894
1412
1334
1233
1031
1081
1283
1568
2129
2973
3832
4419
4699
4572
4228
3794
3111
2278
1149
-201
-1266
-1999
-2553
-3003
-3582
-4376
-4944
-5101
-5359
-5926
-6534
-7204
-7548
-7155
-6505
-6055
-5840
-5116
-3902
-2595
-1107
184
938
1377
2043
2522
2423
2053
1264
326
-309
-829
-1200
-1757
-2399
-2657
-2514
-2108
-1858
-1489
-1395
-1465
-1170
-927
-774
-714
-579
-407
125
964
1536
2046
2587
3029
3620
4301
4611
4467
4173
3967
3688
3422
3356
3143
2671
2406
2486
2404
2374
2356
2185
2057
2033
2076
1849
1535
1331
1129
1112
1179
1251
1434
1959
2668
3160
3478
3415
3138
2743
2215
1486
543
-633
-1791
-2753
-3670
-4397
-4964
-5591
-5913
-5833
-5735
-5806
-5798
-5792
-5893
-5766
-5443
-5286
-5115
-4552
-3657
-2467
-1231
-70
975
1805
2346
2664
2734
2116
1082
79
-972
-1985
-2551
-2998
-3669
-3788
-3235
-2697
-2044
-1188
-700
-617
-225
324
233
-44
140
205
246
919
1772
2369
3090
4194
4911
5371
5857
5942
5326
4620
4220
3535
2775
2308
1931
1515
1561
1976
2168
2236
2406
2430
2266
2182
1899
1371
907
619
499
796
1391
1832
1895
1885
2156
2329
2239
1978
1364
404
-482
-1119
-1825
-2662
-3486
-4300
-4823
-4577
-4212
-4232
-4294
-4354
-4337
-3955
-3502
-3829
-4518
-4681
-4411
-3948
-3307
-2670
-1990
-1125
-3
1037
1470
1447
1178
767
314
-331
-1259
-2273
-3147
-3643
-3441
-2973
-2742
-2302
-1557
-881
-162
567
585
141
83
251
165
374
782
890
1440
2631
3695
4444
5219
5755
5990
6064
6095
5516
4366
3420
2799
2216
1744
1574
1314
1163
1546
2026
2227
2211
2147
1864
1500
1316
985
490
59
-133
-101
110
407
561
701
1093
1565
1795
1539
916
160
-619
-1350
-2048
-2657
-3333
-3753
-3755
-3469
-3100
-2823
-2735
-2921
-3014
-3139
-3463
-4103
-4741
-5127
-5178
-4704
-4132
-3493
-2446
-1235
-299
371
957
978
619
222
-505
-1573
-2365
-2858
-3385
-3581
-3094
-2504
-2045
-1372
-649
-90
296
515
324
74
164
406
435
708
1340
1955
2944
4212
5185
6066
6892
7158
7046
6724
5987
4788
3601
2491
1463
762
442
317
268
572
1142
1716
2062
2344
2287
1919
1731
1408
772
155
-193
-451
-576
-334
-99
-119
50
340
508
480
396
108
-418
-738
-971
-1277
-1738
-1878
-1883
-1910
-1834
-1802
-1882
-2020
-2087
-2334
-2681
-3047
-3345
-3695
-3965
-4006
-3978
-3840
-3380
-2773
-2258
-1829
-1554
-1353
-1339
-1358
-1433
-1592
-1784
-1880
-1877
-1840
-1828
-1772
-1630
-1450
-1134
-801
-527
-276
9
286
625
1086
1468
1734
2273
2994
3578
4249
5055
5469
5699
6119
6184
5715
5163
4580
3609
2692
2080
1425
716
358
282
176
369
813
1044
1200
1522
1675
1543
1457
1145
571
107
-207
-468
-693
-787
-785
-732
-587
-431
-314
-250
-292
-397
-315
-297
-531
-760
-871
-1025
-1089
-1058
-1160
-1337
-1318
-1303
-1462
-1592
-1879
-2188
-2527
-2855
-3202
-3558
-3940
-4317
-4591
-4658
-4537
-4254
-3691
-3060
-2526
-1925
-1247
-760
-519
-361
-478
-943
-1092
-1216
-1510
-1552
-1395
-1236
-831
-37
638
1108
1720
2345
2793
3301
3740
3904
4005
4224
4365
4393
4315
4140
4004
3874
3722
3517
3121
2652
2194
1720
1394
977
585
308
240
499
705
738
842
940
931
956
897
631
270
6
-212
-467
-644
-607
-566
-579
-436
-195
-156
-144
-82
-237
-466
-479
-471
-586
-561
-470
-459
-378
-130
-59
-152
-316
-512
-821
-1351
-1835
-2401
-3157
-3793
-4232
-4579
-4791
-4753
-4542
-4239
-3682
-3053
-2490
-1999
-1694
-1421
-1243
-1097
-1047
-1115
-1273
-1328
-1134
-892
-591
-225
270
905
1548
2234
2804
3100
3329
3622
3800
3640
3500
3285
2836
2584
2607
2527
2313
2183
2138
2114
2131
2095
1940
1685
1438
1275
1192
961
577
268
106
-21
34
116
73
148
297
607
665
601
406
137
-35
-176
-307
-604
-791
-789
-725
-479
-239
-190
-96
82
177
56
-23
-249
-547
-638
-620
-557
-526
-558
-778
-979
-1140
-1512
-2060
-2594
-3108
-3496
-3626
-3682
-3747
-3629
-3350
-2949
-2455
-2008
-1704
-1568
-1543
-1475
-1333
-1390
-1456
-1406
-1339
-1017
-502
-67
392
1007
1618
2205
2726
3057
3163
3170
3049
2850
2537
2208
1962
1700
1541
1452
1445
1544
1553
1522
1584
1617
1626
1515
1419
1218
943
831
708
437
251
279
277
233
437
650
654
764
891
849
753
610
347
-39
-275
-361
-501
-604
-645
-523
-247
82
388
582
626
636
555
334
45
-320
-667
-966
-1135
-1277
-1424
-1564
-1660
-1661
-1656
-1620
-1602
-1730
-1895
-1870
-1780
-1817
-1921
-1869
-1891
-1791
-1567
-1451
-1471
-1389
-1194
-1068
-878
-774
-718
-638
-440
-158
122
411
716
979
1263
1595
1886
1964
1917
1829
1736
1686
1471
1246
1006
847
786
717
680
600
587
607
689
656
541
471
375
281
324
400
447
525
627
747
778
785
762
643
515
471
369
240
66
-80
-179
-266
-219
-156
-50
50
191
369
435
412
417
332
161
64
-99
-317
-567
-833
-1111
-1285
-1457
-1589
-1654
-1680
-1578
-1412
-1297
-1196
-1037
-896
-844
-747
-661
-659
-612
-514
-533
-470
-283
-142
-51
10
95
113
156
270
283
253
242
130
46
43
45
68
37
55
253
428
532
603
654
727
839
923
867
694
569
493
409
351
290
124
6
26
24
78
111
54
108
320
447
643
708
535
434
461
311
91
-33
-247
-405
-347
-217
-55
100
249
429
576
763
880
788
499
247
89
-81
-162
-350
-553
-679
-668
-630
-658
-665
-668
-591
-398
-178
-115
-149
-258
-363
-402
-409
-418
-418
-437
-384
-91
223
345
477
638
719
854
915
844
705
559
464
361
259
165
64
-57
-202
-200
-136
-200
-296
-350
-358
-332
-284
-312
-444
-496
-400
-283
-179
-125
-143
-123
-56
26
-15
-66
-154
-323
-318
-313
-285
-273
-318
-333
-296
-235
-289
-441
-548
-692
-838
-846
-767
-710
-607
-349
-105
76
206
314
368
355
315
201
114
4
-65
-139
-166
-209
-278
-273
-318
-280
-265
-296
-190
-126
-24
129
253
379
455
526
634
803
982
1090
1218
1313
1400
1507
1516
1494
1415
1265
1110
927
765
613
460
307
299
378
440
397
360
307
245
179
7
-189
-371
-406
-439
-466
-454
-435
-420
-382
-253
-202
-175
-292
-328
-300
-338
-261
-334
-474
-609
-680
-765
-900
-1033
-1126
-1229
-1264
-1224
-1155
-1160
-1171
-1018
-951
-859
-684
-594
-587
-591
-580
-667
-766
-781
-862
-918
-774
-611
-479
-288
-171
-64
12
92
163
123
-39
-73
-37
-4
68
192
375
530
808
1022
1171
1321
1450
1563
1692
1902
2056
2185
2340
2426
2451
2430
2278
2021
1748
1421
1098
791
485
227
73
-22
18
134
179
228
264
249
277
260
111
-27
-185
-286
-253
-272
-355
-358
-398
-269
-163
-102
-5
-109
-233
-355
-550
-767
-1111
-1420
-1694
-1932
-2001
-1993
-2063
-2100
-1942
-1773
-1598
-1443
-1319
-1313
-1336
-1359
-1385
-1467
-1556
-1622
-1663
-1589
-1487
-1355
-1331
-1311
-1238
-1125
-1029
-918
-768
-693
-608
-416
-149
-54
121
305
402
601
811
972
1090
1207
1359
1528
1746
1953
2087
2324
2552
2744
2896
2879
2817
2656
2496
2201
1926
1633
1351
1218
1073
1025
979
1005
1036
1044
1094
1142
1091
967
821
694
561
445
352
314
325
321
387
476
482
489
441
406
260
-9
-181
-481
-784
-1022
-1203
-1357
-1482
-1541
-1644
-1652
-1580
-1555
-1622
-1658
-1673
-1829
-1923
-2067
-2252
-2342
-2336
-2317
-2243
-2076
-1942
-1815
-1692
-1510
-1454
-1385
-1387
-1517
-1558
-1476
-1468
-1537
-1314
-1124
-984
-694
-412
-203
32
277
425
544
675
848
1053
1234
1502
1767
1981
2226
2429
2572
2548
2488
2351
2141
1919
1677
1502
1251
1090
1047
1076
1195
1265
1335
1463
1561
1649
1705
1671
1546
1383
1270
1148
982
828
729
782
894
1018
1144
1195
1152
969
754
512
154
-290
-663
-964
-1173
-1294
-1285
-1313
-1300
-1191
-1097
-1010
-988
-1098
-1248
-1487
-1754
-1952
-2155
-2341
-2479
-2499
-2500
-2388
-2138
-1962
-1874
-1728
-1670
-1705
-1694
-1720
-1771
-1834
-1845
-1796
-1675
-1509
-1321
-1110
-871
-663
-409
-197
-44
103
262
321
415
585
670
832
1088
1293
1455
1597
1660
1667
1623
1549
1462
1301
1162
1078
997
925
997
1063
1176
1374
1552
1707
1866
2044
2042
2106
2107
2066
1966
1872
1778
1681
1667
1612
1583
1565
1515
1380
1271
1148
929
655
356
71
-168
-326
-480
-605
-635
-616
-595
-551
-543
-518
-602
-758
-952
-1148
-1376
-1622
-1836
-2026
-2135
-2137
-2084
-2050
-1958
-1875
-1730
-1671
-1640
-1614
-1612
-1624
-1674
-1717
-1744
-1769
-1771
-1742
-1693
-1522
-1321
-1107
-891
-660
-444
-230
-34
92
174
200
318
482
583
627
765
806
734
718
717
538
437
429
397
417
467
570
697
774
946
1186
1370
1599
1731
1779
1870
1958
1946
1980
1980
1975
1874
1831
1795
1727
1643
1526
1431
1280
1177
1048
874
660
418
263
128
20
-116
-204
-196
-229
-272
-327
-371
-488
-631
-756
-891
-965
-1117
-1300
-1365
-1441
-1503
-1554
-1613
-1667
-1688
-1611
-1576
-1519
-1498
-1515
-1473
-1377
-1317
-1284
-1315
-1384
-1445
-1476
-1434
-1380
-1359
-1250
-1025
-785
-494
-262
-85
70
216
331
425
465
446
371
306
296
258
265
232
135
174
255
340
410
482
550
687
838
949
1087
1157
1248
1321
1427
1525
1613
1641
1691
1774
1838
1939
1865
1778
1719
1633
1510
1405
1283
1132
986
846
760
591
453
371
316
243
227
203
166
48
-69
-126
-191
-339
-521
-684
-826
-916
-968
-1024
-1166
-1232
-1292
-1334
-1326
-1386
-1412
-1350
-1350
-1340
-1287
-1254
-1241
-1199
-1102
-1113
-1062
-1027
-1028
-1038
-999
-1028
-1009
-900
-848
-710
-630
-460
-380
-319
-213
-204
-149
-167
-180
-164
-178
-161
-183
-160
-104
-33
35
75
146
236
310
419
520
615
756
852
937
1016
1095
1169
1307
1372
1406
1493
1497
1536
1552
1459
1394
1253
1142
1025
920
882
813
723
669
725
710
655
623
557
452
354
210
30
-112
-236
-348
-496
-565
-658
-706
-759
-820
-847
-843
-867
-922
-914
-874
-846
-829
-791
-814
-813
-809
-776
-741
-794
-808
-807
-749
-693
-610
-650
-664
-620
-595
-514
-482
-421
-482
-487
-392
-407
-449
-451
-459
-468
-444
-395
-366
-340
-256
-153
-29
103
210
270
289
373
439
477
563
613
617
688
837
949
963
1013
1137
1207
1287
1284
1312
1270
1189
1167
1117
1005
939
853
750
693
695
763
702
686
691
733
750
770
665
497
359
175
44
-105
-270
-421
-576
-651
-653
-695
-750
-777
-840
-815
-802
-798
-790
-735
-709
-722
-675
-640
-656
-698
-694
-746
-740
-736
-714
-683
-681
-671
-623
-621
-629
-601
-566
-558
-562
-558
-661
-704
-723
-770
-833
-869
-848
-825
-684
-502
-349
-198
9
190
296
382
437
438
411
471
452
462
499
560
600
693
795
849
915
948
992
1017
1002
979
897
822
785
755
771
730
723
688
670
677
712
702
690
708
724
706
603
474
340
202
59
-103
-183
-288
-350
-312
-371
-384
-349
-404
-444
-472
-484
-527
-579
-567
-608
-591
-499
-463
-463
-441
-444
-414
-410
-374
-419
-518
-541
-598
-616
-665
-699
-734
-809
-807
-804
-823
-808
-767
-716
-661
-613
-559
-487
-408
-349
-224
-150
-41
60
169
289
347
459
513
547
573
557
612
621
716
755
747
788
817
820
821
811
773
754
733
755
759
758
762
716
719
759
724
665
673
659
627
656
594
539
510
448
368
271
165
40
-107
-195
-286
-329
-321
-303
-207
-178
-154
-146
-186
-245
-307
-397
-520
-609
-683
-704
-708
-701
-620
-564
-512
-460
-460
-453
-487
-522
-587
-642
-734
-845
-933
-1036
-1123
-1182
-1168
-1160
-1029
-906
-791
-660
-537
-449
-405
-330
-353
-326
-250
-192
-145
13
121
253
397
521
626
676
749
727
713
648
637
617
619
625
583
610
633
635
613
677
654
638
666
683
722
727
711
666
675
671
679
603
553
512
421
384
310
218
174
110
73
62
95
93
74
81
74
61
96
34
-67
-171
-283
-414
-498
-520
-549
-514
-499
-456
-401
-370
-290
-270
-272
-311
-338
-386
-493
-543
-586
-681
-743
-797
-863
-898
-952
-884
-849
-761
-667
-567
-475
-340
-249
-230
-155
-82
-29
-69
-26
50
124
167
221
282
335
383
486
551
589
632
646
590
566
578
526
495
469
466
463
494
537
512
549
594
606
657
701
659
609
551
478
387
298
225
144
101
133
156
173
201
223
275
314
310
330
338
233
166
142
77
-28
-107
-223
-268
-306
-371
-399
-407
-403
-391
-394
-444
-494
-552
-590
-649
-725
-732
-770
-813
-816
-809
-794
-738
-717
-723
-705
-714
-728
-740
-702
-730
-685
-591
-514
-453
-340
-264
-202
-147
-74
-3
56
76
114
127
191
246
286
357
398
377
432
481
437
460
455
441
399
409
398
423
486
451
510
569
586
622
619
544
510
452
390
340
268
227
207
234
252
304
397
432
473
479
520
535
487
402
311
305
218
176
112
62
90
27
57
31
-59
-92
-121
-173
-243
-359
-432
-544
-578
-634
-677
-698
-691
-588
-540
-449
-421
-353
-341
-356
-365
-396
-434
-475
-495
-501
-455
-427
-382
-326
-226
-153
-44
-14
22
-6
-46
-34
-26
-53
-90
-64
-9
19
88
166
217
255
291
334
357
344
319
293
268
257
274
272
278
260
256
293
285
241
198
129
70
87
70
93
137
189
244
317
378
402
462
450
482
477
434
360
249
183
112
22
-1
-46
-37
-42
-47
-21
-13
-7
-107
-124
-178
-275
-347
-455
-552
-579
-592
-599
-572
-491
-467
-400
-324
-273
-209
-197
-202
-216
-230
-227
-226
-258
-246
-237
-245
-230
-159
-91
-108
-45
55
47
41
14
-6
-34
-96
-63
-75
-76
-68
-4
44
126
210
194
240
256
260
287
228
168
104
32
17
-53
-43
-51
-116
-118
-101
-64
-13
31
84
116
145
174
194
183
184
224
240
287
347
381
371
359
354
318
231
208
179
132
141
108
86
72
48
22
-36
-92
-125
-197
-248
-287
-305
-289
-254
-197
-165
-111
-49
10
71
118
124
124
104
120
104
81
82
53
55
40
23
41
48
57
95
69
75
139
146
118
128
105
97
99
53
22
22
-2
12
35
27
58
52
36
38
54
4
-31
-65
-145
-192
-245
-243
-282
-283
-298
-274
-249
-259
-234
-228
-239
-195
-171
-140
-94
-95
-52
-40
-11
9
59
72
65
84
55
28
-11
-61
-142
-153
-185
-184
-168
-183
-177
-182
-200
-245
-201
-233
-270
-276
-300
-275
-261
-220
-189
-81
-4
107
200
228
295
307
305
268
243
208
152
157
167
176
176
213
241
220
237
252
200
181
173
164
144
178
196
194
262
251
315
338
361
374
347
343
251
207
134
39
19
-80
-105
-132
-146
-110
-96
-131
-122
-98
-126
-109
-160
-173
-164
-228
-261
-209
-213
-157
-126
-106
-61
-35
-6
-39
-49
-89
-136
-214
-238
-279
-352
-390
-404
-411
-405
-401
-392
-377
-362
-353
-311
-325
-326
-344
-340
-296
-261
-206
-155
-55
3
128
236
253
339
344
331
333
323
327
316
327
333
365
417
484
513
512
516
499
444
410
404
372
364
347
364
403
413
438
446
496
499
523
541
511
468
422
333
279
184
105
61
19
-11
-58
-88
-128
-138
-184
-171
-204
-218
-270
-314
-269
-331
-369
-367
-359
-373
-340
-324
-360
-385
-402
-446
-479
-490
-557
-605
-608
-661
-668
-610
-654
-643
-625
-620
-616
-600
-565
-619
-601
-602
-588
-553
-512
-420
-362
-287
-196
-81
3
82
111
146
136
153
163
135
168
161
265
332
399
430
460
534
533
554
516
540
520
531
529
492
481
475
492
494
571
599
620
660
662
660
675
651
595
494
453
391
298
252
252
231
222
220
186
215
169
167
106
47
9
-58
-114
-194
-183
-223
-222
-190
-215
-198
-215
-270
-315
-330
-384
-399
-402
-456
-477
-539
-571
-595
-581
-570
-572
-559
-585
-587
-515
-518
-518
-498
-517
-453
-448
-350
-309
-277
-210
-200
-118
-113
-63
-20
25
33
37
38
68
103
115
184
220
276
323
352
344
311
339
342
349
338
355
370
350
365
404
427
489
521
552
584
526
537
472
467
435
402
356
310
332
312
309
283
233
223
223
222
170
152
135
83
71
27
-18
-51
-94
-132
-148
-140
-163
-192
-227
-311
-369
-419
-446
-493
-552
-535
-529
-510
-495
-525
-522
-527
-526
-526
-542
-574
-609
-617
-611
-576
-531
-505
-473
-424
-361
-315
-286
-262
-285
-281
-237
-216
-199
-143
-144
-103
0
70
127
141
226
245
232
252
223
219
171
151
182
253
284
331
373
407
473
502
550
544
564
533
552
552
550
540
522
528
502
506
497
474
461
442
433
457
403
313
302
282
266
275
310
242
197
200
98
103
76
23
-36
-81
-104
-155
-192
-245
-295
-348
-373
-392
-430
-442
-448
-523
-525
-511
-540
-545
-516
-543
-581
-563
-545
-519
-514
-472
-456
-371
-349
-331
-282
-277
-283
-260
-227
-217
-154
-113
-74
-37
9
77
75
118
151
174
193
214
258
267
255
255
247
264
272
251
269
310
361
393
457
446
461
467
451
463
430
382
355
308
284
270
264
253
280
297
300
290
271
250
196
197
137
107
88
38
-14
-48
-86
-110
-149
-159
-158
-202
-202
-243
-302
-312
-378
-412
-474
-514
-522
-561
-572
-613
-605
-585
-578
-572
-515
-483
-466
-454
-463
-441
-442
-433
-390
-372
-329
-278
-248
-218
-138
-101
-105
-93
-77
-14
-4
44
75
63
101
123
120
156
182
216
229
281
335
358
366
404
389
392
424
420
443
390
425
480
481
500
525
533
504
508
540
526
530
500
473
438
417
437
386
381
339
309
295
263
182
170
141
128
98
42
48
4
-25
-75
-92
-103
-138
-173
-222
-273
-296
-353
-391
-452
-478
-497
-527
-549
-543
-535
-571
-581
-540
-510
-514
-480
-455
-463
-453
-435
-443
-373
-371
-356
-328
-273
-205
-186
-146
-137
-86
-57
-18
15
19
43
56
82
99
122
145
137
156
168
172
217
236
251
298
308
332
315
339
341
313
328
297
334
375
368
401
414
396
408
399
371
325
319
330
312
291
288
310
280
224
188
162
146
126
92
53
31
8
-4
-58
-93
-111
-127
-144
-155
-197
-254
-320
-340
-379
-457
-481
-559
-573
-593
-605
-609
-613
-605
-580
-512
-497
-445
-417
-381
-394
-407
-359
-371
-347
-334
-308
-271
-247
-186
-129
-113
-108
-58
-63
-51
-15
4
49
51
74
103
144
175
215
261
279
310
307
308
301
290
317
348
371
411
427
465
502
490
526
497
513
498
505
527
506
459
436
432
401
413
402
415
357
359
364
359
340
303
269
225
187
126
104
82
55
19
14
15
-38
-51
-59
-126
-169
-198
-244
-299
-351
-393
-442
-480
-512
-541
-562
-559
-546
-535
-528
-513
-493
-492
-455
-431
-432
-407
-384
-338
-296
-309
-310
-243
-221
-199
-150
-150
-165
-148
-124
-141
-117
-66
-56
-48
12
34
70
46
20
34
38
61
90
103
148
143
214
240
280
274
264
238
272
295
279
304
310
306
294
339
376
343
332
343
373
373
368
365
322
306
290
305
255
214
187
131
73
69
8
17
22
1
20
-13
-7
-16
-71
-122
-150
-192
-257
-287
-302
-333
-360
-384
-399
-399
-423
-436
-398
-401
-371
-361
-344
-307
-291
-318
-308
-312
-285
-297
-301
-252
-243
-224
-159
-119
-115
-113
-108
-105
-125
-74
-63
-94
-31
19
39
81
83
72
81
154
153
147
189
196
204
250
248
284
288
292
319
341
371
396
451
482
492
489
509
465
437
447
407
381
352
339
336
337
353
320
305
286
254
176
127
94
54
4
-20
-25
-35
-45
-113
-127
-135
-168
-167
-201
-247
-260
-280
-323
-329
-350
-357
-347
-358
-352
-357
-359
-348
-307
-291
-244
-242
-230
-229
-255
-215
-230
-214
-228
-216
-168
-130
-100
-89
-95
-112
-92
-104
-109
-114
-126
-123
-99
-92
-55
-35
-3
15
22
45
50
67
68
68
80
57
93
118
105
150
114
123
138
179
238
281
328
330
312
300
309
259
190
191
188
157
143
160
144
170
175
134
99
44
3
-9
-44
-35
-40
-67
-63
-64
-66
-63
-103
-103
-125
-133
-152
-168
-131
-171
-170
-187
-218
-202
-234
-231
-215
-227
-164
-142
-114
-74
-56
-47
-55
-53
-71
-83
-82
-96
-148
-146
-110
-115
-73
-34
-33
-44
-55
-46
-64
-53
-66
-67
-20
7
18
27
27
72
74
83
69
94
126
98
127
145
145
152
150
183
189
217
266
291
342
328
381
371
388
358
321
296
280
274
214
219
241
255
254
241
212
164
120
63
49
30
-21
-36
-51
-88
-87
-80
-67
-75
-134
-113
-119
-159
-163
-209
-226
-240
-266
-253
-298
-295
-277
-307
-272
-251
-194
-174
-146
-138
-127
-108
-81
-81
-134
-132
-143
-168
-141
-132
-141
-146
-142
-113
-122
-83
-97
-95
-84
-100
-53
-55
-21
-27
-30
-20
-44
-23
-14
-4
25
24
37
70
71
108
126
136
170
162
170
184
197
175
166
154
118
114
67
31
63
69
49
88
64
34
32
58
87
53
21
-30
-34
-27
-35
-26
-45
-51
-42
-29
-11
-40
-38
-33
-83
-84
-137
-140
-150
-186
-145
-140
-126
-103
-82
-84
-114
-72
-59
-30
-35
-10
24
36
78
62
76
32
23
37
38
22
32
44
50
35
60
66
58
60
88
80
64
70
94
83
107
97
105
96
92
108
94
133
119
118
154
202
181
163
188
157
131
122
98
99
86
81
77
78
76
105
102
89
77
73
92
58
13
6
-47
-74
-60
-66
-62
-61
-72
-71
-67
-85
-105
-128
-122
-113
-126
-127
-105
-153
-204
-193
-188
-183
-204
-181
-168
-146
-127
-91
-44
-65
-45
-56
-72
-45
-34
-45
-25
-40
-46
-24
-31
-48
-53
-67
-79
-76
-63
-79
-68
-42
-26
-3
4
4
-29
-41
-46
-57
-16
1
-14
28
50
52
54
76
93
102
118
155
171
175
156
126
127
81
83
50
35
46
17
46
68
95
79
34
50
32
2
-16
-27
-41
-64
-92
-84
-72
-128
-103
-104
-121
-143
-131
-95
-99
-125
-96
-71
-113
-123
-148
-152
-139
-112
-92
-83
-81
-82
-78
-50
-37
-52
-28
-23
-51
-8
11
7
47
30
64
116
123
125
62
89
89
69
50
77
96
82
117
101
108
89
83
111
112
146
167
179
191
212
232
263
243
256
256
229
248
240
249
248
253
230
197
168
192
160
116
97
81
63
56
45
46
46
7
-13
-18
-39
-65
-73
-109
-88
-134
-137
-159
-154
-146
-198
-213
-227
-248
-237
-255
-243
-224
-275
-286
-303
-310
-269
-267
-248
-223
-246
-228
-209
-172
-159
-173
-176
-185
-199
-179
-164
-119
-124
-110
-94
-87
-52
-23
-13
-31
-28
5
-1
19
36
61
82
88
130
147
159
176
181
188
189
209
213
194
163
174
201
197
233
182
178
187
139
138
149
134
139
148
133
123
104
69
67
69
83
88
77
58
73
51
4
-14
-61
-88
-109
-110
-94
-118
-110
-100
-76
-79
-122
-118
-163
-185
-205
-208
-205
-252
-233
-218
-198
-149
-177
-145
-123
-118
-113
-131
-93
-81
-98
-102
-79
-72
-73
-75
-77
-43
-25
12
70
56
44
44
27
47
46
38
36
93
98
118
146
158
180
175
168
188
216
237
237
230
235
233
243
230
291
291
267
241
201
209
234
227
191
170
184
174
120
82
79
81
27
21
34
26
57
36
48
49
27
14
-19
-58
-71
-110
-101
-84
-123
-124
-134
-118
-133
-151
-127
-132
-151
-125
-123
-140
-163
-197
-187
-196
-234
-257
-271
-279
-248
-219
-223
-248
-251
-254
-218
-220
-192
-195
-175
-159
-183
-160
-148
-149
-141
-133
-135
-123
-105
-115
-108
-75
-55
-37
-29
-20
1
19
54
79
92
144
190
188
209
207
199
202
171
147
140
143
150
160
176
175
183
162
191
155
129
130
109
113
114
112
90
101
101
102
122
103
107
106
100
75
41
27
32
28
-9
-10
-35
-24
-15
-34
-30
-32
-38
-41
-42
-68
-35
-74
-128
-106
-118
-116
-117
-116
-112
-107
-89
-103
-114
-103
-105
-108
-124
-137
-126
-131
-98
-94
-81
-50
-60
-43
-37
-52
-33
-5
1
35
52
75
87
91
104
154
140
158
210
177
216
222
232
248
205
196
182
168
155
148
164
172
174
145
135
130
116
77
77
57
27
49
49
37
28
3
7
-19
-12
-16
-27
-38
-51
-36
-81
-102
-68
-79
-98
-112
-148
-175
-175
-140
-152
-149
-121
-94
-98
-111
-112
-95
-128
-172
-136
-160
-179
-170
-177
-154
-158
-162
-137
-143
-141
-150
-165
-146
-111
-107
-97
-86
-101
-123
-118
-91
-82
-102
-89
-47
-2
-3
-2
46
58
30
39
53
52
78
102
126
172
174
167
179
163
161
149
138
130
108
94
105
102
97
93
75
72
72
51
37
31
25
15
40
54
68
72
77
68
53
8
50
39
9
15
6
21
0
17
21
8
-22
-50
-44
-47
-9
-29
-15
-3
1
14
-16
-32
-66
-60
-86
-118
-111
-119
-88
-84
-96
-77
-111
-84
-96
-86
-64
-55
-34
-41
-9
-1
13
-9
-11
9
18
16
40
50
100
112
96
123
117
123
154
146
155
171
187
173
222
231
213
209
170
185
168
174
113
131
112
80
56
34
32
-5
13
11
8
-31
-33
-37
-39
-65
-74
-60
-75
-82
-85
-97
-119
-81
-87
-106
-96
-95
-101
-134
-117
-112
-133
-126
-131
-121
-143
-156
-145
-130
-128
-109
-86
-84
-105
-111
-135
-175
-195
-178
-170
-167
-161
-147
-157
-171
-142
-111
-136
-137
-110
-113
-95
-81
-89
-61
-42
-16
23
-2
24
63
62
75
81
119
111
111
134
138
175
166
195
209
196
202
196
178
191
159
174
136
147
151
109
126
100
114
100
107
90
51
40
48
38
36
29
2
5
5
24
1
6
12
-2
12
16
16
-38
-51
-65
-46
-41
-51
-22
-16
-54
-57
-27
-59
-82
-71
-70
-84
-80
-82
-62
-78
-102
-90
-96
-61
-83
-68
-78
-97
-86
-120
-83
-98
-83
-80
-43
-3
-20
19
19
53
39
40
85
75
73
74
81
81
98
131
120
128
137
166
187
174
197
148
136
169
159
143
134
132
124
106
107
123
134
76
66
74
59
38
28
16
-28
-18
-9
-14
-43
-22
-42
-40
-55
-83
-51
-69
-74
-98
-90
-63
-79
-72
-112
-112
-91
-95
-115
-111
-112
-115
-111
-107
-94
-124
-134
-154
-147
-158
-187
-199
-189
-173
-171
-171
-173
-152
-159
-191
-179
-167
-152
-164
-180
-124
-131
-142
-132
-104
-69
-76
-28
-3
12
14
1
29
29
43
76
84
89
107
94
111
131
119
142
139
148
144
171
167
147
171
160
157
184
167
196
181
187
183
148
153
143
144
150
161
156
143
113
114
89
76
74
95
70
35
50
56
19
31
13
-18
-36
-52
-59
-69
-66
-57
-94
-84
-58
-66
-57
-72
-77
-75
-53
-94
-103
-95
-98
-96
-89
-92
-118
-92
-101
-111
-71
-43
-52
-40
-45
-39
-16
-30
-15
-25
-15
-6
6
32
27
38
30
33
25
55
70
70
79
36
62
95
73
87
108
103
80
82
103
98
86
52
57
13
13
-2
-7
12
-15
-18
7
-12
4
21
5
-1
-7
-17
-34
-30
-52
-38
-16
-57
-40
-27
-22
-17
-43
-56
-69
-58
-71
-72
-56
-73
-61
-57
-64
-62
-86
-101
-98
-100
-70
-59
-72
-76
-99
-76
-82
-63
-68
-82
-93
-75
-47
-64
-32
-44
-26
-27
-20
-3
-11
-18
-7
-1
-4
19
4
1
9
9
5
14
19
2
25
46
48
19
23
19
17
35
6
52
61
44
65
64
84
81
76
87
75
79
54
75
81
48
33
19
29
40
56
76
62
71
69
86
76
53
48
33
47
18
18
23
28
13
29
15
21
10
-1
-2
-37
-33
-32
-33
-25
-16
-17
-20
-23
-41
-40
-42
-16
-22
-43
-37
-39
-33
-14
-7
-5
7
3
4
34
32
8
26
23
13
52
46
46
51
21
40
37
52
52
39
40
41
31
31
34
31
16
-9
-6
23
26
17
9
2
4
-17
-5
-26
-13
2
-23
-3
-11
-27
-11
-4
-27
-51
-41
-39
-62
-58
-42
-25
-39
-29
-4
-33
-33
-49
-58
-54
-85
-76
-77
-95
-74
-78
-73
-75
-85
-74
-84
-76
-64
-87
-77
-87
-71
-62
-58
-51
-57
-50
-52
-50
-39
-12
-38
-37
-24
-15
-7
-2
24
27
17
15
34
41
34
38
37
57
20
45
51
39
54
41
57
51
48
60
44
54
38
42
47
38
47
29
42
15
36
26
34
49
40
30
20
39
51
42
56
46
55
69
50
49
40
47
38
50
42
52
47
17
30
35
23
32
26
15
28
13
42
38
19
5
-11
8
7
9
0
-16
-18
-21
-47
-44
-26
-35
-66
-51
-43
-56
-40
-45
-43
-31
-25
-36
-15
-18
-26
8
-10
5
6
-7
-5
-26
-3
9
9
16
-19
-1
9
23
23
17
12
3
-2
8
-1
6
11
2
8
26
15
15
18
17
34
23
34
29
21
10
-1
-5
14
22
6
-3
-16
-13
-8
2
5
-15
-11
-6
-4
-4
-10
-12
-26
-30
-42
-28
-30
-35
-30
-49
-50
-54
-64
-70
-68
-95
-91
-61
-58
-59
-59
-57
-69
-73
-84
-81
-72
-79
-83
-74
-56
-49
-37
-20
-29
-37
-38
-36
-28
-31
-24
10
17
29
33
11
27
26
13
24
25
35
47
52
55
39
34
37
46
55
49
58
56
46
60
61
68
68
65
44
55
77
65
62
63
61
51
49
67
65
65
58
31
51
51
49
49
37
45
29
45
41
25
31
30
24
33
35
18
10
10
-3
0
2
5
2
-11
-22
-27
-25
-38
-40
-45
-32
-35
-45
-38
-59
-65
-60
-66
-53
-36
-30
-32
-24
-15
-23
-13
-22
-23
-9
-10
0
8
10
10
13
30
12
26
23
9
20
17
21
24
16
-3
2
13
12
25
30
20
15
3
14
5
-2
-10
-7
-3
-11
-12
-16
-24
-24
-11
-21
-22
-22
-6
-30
-28
-36
-33
-31
-42
-23
-41
-32
-39
-41
-41
-26
-31
-39
-41
-43
-44
-37
-18
-26
-38
-26
-25
-44
-37
-31
-32
-34
-20
-42
-35
-45
-50
-32
-36
-32
-25
-21
-19
-12
3
7
7
6
9
4
6
12
0
12
2
12
11
17
13
25
29
41
44
30
43
30
35
37
42
34
34
39
43
47
62
56
53
50
44
49
45
40
53
47
34
27
39
46
57
54
46
48
37
25
39
36
31
24
12
10
14
23
18
25
16
4
12
12
6
0
-9
0
-11
-11
-16
-10
-7
-30
-13
-24
-32
-26
-39
-28
-33
-39
-39
-40
-51
-43
-49
-42
-36
-51
-49
-51
-45
-31
-33
-26
-14
-10
-8
-12
-6
-14
-13
-8
-8
4
9
20
29
14
4
13
8
16
17
20
25
23
25
14
15
27
18
11
24
25
12
-1
7
-2
10
5
12
5
0
4
22
18
3
17
13
18
13
21
20
23
18
7
-8
-18
-23
-22
-17
-25
-19
-18
-13
-13
-16
-29
-44
-41
-36
-35
-43
-40
-42
-48
-48
-42
-41
-40
-40
-44
-40
-40
-25
-28
-28
-30
-24
-20
-49
-47
-48
-47
-32
-23
-24
-21
-23
-15
-8
-13
-7
-5
-6
-12
-12
-8
3
11
10
14
10
20
19
19
19
14
1
9
28
30
35
38
45
54
52
54
65
62
57
47
57
52
55
59
52
66
66
60
61
71
60
61
