2
3
2
6
6
5
6
8
7
5
3
5
6
6
9
4
5
4
2
0
0
0
0
1
1
1
-1
2
2
4
4
2
2
7
2
6
6
4
6
5
4
4
5
0
2
2
2
1
3
2
2
3
4
5
4
3
3
4
2
1
6
4
2
3
3
4
4
5
-2
0
1
0
-1
-2
2
1
1
4
3
4
6
5
6
6
5
7
7
3
5
3
3
4
5
5
7
5
0
4
3
3
1
1
0
4
3
2
3
0
3
1
-1
-4
-2
-6
-7
-8
-5
-5
-8
-7
-10
-9
-12
-11
-8
-11
-10
-9
-7
-7
-6
-5
-8
-6
-6
-8
-7
-8
-8
-10
-7
-6
-8
-5
-5
-4
-7
-6
-2
-2
-3
-4
-2
2
1
-1
-2
-1
-4
-3
0
-3
-4
-7
-4
-5
-6
-1
-5
-6
-6
-2
-5
-4
-2
-3
0
-2
1
4
2
3
5
3
6
5
6
7
6
6
7
8
7
8
8
5
8
4
7
7
8
8
4
3
2
0
2
3
1
0
0
-1
-2
-2
-5
-5
-5
-5
-2
-5
-1
-1
-3
-3
-1
1
4
6
4
7
8
6
7
4
3
9
5
8
8
6
6
7
6
7
10
6
8
8
9
10
9
6
8
8
7
6
8
7
3
2
-1
0
-1
-1
0
-2
-3
-3
-4
-3
-2
-1
-4
0
-1
-2
0
-3
-1
-4
-4
-4
-6
-5
-3
-3
-5
-4
-4
-8
0
-1
-5
-2
-3
-1
0
-4
-3
-1
-1
-3
-4
-8
-3
-7
-5
-6
-8
-7
-9
-7
-4
-6
-8
-2
-3
-4
-1
0
-5
-3
-5
-4
-1
-3
-3
-4
-3
-1
-3
-6
-4
-3
-2
-3
-4
-3
0
-2
-3
-1
-2
2
1
-3
-2
-1
-1
-2
-4
-4
-2
-6
-5
-6
-6
-6
-2
-1
-1
-1
-3
-4
-3
-4
-2
0
-1
-1
-1
3
4
6
3
3
4
5
10
7
6
6
6
5
10
13
10
8
10
11
9
5
7
6
7
7
9
9
7
7
10
7
7
2
1
7
2
3
2
-1
-1
-1
-4
-2
-3
-3
2
4
5
2
1
4
4
3
6
0
2
6
3
6
3
5
0
1
3
-1
2
4
4
3
5
3
6
2
2
5
4
3
0
-2
-2
-1
-3
-4
-2
-6
-5
-7
-7
-4
-6
-6
-6
-4
-3
-7
-9
-6
-6
-3
-4
-6
-6
-7
-6
-8
-9
-7
-6
-9
-4
-4
-5
-7
-8
-7
-6
-6
-3
-4
-1
-1
0
3
-2
-3
-7
-4
-2
-4
-5
-2
-6
-6
-3
-6
-6
-5
-2
-3
-2
-3
-6
-4
-1
0
2
2
-2
-1
1
-1
-1
1
1
2
1
0
0
1
5
3
4
5
4
6
6
7
6
3
2
3
5
3
4
2
1
0
0
-1
1
-1
1
1
-2
1
0
1
2
1
2
2
4
4
4
6
6
4
5
6
4
6
7
6
5
5
7
7
8
5
7
7
5
10
6
7
5
7
4
3
5
1
3
1
2
2
-1
-1
-3
2
1
-5
-3
-3
-2
-5
-3
1
-3
-2
0
4
2
0
-1
1
1
1
3
3
1
-1
2
2
2
0
1
0
1
2
-3
-1
0
2
2
1
0
-1
-3
0
1
-1
-5
-7
-1
-2
-5
-3
-8
-6
-3
-6
-4
-6
-6
-7
-6
-8
-7
-5
-7
-3
-3
-2
-3
-5
-4
-7
-7
-9
-4
-6
-5
-3
-3
-4
-5
2
-3
-3
-4
-4
-6
-2
-3
-3
-3
-5
-4
-4
-5
-7
-10
-7
-3
-6
-6
-7
-4
-5
-2
-1
-4
-3
-3
-1
0
1
2
4
3
5
5
3
5
4
2
3
4
5
5
8
6
5
6
6
8
6
7
4
9
5
8
5
3
2
5
1
-1
3
2
2
5
3
1
0
0
-1
2
3
2
5
2
5
1
1
3
4
3
4
4
6
6
10
7
6
8
5
7
7
9
10
8
8
8
8
9
8
9
5
8
6
4
5
4
8
3
6
4
2
0
-2
-3
-5
-3
-3
-1
1
-2
-4
-8
-9
-7
-9
-9
-7
-6
-8
-5
-4
-6
-10
-9
-5
-4
-8
-7
-7
-10
-6
-7
-6
-5
-9
-7
-3
-7
-8
-6
-3
-3
-4
-3
-4
-6
-5
-6
-6
-3
-3
-2
-4
0
-2
-5
-2
-2
-3
-3
-2
-2
-2
-3
-2
-1
-1
2
2
3
0
1
0
0
1
-1
0
-2
-2
-3
0
4
0
2
2
2
2
1
2
1
0
1
4
-1
3
-1
1
0
-3
1
0
-1
1
-1
-2
-1
-2
-2
-1
0
0
0
1
1
0
0
3
4
1
4
4
5
2
4
2
1
5
3
5
6
6
5
5
4
2
4
8
6
7
6
6
7
0
2
1
1
2
2
3
1
1
1
-1
1
0
2
2
2
4
4
1
5
4
4
2
3
5
2
4
3
4
6
6
0
1
1
3
3
4
4
-2
1
0
0
-3
-2
-1
-1
1
-1
-1
-5
-5
-6
-4
-3
-6
-3
-1
-2
-6
-3
-3
-4
-1
-3
-3
-5
-7
-5
-2
-1
-2
-2
-1
-1
-3
-3
-1
-2
-2
-5
-4
0
-4
-1
-3
-2
-3
-4
-2
-5
-4
-4
-4
-4
-5
-6
-4
-4
-5
-6
-8
-6
-9
-7
-5
-6
-4
-5
-7
-2
0
-3
0
-2
-1
1
3
4
0
2
0
-1
0
-1
-3
3
-1
-2
2
2
3
2
4
2
2
5
6
3
4
1
3
5
5
6
1
2
2
3
3
1
1
0
1
2
3
2
-1
-1
0
3
2
1
3
1
1
3
0
2
2
1
2
3
6
2
5
5
4
3
0
1
2
2
2
1
1
2
5
6
4
8
4
7
9
9
7
2
2
2
5
5
1
2
-2
1
6
5
4
4
4
4
7
8
7
7
4
5
5
4
3
4
3
2
3
2
-1
-1
-3
-3
-2
0
-1
-2
-4
-3
-3
-3
-3
-6
-9
-9
-9
-8
-9
-10
-15
-14
-11
-13
-9
-11
-13
-9
-6
-6
-5
-8
-9
-9
-9
-6
-4
-4
-5
-3
-6
-1
-3
-1
-3
1
0
0
3
1
3
4
6
4
5
3
0
3
3
-1
0
0
3
0
0
3
0
-1
0
-3
-2
1
0
-1
-3
-4
-2
-2
-1
0
-3
-3
-3
1
-1
-2
2
0
0
3
1
1
2
0
-2
-2
-2
0
0
-1
-2
-1
0
-2
-2
-3
-1
-2
-1
1
-2
1
1
-1
1
-3
-1
0
1
1
4
0
2
1
2
7
4
9
5
5
7
4
6
3
5
11
9
7
8
7
8
10
8
9
8
11
10
10
6
6
4
4
6
3
5
3
3
5
2
2
4
1
4
2
0
-2
-4
-2
-3
-4
-4
3
3
1
1
1
-1
1
2
1
-2
0
0
2
0
-2
0
-2
2
0
-3
-3
-4
-4
-2
-5
-6
-5
0
-5
-6
-5
-4
-3
-7
-6
-6
-10
-11
-9
-10
-13
-9
-10
-11
-5
-7
-6
-8
-5
-5
-7
-3
-2
-5
-5
-10
-7
-4
-3
0
-3
-1
0
1
1
2
2
-4
-1
1
3
1
1
-1
-1
5
3
2
0
-2
-3
-5
-6
-8
-8
-5
-6
-8
-6
-6
-4
-4
0
0
0
1
-2
-2
-1
0
3
2
1
3
0
7
7
12
9
11
8
6
13
9
8
8
6
12
16
12
11
12
9
7
4
4
6
2
2
4
6
6
6
8
5
6
6
3
0
-2
-6
-4
-7
-10
-5
-5
-4
-5
-2
-1
5
4
4
6
8
7
6
4
3
0
2
3
3
10
10
8
12
15
16
14
15
12
8
8
5
6
3
5
7
3
11
4
5
6
4
4
-5
-3
-8
-3
-7
-9
-7
0
2
-8
-4
-5
-7
-3
-5
-12
-17
-15
-24
-22
-17
-22
-18
-11
-9
-7
-14
-14
-18
-25
-17
-22
-34
-37
-28
-29
-27
-25
-28
-25
-23
-20
-18
-17
-15
-17
-25
-27
-22
-17
-24
-27
-22
-18
-21
-18
-18
-14
-11
-2
16
20
35
48
63
70
80
84
81
88
88
89
82
72
55
45
52
34
22
14
-2
-8
-18
-25
-34
-36
-33
-38
-30
-22
-14
-3
4
18
17
14
14
11
8
11
-2
-8
-14
-14
-15
-13
-19
-31
-29
-36
-48
-54
-67
-62
-59
-67
-58
-62
-58
-46
-26
-18
-14
-6
-3
1
2
5
9
1
4
7
0
8
10
8
7
14
12
5
8
9
-1
-3
-9
-3
-4
-4
1
3
11
18
27
32
40
48
64
81
82
84
94
102
109
122
128
126
128
125
124
121
120
111
82
57
48
31
20
-9
-41
-62
-72
-82
-86
-87
-91
-70
-65
-59
-38
-24
-14
-11
-1
4
3
2
-9
-32
-53
-58
-73
-98
-130
-135
-142
-155
-165
-190
-196
-198
-195
-200
-191
-165
-131
-82
-33
20
50
81
103
109
108
90
70
42
10
-13
-47
-65
-80
-80
-67
-64
-49
-52
-48
-41
-24
-7
-2
8
31
65
96
122
152
157
165
160
137
116
85
46
17
-1
-10
-10
-2
22
54
90
123
153
168
183
201
208
219
228
220
215
205
176
150
122
82
22
-23
-56
-110
-155
-175
-196
-200
-148
-98
-67
-17
19
37
38
41
38
2
-23
-46
-87
-94
-82
-104
-135
-156
-165
-186
-210
-256
-301
-331
-331
-319
-306
-257
-186
-100
-9
96
157
202
248
235
212
280
333
234
140
104
3
-78
-63
-34
-121
-190
-148
-181
-200
-95
-78
-193
-179
-70
-49
-17
26
-34
-18
207
301
246
293
311
201
192
236
51
-117
-73
-126
-204
-100
-13
-90
-55
125
195
209
268
262
180
228
310
280
215
237
274
305
354
329
245
161
98
37
-44
-150
-282
-374
-349
-290
-211
-154
-155
-98
0
58
79
31
-74
-177
-183
-159
-215
-281
-334
-349
-310
-226
-201
-294
-376
-388
-374
-366
-362
-388
-425
-346
-203
-72
18
92
154
229
316
320
263
167
81
64
104
154
115
42
21
36
69
70
74
65
18
28
103
73
-6
-11
-36
-53
29
95
64
29
95
153
178
226
184
91
131
189
76
-14
9
-29
-34
72
138
109
156
251
212
227
288
219
110
109
141
109
174
272
290
340
445
492
434
364
318
226
120
23
-72
-138
-157
-107
-45
-30
-30
7
-35
-133
-198
-310
-483
-610
-636
-628
-621
-533
-436
-366
-267
-134
-69
-113
-172
-196
-261
-350
-393
-434
-430
-341
-255
-151
-87
-34
46
73
60
41
-3
-98
-174
-213
-199
-205
-158
-73
22
165
396
748
874
770
670
528
267
34
-27
-154
-401
-424
-329
-310
-84
185
84
8
159
132
16
-81
-353
-542
-267
25
-27
60
343
459
581
805
726
406
319
234
-33
-170
-190
-362
-531
-378
-111
31
138
292
345
361
566
711
616
513
570
641
603
583
538
415
290
244
286
250
134
21
-143
-350
-404
-511
-843
-1060
-1064
-1053
-1040
-904
-775
-734
-529
-169
-4
33
141
160
13
-64
-44
-235
-495
-550
-516
-519
-391
-222
-259
-260
-111
-42
-162
-252
-370
-488
-438
-370
-355
-242
-90
189
695
1082
1235
1297
1218
970
813
788
533
-12
-360
-538
-659
-501
-223
-337
-468
-165
44
75
180
42
-387
-373
49
81
4
282
435
561
1029
1257
945
715
706
510
334
290
-38
-570
-701
-406
-287
-292
-45
112
218
735
1167
1142
1095
1174
1181
1150
1010
790
448
139
77
124
156
56
-117
-381
-524
-619
-851
-1116
-1461
-1783
-1892
-1816
-1734
-1624
-1476
-1205
-697
-218
63
311
397
229
131
216
40
-449
-708
-732
-769
-708
-521
-513
-710
-654
-391
-405
-558
-588
-611
-621
-543
-394
-233
-155
116
939
1707
1826
1932
2025
1478
1083
1109
742
-267
-924
-1177
-1592
-1408
-745
-767
-960
-288
287
498
773
467
-280
-241
402
404
218
577
757
980
1928
2392
1877
1610
1542
965
475
302
-327
-1251
-1384
-925
-650
-294
287
585
971
1947
2676
2500
2155
2014
1756
1388
1066
505
-136
-313
-97
130
129
-122
-408
-770
-1283
-1478
-1764
-2607
-3450
-3608
-3315
-2919
-2481
-2083
-1670
-962
183
952
907
594
416
467
331
-96
-623
-1001
-1153
-1060
-708
-420
-346
-534
-496
-67
-59
-398
-600
-944
-1308
-735
353
427
386
1118
1611
1848
2277
2632
2218
1629
1421
893
25
-474
-859
-1752
-2037
-1539
-1379
-1096
-847
-1011
-858
-121
346
-7
-47
270
299
613
1197
1319
1114
1613
2218
2127
2065
2136
1684
897
663
526
-139
-486
-413
-492
-199
671
1369
1798
2273
2926
3259
3282
3026
2487
1896
1148
972
950
353
-182
-369
-710
-1369
-1785
-2021
-2666
-3735
-4305
-4487
-4859
-4579
-4038
-3955
-3531
-2345
-1373
-784
-287
-225
-116
294
480
-159
-917
-1068
-995
-1026
-929
-532
-719
-1193
-628
-267
-771
-907
-941
-1473
-1639
-986
-403
164
1079
1906
2875
3519
3787
4027
3982
3759
2969
1878
712
-539
-1311
-1576
-1853
-2063
-1752
-1306
-882
-147
52
-311
-539
-445
-451
-700
-322
-138
-112
904
2211
2582
2923
3401
3328
3014
2946
2398
893
-44
-328
-818
-1124
-837
-417
134
1299
2592
3544
4230
4683
4721
4226
3381
2511
2073
1690
1044
425
-127
-392
-754
-1555
-2069
-2290
-3329
-4445
-4914
-5328
-5587
-5660
-5413
-4944
-4424
-3168
-1732
-951
-541
239
1406
1905
1459
850
583
160
-689
-1088
-1537
-2510
-2958
-2703
-2511
-2807
-2551
-2006
-1716
-1313
-518
365
917
1959
3210
3756
4053
4072
3920
4042
4211
3872
2474
1012
-139
-1182
-1312
-1419
-2495
-3256
-2861
-2356
-1837
-1347
-1623
-2192
-1538
-35
530
509
807
962
1641
3160
3658
2987
2550
2448
2118
1990
1660
361
-758
-1166
-992
-736
-310
178
351
1411
3034
4009
4518
4858
4901
4604
4624
4503
3973
3336
2369
1431
888
177
-1320
-2366
-2694
-3902
-5231
-5433
-5734
-6491
-6441
-5747
-5359
-4974
-3983
-2739
-1781
-1135
-447
369
1207
1450
1193
1266
1177
384
-294
-586
-1612
-2721
-2961
-3155
-3817
-4221
-3839
-3456
-3287
-2538
-1039
610
2030
3530
4987
5520
5595
5565
5160
4488
3483
2371
1338
-79
-917
-714
-814
-1204
-1367
-1506
-1270
-1056
-1334
-1824
-2150
-2000
-1483
-751
-28
763
1818
3119
4105
4497
4480
4077
3070
1953
1018
-127
-1262
-2062
-2619
-2675
-1677
-551
281
1296
2505
3776
4814
5429
5658
5480
4819
4335
4199
3960
3135
2140
1552
981
153
-770
-1322
-2540
-4445
-5527
-5964
-6565
-7125
-7293
-6933
-6101
-4958
-3326
-1701
-597
43
1119
2545
2714
1752
1119
745
-246
-1408
-2084
-2831
-4089
-4663
-3986
-3691
-4128
-3946
-3191
-2872
-2627
-1604
-642
391
2068
3317
4117
4937
5648
6016
5777
5662
4808
2909
1722
561
-764
-1477
-2250
-3511
-3968
-3374
-2589
-2252
-2178
-2006
-1662
-534
818
778
596
1512
2621
3470
4217
4362
3651
3266
3304
2784
1325
19
-1179
-2618
-3063
-2514
-2379
-2100
-911
558
1968
3501
4851
5598
5925
6276
7075
7323
6504
5260
4039
2780
1449
129
-1091
-2282
-3849
-5283
-5980
-6234
-6708
-7232
-7265
-6599
-5800
-4994
-3563
-2421
-1909
-771
1361
2754
2664
2712
3241
3069
1932
1039
-65
-2186
-3944
-4727
-5474
-6525
-7001
-6697
-6133
-5194
-3682
-1548
510
1583
2834
4585
5727
5877
5787
5735
4744
3440
2966
2322
1480
984
314
-315
-452
-514
-979
-1760
-2537
-3306
-3339
-2497
-2347
-2698
-1575
245
1680
3301
4670
4917
4846
5531
5348
3767
2178
931
-628
-1940
-2268
-2588
-3392
-3044
-1701
-748
444
2272
3228
3333
4157
5094
4873
4410
5041
5652
4965
4373
4508
3787
2282
1048
538
-810
-3167
-4658
-5567
-6744
-7492
-7695
-7601
-7218
-6447
-4989
-3002
-1445
-713
537
2570
3556
3086
2944
3268
2497
880
-83
-1131
-3193
-4840
-4897
-5348
-6512
-6420
-5523
-5137
-4434
-2851
-1566
-299
1777
3136
4031
4703
4386
4071
3590
3586
3440
2032
1091
670
111
306
285
-957
-1986
-2101
-2118
-2398
-2741
-2987
-3120
-2064
27
1209
1982
3341
4620
5146
5467
5366
4272
2896
1582
723
-388
-1453
-1963
-2641
-2394
-1361
-203
854
1726
2785
3727
4511
5166
4996
4217
4541
5700
5415
4234
3678
3424
2301
996
915
20
-2715
-4486
-4643
-5166
-6430
-7163
-7027
-6898
-6450
-4695
-2827
-2120
-1582
-148
2222
3769
3383
2941
3300
2976
1719
705
-609
-3150
-5070
-5437
-5410
-6279
-6991
-6338
-5565
-4870
-2977
-247
1176
1573
2968
4302
4264
3815
3569
3462
2353
1779
2014
1089
550
1166
751
-246
-327
-909
-1964
-2402
-3264
-4539
-4210
-2810
-2214
-1349
1040
2889
3775
5683
6745
5683
5019
4870
3172
897
-24
-1009
-2536
-2923
-2401
-2007
-1363
7
1356
2251
3551
4536
4503
4489
4754
4833
5068
5298
4707
3804
3319
3034
2038
622
-69
-1098
-3004
-4525
-5241
-5579
-6701
-7867
-7242
-6364
-6066
-4887
-2986
-1988
-1445
635
3012
3753
3659
4189
4738
3732
2374
1294
-712
-3082
-4754
-5679
-6690
-7423
-7365
-6642
-5457
-3911
-1921
78
1699
2958
3847
4535
4225
3354
2729
2291
1582
727
264
-276
-137
403
23
-422
-755
-1513
-2059
-2499
-3468
-4171
-3794
-2933
-1891
-242
1966
3626
4954
6536
7293
6370
5366
4316
2089
83
-858
-2079
-3434
-3650
-2905
-1709
-340
1314
3075
4172
5158
6137
6270
5860
5728
5978
5567
4285
3409
2699
1541
495
-274
-787
-2269
-4026
-4796
-5257
-5617
-6430
-7094
-6713
-5988
-5251
-4051
-2426
-1434
-641
1290
3616
4219
3804
4355
4853
3687
2087
1040
-838
-3448
-5150
-5796
-6862
-7713
-7151
-6485
-5327
-2775
-301
1063
2345
3515
3941
3945
4166
3721
2045
1378
1114
289
227
426
-315
-736
-427
-813
-1706
-2289
-3479
-5091
-5286
-4720
-4610
-3968
-2145
-141
2078
4511
6010
6747
7160
7147
6513
4894
3025
1532
-98
-1525
-2154
-2752
-2973
-1956
-866
392
2085
3189
4052
4824
5526
6114
6588
7189
6707
5321
4547
3885
2332
439
-580
-1631
-3938
-5841
-6612
-7186
-7842
-8529
-8348
-7522
-6631
-5195
-3396
-2002
-1294
67
2579
4186
4088
3901
4468
4563
3364
1919
437
-1661
-3718
-5151
-6036
-7157
-7658
-7029
-5882
-4391
-2623
-219
2063
3679
5055
5949
6009
5128
4110
3321
2580
1678
469
-296
-553
-572
-378
-714
-1652
-2338
-2645
-3033
-3690
-4561
-5185
-4773
-3553
-2039
-544
1407
3355
4978
6590
7276
6693
5676
4575
2990
1210
40
-1309
-2742
-2442
-1329
-365
1015
2506
3448
3892
5013
5903
6305
6988
6976
5951
5141
4702
3321
1409
696
-84
-2367
-4023
-4638
-5641
-6679
-7523
-8196
-8163
-7872
-7360
-6112
-4690
-3596
-2332
268
2921
3761
4153
5199
5612
4696
3450
2125
-340
-3186
-5121
-6502
-7551
-8063
-7826
-7131
-5704
-3494
-1235
629
2626
4141
4736
5308
5343
4894
4231
3416
2714
2066
1571
1334
999
357
-481
-1145
-1609
-2356
-3546
-4509
-4831
-4703
-4295
-3589
-2582
-1157
684
2536
4061
4924
5527
5616
5226
4717
3535
2008
889
-211
-995
-663
-66
420
1395
2633
3457
3958
4235
4617
5460
6026
5806
4943
4091
3457
2390
1424
1316
456
-1518
-2911
-3296
-3905
-5124
-6290
-7150
-7779
-7854
-7399
-6741
-6101
-5422
-4000
-1311
1170
2109
2968
4507
5321
4755
3754
2533
224
-2658
-4382
-5596
-6992
-7762
-7713
-7177
-6169
-4305
-2046
-143
1405
3062
4333
4871
5250
5410
4885
4167
3850
3289
2555
2090
1410
494
-437
-1035
-1336
-2202
-3246
-3887
-4346
-4247
-3661
-2979
-1984
-188
1694
3201
4693
5540
5940
5809
5206
4411
2854
1389
77
-1093
-1607
-1559
-927
184
1387
2710
3842
4483
5392
6720
7500
7246
6085
5006
4022
2283
1064
668
-613
-2674
-3629
-3693
-3760
-4515
-5840
-6282
-6217
-6275
-6002
-5575
-5333
-5313
-4518
-2177
-88
591
1233
2770
3790
3618
3074
2116
240
-2243
-3758
-4485
-6033
-7639
-7902
-7728
-6879
-4647
-2344
-771
641
1985
3321
4479
5000
4985
4057
3298
3395
3136
2653
2368
1593
828
962
992
-377
-1838
-2795
-4132
-4958
-4718
-4870
-5091
-3696
-1373
629
2770
4584
5451
5941
6204
6161
4984
3031
1613
172
-1117
-1165
-970
-997
-251
1249
2619
3576
4313
5512
7133
7611
7200
6356
5227
3785
1784
1008
947
-1086
-3159
-3327
-2776
-2929
-4102
-5011
-5199
-5882
-6292
-5744
-5565
-5956
-5964
-3899
-942
235
1040
2811
4218
4257
3856
3190
1069
-1655
-3558
-5127
-6816
-8318
-9035
-8750
-7170
-4710
-2151
318
1775
2525
3388
4124
4024
3030
2174
1788
1418
1862
2761
2840
2923
3577
3766
3380
2410
312
-2363
-4095
-5180
-6388
-6567
-5800
-5029
-2819
833
3238
4378
5825
6601
6136
5398
4429
2764
405
-838
-1075
-1721
-1486
-305
366
1656
3200
4103
4523
4880
6370
7126
6253
5553
4478
3079
1869
859
873
94
-1733
-2396
-2023
-1483
-2014
-3676
-4468
-4804
-5229
-5558
-5482
-5318
-5748
-4771
-1643
782
1425
2366
4226
5339
4899
4030
2649
-166
-3052
-4519
-6031
-8155
-9151
-9098
-8434
-6764
-4194
-2085
-608
889
2212
3156
3329
3059
2532
1796
1823
2488
2597
2620
2932
3224
3477
3403
2779
1336
-773
-2519
-4021
-5514
-6241
-6237
-6071
-4595
-1789
351
1879
3696
5247
6121
6442
6168
5167
3262
1695
687
-720
-1724
-1871
-1479
-640
587
1757
2704
3679
5333
7217
7541
6787
5801
4487
2738
726
113
-573
-3073
-4409
-4039
-3153
-2787
-3894
-4407
-4138
-4353
-4307
-4171
-4191
-4673
-4814
-2500
190
817
1520
3334
4864
5501
5218
4187
2268
-311
-2300
-3766
-5733
-7762
-8788
-9014
-8131
-5886
-3985
-2360
-476
966
2560
3942
4312
4151
3492
3184
3506
3426
3185
2980
2529
2487
2842
2780
2028
742
-628
-1887
-3067
-3880
-4667
-5535
-5178
-3576
-1706
5
1278
2618
4124
5312
6006
6173
5246
3560
2586
1547
-54
-1169
-1681
-1709
-1237
-196
1003
1745
3527
6206
6881
6494
6336
5196
2982
925
500
-285
-3304
-5092
-4962
-4384
-3761
-4523
-5152
-4806
-4687
-4569
-4263
-3864
-4480
-4937
-2510
362
939
1436
3167
4903
5487
5312
4751
2745
105
-1586
-2682
-4668
-6875
-7828
-8096
-7485
-5411
-3440
-2361
-1326
-158
1261
2380
2798
2761
2391
2295
3100
3860
3935
3961
3804
3758
4115
3954
2540
661
-1312
-2844
-3621
-4117
-4855
-5413
-4676
-2748
-576
901
1808
2505
3375
4200
4263
3783
3145
2110
1352
1421
1285
805
413
652
1639
2250
2366
2543
3332
4511
4873
4535
4000
2697
939
-110
330
108
-2176
-3829
-3754
-2798
-2511
-3877
-5036
-5568
-6147
-5940
-5573
-5510
-5903
-5977
-3389
-129
1204
2030
3495
4989
5695
5602
4778
2484
-444
-1853
-2565
-4151
-5883
-7018
-7524
-6574
-4533
-2922
-2078
-1419
-445
692
1975
2482
2039
1870
2187
3087
4039
4663
4811
4530
4923
5531
5112
3953
2116
-256
-2004
-2877
-3772
-4755
-5533
-5107
-3184
-1234
482
1803
2564
3625
4781
5470
5150
4182
3069
2061
1541
1347
966
557
855
1452
2027
2649
3415
4575
5216
4705
4078
3423
1857
-575
-2308
-2011
-2801
-5228
-5678
-4635
-3756
-3700
-4111
-3723
-3791
-4534
-4483
-4343
-4974
-5881
-5512
-3316
-1763
-1134
231
2161
3487
3872
4165
3520
1459
-438
-1559
-2834
-4495
-5509
-6039
-5946
-4713
-3154
-1860
-1035
-333
283
1365
2082
1573
925
937
1271
1672
2403
3182
3544
3956
4923
5551
5082
4206
3013
1447
-153
-1144
-1894
-2956
-3673
-3143
-1903
-861
111
750
1288
2253
3251
3598
3744
3494
2965
2542
2174
2006
2055
1895
2061
2565
2690
3712
5834
6413
5117
4429
4025
2417
-385
-1679
-1861
-4584
-7244
-6957
-5848
-5556
-6146
-6043
-4997
-4531
-4218
-3734
-3520
-3802
-4324
-3054
-417
291
3
1003
2893
3674
2935
2228
1009
-1509
-3231
-3744
-5179
-6975
-7136
-6545
-5667
-3452
-855
639
1345
2374
3289
3400
3348
2871
1582
822
1372
1900
1876
2465
3192
3525
4415
4959
4082
2800
1768
467
-882
-1635
-2173
-2661
-2045
-533
1014
2157
3182
3798
3675
3756
3576
2744
1672
689
248
-97
-202
552
1144
1771
3025
3765
4097
5142
6745
7063
5741
4600
3634
1504
-967
-1853
-2012
-4359
-6779
-6605
-5516
-4948
-5856
-6556
-5980
-5932
-5875
-5647
-5611
-5419
-5634
-3941
-514
854
1090
2280
4221
5237
4382
2838
935
-1838
-4255
-5169
-6396
-8107
-8364
-7313
-5705
-3301
-814
912
1746
2278
3130
3378
2763
2097
1046
329
948
1735
2066
2681
3522
4023
4606
5245
4403
2578
1361
214
-1190
-1999
-2431
-2811
-2449
-663
1445
2585
3650
4693
4743
4378
4273
3525
2252
1174
478
-71
-48
622
1357
2289
3245
4022
4993
6633
7934
7226
5967
5228
3216
129
-1877
-2116
-3778
-6810
-7454
-6489
-5287
-4994
-5796
-5337
-4836
-5171
-4896
-4926
-5462
-6121
-5700
-2710
-257
181
1257
3335
4616
4599
3803
2148
-399
-3198
-5049
-6455
-8440
-9494
-9113
-7985
-5295
-2293
-196
1332
2450
3499
4174
3947
3147
1674
389
404
990
1251
1357
2097
3140
4069
4784
4954
3925
2323
1201
175
-835
-1493
-1966
-1571
-76
1740
3805
5029
5549
6086
5881
5171
4479
3225
1631
541
-157
-710
-609
91
1001
2018
2871
4396
6674
8212
8251
7536
6674
5094
2380
-267
-1166
-2845
-6315
-8195
-7846
-6749
-6548
-7678
-7293
-6170
-6184
-5756
-5128
-5216
-5998
-5615
-2527
77
661
1524
3150
4552
5159
4651
2551
-286
-2900
-5000
-6879
-8867
-10081
-10077
-9505
-7013
-3275
-794
945
2439
3737
4513
4371
3755
2345
567
18
424
728
806
1108
1758
2923
3794
3713
2688
1274
130
-1074
-1716
-1628
-2029
-2000
83
2765
4595
6032
7472
7998
7644
7198
6303
4457
2124
582
-344
-998
-727
8
697
2064
3514
4859
7100
8541
7974
6922
6095
4830
1828
-407
-363
-2394
-5733
-6406
-5505
-4706
-5724
-7088
-6462
-6723
-7583
-7555
-7658
-7930
-8371
-7197
-3664
-817
594
2500
5078
6574
6622
5645
3670
702
-2644
-5173
-7168
-9432
-10950
-10980
-9602
-7034
-4250
-1507
994
2785
4158
5365
5380
4197
2722
1434
911
692
369
329
605
1553
2688
3074
2807
1896
517
-442
-1320
-2564
-3248
-3214
-2610
-869
1633
3899
5628
7190
8641
9412
9087
7768
6176
4140
2237
800
-426
-618
-116
264
1308
2967
5208
7642
7849
7404
7371
6020
3386
866
136
-915
-4177
-5848
-5180
-4360
-4261
-5116
-4811
-4490
-5635
-6140
-6649
-7554
-8583
-9216
-6946
-3919
-2636
-958
1960
4628
5755
5730
5057
3001
-232
-2884
-5382
-8391
-10472
-11226
-10856
-9141
-6260
-3430
-1121
1363
3727
5107
5358
4933
3962
2065
888
701
127
-288
13
743
1941
3112
3403
2665
1470
341
-1196
-2663
-3605
-4522
-4731
-3582
-1384
1215
3480
5594
7521
9008
9953
9848
8199
6099
4243
2324
660
-122
-206
46
777
2279
4742
7318
8168
7734
7560
6715
4528
1444
-135
-689
-3590
-5645
-4897
-3521
-2459
-2978
-3096
-1902
-2596
-3939
-4829
-6251
-7988
-9719
-8910
-6261
-4939
-3644
-592
2796
4936
6016
6243
5175
2600
-391
-3020
-6301
-9547
-11286
-11961
-11279
-8892
-5973
-3269
-538
2299
4675
5651
5589
5133
3574
1569
837
-10
-1172
-1172
-387
701
1974
2860
3071
2634
1837
781
-987
-2570
-3707
-4937
-5098
-3437
-1594
67
2489
5043
7157
8892
9907
9919
8740
7114
5610
3601
1822
1282
945
593
1579
3776
6117
7141
7257
7634
7076
4867
2218
910
-266
-3413
-5847
-5668
-4322
-3210
-3354
-2800
-1328
-1194
-1661
-2198
-3425
-5714
-8325
-8108
-6505
-6514
-6175
-3909
-655
1835
3279
4166
3957
2151
289
-1323
-4217
-7424
-9372
-10499
-10538
-9146
-6977
-4818
-2822
-143
2398
3644
4212
4344
3340
2108
1742
1210
-146
-902
-637
-51
813
1752
1651
1032
1041
506
-555
-1114
-2057
-3121
-3247
-2212
-762
240
1813
3573
4658
6064
7632
7702
6824
6337
5654
4433
3849
3867
3714
3559
4103
5933
7827
8184
7642
7211
6364
4477
1301
-249
-937
-4009
-6299
-6047
-4558
-3082
-3395
-2917
-901
-662
-1059
-969
-1730
-3888
-6240
-6086
-4371
-4572
-5052
-3345
-993
795
1908
2216
1725
62
-1635
-2892
-4996
-7437
-8837
-9475
-9051
-6719
-4201
-2662
-1013
922
2608
3852
4012
3138
1745
473
205
254
-306
-1132
-1307
-363
1074
1432
1046
352
-764
-1362
-1640
-2072
-2624
-2949
-2379
-752
1178
2893
3928
4141
4562
5283
5317
4586
3322
2111
1492
1434
1747
2657
3617
4239
5510
7980
10301
10441
9203
8576
7441
4827
1940
177
-1329
-4319
-6413
-6069
-4858
-3838
-3960
-3707
-1938
-1255
-1584
-1720
-2235
-3747
-5690
-4980
-2797
-2680
-2762
-1050
1310
2569
2846
2708
1418
-1126
-3372
-5039
-7552
-10113
-10877
-10754
-9610
-6961
-4097
-1709
446
2853
4918
5460
5009
4126
2595
1194
431
-69
-856
-1377
-995
-386
216
682
152
-1037
-1928
-2692
-3650
-4131
-3959
-3784
-2773
-614
2039
4244
5583
6733
7110
6823
6489
5070
2815
1214
22
-1006
-1344
-349
1273
2343
4142
7398
9988
10823
10576
9951
8727
6216
3042
1275
-131
-3389
-5868
-6024
-4839
-3649
-4187
-3980
-2210
-1898
-2026
-1800
-2221
-3494
-5147
-4621
-2466
-1989
-1942
-261
1782
3202
3820
3222
2180
124
-2836
-5109
-7410
-9879
-11089
-11161
-9987
-7787
-5220
-2270
394
2698
4857
5813
5571
5103
4028
2721
1771
1026
235
-515
-436
111
79
-42
-331
-1346
-2462
-3405
-4486
-5188
-4971
-4311
-3349
-1268
1403
3764
5629
7153
8087
7811
7045
5951
3838
1567
-83
-1374
-2192
-1797
-251
1102
2757
6066
9203
10049
9994
10237
9283
6454
3399
2029
637
-2707
-5144
-5247
-4293
-3556
-4048
-3952
-2819
-2764
-2954
-2665
-2625
-3673
-5127
-3673
-1023
-678
-377
1419
3196
3941
3883
3353
1772
-1075
-3587
-5599
-8335
-10781
-11776
-11894
-10597
-7828
-4973
-2552
-159
2381
4685
5706
5486
4925
3619
2437
2193
1677
829
77
21
617
674
431
-295
-1971
-3312
-4072
-5367
-6083
-5740
-5356
-4057
-1271
1895
4603
6721
8380
9509
9622
8929
7274
4469
1764
-44
-1512
-2651
-2697
-1880
-537
1672
4640
7810
9372
9301
9735
9583
7457
4419
2392
1431
-1260
-4144
-4504
-3874
-3366
-3812
-4087
-3109
-3056
-3739
-3879
-3995
-4722
-5819
-4951
-2256
-1101
-441
1643
3986
5162
5362
5133
3787
1039
-1941
-4290
-7022
-9923
-11303
-11668
-11467
-9505
-6524
-4077
-1676
792
2858
4117
4573
4791
4267
3171
2733
2769
2335
1885
1633
1401
1284
954
-136
-1684
-3070
-4613
-6083
-6499
-6108
-5906
-4803
-2426
340
3177
5789
7706
8699
9059
9017
7935
5931
3863
1770
-8
-862
-747
-139
574
1905
4669
7295
8194
8251
8219
7751
5813
3180
2369
1458
-1651
-3848
-3882
-3113
-2700
-3675
-3985
-3257
-3413
-3781
-3737
-3844
-4711
-5709
-4056
-1147
-543
-212
2001
4058
4822
4778
4305
2681
-381
-2865
-4952
-7941
-10471
-11340
-11266
-10318
-8204
-5366
-3134
-1348
1162
3184
3858
3905
3620
2924
2265
2136
2092
1698
1480
1649
1716
1624
1118
-313
-2273
-3729
-5187
-6690
-7123
-6969
-6558
-4698
-1736
1243
3889
6316
8077
8960
9333
9015
7387
4470
2317
871
-919
-1685
-1224
-590
398
2438
6188
8990
9064
8968
9219
8527
6300
3458
2202
754
-2558
-4116
-3486
-2590
-2534
-3807
-3443
-2272
-3079
-3922
-4071
-4479
-5620
-5976
-3699
-1399
-1030
91
2829
5102
6004
6026
5297
3167
270
-2032
-4586
-8040
-10702
-11761
-11843
-11029
-8738
-5631
-2857
-293
2496
4558
5180
5066
4449
3526
2618
1944
1505
1022
1073
1467
1779
1807
1118
-253
-1840
-3537
-5579
-7557
-8389
-8232
-7626
-5482
-2265
719
3780
7225
9538
10084
10103
9522
7277
4273
1668
-556
-2725
-4218
-4122
-2935
-1398
854
3849
7330
9446
9682
10070
9877
8223
5379
3138
2528
283
-2730
-3695
-3088
-2062
-3028
-4061
-3029
-3175
-4304
-4594
-4726
-5538
-6983
-6109
-2913
-1434
-616
1775
4443
6190
7025
7183
5910
2973
70
-2465
-5869
-9374
-11384
-12152
-11996
-10204
-7301
-4648
-2310
114
2510
3934
4447
4670
4142
3221
2847
2805
2471
2208
2172
2021
2024
1693
323
-1531
-3453
-5356
-7288
-8191
-8209
-8096
-6874
-4052
-677
2417
5201
7545
8786
9078
9026
7776
5126
2663
954
-809
-2178
-2458
-1630
-643
653
3116
6148
8095
8163
7973
8021
7208
5092
2955
2299
1028
-1491
-2716
-2177
-1056
-1907
-3842
-3307
-2976
-4227
-4718
-4964
-5305
-6078
-5345
-2074
-224
467
2397
4780
6405
6770
6264
4955
2340
-641
-2940
-5690
-9021
-11030
-11629
-11272
-9816
-7072
-4231
-2061
398
2718
3944
4153
4187
3964
3168
2833
2985
2668
2595
3096
2999
2690
2358
841
-1363
-3237
-5290
-7690
-9112
-9078
-8588
-7564
-4574
-448
2736
5547
8553
9934
9745
9247
7710
4584
1449
-557
-2262
-3979
-4313
-2991
-1332
517
3063
5594
8114
9264
8636
8206
7574
5723
2640
1261
1594
-247
-2613
-2772
-1363
-723
-2360
-3156
-2772
-4058
-5530
-5953
-6073
-7016
-7819
-5511
-2107
-385
1422
4118
6681
8153
8415
7578
5363
2203
-746
-3712
-7210
-9776
-11264
-12211
-11670
-9223
-6401
-4284
-1727
973
2761
4028
4717
4710
3988
3254
3294
3210
3029
2896
2320
2226
2418
1517
-159
-1825
-3789
-6009
-7553
-8156
-8428
-8288
-6774
-3610
-347
2707
5766
7654
8717
9407
8991
7190
4591
2294
286
-1738
-2898
-2685
-1897
-731
959
3366
6325
7704
7416
7494
7516
6270
3728
2163
2294
625
-1960
-2721
-1890
-1251
-2749
-3924
-3211
-3700
-5021
-5292
-5251
-5807
-6627
-5272
-2078
-449
773
3205
5685
7318
7676
6859
5210
2961
220
-2786
-5776
-8493
-10370
-11245
-10841
-8873
-6870
-4595
-1585
753
3065
4857
4728
4605
4532
3620
3080
2914
2565
1853
1391
2350
2690
1409
327
-1100
-3151
-4779
-6345
-7951
-8723
-8221
-6709
-4108
-545
2714
5145
7351
9558
10090
8969
7138
4218
1220
-1128
-2976
-4863
-5924
-4922
-2899
-505
2049
4862
7917
9385
9599
9862
9173
7201
3947
1824
1748
33
-2766
-3830
-3264
-2368
-3073
-3913
-3481
-4090
-5379
-5805
-5746
-6371
-7648
-6763
-3509
-1098
789
3537
6346
8204
9030
8814
7272
4639
1141
-2425
-5615
-8681
-11016
-12320
-12188
-10349
-7976
-5312
-2166
406
2430
4320
5475
5956
5440
4338
4089
3844
3069
2342
1871
1844
1614
892
266
-981
-3023
-4692
-6000
-7172
-7630
-7547
-6673
-4279
-1269
1735
4333
6377
8222
9022
8506
7219
5112
2704
449
-1514
-3019
-3683
-3152
-1874
-472
1212
3938
6634
7721
7815
7966
7493
5552
2957
2080
1552
-1077
-3296
-3607
-3010
-2478
-3442
-4029
-3391
-3669
-4297
-4445
-4601
-5409
-6407
-4807
-1828
-513
564
3068
5900
7249
7407
7149
5631
2639
-266
-2635
-5519
-8459
-10172
-10761
-10124
-8395
-6164
-3701
-1424
796
2823
4106
5138
5652
4782
4075
4354
3870
2570
1828
1618
1148
390
90
-669
-2339
-3397
-4214
-5276
-5866
-5696
-5392
-4349
-1810
820
2707
4364
6215
7242
6906
6284
5015
2756
595
-923
-2170
-3295
-2934
-1457
-142
1290
3262
6213
8226
8128
7862
7504
6369
4129
1685
1197
-11
-3087
-4803
-4597
-3336
-3530
-5066
-4427
-3559
-4182
-4315
-4070
-4219
-5492
-5466
-2552
-416
193
1747
4331
6296
7063
7059
5960
3641
762
-2160
-4706
-7439
-9899
-11067
-10836
-9121
-6780
-4423
-1622
645
2496
4636
5538
5734
5459
4254
3807
3544
2396
1373
879
747
400
-6
-321
-1408
-2946
-3688
-4447
-5624
-5591
-5083
-4725
-2877
43
2337
3919
5518
7073
7197
6529
5883
3848
1274
-366
-1673
-3013
-3459
-2478
-1203
238
2159
4816
7526
8656
8603
8367
7791
6095
2916
1019
682
-1884
-4833
-5384
-4401
-3663
-4815
-4936
-3334
-3456
-4004
-3581
-3610
-4567
-5780
-4418
-1602
-662
277
2654
5154
6568
7111
6754
4955
2476
212
-2357
-5539
-8185
-9964
-11007
-10345
-7939
-5484
-3459
-866
1654
3740
5697
6447
6007
5151
4404
3873
2925
1761
714
-204
-222
326
-126
-974
-1574
-2649
-3446
-3724
-4363
-4827
-4783
-3802
-1552
645
2444
3890
4838
5956
6604
6178
4702
2788
904
-855
-1772
-2577
-2868
-2068
-828
800
2815
6046
8532
8206
8029
8583
7821
5218
2132
1085
-588
-4049
-5757
-5541
-4838
-5257
-6096
-4574
-3074
-3309
-3409
-3063
-3133
-4371
-4521
-2284
-851
-764
403
2975
5110
5778
5787
5023
3142
994
-1312
-4006
-6943
-9069
-10179
-10559
-9160
-6728
-4757
-2256
558
2782
5052
6285
6376
6218
5452
4536
3725
2582
1337
149
-428
-271
-737
-1462
-1735
-2525
-3426
-3612
-4084
-4433
-4056
-3356
-1829
329
2225
3586
4564
5469
5970
5620
4796
3367
1442
-109
-1053
-1927
-2552
-1982
-757
564
1965
4005
7060
8273
7573
7760
7834
6173
3253
1369
900
-1559
-4834
-5609
-4909
-4681
-5488
-5573
-4178
-3599
-3725
-3389
-3058
-3335
-4199
-3144
-566
423
792
2201
4465
5867
5774
5323
4208
1655
-953
-3075
-5610
-8125
-9689
-10345
-9741
-7879
-5626
-3241
-946
1331
3713
5265
5872
6311
5837
4596
3996
3382
2100
802
59
-93
-303
-737
-1254
-2065
-2914
-3538
-4143
-4329
-4098
-3666
-2720
-738
1494
3173
4263
5056
5833
5790
5074
3896
2220
585
-564
-1227
-1842
-2007
-958
411
1592
2892
5120
7588
7828
7239
7672
7146
4939
1937
653
220
-2780
-5423
-5637
-5028
-4732
-5548
-5259
-3567
-3602
-3830
-3049
-2712
-3497
-4185
-2506
-319
254
850
2540
4352
5159
4998
4325
2770
150
-2327
-4296
-6564
-8725
-9808
-9944
-8999
-6853
-4361
-2044
301
2494
4203
5156
5783
5862
4776
3606
3042
2255
1057
292
-152
-356
-374
-727
-1278
-1882
-2718
-3471
-3932
-3886
-3475
-2997
-1675
500
2546
4039
4987
5688
5867
5355
4432
2900
1267
-271
-1381
-1808
-2266
-1828
-310
1116
2474
3959
6626
8859
8422
8027
8181
7004
4432
1466
453
-745
-4073
-6228
-6376
-5533
-5071
-5802
-4828
-3080
-3121
-3103
-2456
-2261
-3574
-4167
-2075
-292
-49
722
2582
4448
5095
4964
4254
2359
-89
-2490
-4572
-6775
-8867
-10172
-10178
-8559
-6317
-4163
-1695
959
3301
4865
5920
6615
6078
4757
3757
2847
1495
-202
-1162
-1160
-1227
-1391
-1230
-1146
-1513
-1722
-1912
-2457
-2568
-2121
-1752
-903
893
2409
3052
3664
4669
4741
4125
3623
2668
1302
101
-507
-1236
-2014
-1351
-62
997
2367
3894
6326
8588
8734
8576
8666
7486
4968
1891
693
-647
-4468
-6978
-7189
-6348
-5833
-6355
-5261
-3544
-2988
-2485
-1748
-1515
-2668
-3177
-1428
66
248
608
2273
3887
4167
4147
3312
1206
-959
-2605
-4274
-6668
-8657
-9647
-10116
-9192
-6999
-4603
-2417
-246
2318
4385
5896
7186
6675
5192
4335
3342
1628
-118
-1347
-2339
-2806
-2359
-2001
-2077
-1948
-1631
-1736
-1636
-932
-1034
-1301
-344
1155
2103
2443
3118
3677
3574
3766
3777
2880
1653
745
205
-441
-701
-527
42
1199
2335
3650
6239
8398
8420
8415
8848
7995
5258
2268
1250
-565
-4428
-6943
-7228
-6281
-6071
-6471
-4943
-3200
-2680
-2004
-1274
-1192
-2131
-2598
-1118
54
-85
295
1812
3266
3705
3475
2701
1457
-364
-2700
-4644
-6926
-9209
-10125
-10161
-8977
-6871
-4342
-1586
1009
3846
6064
7046
7353
6580
5035
3529
1902
-138
-2031
-2910
-2982
-2774
-2292
-1515
-1021
-851
-329
-180
-733
-822
-901
-1023
-260
924
1994
2439
2957
3939
4148
4035
3720
2814
1414
284
-429
-1355
-1963
-1796
-1025
356
1837
3307
5891
8885
9936
9827
9868
9029
6532
2822
814
-758
-4484
-7541
-8185
-7029
-5933
-6151
-4971
-2657
-1968
-1762
-1224
-1181
-2441
-3827
-3050
-1393
-1183
-859
1135
3093
4122
4757
4628
3534
1374
-1353
-3604
-6196
-9127
-10895
-11403
-10587
-8433
-5668
-2628
628
3488
5777
7551
7949
6890
5214
3186
1149
-969
-2715
-3485
-3756
-3315
-2014
-780
85
810
1233
969
269
-170
-911
-1719
-1711
-772
243
856
1929
3164
4101
4772
4852
4091
2850
1762
588
-1003
-1874
-2063
-2099
-853
1007
2649
4676
7628
10200
10512
10018
9631
7540
3847
626
-1062
-3528
-7083
-8552
-7544
-5688
-4637
-3998
-1964
-420
-458
-524
-694
-1834
-4122
-5027
-3599
-2692
-2292
-822
1459
3533
4929
5587
5083
3195
459
-1842
-4391
-7757
-10130
-11287
-11243
-9693
-7031
-3719
-633
2290
5085
7137
7896
7323
5690
3345
990
-1002
-2794
-3886
-4059
-3556
-2096
-273
1107
2169
2989
2995
2075
1185
302
-1245
-2388
-2227
-1577
-1257
-313
1355
2786
3909
4892
5113
4497
3402
2141
742
-574
-1230
-1748
-1330
381
1896
3563
6557
9414
10074
9517
9378
8093
4415
425
-1294
-3078
-6799
-8774
-7949
-6064
-4509
-3752
-1845
32
84
106
-84
-1232
-3388
-5121
-4530
-3528
-3177
-2293
-211
2231
3726
4662
4491
2897
696
-1390
-3720
-7121
-9578
-10632
-11120
-9847
-6890
-3440
-529
2428
5463
7122
7867
7210
5074
2531
-120
-2177
-3912
-5082
-5072
-4350
-2620
-234
1494
2880
3965
3945
3141
2332
915
-1140
-2574
-2855
-2332
-1874
-783
944
2173
3645
4918
4994
4649
3703
2119
771
-259
-1159
-1875
-1470
389
2067
3650
6627
9903
10887
10274
9981
8859
5593
1197
-1332
-2723
-5875
-8372
-7896
-6029
-4102
-3136
-1708
427
708
20
-411
-1361
-3554
-5789
-5901
-4374
-3415
-2717
-431
2633
4486
5519
5784
4372
1845
-1077
-3727
-6805
-9981
-11472
-11647
-10610
-8000
-4563
-1064
2119
4802
6865
7615
6969
5326
2848
-24
-2120
-3616
-4726
-4710
-3788
-2217
97
2462
4029
4624
4673
3892
2157
446
-1352
-3376
-4435
-3888
-2890
-1730
81
2120
3955
5246
5918
5973
4863
3357
2029
324
-916
-1610
-1677
-323
1544
3126
5170
8326
10526
10213
9379
8465
5993
1987
-1376
-2639
-4580
-7460
-7873
-6181
-3784
-2037
-1323
206
1143
398
-352
-1349
-3300
-5836
-7234
-5966
-4303
-3698
-2098
802
3161
4757
5579
4729
2620
-367
-3170
-5756
-9058
-11008
-11370
-10809
-8409
-4821
-1212
2061
4740
6486
7309
6939
5166
2483
-503
-3005
-4531
-5349
-5228
-4261
-2744
-61
2634
4450
5396
5267
4439
2798
748
-1197
-3120
-4666
-4676
-3410
-1988
-318
1947
3987
5289
5929
5911
5034
3256
1532
159
-1099
-1811
-1491
-208
1610
3559
5908
9019
11207
10966
9804
8612
6460
2637
-1316
-2920
-4429
-7051
-7698
-6017
-3439
-1741
-931
755
1792
1080
-286
-1503
-3326
-6321
-7768
-6325
-4756
-3846
-1869
1326
3971
5507
6166
5390
3335
443
-2776
-5802
-8991
-11290
-12140
-11671
-9280
-5973
-2573
1063
3951
5880
7260
7046
5357
3100
321
-2278
-3836
-4674
-4918
-4238
-2471
254
2526
4206
5581
5555
4624
3112
788
-1505
-3636
-5222
-5516
-4491
-2818
-1031
1263
3772
5730
6907
7077
6408
4894
2832
1219
-242
-1407
-1251
-307
1118
3019
5215
8233
10390
10125
9220
8131
5868
2068
-1387
-2736
-4451
-7056
-7515
-5645
-3140
-1534
-578
1049
1951
1392
256
-885
-2925
-6187
-7546
-6297
-5298
-4611
-2759
226
2867
4335
4926
4481
2855
171
-2964
-5749
-8539
-10879
-11839
-10828
-8081
-5229
-1917
1657
4293
6283
7121
6388
4637
2249
-541
-3076
-4470
-5276
-5741
-4612
-2040
261
2225
4425
5419
4979
4449
2993
350
-1895
-3271
-4517
-5078
-3693
-1688
-400
1700
4357
5725
6217
6099
5183
3549
1751
381
-854
-1877
-1320
317
2125
4253
6581
9445
11235
10878
9911
8534
5734
1877
-1323
-2824
-4388
-6567
-7035
-5033
-2232
-811
-38
1419
1854
765
-694
-1944
-4095
-7275
-8195
-6428
-5082
-3771
-1416
1737
4379
5724
6224
5411
3243
-30
-3569
-6721
-9615
-11891
-12717
-11547
-8773
-5495
-1753
2038
4757
6590
7269
6556
4718
2126
-626
-3102
-4709
-5250
-5011
-3707
-1513
850
3164
4915
5584
5255
3948
1600
-922
-2983
-4816
-5943
-5695
-4170
-1951
254
2911
5586
7115
7776
7392
6068
4301
2168
93
-1534
-2397
-2251
-878
1278
3400
5603
8575
10933
10755
9563
8270
5793
2066
-1209
-2728
-4127
-6084
-6631
-4825
-1887
-259
345
1669
2310
1295
-481
-2069
-4226
-7610
-9138
-7597
-6152
-5090
-2681
784
3745
5529
6433
5757
3520
725
-2313
-5620
-8760
-11042
-12114
-11665
-9203
-5837
-2776
332
3119
5181
6145
5899
4655
2269
-269
-2313
-3636
-4280
-4294
-3488
-1725
877
3183
4611
5366
5111
3945
2085
74
-1936
-4295
-5763
-5541
-4348
-2677
-884
1429
3880
5678
6985
7023
6008
4662
2857
1320
210
-608
-463
617
2302
4101
6163
8949
10539
9794
8624
7422
5105
1374
-1486
-2587
-4397
-6222
-6166
-4134
-1456
-479
311
2058
2453
1303
-233
-1693
-3893
-6898
-7694
-6072
-5308
-4532
-1931
1186
3371
4530
4970
4051
1727
-797
-3376
-6603
-9536
-11172
-11597
-10579
-7820
-4543
-1570
1372
3973
5923
6372
5549
3964
1601
-684
-2460
-3899
-4503
-4339
-3331
-1372
897
2784
3772
4127
3956
2830
882
-824
-2468
-4363
-4857
-3892
-2525
-1078
691
2751
4536
5857
6398
5758
4483
3175
1623
180
-682
-1104
-522
1175
3110
4922
7156
9865
10866
9871
8865
7496
4389
774
-1300
-2395
-4515
-6214
-5768
-3592
-1253
-623
-6
1478
1539
139
-1216
-2671
-5161
-7783
-7631
-5651
-4763
-3512
-648
2458
4395
5422
5517
3808
1105
-1652
-4565
-7745
-10472
-11879
-12074
-10605
-7358
-3710
-693
1960
4520
6143
6400
5523
3526
840
-1406
-2895
-3890
-4395
-4040
-2664
-585
1744
3513
4274
4209
3469
2013
95
-1673
-3509
-5238
-5377
-3937
-2126
-275
1645
3737
5490
6723
6997
5912
4207
2540
1083
-157
-1016
-1239
-464
1477
3605
5512
8157
10652
10843
9856
8976
7194
3934
-57
-1977
-2907
-5059
-6226
-5497
-3150
-986
-495
779
2225
1660
60
-1192
-2676
-5295
-7496
-7121
-5473
-4613
-3160
-121
2685
4346
5269
4922
3199
516
-2288
-5151
-8336
-10730
-11675
-11585
-9920
-6418
-2931
-157
2613
4849
6036
6148
5195
3224
511
-1406
-2551
-3841
-4291
-3614
-2448
-706
1452
2971
3413
3265
2635
1283
-472
-1777
-3214
-4584
-4148
-2556
-1251
392
2305
3869
5060
6019
6128
4607
2871
1613
368
-738
-1152
-755
352
2260
4266
6220
8840
10932
10531
9383
8558
6456
2776
-546
-1788
-3159
-5513
-6286
-4949
-2727
-1362
-873
296
1298
708
-562
-1719
-3297
-5740
-7155
-5988
-4467
-3601
-1939
948
3618
4900
5131
4275
2064
-826
-3561
-6158
-8973
-11099
-11717
-11177
-8916
-5669
-2428
472
2766
4900
6247
6025
4882
2818
319
-1230
-2152
-3203
-3787
-3359
-1978
-285
1194
2537
2951
2422
1948
918
-817
-2115
-3378
-4555
-4006
-2477
-919
717
2394
4143
5485
6247
6291
5134
3309
2013
773
-455
-845
-390
704
2401
4346
6496
9354
10799
10031
9308
8270
5881
2383
-446
-1662
-3751
-6026
-6226
-4731
-2653
-1874
-1300
391
1140
513
-377
-1474
-3367
-5604
-6018
-4766
-4049
-3303
-1336
1360
3313
4458
4592
3245
901
-1866
-4537
-7024
-9382
-11011
-11385
-10405
-7844
-4481
-1159
1805
4157
5846
6482
6171
4951
2558
104
-1516
-2818
-3789
-3955
-3278
-2098
-586
954
1972
2322
1965
992
-105
-1093
-2091
-3090
-3497
-2637
-1182
321
1967
3466
4482
5220
5578
5027
3614
1975
448
-819
-1600
-1869
-1251
205
2238
4204
6505
9640
11324
10645
9962
9114
6575
3005
160
-1227
-3469
-5836
-6169
-4941
-3141
-2296
-1685
-232
349
-184
-1195
-2391
-4082
-6185
-6427
-4965
-3876
-2839
-618
2372
4486
5651
5712
4197
1538
-1447
-4142
-7038
-9870
-11526
-12019
-11062
-8502
-5175
-1919
842
3255
5256
6222
6321
5128
2693
613
-853
-2174
-3025
-3197
-2836
-1815
-161
1267
1994
2267
1861
933
-314
-1277
-2358
-3859
-4174
-3135
-1839
-466
1287
3047
4444
5602
6408
6092
4614
3120
1769
315
-641
-1106
-761
509
2182
4064
6464
9414
10558
9939
9668
8668
5901
2367
-53
-1490
-4101
-6262
-6239
-4813
-2857
-2199
-1326
302
820
385
-444
-1527
-3513
-5480
-5344
-4195
-3809
-2929
-707
1675
3394
4308
4200
2759
657
-1851
-4547
-7029
-9362
-11131
-11564
-10036
-7237
-4467
-1353
1794
3897
5761
6785
6350
5019
2829
731
-897
-2341
-3466
-4011
-3481
-2222
-1012
251
1549
1813
1443
1203
232
-964
-1772
-2958
-3212
-2265
-1095
203
1471
3090
4588
5159
5470
5140
3561
1970
891
-324
-1576
-1804
-975
380
1965
4190
7409
10144
10800
10424
10142
8993
5936
2173
137
-1766
-4904
-6843
-6648
-4912
-3533
-3142
-1581
103
294
-72
-725
-1975
-4128
-5593
-4681
-3667
-3538
-2143
510
2757
4292
5082
4638
2852
172
-2524
-5347
-8213
-10435
-11703
-11698
-10046
-7192
-4195
-1106
2004
4405
6084
6828
6331
4801
2614
690
-829
-2336
-3287
-3390
-2851
-1694
-410
590
1400
1517
1131
515
-401
-1232
-2092
-3079
-3023
-1948
-905
316
1738
3251
4469
5409
5719
4938
3787
2459
1119
124
-918
-970
17
1236
2915
5145
8203
10029
9777
9726
9356
7270
3989
1195
-433
-3050
-5725
-6467
-5803
-4261
-3426
-2613
-738
387
414
38
-719
-2367
-4430
-4690
-3626
-3512
-3418
-1454
1181
2888
3913
4346
3433
1352
-922
-3446
-6452
-9160
-10789
-11556
-11131
-8712
-5389
-2477
617
3822
6015
7044
7298
6519
4443
1984
119
-1578
-3207
-3913
-3866
-3128
-1724
-571
468
1300
1339
788
93
-658
-1527
-2566
-2857
-2248
-1383
-156
1349
2685
3891
5048
5387
4948
4037
2723
1128
-252
-1180
-1826
-1645
-391
1308
3250
6161
9332
10367
10241
10327
9347
6742
3295
960
-1065
-4064
-6218
-6577
-5437
-4157
-3801
-2495
-724
-152
-115
-423
-1484
-3540
-4990
-4162
-3205
-3358
-2356
200
2704
4059
4886
4772
3198
899
-1405
-4045
-7279
-9838
-11204
-11772
-10979
-8416
-5253
-2504
430
3717
5794
6632
7094
6296
4157
2243
934
-722
-2343
-3017
-3057
-2660
-1487
-578
-326
177
478
-50
-548
-795
-1720
-2811
-2771
-1960
-1047
21
1299
2579
3716
5004
5710
5113
4343
3270
1772
595
-162
-178
-146
380
2101
4653
7354
8427
8527
8895
8380
6635
4142
2080
80
-3207
-5504
-5712
-5033
-4674
-4746
-3469
-1516
-674
-162
433
-367
-2412
-3243
-2109
-1627
-2375
-2089
-292
1723
3021
3597
3350
2036
138
-1512
-3624
-6587
-8984
-10446
-10871
-10030
-7968
-5135
-2675
148
3492
5935
7061
7139
6558
5074
3193
1686
-72
-1892
-2987
-3330
-2914
-2153
-1644
-1495
-1146
-888
-1031
-1082
-1425
-1883
-2104
-1838
-769
197
1011
2073
2882
3842
4826
4930
4088
3209
2336
1070
-233
-1352
-1616
-1092
-219
1391
4079
7040
8459
8775
9453
9540
7840
5083
3269
1364
-1911
-4607
-5541
-5070
-4904
-5367
-4321
-2556
-1895
-1503
-814
-812
-2423
-3838
-2853
-1588
-1941
-1834
92
2253
3659
4484
4664
3703
1453
-492
-2428
-5640
-8441
-9913
-10999
-11114
-9517
-6991
-4716
-2260
1015
3878
5286
6224
6761
5829
4526
3578
2023
221
-893
-1678
-2174
-2158
-1940
-2016
-2189
-2015
-2134
-2412
-2144
-2118
-2356
-1903
-929
-17
987
2170
2961
3497
4399
5033
4595
3696
3244
2606
1403
421
236
430
436
1163
3160
5386
6477
6668
7229
7509
6422
4439
3201
2055
-620
-2966
-3774
-3494
-3397
-4397
-4173
-2767
-2497
-2312
-1457
-1238
-2305
-3142
-2056
-705
-860
-793
521
1874
2804
3395
3124
2059
349
-1462
-2917
-5267
-7595
-8762
-9330
-9035
-7807
-5765
-3912
-2274
235
2624
4016
4820
5241
5034
4235
3640
2957
1519
169
-604
-1352
-1737
-1853
-2535
-2996
-3199
-3468
-3232
-2704
-2397
-2061
-1207
176
1300
2091
2988
3335
3384
3865
4023
3325
2471
1818
1439
958
345
369
740
1147
2086
3939
5772
6136
6164
6743
6712
5442
3723
3009
1813
-662
-2335
-2979
-2866
-3030
-4095
-4046
-3186
-3219
-3257
-2777
-2622
-3402
-3606
-1871
-530
-512
320
2171
3280
3697
4169
3765
2066
-72
-1691
-3569
-6280
-8310
-9225
-9648
-9370
-7902
-5697
-3796
-1951
504
2592
3512
4266
4799
4646
4197
3715
3261
2367
1441
922
257
-341
-1026
-2153
-2983
-3765
-4724
-5113
-4673
-4262
-3724
-2096
-156
1414
2999
4578
5390
5307
5276
5018
3787
2470
1447
453
-343
-906
-616
42
621
1841
3627
5429
6252
6151
6484
6559
5392
3708
2794
2188
408
-1478
-2107
-1914
-1772
-2491
-2924
-2527
-2925
-3485
-3290
-3327
-4427
-5134
-3702
-1806
-1195
-169
1900
3644
4538
5092
5067
3597
1419
-503
-2441
-5074
-7492
-8592
-9258
-9100
-7694
-6075
-4558
-2967
-1021
1151
2526
3131
3713
3820
3886
4044
3935
3358
2395
1796
1448
822
-114
-1362
-2738
-3694
-4350
-5030
-4996
-4557
-4193
-2817
-896
726
2114
3288
4115
4541
4722
4646
3750
2498
1723
1182
603
361
472
699
1024
1831
3617
5229
5206
4677
4982
5073
3861
2497
2305
1675
-111
-1075
-1178
-1154
-1552
-2508
-2841
-2754
-3231
-3528
-3513
-3674
-4255
-4361
-2601
-732
-472
237
2312
3844
4288
4255
3713
2336
204
-1591
-2993
-5422
-7382
-7872
-8013
-7497
-6287
-4832
-3783
-2855
-1033
621
1160
1610
2441
2972
3427
4233
4555
4247
3914
3508
2708
1514
79
-1803
-3599
-4672
-5613
-6363
-6127
-5340
-4211
-2435
-212
1669
3171
4517
5207
5440
5252
4554
3414
2044
1331
755
88
34
524
1209
1863
2791
4429
5488
5108
4541
4437
4074
2544
1143
1332
1063
-291
-812
-447
-99
-392
-1328
-1709
-2095
-3241
-3897
-4049
-4427
-5264
-5223
-3062
-1127
-456
843
2976
4401
4915
4903
4119
2271
-15
-1715
-3474
-6050
-7855
-8165
-8140
-7500
-5772
-3833
-2674
-1619
26
1284
1680
1810
1932
2094
2405
3037
3641
3811
3753
3690
3280
2554
1192
-837
-2749
-4470
-5918
-6500
-6535
-6242
-4962
-2895
-472
1705
3682
5298
5897
5866
5851
5088
3376
1749
491
-483
-1061
-1082
-456
572
1535
2736
4656
5960
5667
4849
4567
4098
2472
930
933
624
-662
-1108
-730
-90
-262
-1528
-2020
-2244
-3327
-4195
-4524
-5090
-5923
-5641
-3436
-1430
-796
607
3008
4586
5195
5404
4616
2520
150
-1552
-3322
-5768
-7526
-7970
-7805
-7303
-5900
-4070
-3004
-2140
-773
453
970
1116
1557
1913
2446
3494
4255
4579
4804
4760
4231
3349
1907
-165
-2301
-4175
-5802
-6675
-6597
-6391
-5613
-3522
-991
1023
3005
5015
5872
5941
6038
5673
4353
2536
1370
687
-124
-196
248
787
1659
2746
4440
5386
4767
4171
3648
2857
1472
47
54
-129
-1112
-1317
-629
381
100
-1130
-1511
-1855
-2970
-3761
-4038
-4825
-5603
-4751
-2411
-850
-442
1129
3304
4245
4514
4343
3216
1264
-763
-2128
-3824
-6169
-7369
-7298
-6586
-5621
-4132
-2656
-1891
-1142
25
850
524
195
537
1041
1840
3090
4068
4692
5240
5424
5063
3980
1877
-664
-2927
-4827
-6490
-7468
-7251
-6537
-5331
-2708
199
2145
4010
5654
6425
6330
5830
4792
2961
1213
65
-629
-1009
-650
166
875
2079
3802
5451
5974
5072
4044
3181
1963
191
-953
-1003
-1506
-1954
-1483
-341
677
456
-352
-751
-1522
-2899
-4021
-4846
-5860
-6543
-5526
-3043
-1400
-466
1673
4153
5401
5655
5312
4019
1512
-958
-2474
-4370
-6814
-7966
-7736
-7127
-5943
-3995
-2167
-1140
-260
875
1410
947
520
389
357
878
1874
3000
3955
4764
5284
5319
4660
3040
762
-1779
-4152
-6084
-7342
-7549
-7243
-6314
-4087
-1206
1540
3890
5768
6943
7208
6958
6158
4583
2598
756
-503
-1256
-1192
-460
209
1226
3106
5219
5887
5275
4673
3663
2240
581
-709
-1046
-1913
-2488
-1787
-742
283
306
-356
-549
-1193
-2464
-3277
-4068
-5346
-6118
-5065
-2858
-1433
-629
1197
3467
4578
5050
4940
3492
1229
-797
-2123
-3879
-6164
-7172
-7053
-6482
-5161
-3398
-1949
-956
-154
803
1296
826
291
42
229
914
1750
2714
3710
4532
5302
5546
4755
3076
801
-1722
-4038
-5797
-7067
-7549
-7144
-5860
-3710
-1107
1673
4061
5722
6698
7061
6709
5624
3976
1904
187
-971
-1640
-1566
-865
123
1439
3236
5338
6146
5467
4856
4023
2261
148
-870
-1437
-2725
-3257
-2449
-1203
-118
-8
-409
-575
-1203
-2443
-3598
-4624
-5907
-6634
-5430
-3140
-1673
-456
1878
4341
5521
5686
5359
4015
1410
-994
-2590
-4849
-7514
-8607
-8184
-7076
-5399
-3205
-1270
-270
904
2165
2276
1498
631
47
-187
290
1220
1956
2924
4449
5468
5647
5424
3878
1313
-1198
-3423
-5679
-7463
-8125
-7894
-6613
-4013
-989
1650
4226
6525
7827
8052
7537
6342
4237
1979
270
-1134
-2363
-2592
-1684
-458
1021
2996
5230
6540
6406
5822
4880
3278
1236
-711
-1442
-2019
-2966
-2896
-1733
-107
354
-252
-95
-508
-2052
-3425
-4428
-5791
-7213
-6646
-4351
-2685
-1432
1012
3770
5517
6492
6652
5329
2944
504
-1672
-4289
-6938
-8325
-8594
-8139
-6528
-4334
-2547
-939
613
1831
2365
2063
1350
589
259
374
768
1395
2281
3405
4506
5137
4949
3968
2381
60
-2521
-4655
-6422
-7540
-7804
-6876
-4976
-2541
358
3181
5357
7015
7798
7663
6948
5365
3154
1047
-482
-1739
-2595
-2255
-1103
77
1693
3928
5921
6416
5793
5188
4136
2308
224
-946
-1484
-2762
-3411
-2644
-1173
-382
-1023
-1131
-894
-1768
-2958
-3834
-4868
-6251
-6594
-4597
-2603
-1794
-156
2614
4787
5701
5958
5306
3372
839
-968
-2982
-5914
-7890
-8469
-8189
-7012
-4967
-2741
-1233
142
1760
2525
2363
1763
995
402
372
871
1340
1924
2868
3841
4425
4737
4226
2552
394
-1829
-4093
-5788
-6827
-7362
-6947
-5320
-2628
334
2865
4934
6712
7700
7874
7251
5506
3337
1417
-323
-1653
-2652
-2808
-1832
-347
1137
2901
5249
6701
6492
5937
5284
3930
1748
-258
-687
-1527
-2849
-2906
-1980
-641
-658
-1293
-840
-1261
-2691
-3685
-4497
-5852
-7069
-6340
-4141
-2552
-1272
1367
4238
5879
6837
6859
5480
3262
862
-1550
-4439
-7137
-8434
-8979
-8776
-7193
-5083
-3200
-1421
384
1862
2550
2446
2222
1736
1159
1214
1403
1610
2264
3006
3518
4015
3996
3135
1569
-313
-2351
-4403
-5850
-6679
-7110
-6526
-4504
-1929
496
2961
5153
6689
7599
7873
6923
5077
3220
1478
-105
-1536
-2231
-1768
-967
274
1951
3913
5938
6127
5520
5232
4261
2466
139
-758
-1324
-2972
-3629
-2904
-1661
-1354
-1802
-1319
-1163
-2169
-2905
-3440
-4701
-6002
-5922
-4332
-2931
-1993
-134
2421
4343
5456
5741
4741
3283
1350
-1035
-3610
-6242
-7846
-8310
-7763
-6300
-4489
-2686
-1070
400
1881
2791
2324
1471
1308
960
820
1288
1510
1766
2524
3510
4059
3795
2812
1045
-773
-2260
-3963
-5568
-6283
-6208
-5465
-3454
-714
1336
3213
5170
6643
7314
7028
5904
3866
2134
923
-452
-1760
-2534
-2138
-986
429
2058
3502
5446
6774
6370
5912
5404
3790
1393
-133
-221
-1162
-2698
-2834
-2106
-1438
-1417
-1734
-1829
-2559
-3596
-4105
-4647
-5801
-6708
-5844
-3674
-1926
-289
2066
4627
6388
6984
6741
5423
3180
320
-2579
-5256
-7677
-9205
-9539
-8711
-6976
-4722
-2569
-697
1127
2512
3063
2834
2472
2059
1369
1134
1459
1659
1926
2661
3249
3424
3137
2109
637
-1165
-3005
-4590
-5789
-6279
-6182
-5221
-3185
-769
1511
3549
5417
6789
7306
6931
5639
3922
2323
823
-620
-1957
-2279
-1439
-402
802
2155
3967
5787
6154
5958
5782
4578
2662
719
-110
-670
-2361
-3344
-3041
-2357
-1724
-1791
-1834
-1981
-2704
-3050
-3455
-4448
-5603
-5915
-4404
-2434
-1380
27
2347
4546
5694
5939
5372
3749
1256
-1192
-3338
-5827
-7863
-8601
-8490
-7613
-5796
-3765
-2186
-456
1362
2336
2539
2543
2402
1928
1700
1999
1988
1754
2099
2567
2678
2507
1788
592
-592
-1988
-3487
-4419
-4985
-5237
-4761
-3267
-1167
713
2475
4216
5550
6422
6653
5861
4254
2832
1781
529
-726
-1409
-1158
-247
821
1931
3316
5031
5935
5853
5692
5053
3590
1672
343
-69
-1241
-2750
-3142
-2773
-2099
-2061
-2294
-2189
-2565
-3057
-3110
-3510
-4600
-5528
-4793
-2799
-1486
-501
1486
3853
5124
5597
5615
4479
2222
-201
-2299
-4811
-7097
-8201
-8543
-8258
-6872
-4749
-3093
-1372
631
1833
2542
2904
2895
2686
2149
2187
2201
1760
1800
2082
2192
2091
1464
395
-572
-1649
-3133
-4075
-4675
-5066
-4641
-3660
-2013
-127
1728
3571
4811
5781
6309
5953
4915
3589
2435
1235
56
-699
-815
-231
523
1412
2786
4339
5518
5449
5158
4833
3809
2196
589
0
-998
-2560
-3250
-2952
-2426
-2596
-2973
-2729
-2849
-3251
-3273
-3487
-4218
-4984
-4486
-2624
-1281
-614
923
3162
4679
5298
5171
4091
2119
-241
-2034
-4140
-6564
-7803
-8019
-7699
-6422
-4503
-2730
-1142
403
1695
2452
2631
2454
2209
1816
1685
1950
1972
1883
2028
2470
2503
1805
913
-245
-1742
-3200
-4270
-4982
-5412
-4977
-3857
-2230
-14
2008
3701
4978
5851
6375
5987
4860
3441
1855
679
-264
-1049
-1421
-869
578
1717
2257
3014
4879
6072
5368
4805
4687
3450
1309
208
524
-273
-2309
-2950
-2047
-1253
-1775
-2461
-2436
-2827
-3485
-3355
-3056
-4430
-5800
-4416
-1879
-956
-367
1338
3172
4508
5252
5447
4014
1498
-345
-1988
-4298
-6390
-7412
-7728
-7443
-6120
-4221
-2684
-1475
-35
1288
2025
2321
2395
2139
2025
2322
2301
1981
1993
2009
1807
1512
933
-137
-1241
-2071
-3333
-4207
-4198
-4119
-3849
-2868
-1110
519
2027
3407
4270
4853
5065
4801
3825
2551
1659
798
48
-151
-190
212
1144
2276
3236
4613
6139
6156
5372
4837
4222
2608
666
50
-1024
-2824
-3590
-3369
-2805
-2978
-3454
-3026
-2769
-2987
-2906
-2967
-3607
-4331
-3780
-2106
-962
-445
968
2968
4191
4901
4961
3851
1853
-126
-1875
-4246
-6704
-7690
-7623
-7693
-6887
-4914
-3352
-2119
-492
1106
1952
2107
2386
2578
2354
2447
2348
2041
2082
2005
1845
1690
1087
-69
-1182
-1891
-2972
-4129
-4401
-4340
-4095
-2986
-1267
171
1663
3291
4466
5158
5389
5210
4373
3196
2418
1695
928
340
-29
320
1229
2111
2702
3717
5407
5933
5285
4873
4483
3378
1510
640
191
-1397
-2797
-3082
-2449
-2490
-3199
-3118
-2766
-2925
-3154
-3020
-3221
-4097
-4245
-2848
-1217
-636
282
2124
3737
4581
4845
4401
2860
824
-1164
-3302
-5585
-7303
-8034
-8104
-7557
-5937
-4187
-2639
-1009
483
1665
2321
2419
2435
2431
2188
2124
2088
1941
1781
1719
1821
1373
399
-548
-1502
-2920
-4147
-4559
-4773
-4689
-3704
-2364
-554
1461
3084
4378
5037
5466
5423
4705
3606
2336
1206
495
92
-324
-468
291
1370
2134
2883
4149
5724
6135
5525
5193
4779
3424
1542
624
72
-1699
-3107
-3004
-2582
-2665
-3107
-3018
-2671
-2923
-3067
-2991
-3456
-4512
-4620
-3083
-1652
-1060
86
2165
3788
4720
5209
4435
2578
762
-999
-2939
-5219
-7132
-8002
-8464
-7955
-6237
-4544
-3101
-1430
214
1612
2391
2863
3152
2684
2317
2325
2028
1491
980
787
766
605
262
-314
-1127
-2017
-2642
-3022
-3117
-3301
-3197
-2095
-568
660
1913
3067
3947
4694
5088
4982
4094
3148
2651
1789
888
350
47
257
983
1734
2384
3875
5459
5553
5422
5617
4997
3443
1838
1178
-96
-2438
-3476
-3714
-3945
-3778
-3650
-3152
-2646
-2402
-1893
-1632
-2128
-2945
-2847
-1678
-846
-703
62
1673
2707
3333
3868
3228
1686
145
-1153
-2793
-4933
-6589
-7389
-7662
-7197
-5825
-4277
-3029
-1568
179
1742
2477
3038
3426
2929
2678
2716
2211
1247
660
502
109
-369
-840
-1490
-2298
-2756
-2888
-3025
-2816
-2409
-1883
-558
846
1924
2700
3289
3868
4016
3823
3359
2544
1863
1450
941
638
436
598
1309
1926
2309
3054
4481
5569
5525
5228
5087
4300
2851
1599
944
-510
-2497
-3351
-3629
-3459
-3483
-3720
-3296
-2979
-2663
-2123
-2295
-2911
-3472
-2980
-1478
-807
-505
628
2154
3173
3840
3926
2828
1138
-508
-2053
-3954
-5918
-7062
-7741
-7839
-6686
-5240
-3929
-2268
-641
925
2154
2809
3200
3014
2676
2484
2073
1349
523
214
178
-77
-546
-778
-901
-1638
-1981
-1956
-2203
-2264
-2067
-1375
-418
461
1551
2328
2806
3563
4014
3795
3354
2945
2509
1904
1467
1083
503
569
1234
1713
2068
3110
4877
5859
5564
5731
5839
4742
3072
1755
1029
-763
-2826
-3637
-3858
-3689
-3567
-3485
-2819
-2384
-1949
-1380
-1604
-2552
-3293
-2726
-1622
-1361
-987
398
1785
2804
3836
4006
2807
1343
91
-1553
-3919
-5957
-7187
-8140
-8392
-7273
-5728
-4328
-2615
-672
1199
2589
3338
3687
3486
2807
2362
1748
788
-59
-533
-613
-680
-827
-865
-1134
-1557
-1739
-1798
-1871
-1853
-1720
-1169
-192
720
1615
2341
2915
3483
3652
3411
2948
2444
1945
1479
1273
971
434
429
1223
1908
2167
3052
4785
5941
5817
5982
5982
4760
3140
1756
910
-822
-2917
-3928
-4178
-3718
-3548
-3500
-2805
-2262
-1853
-1541
-1709
-2565
-3457
-3203
-2258
-1751
-1251
-129
1407
2643
3673
4025
3067
1667
58
-1910
-4162
-5992
-7283
-8248
-8153
-7048
-5569
-3877
-2039
-106
1454
2737
3630
3718
3322
2744
1935
1109
385
-290
-609
-644
-684
-682
-295
-129
-648
-981
-963
-1154
-1305
-1140
-873
-600
31
887
1465
1920
2593
3124
3166
3147
3080
2650
2221
2049
1627
892
535
894
1155
1355
2382
4176
5466
5736
6041
6274
5435
3896
2375
1157
-415
-2657
-3895
-4023
-3833
-3664
-3353
-2500
-1709
-1402
-1158
-1074
-1830
-2932
-3110
-2306
-2036
-1890
-825
726
1950
2977
3701
3216
2077
589
-1188
-3082
-5204
-6975
-8141
-8395
-7551
-5956
-3913
-2159
-355
1478
2961
3886
3878
3256
2336
1238
412
-365
-1184
-1466
-1378
-1043
-512
15
70
-192
-138
-173
-540
-777
-955
-1123
-884
52
661
828
1531
2313
2769
2969
3078
2789
2263
2122
1986
1395
864
687
571
800
1482
2208
3480
5217
6116
6107
6161
5867
4446
2554
1114
-264
-2306
-3858
-4117
-3922
-3464
-2916
-2195
-1270
-940
-925
-1038
-1753
-2955
-3784
-3500
-2994
-2942
-1999
-224
1387
2624
3805
4037
2895
1333
-337
-2220
-4669
-6945
-7971
-8408
-8026
-6468
-4541
-2666
-805
1370
3209
3947
3958
3381
2265
1062
71
-919
-1811
-2160
-1890
-1094
-213
496
908
1019
1349
1222
555
116
-538
-1179
-1218
-874
-507
-210
488
1403
2306
2947
3174
3102
2899
2814
2490
1989
1479
864
286
455
1299
1921
2850
4617
6176
6658
6519
6501
5609
3308
1295
119
-1609
-3675
-4417
-4073
-3561
-2794
-1796
-838
-445
-441
-438
-931
-2204
-3588
-3940
-3679
-3373
-2612
-1066
743
2080
3283
4063
3339
1809
175
-1698
-4009
-6643
-8024
-8561
-8635
-7043
-4811
-2933
-843
1651
3519
4169
4144
3479
2202
773
-417
-1648
-2561
-2624
-2456
-1614
-462
285
1073
1766
2080
1598
961
426
-547
-1406
-1647
-1595
-1325
-657
281
1252
2254
3160
3472
3388
3218
2825
2163
1531
1079
504
-63
-82
417
1153
2081
3670
5652
6811
6830
6613
6144
4707
2711
1031
-462
-2341
-3648
-3771
-3304
-2571
-1782
-1019
-337
-236
-543
-1096
-2249
-3741
-4834
-5051
-4518
-4019
-2966
-939
1256
2928
4095
4317
3281
1557
-236
-2168
-4855
-7137
-8166
-8552
-7874
-6161
-4213
-2187
-1
2087
3261
3636
3282
2258
1025
-218
-1277
-2292
-2814
-2513
-1747
-640
612
1730
2597
3167
3187
2678
1818
545
-710
-1575
-2095
-2303
-1979
-1304
-329
757
2001
3032
3398
3619
3672
3439
2875
2325
1601
858
557
519
926
1533
2449
4114
5755
6583
6545
5950
5087
3524
1687
450
-1026
-2779
-3497
-3327
-2527
-1493
-758
-220
104
182
-67
-1142
-2718
-4291
-5387
-5204
-4441
-3954
-2646
-685
1180
2810
3624
3355
2077
397
-1356
-3368
-5694
-7230
-7559
-7523
-6426
-4373
-2340
-359
1306
2684
3372
2907
1991
979
-396
-1812
-2588
-2923
-2960
-2218
-1040
312
1654
2729
3550
3717
3422
2592
1272
-47
-1270
-2167
-2522
-2300
-1791
-966
221
1512
2532
3099
3333
3293
2941
2437
1855
1311
836
743
770
758
1398
2303
3296
4670
5938
6354
5741
4816
4029
2530
824
-177
-1330
-2467
-2637
-2101
-1313
-574
-219
-27
-62
-420
-1162
-2621
-4214
-5343
-5865
-5600
-4762
-3568
-1791
209
2024
3271
3580
2925
1451
-330
-2260
-4429
-6372
-7446
-7646
-6909
-5354
-3124
-939
903
2516
3385
3207
2367
1337
-84
-1727
-2947
-3462
-3331
-2883
-1599
236
1551
2794
4051
4645
4268
3248
1909
328
-1311
-2356
-2881
-3176
-2609
-1236
116
1493
2913
3719
3874
3895
3607
2841
1910
1142
785
655
795
1252
1612
1998
3144
4102
4353
4611
4585
4024
3249
2395
1836
925
-192
-186
46
98
633
934
892
1031
738
94
-880
-2339
-3787
-4780
-5122
-5492
-5663
-4724
-2978
-1799
-523
918
1310
1195
841
-66
-1500
-3187
-4354
-5036
-5454
-5025
-3943
-2818
-1456
195
1430
1896
1600
859
-26
-1239
-2314
-3116
-3857
-3941
-3141
-1870
-636
723
2003
3026
3745
4075
3668
2414
1191
265
-891
-1839
-1941
-1921
-1600
-410
850
1629
2250
2476
2455
2392
2010
1472
888
711
1107
1562
2056
2638
2938
3058
3399
3317
2803
2338
2096
2408
2702
2765
2807
2720
2889
3132
3175
3121
2480
1408
534
-148
-858
-2151
-3435
-4184
-4597
-4672
-4483
-4436
-4437
-4119
-3186
-2016
-1357
-1133
-885
-652
-786
-861
-1027
-1663
-2438
-2669
-2303
-2245
-2225
-1914
-1643
-1359
-1056
-789
-1122
-1922
-2446
-2870
-2978
-2941
-2827
-2490
-1922
-669
710
1696
2459
2945
3258
3645
3615
2897
1821
832
81
-525
-792
-960
-1259
-987
9
655
1022
1441
1446
1412
1784
2193
2232
2159
2391
2937
3440
3622
3756
3560
2947
2556
2089
1250
317
-261
-311
459
1815
3043
4043
4749
5298
5834
5597
4753
3396
1290
-405
-1715
-2955
-3953
-4828
-5192
-4822
-4172
-3499
-3102
-3320
-3485
-3223
-3223
-3350
-3634
-4075
-3763
-2894
-1831
-790
-111
405
976
1464
1474
784
-708
-2121
-3150
-4026
-4522
-5021
-5433
-5199
-4298
-2967
-1842
-797
99
736
1631
2368
2530
2075
1673
1674
1716
1627
1620
1446
978
726
854
917
343
-285
-454
-535
-561
-191
74
230
917
1964
2903
3592
4048
4055
4062
4251
4009
3205
2303
1650
1068
563
660
649
378
570
1318
2353
3407
4521
5189
5008
4776
4367
3247
1908
557
-884
-2212
-3036
-3659
-3992
-3885
-3750
-3505
-3075
-2807
-2813
-3088
-3634
-4349
-4738
-4791
-4704
-4346
-3371
-1973
-706
586
1663
2206
2307
1983
1174
-406
-2234
-3861
-5264
-6150
-6454
-6153
-5259
-3946
-2380
-649
854
1901
2595
2780
2543
2306
1666
803
426
307
313
487
1020
1564
1850
2231
2332
1880
1240
636
40
-373
-567
-364
226
967
1878
2935
3681
4173
4350
4129
3706
3202
2633
1885
1232
918
917
1096
1524
2026
2321
2686
2887
2812
2527
1910
1350
943
702
655
647
691
754
803
737
395
-155
-1016
-1871
-2647
-3425
-3842
-4176
-4449
-4261
-3866
-3426
-2837
-2360
-2323
-2197
-1969
-1911
-2089
-2159
-1843
-1776
-1571
-1120
-1085
-1507
-1696
-1878
-2338
-2746
-2932
-3034
-3193
-3037
-2405
-2004
-1599
-616
8
241
750
1053
871
829
922
704
472
517
625
651
960
1388
1579
1882
2337
2521
2668
2750
2566
2463
2293
2066
1864
1521
1313
1247
1177
1283
1517
1703
2108
2589
2993
3317
3527
3536
3442
3216
2924
2522
1820
1122
543
94
-255
-573
-786
-909
-958
-884
-638
-445
-381
-262
-215
-288
-487
-686
-737
-994
-1209
-1210
-1317
-1348
-1475
-1927
-2242
-2478
-2863
-3143
-3261
-3501
-3852
-3733
-3362
-3257
-3032
-2462
-2019
-1790
-1315
-900
-887
-922
-862
-939
-1336
-1564
-1414
-1182
-1137
-844
-484
-757
-835
-533
-551
-725
-578
-318
-192
372
1230
1750
2130
2985
3696
3945
4253
4203
3680
3096
2615
2023
1310
831
440
232
395
817
1148
1491
1980
2539
3061
3361
3420
3313
3185
3035
2902
2525
1921
1489
1012
512
81
-471
-958
-1321
-1710
-1937
-1966
-2021
-1900
-1650
-1226
-694
-238
400
921
1123
1406
1465
1218
935
377
-421
-1205
-1979
-2583
-2902
-3306
-3482
-3534
-3460
-3100
-2825
-2565
-2376
-2316
-2039
-1916
-2029
-2002
-2157
-2287
-2158
-2015
-1950
-1702
-1454
-1190
-780
-656
-549
-600
-863
-989
-1064
-1130
-928
-518
-166
488
1269
1937
2507
2817
2971
2948
2654
2221
1706
1177
824
653
708
852
1233
1746
2220
2774
3199
3302
3288
3218
2880
2386
1959
1540
1048
781
780
712
643
766
766
487
96
-371
-934
-1366
-1613
-1662
-1514
-1163
-541
185
1020
1821
2267
2457
2371
1869
1123
146
-1044
-2034
-2774
-3191
-3215
-2965
-2577
-2043
-1327
-564
-103
102
266
66
-316
-630
-1060
-1491
-1857
-1998
-2012
-1999
-1864
-1899
-2070
-2102
-2218
-2515
-2700
-2797
-2775
-2555
-2066
-1327
-621
186
1327
2106
2544
2986
3068
2825
2343
1808
1046
378
8
-342
-640
-624
-295
3
431
947
1345
1650
1987
2207
2256
2211
2204
2230
2126
2267
2309
1997
1680
1341
873
386
-134
-659
-1160
-1485
-1537
-1547
-1448
-1098
-582
-31
665
1350
1731
2013
2260
2293
2099
1684
1018
326
-294
-743
-989
-1342
-1556
-1452
-1224
-1018
-849
-859
-1019
-1050
-1077
-1112
-1173
-1307
-1267
-1074
-837
-484
-366
-252
-147
-142
-373
-961
-1485
-2248
-2865
-3044
-3137
-3137
-2719
-1872
-999
-15
1009
1667
2019
2512
2655
2304
1802
1217
431
-202
-390
-495
-631
-581
-246
128
449
921
1177
1028
1035
1125
1033
818
683
504
404
471
641
714
607
499
349
106
-198
-671
-1326
-1871
-2087
-1994
-1804
-1453
-804
124
930
1730
2288
2413
2379
2222
1751
1038
305
-351
-851
-1291
-1301
-991
-783
-454
101
448
683
858
758
453
157
13
-159
-557
-724
-584
-466
-122
215
340
413
534
473
100
-405
-846
-1302
-1760
-1812
-1744
-1609
-1096
-493
216
1109
1808
2201
2421
2391
2291
1966
1394
926
383
-79
-286
-487
-614
-566
-463
-339
-115
237
406
416
462
578
537
353
344
250
173
138
25
-102
-198
-460
-828
-1230
-1679
-2146
-2663
-2976
-3000
-2830
-2349
-1590
-822
-49
775
1572
2115
2282
2204
1679
894
286
-473
-1273
-1873
-2187
-2058
-1618
-1056
-488
53
618
1110
1284
1205
917
411
-9
-271
-456
-541
-446
-273
88
638
1030
1141
1025
840
435
-9
-434
-925
-1412
-1382
-1023
-634
-2
759
1396
2022
2627
2874
2909
2612
2197
1755
1309
841
442
155
81
256
442
577
607
555
417
357
258
-48
-417
-518
-567
-591
-502
-402
-245
-64
34
68
-74
-510
-1124
-1554
-1946
-2334
-2585
-2750
-2638
-2340
-1886
-1270
-717
-380
-6
266
369
423
302
-47
-414
-642
-755
-916
-1039
-1061
-995
-720
-408
-200
-204
-131
-13
-71
-88
-122
-206
-339
-278
15
225
451
765
931
1033
1202
1189
859
496
224
-22
-293
-467
-438
-285
-24
331
723
1155
1584
1921
2245
2510
2609
2463
2341
2002
1558
1236
947
686
503
623
763
777
793
812
791
843
898
828
647
557
566
451
329
152
-104
-286
-414
-614
-979
-1336
-1555
-1874
-2098
-2107
-2055
-1852
-1581
-1171
-743
-371
-191
-115
-179
-441
-765
-1193
-1660
-1874
-2020
-2087
-1982
-1722
-1382
-1164
-864
-512
-320
-293
-337
-490
-802
-1133
-1363
-1493
-1449
-1228
-852
-408
31
382
692
880
846
693
574
333
37
-89
-113
-47
162
447
835
1150
1445
1752
1952
2061
2097
1982
1813
1698
1577
1420
1264
1198
1176
1190
1353
1405
1339
1319
1332
1125
866
769
659
481
399
460
469
507
534
485
358
217
93
-115
-470
-709
-937
-1215
-1366
-1306
-1244
-1127
-944
-815
-581
-471
-364
-400
-496
-628
-760
-911
-1070
-1232
-1464
-1550
-1554
-1467
-1406
-1366
-1135
-967
-938
-898
-885
-981
-1050
-1128
-1194
-1383
-1502
-1418
-1278
-948
-607
-311
-44
176
371
539
459
340
193
118
308
381
274
316
589
945
1371
1717
1826
1942
2144
2224
2154
1990
1849
1642
1454
1420
1425
1340
1247
1215
1130
1108
1100
947
805
695
675
758
803
845
774
690
697
674
471
220
4
-323
-538
-709
-853
-966
-1042
-927
-694
-506
-410
-228
-152
-196
-259
-472
-795
-1093
-1363
-1488
-1509
-1539
-1545
-1490
-1291
-1012
-880
-843
-843
-868
-952
-1039
-1175
-1369
-1598
-1778
-1778
-1690
-1513
-1305
-1239
-1059
-674
-329
-255
-320
-467
-587
-509
-511
-581
-607
-325
45
495
893
1223
1427
1504
1525
1447
1369
1270
1081
956
989
1073
1171
1228
1316
1499
1732
1900
1933
1810
1541
1219
951
712
428
278
265
403
666
862
905
911
936
876
728
433
119
-83
-241
-382
-342
-274
-227
-143
-35
30
4
-50
-216
-453
-629
-778
-843
-884
-918
-808
-626
-397
-224
-152
-221
-324
-491
-715
-1003
-1330
-1589
-1728
-1803
-1766
-1669
-1542
-1322
-1116
-826
-538
-339
-254
-296
-338
-408
-511
-654
-795
-944
-982
-869
-616
-305
-44
253
553
876
1136
1279
1325
1338
1238
1171
997
747
596
473
457
454
521
629
804
986
1219
1420
1568
1582
1513
1401
1265
1177
981
806
628
433
273
192
106
71
74
134
226
305
432
518
497
472
498
415
299
131
-90
-358
-549
-652
-825
-887
-927
-900
-811
-647
-517
-501
-532
-591
-687
-743
-819
-1021
-1160
-1287
-1346
-1370
-1474
-1562
-1536
-1499
-1376
-1201
-1086
-962
-886
-804
-665
-611
-550
-515
-513
-444
-300
-157
-104
-74
25
230
444
534
586
600
718
810
786
790
661
494
433
393
424
460
414
378
564
771
971
1139
1065
1044
1180
1269
1260
1218
1105
851
732
759
671
567
517
461
433
467
467
321
158
155
197
329
385
265
216
237
291
296
183
70
46
17
-40
-106
-249
-491
-650
-694
-727
-751
-788
-823
-944
-910
-832
-871
-923
-943
-978
-949
-853
-878
-890
-856
-780
-769
-652
-585
-638
-652
-653
-717
-793
-799
-795
-681
-522
-298
-69
213
446
656
857
1007
1095
1093
1012
804
562
259
-32
-210
-371
-400
-369
-227
77
364
548
817
1061
1192
1234
1201
1030
830
686
498
373
348
396
438
466
501
597
665
750
634
480
447
377
234
83
64
6
15
84
173
302
333
354
378
323
262
122
-123
-374
-583
-735
-831
-1053
-1124
-1030
-1018
-1004
-960
-863
-744
-703
-715
-764
-794
-805
-830
-835
-814
-795
-817
-751
-639
-665
-716
-729
-750
-746
-642
-556
-453
-321
-122
178
435
610
804
816
826
874
702
490
207
-106
-378
-586
-698
-620
-435
-270
36
348
583
832
993
1061
1077
1130
1106
1017
848
592
496
428
401
406
380
448
597
752
830
839
776
701
671
579
518
431
295
293
370
425
448
453
517
505
452
390
204
-44
-317
-494
-652
-808
-932
-929
-882
-818
-686
-628
-602
-559
-499
-551
-641
-637
-691
-816
-863
-904
-837
-770
-805
-783
-783
-723
-590
-512
-489
-454
-267
-164
-43
106
148
278
348
501
576
513
440
250
48
-121
-277
-456
-575
-640
-586
-434
-258
-16
169
370
617
778
895
863
810
768
692
663
609
488
449
494
537
592
671
742
761
766
760
693
574
454
384
293
303
360
439
595
680
749
791
716
535
359
129
-176
-442
-709
-881
-931
-937
-904
-817
-712
-614
-562
-554
-534
-477
-542
-644
-705
-776
-759
-757
-801
-762
-672
-603
-549
-563
-597
-654
-715
-733
-731
-685
-573
-429
-246
-80
150
285
367
364
328
235
23
-188
-358
-499
-581
-582
-531
-451
-326
-125
67
192
297
360
394
447
449
522
528
536
601
712
745
793
854
789
779
819
821
753
651
611
554
490
505
540
574
658
765
883
1003
1083
1080
1050
984
864
707
469
228
52
-161
-346
-493
-604
-654
-652
-581
-541
-454
-311
-267
-251
-264
-280
-313
-371
-414
-517
-559
-528
-539
-533
-604
-596
-594
-632
-652
-736
-770
-809
-804
-702
-572
-413
-256
-52
109
178
181
96
-55
-275
-434
-588
-770
-870
-906
-843
-666
-514
-257
-58
80
242
293
299
300
258
182
208
206
213
322
374
514
649
715
731
654
589
502
407
300
173
97
133
256
364
544
731
904
1096
1195
1242
1160
965
759
509
335
163
-55
-183
-341
-351
-286
-226
-177
-145
-60
42
97
30
-17
-82
-117
-130
-150
-125
-153
-240
-264
-282
-367
-440
-514
-557
-660
-677
-659
-619
-586
-490
-365
-295
-209
-175
-159
-185
-292
-500
-578
-675
-776
-880
-914
-832
-848
-771
-622
-473
-328
-173
-59
61
169
250
286
242
174
119
118
35
15
13
41
126
175
195
254
301
327
394
445
459
518
626
631
660
650
709
759
781
823
792
684
616
530
382
282
177
100
142
186
263
361
380
481
536
529
478
378
265
127
31
-63
-128
-118
-93
-44
44
134
177
192
160
91
-21
-126
-235
-308
-351
-351
-302
-239
-139
-82
-12
-22
-80
-178
-339
-490
-667
-791
-966
-1069
-1071
-1033
-919
-755
-631
-523
-370
-237
-162
-148
-170
-169
-192
-202
-218
-193
-178
-132
-45
-5
38
-1
-80
-185
-259
-234
-215
-244
-189
-131
23
203
411
633
787
749
743
723
672
615
440
303
149
10
-55
-69
-33
36
100
191
238
294
336
313
315
302
255
197
183
134
65
140
183
204
231
229
215
188
142
9
-86
-158
-212
-196
-183
-138
-82
26
104
167
210
158
53
-52
-126
-290
-435
-538
-678
-685
-643
-595
-495
-441
-357
-241
-181
-73
-12
-10
4
13
21
12
13
36
5
68
73
88
81
13
47
37
-20
-125
-179
-179
-193
-147
-32
22
125
230
298
367
359
334
314
237
132
77
12
-59
-76
-94
-122
-78
-21
51
85
176
189
154
115
95
73
44
66
74
91
188
263
328
419
404
416
353
321
253
114
4
-76
-53
-14
35
162
252
274
290
222
174
94
-1
-143
-270
-332
-444
-523
-535
-507
-452
-406
-283
-182
-117
17
92
134
140
139
120
67
-1
-35
-76
-116
-109
-101
-60
-32
-39
-20
-32
-72
-77
-144
-176
-120
-113
-29
14
63
177
193
219
162
143
78
2
-110
-190
-287
-333
-308
-340
-354
-326
-256
-182
-145
-133
-126
-96
-76
-119
-118
-64
-42
-29
33
40
81
112
93
43
19
-28
-123
-158
-174
-191
-209
-195
-116
-25
110
215
280
330
351
303
226
126
-20
-133
-203
-303
-342
-366
-388
-311
-221
-103
10
143
232
269
324
375
373
365
383
344
327
288
232
157
118
104
114
141
165
204
228
216
251
297
290
296
316
328
298
289
253
212
171
120
35
-6
-22
-78
-124
-124
-103
-139
-132
-86
-24
-37
-22
-34
-50
-98
-228
-268
-314
-302
-240
-116
-18
34
95
102
60
21
-64
-203
-329
-385
-385
-389
-365
-348
-269
-180
-97
-12
69
78
59
17
-84
-143
-196
-231
-318
-325
-360
-280
-178
-137
-97
-107
-18
13
100
143
114
147
221
196
215
238
209
201
216
245
203
185
158
66
31
72
90
111
113
162
233
279
379
364
317
306
259
217
165
155
98
38
-25
-87
-154
-176
-169
-137
-155
-127
-100
-77
-37
-37
-57
-91
-101
-88
-48
-45
-17
6
78
112
110
112
9
-57
-113
-178
-292
-386
-399
-428
-403
-343
-292
-302
-233
-165
-152
-174
-168
-189
-244
-290
-357
-401
-402
-370
-412
-398
-303
-256
-190
-82
22
83
118
144
146
175
191
190
193
224
230
249
284
265
253
253
215
139
119
125
125
165
256
330
393
427
456
493
530
500
516
457
373
300
253
199
63
-6
-43
3
37
75
128
158
149
125
131
93
70
76
87
130
154
193
245
235
248
217
187
143
67
-9
-71
-148
-212
-273
-326
-287
-266
-245
-218
-178
-144
-152
-195
-262
-308
-386
-445
-478
-529
-556
-582
-575
-530
-494
-393
-302
-264
-177
-121
-78
-57
-65
-39
-60
-98
-32
-27
-40
-51
-16
21
27
46
104
113
90
82
76
97
129
154
209
222
263
308
326
315
289
293
279
247
177
137
70
21
-13
-65
-78
-143
-152
-152
-96
-103
-90
-48
-31
7
25
71
114
132
163
160
145
170
139
138
127
67
4
-9
-79
-92
-113
-137
-138
-133
-94
-49
-28
-31
-19
-76
-74
-67
-105
-156
-198
-289
-297
-350
-404
-382
-382
-304
-204
-120
20
62
61
75
61
55
59
40
31
63
78
102
132
128
111
128
139
126
113
132
89
109
154
170
218
250
302
383
411
410
446
410
388
314
235
166
128
100
63
70
69
83
43
8
22
14
-13
-5
-19
-1
0
-19
36
63
83
84
118
108
86
54
-54
-99
-112
-168
-211
-234
-309
-283
-270
-184
-146
-141
-100
-97
-107
-119
-149
-193
-238
-324
-314
-341
-392
-395
-409
-377
-365
-300
-288
-265
-237
-170
-111
-67
-67
-21
-15
4
48
0
21
-1
14
10
24
5
9
26
65
57
76
131
141
174
173
177
199
253
295
359
372
369
341
312
310
307
278
225
179
149
121
88
96
92
63
54
94
136
128
176
182
166
180
142
130
96
61
31
12
1
5
-6
-76
-103
-164
-167
-210
-251
-284
-315
-313
-328
-291
-306
-298
-320
-355
-324
-352
-386
-429
-460
-463
-424
-410
-383
-329
-281
-200
-162
-98
-50
-23
-39
-1
-33
-28
-46
-106
-100
-109
-82
-36
5
60
127
173
210
254
260
256
235
238
279
311
318
352
417
428
425
443
456
473
454
448
431
407
381
341
336
331
329
288
292
279
260
322
307
279
289
291
313
307
275
273
182
180
106
45
10
-85
-85
-131
-155
-199
-215
-234
-209
-225
-217
-229
-279
-292
-375
-403
-394
-452
-438
-489
-557
-557
-581
-534
-541
-527
-503
-430
-386
-354
-295
-300
-261
-217
-208
-149
-164
-145
-153
-189
-205
-275
-276
-313
-289
-264
-223
-144
-75
-35
23
67
79
130
176
204
194
200
183
199
228
231
241
258
272
271
269
256
252
256
244
199
223
220
260
289
291
304
309
324
330
347
303
295
309
294
301
294
275
223
196
213
186
114
101
82
51
35
-8
-58
-128
-148
-137
-120
-129
-150
-164
-146
-191
-183
-214
-258
-303
-292
-277
-276
-253
-243
-222
-236
-201
-210
-234
-218
-212
-214
-244
-239
-250
-258
-226
-226
-200
-216
-210
-175
-194
-178
-150
-99
-52
-33
17
43
77
105
126
161
149
130
134
146
124
121
166
148
149
170
185
220
245
269
309
315
309
319
305
304
301
313
345
382
358
344
316
244
222
190
165
159
163
158
168
190
244
261
233
227
208
164
115
61
-34
-94
-119
-189
-182
-201
-255
-267
-242
-203
-210
-236
-287
-287
-271
-270
-246
-254
-273
-319
-327
-330
-293
-349
-333
-294
-315
-330
-319
-332
-349
-363
-372
-328
-289
-277
-252
-225
-191
-148
-144
-115
-117
-127
-98
-77
-56
4
55
60
41
52
53
49
38
4
1
43
69
113
183
199
214
255
274
295
295
327
335
341
313
347
379
354
319
307
280
266
300
259
223
215
215
186
193
222
226
214
215
169
128
104
58
12
-38
-66
-101
-129
-112
-160
-157
-166
-172
-144
-174
-182
-224
-231
-261
-284
-274
-258
-270
-264
-250
-170
-157
-142
-156
-171
-158
-193
-188
-217
-269
-252
-248
-221
-162
-110
-33
-43
-44
-13
14
53
52
44
4
26
66
52
107
99
97
162
215
252
250
265
268
250
249
233
244
239
242
253
272
261
283
301
262
254
219
208
184
219
187
167
170
202
210
193
190
169
158
99
28
-12
-25
-61
-89
-87
-104
-72
-50
-48
-82
-85
-77
-92
-123
-171
-209
-281
-291
-306
-338
-317
-326
-320
-282
-250
-226
-233
-231
-256
-267
-308
-309
-271
-296
-297
-255
-247
-249
-218
-209
-187
-129
-111
-98
-62
-71
-102
-132
-118
-144
-170
-102
-103
-107
-77
-27
-8
28
33
30
89
160
166
166
190
186
206
197
208
199
189
193
205
209
206
255
287
286
303
280
314
308
293
270
252
279
239
204
187
130
121
107
102
73
14
34
57
44
74
105
98
97
83
58
67
11
-51
-70
-105
-138
-192
-216
-209
-184
-189
-163
-122
-88
-83
-71
-59
-66
-104
-141
-151
-181
-201
-184
-174
-172
-170
-134
-96
-67
-57
-65
-67
-90
-82
-105
-104
-142
-148
-150
-113
-42
-9
25
20
39
49
60
54
80
98
127
141
163
168
163
142
151
145
152
181
170
142
202
192
175
225
229
253
258
272
243
215
156
85
57
41
0
-36
-14
7
2
30
35
78
76
51
43
-5
-41
-62
-98
-104
-134
-165
-222
-228
-244
-294
-264
-258
-254
-217
-233
-224
-203
-184
-203
-220
-155
-137
-120
-94
-110
-110
-114
-149
-152
-143
-149
-134
-105
-108
-70
-88
-78
-103
-107
-97
-66
-46
-55
-7
15
25
39
69
74
85
109
113
95
91
93
94
73
115
105
104
118
106
122
120
151
166
159
167
152
137
166
143
114
138
121
116
99
99
78
39
45
21
23
17
24
76
65
76
98
106
98
92
74
67
0
-13
-50
-66
-77
-96
-92
-87
-61
-58
-24
-39
-33
-60
-75
-59
-54
-46
-48
5
25
27
27
34
9
-41
-53
-68
-100
-71
-104
-87
-80
-56
-28
-34
-38
-46
-7
-17
23
18
-2
31
22
41
62
50
75
46
71
55
47
68
26
35
12
17
29
1
13
42
56
101
94
89
90
80
82
66
93
73
55
58
53
42
49
33
23
32
-4
-16
-33
-70
-69
-102
-101
-85
-58
-45
-64
-46
-72
-87
-77
-96
-101
-152
-176
-190
-187
-172
-180
-171
-176
-167
-128
-130
-83
-92
-62
-59
-70
-50
-52
-65
-91
-114
-100
-91
-63
-66
-37
-30
-38
-41
-12
-9
-24
14
-9
36
100
102
97
97
118
89
62
95
75
35
56
87
81
110
88
81
113
114
110
90
83
119
110
106
112
127
97
90
105
95
114
109
95
80
81
85
104
94
66
64
51
60
54
42
9
-21
-31
-18
-30
-33
-34
-32
-55
-82
-57
-72
-114
-115
-121
-115
-153
-156
-161
-152
-146
-118
-72
-73
-57
-31
-50
-29
-3
-33
-54
-62
-52
-63
-24
-8
-16
-21
-6
5
18
61
80
102
105
128
160
151
146
175
159
162
159
149
150
96
84
84
77
47
74
91
74
100
87
115
113
93
108
71
42
25
29
14
10
35
12
-2
-19
-10
11
-31
-36
-39
-62
-32
-69
-92
-91
-109
-113
-129
-117
-104
-105
-87
-129
-142
-130
-168
-163
-216
-232
-233
-240
-226
-217
-191
-192
-184
-188
-183
-173
-160
-162
-139
-152
-120
-100
-85
-60
-47
-54
-97
-83
-62
-89
-78
-67
-110
-50
-36
-43
29
57
95
109
106
103
86
109
106
134
153
148
156
154
120
137
144
177
170
174
226
192
188
202
200
181
199
204
231
233
224
215
166
147
110
105
85
68
86
108
117
109
79
75
66
53
43
-4
-32
-35
-56
-73
-44
-69
-87
-77
-104
-88
-83
-58
-74
-91
-127
-145
-127
-122
-102
-100
-123
-99
-136
-158
-142
-123
-113
-128
-127
-111
-85
-66
-13
-33
-12
16
-2
-8
-51
-38
-35
-36
-14
-21
-9
-22
17
22
54
84
82
65
56
100
85
92
85
65
55
45
31
22
31
38
38
45
53
63
84
104
111
118
115
120
93
105
90
42
54
53
18
18
6
-4
21
2
24
30
2
5
-3
-22
-22
-53
-54
-63
-72
-40
-79
-60
-97
-123
-111
-131
-145
-129
-148
-164
-140
-167
-131
-127
-138
-156
-170
-141
-154
-145
-146
-144
-127
-98
-85
-113
-69
-65
-74
-74
-77
-65
-47
-42
-41
-16
-5
11
-15
-20
-31
-32
-4
9
47
56
103
83
84
82
58
76
88
50
47
41
34
72
76
113
124
134
155
174
164
171
178
172
137
134
117
83
92
93
116
91
120
165
151
137
141
115
112
101
74
64
72
93
89
107
60
27
58
19
-5
-10
-8
1
-40
-51
-36
-68
-91
-44
-42
-61
-49
-62
-45
-94
-102
-96
-80
-68
-87
-72
-92
-86
-55
-49
-52
-49
-78
-67
-108
-94
-71
-90
-89
-64
-22
-4
24
41
-3
0
30
3
1
-19
37
6
-18
-7
-41
-56
-20
-1
14
42
73
57
60
64
61
87
51
20
30
27
14
37
48
-22
-38
-13
-24
-24
-5
0
-6
-5
23
30
-10
-35
-46
-39
-51
-54
-61
-72
-86
-104
-129
-126
-93
-101
-109
-114
-90
-90
-63
-48
-39
-36
-46
-26
-59
-78
-64
-52
-65
-61
-65
-74
-77
-45
-12
-2
1
4
10
7
10
19
14
3
16
-10
9
-1
-14
-33
-17
1
-4
26
35
60
56
61
65
46
19
40
52
41
60
85
111
123
126
126
108
82
110
92
94
116
115
82
69
88
98
116
75
97
99
77
116
96
69
94
94
80
95
104
80
91
53
31
27
-19
-10
14
-15
-48
-22
-12
-26
-31
-10
3
-20
9
9
-17
-30
-38
-42
-35
-81
-106
-109
-107
-99
-103
-99
-96
-81
-68
-35
-55
-53
-18
-21
-34
-65
-52
-62
-69
-78
-42
-58
-74
-26
-37
-49
-29
-30
-23
18
10
38
45
59
66
102
96
92
85
48
50
38
37
2
-21
3
21
20
7
3
2
-28
-6
-4
18
22
36
12
-9
-30
-23
-32
-30
-18
-64
-67
-69
-41
-47
-72
-81
-85
-66
-80
-90
-85
-93
-102
-120
-94
-101
-97
-74
-98
-107
-100
-108
-105
-90
-81
-87
-67
-83
-104
-86
-105
-117
-111
-88
-64
-81
-48
-27
-6
18
15
33
24
40
37
24
44
40
47
52
72
75
95
114
142
201
206
227
223
218
194
181
193
195
188
174
170
145
136
108
124
124
121
113
86
108
115
92
91
94
110
93
113
114
78
44
28
7
2
-19
4
2
-7
10
-5
12
-30
-11
-6
-19
-12
-17
-5
-1
-15
-33
-71
-68
-65
-85
-71
-56
-61
-71
-114
-92
-100
-85
-79
-89
-78
-122
-110
-105
-91
-102
-93
-81
-78
-78
-74
-79
-104
-115
-123
-109
-94
-66
-80
-89
-70
-54
-34
-31
-61
-37
-27
-14
-9
19
29
15
33
50
40
47
30
16
22
8
2
-10
23
19
29
47
51
59
46
50
59
58
57
37
28
22
21
7
-4
12
-1
4
25
8
15
-6
-1
-8
-19
18
3
1
-14
8
-10
-9
-5
-46
-35
-7
-23
-56
-38
-39
-40
-48
-73
-58
-63
-49
-59
-78
-75
-96
-81
-88
-81
-51
-93
-54
-76
-42
-56
-70
-82
-65
-56
-60
-51
-66
-21
-10
28
40
14
51
83
97
98
72
62
90
90
103
93
101
119
101
123
94
100
100
89
108
103
121
116
119
120
118
122
105
102
119
125
122
102
67
83
77
75
49
56
64
78
92
99
97
86
81
61
63
58
64
64
37
46
45
35
29
27
8
-14
-27
-19
-49
-27
-20
-72
-72
-92
-102
-110
-83
-93
-106
-96
-103
-114
-153
-130
-156
-173
-176
-169
-172
-165
-138
-144
-106
-135
-100
-103
-90
-80
-97
-81
-80
-85
-60
-71
-61
-20
-1
2
-2
11
14
-1
6
24
27
24
3
24
17
20
48
67
53
11
-1
27
28
43
47
32
8
-16
-16
-14
16
21
36
7
-7
7
26
15
0
-11
-39
-37
-20
-9
-16
-14
-15
13
22
-16
-21
-28
-38
-23
-29
-37
-49
-49
-19
-21
16
12
-3
28
-4
-18
9
2
-22
-10
6
8
2
12
11
12
9
19
8
28
33
32
36
49
21
37
54
45
76
67
91
95
73
79
69
59
47
61
61
56
64
72
85
99
100
89
63
58
70
74
83
64
87
72
45
45
34
50
39
18
2
8
11
25
32
13
28
0
-5
10
12
31
8
4
2
-26
-21
-28
-25
-17
-31
-35
-45
-51
-56
-47
-59
-91
-74
-48
-60
-68
-65
-59
-85
-77
-80
-93
-96
-114
-109
-115
-132
-143
-112
-114
-107
-97
-78
-58
-67
-43
-51
-60
-43
-43
-46
-42
-31
-19
-5
7
-15
23
17
7
20
11
34
49
43
34
35
25
37
38
60
47
43
54
69
36
36
44
48
67
51
70
75
69
44
62
62
36
45
32
0
5
-4
-2
-3
10
10
34
43
39
17
12
-10
-18
-15
-33
-24
-38
-44
-66
-49
-61
-56
-46
-47
-51
-55
-58
-53
-48
-45
-43
-53
-59
-46
-33
-15
-17
-11
-10
-14
-7
-22
-14
-14
-22
-18
-3
15
22
22
18
12
44
30
5
20
7
2
26
24
36
21
27
68
60
80
92
94
72
49
55
60
47
65
60
72
85
62
87
89
83
77
67
81
47
50
45
33
44
21
35
37
33
24
19
19
12
4
-2
-1
-13
-20
-23
1
-3
-16
-20
-21
-18
-56
-71
-71
-62
-60
-77
-53
-45
-49
-50
-46
-38
-50
-37
-28
-47
-70
-57
-76
-75
-63
-71
-63
-58
-38
-28
-35
-28
-36
-27
-34
-31
-33
-26
-8
-10
9
0
6
0
-14
-6
-1
0
0
12
-2
19
32
23
12
1
2
-15
-5
6
-3
-8
-2
-13
-7
-2
-2
2
-5
17
4
-5
14
7
0
-15
-8
-6
-5
-15
-14
-2
-18
-27
-23
-10
-14
-27
-32
-17
0
6
-2
-12
-16
-34
-18
5
-13
-4
-13
-2
10
-5
1
-4
13
2
18
34
31
38
24
28
21
20
22
12
16
33
47
59
50
59
48
29
35
31
14
-3
27
34
29
46
67
64
58
67
61
55
60
36
49
34
37
53
21
26
9
34
29
34
28
25
21
26
29
13
18
11
13
5
-1
-3
-3
-12
-1
2
-4
-11
-34
-27
-30
-34
-50
-37
-30
-23
-14
-12
-27
-41
-57
-60
-52
-56
-50
-77
-76
-70
-66
-60
-53
-51
-55
-42
-36
-43
-51
-49
-55
-60
-46
-33
-29
-26
-24
-19
-7
2
-8
-10
10
9
8
21
27
15
16
7
-5
24
11
9
32
22
16
33
43
40
29
31
30
20
36
36
37
27
26
19
26
25
19
15
10
26
11
31
11
-3
8
-3
-3
0
-1
-1
0
-18
-7
-18
-30
-33
-32
-35
-53
-48
-46
-48
-29
-30
-36
-34
-26
-25
-39
-45
-58
-50
-38
-39
-36
-40
-13
-9
-15
-15
-10
-3
0
13
1
-2
-5
6
6
-8
16
25
30
35
37
30
40
42
28
35
39
22
27
38
35
45
38
38
46
62
51
62
57
55
60
52
60
54
61
56
51
52
52
68
60
48
52
33
40
32
12
11
24
27
9
23
19
9
0
-3
-11
-7
-23
-22
-33
-32
-23
-40
-29
-28
-20
-23
-35
-40
-50
-41
-40
-41
-41
-55
-55
-55
-40
-29
-38
-33
-31
-38
-37
-44
-43
-30
-42
-31
-20
-24
-22
-16
-21
-21
-37
-23
-15
-22
-25
-20
-2
-15
-12
-19
-30
-19
3
0
-7
-4
-5
-3
-3
5
14
12
2
-2
1
-14
-10
-10
-7
4
-9
-1
0
-3
5
2
11
15
15
24
17
8
6
20
24
11
10
28
25
27
26
31
24
8
4
16
23
20
21
19
10
15
10
8
15
11
3
-8
-22
-24
-4
-5
-22
-16
-23
-17
-2
-11
-10
-19
-44
-34
-29
-18
-16
-13
-9
-25
-7
-3
8
7
0
-4
0
-5
8
3
-11
-14
12
16
15
34
29
35
25
27
27
13
18
19
23
35
38
33
42
39
21
30
38
34
40
40
25
31
34
29
35
23
29
32
34
34
42
32
36
37
10
17
7
0
9
11
8
9
0
7
2
5
4
-12
-27
-26
-25
-21
-12
-16
-5
-9
-26
-31
-23
-34
-43
-37
-50
-52
-49
-54
-59
-59
-64
-57
-54
-54
-44
-50
-52
-49
-45
-51
-32
-33
-30
-27
-32
-20
-23
-24
-29
-22
-29
-26
-27
-22
-12
-11
1
11
12
14
23
19
20
16
24
20
22
24
20
11
6
3
5
22
23
18
18
21
18
23
25
26
32
28
26
19
9
7
8
8
15
9
11
6
1
6
-7
-6
-6
-11
-6
-6
-14
-18
-7
-13
-13
-8
-5
-15
-21
3
-14
-17
-10
-9
10
0
1
6
-2
-4
0
1
-2
11
14
17
20
19
13
14
19
16
23
22
24
22
17
20
26
19
10
11
23
14
13
32
28
24
29
29
21
20
28
21
24
25
22
20
15
8
17
3
-6
14
22
17
23
29
19
18
3
9
13
11
22
3
6
0
-1
-2
-3
-10
-7
2
-8
-7
-9
-2
-10
-6
-11
-22
-22
-22
-20
-31
-31
-38
-44
-41
-41
-35
-37
-50
-35
-33
-36
-40
-42
-36
-40
-35
-35
-40
-32
-34
-28
-29
-30
-18
-21
-22
-11
-13
-16
-6
-10
-10
-12
-10
-6
0
4
-2
-5
-7
4
13
2
-10
-11
-8
3
13
19
6
9
5
8
14
12
19
15
25
6
6
6
2
19
17
14
19
19
23
25
25
25
29
23
15
11
12
12
4
9
4
5
11
0
2
-5
-7
-5
-19
-14
-12
-13
-14
-8
-8
-7
4
-11
-7
-1
-5
-10
-12
-4
-13
-14
-9
1
6
2
3
1
4
12
14
11
13
17
11
16
19
16
24
13
13
26
26
33
32
30
27
30
28
23
26
24
29
29
30
25
20
15
24
14
12
23
13
12
9
9
7
-6
-3
-2
0
6
-6
-5
-2
4
1
-10
6
1
-4
-12
-17
-8
-5
-7
-13
-5
-8
-7
-9
-11
-6
-21
-21
-20
-21
-28
-27
-18
-19
-20
-32
-25
-35
-29
-29
-26
-19
-18
-29
-32
-28
-28
-24
-22
-25
-31
-22
-20
-16
-17
-17
-15
-15
-23
-19
-15
-15
-12
-8
-6
5
7
0
0
-5
4
-8
-6
-2
-10
-3
-1
-10
-11
3
2
3
12
3
7
4
-6
1
-7
-6
0
2
9
12
18
12
12
17
9
15
16
24
14
17
13
14
23
18
17
20
14
8
16
9
11
8
10
9
10
15
14
10
10
10
13
21
17
17
7
13
2
6
13
7
15
8
11
13
12
11
9
2
2
12
10
13
6
-1
5
-3
-5
-2
4
2
-1
2
9
4
8
6
-2
-5
5
9
11
13
0
-2
-2
-4
-8
-6
5
2
0
3
11
12
6
9
4
11
13
12
14
7
-1
-2
1
1
-4
-10
-6
-4
-4
-10
-5
-6
-6
-2
-4
-4
-6
-6
-10
-8
-4
-8
-20
-16
-11
-14
-12
-8
-17
-21
-19
-20
-9
-13
-30
-24
-20
-26
-19
-11
-9
-12
-23
-23
-21
-28
-32
-17
-17
-14
-11
-12
-14
-15
-17
-10
3
-11
-4
-6
-3
-2
5
4
-13
-7
-9
-9
-7
-6
-3
-15
-9
-9
-8
-5
-3
1
-5
-2
-1
2
6
0
2
0
-7
7
14
10
10
10
10
2
10
13
8
16
24
22
24
28
30
26
30
28
33
23
14
25
18
11
18
23
18
22
22
21
9
11
14
7
6
3
5
14
4
-3
9
2
1
6
5
10
2
2
9
4
-3
-3
-2
-1
-3
0
2
3
-2
1
10
-2
1
2
-7
-2
5
8
9
9
8
6
0
-5
-4
-10
-3
-6
-10
-5
-2
-2
-7
-7
5
2
-5
6
15
7
6
-2
-4
-4
-5
-4
-1
5
-4
3
3
1
-2
-2
0
-6
0
-6
-6
-13
-9
-9
-2
1
-8
-5
-13
-8
-7
-7
-12
-17
-17
-19
-22
-24
-19
-15
-14
-22
-18
-20
-17
-25
-21
-23
-25
-18
-18
-19
-18
-15
-29
-24
-11
-24
-21
-16
-13
-4
-13
-10
-18
-16
-15
-13
-2
4
1
0
0
-4
-4
8
-3
-3
8
2
12
13
7
8
9
18
10
10
13
16
23
16
22
22
25
22
26
31
19
27
21
23
20
26
26
23
25
22
18
17
14
12
17
16
18
15
15
5
11
6
5
17
11
7
8
3
2
-2
-2
3
2
1
0
2
0
-1
-4
3
-3
-11
-8
-10
-5
-8
-1
-3
-5
2
-2
3
2
3
4
1
-6
1
2
2
7
0
-2
3
1
0
-7
-4
-7
-3
0
-6
-4
-7
-3
1
2
0
-4
0
-1
-3
-1
-3
-3
-6
1
-3
-3
5
-2
-3
-3
-8
-7
-4
-2
-1
-2
-8
-2
-6
-12
-10
-6
-13
-5
2
1
-1
-4
-9
-10
-14
-18
-17
-18
-15
-17
-14
-18
-21
-12
-18
-16
-14
-10
-10
-9
-6
-13
-12
-10
-8
-8
-12
-14
-7
-3
-6
-10
-7
-17
-12
-6
-2
2
-6
-5
-5
-4
2
1
3
-3
0
-4
-3
-2
-2
6
0
-3
4
6
5
9
15
14
12
11
7
3
3
3
7
14
13
14
9
10
10
8
8
23
16
17
19
16
13
10
15
6
6
8
13
13
15
17
14
14
17
23
14
14
19
13
20
23
11
15
9
11
8
5
11
9
16
9
12
14
14
7
14
12
13
7
3
8
-1
-1
-5
-6
-8
-12
-6
-8
-11
-11
-12
-16
-17
-9
-12
-9
-8
-17
-13
-14
-16
-16
-10
-12
-19
-9
-12
-16
-14
-11
-8
-18
-18
-16
-13
-16
-10
-8
0
-6
-8
-5
-9
-5
-4
-1
-1
1
5
3
-1
-7
-7
-5
-8
-4
1
-4
-3
-1
3
-2
-4
3
1
1
-2
0
-3
-2
-10
-7
-6
-14
-9
-8
-7
-8
-3
-4
-9
-2
-8
-9
1
1
2
3
-3
0
5
0
-1
3
-2
-2
-2
-8
1
0
-7
-5
-2
-13
-12
-6
4
5
2
0
-2
3
-1
3
4
10
4
-2
3
3
0
3
6
2
5
10
7
15
13
12
13
13
14
21
21
12
16
13
18
12
8
11
13
17
10
11
9
5
0
-1
5
5
14
14
8
10
8
8
7
6
6
3
8
2
-1
7
8
7
5
0
2
4
4
4
1
4
5
5
-1
-1
2
0
1
1
-1
-6
-5
-10
-11
-9
-9
-6
-1
-5
-8
-5
-8
-11
-10
-8
-9
-10
-13
-8
-12
-12
-9
-12
-13
-13
-8
-7
-5
-6
-2
-3
-10
-9
-3
-6
-5
-1
0
2
-4
-2
-1
-8
-4
-1
0
-5
-2
2
-8
1
2
-1
1
-2
-3
3
1
-1
2
0
1
2
2
6
7
0
6
4
3
7
-2
-4
-5
-1
-1
-2
-4
1
1
-3
-3
-8
-1
-4
-9
-11
-11
-7
-7
-11
-12
-14
-16
-14
-12
-13
-14
-10
-10
-16
-15
-15
-15
-18
-7
-6
-10
-9
-1
-4
-4
-4
1
8
0
5
8
13
6
8
11
6
8
12
9
10
8
19
20
14
17
18
20
25
32
26
23
16
16
14
10
14
11
12
13
13
12
5
7
11
4
3
9
5
10
18
10
13
11
9
11
7
12
13
12
7
8
3
4
6
6
7
4
8
8
11
11
5
3
0
-4
-2
-4
-5
-3
-5
-8
-9
-13
-5
-9
-13
-14
-14
-16
-15
-19
-17
-19
-13
-10
-19
-13
-14
-13
-17
-17
-15
-12
-5
-8
-14
-7
-12
