-3
-1
-1
-10
-14
-12
-13
-16
-11
-5
-6
-2
-2
-2
-13
-10
-11
-19
-19
-9
-9
-15
-2
-7
-11
0
0
-8
-7
-7
-11
-16
-8
-7
-10
-3
-5
-8
-8
-9
-9
-9
-5
-7
-11
-20
-23
-16
-18
-15
-10
-6
-4
-8
-2
-6
-8
-11
-9
-9
-21
-12
-6
-10
-4
1
6
1
4
-2
-8
-3
-4
-2
5
7
3
2
2
6
2
9
9
2
6
5
-3
-2
-2
4
1
4
13
7
8
11
12
2
4
6
-1
0
10
13
16
22
19
10
15
11
6
7
4
12
16
13
16
15
12
6
12
11
11
12
8
10
3
1
7
6
1
9
6
8
8
8
7
6
6
-1
-5
1
3
3
13
11
10
3
6
5
4
0
5
12
1
0
4
-5
3
5
2
7
5
12
7
6
5
-3
-8
-11
-4
-2
0
2
0
1
-3
-1
-8
-12
-6
-10
-4
-6
3
4
-5
-2
-2
-6
-11
-9
-8
-5
-4
-9
-11
-7
-14
-15
-11
-6
-4
3
7
2
-7
-6
-11
-19
-16
-13
-10
-4
-1
-8
-7
-4
-7
-13
-19
-16
-15
-14
-11
-15
-12
-9
-11
-6
-6
-7
-9
-14
-14
-10
-12
-16
-11
-7
-12
-11
-5
3
-4
-6
-4
-9
-16
-15
-9
-9
-13
-8
4
9
4
1
-3
2
-3
-5
2
0
2
3
9
2
8
8
0
2
8
8
6
12
15
9
6
9
4
11
21
22
21
17
15
12
7
3
-1
3
5
15
23
27
31
25
23
15
8
5
3
4
8
15
18
18
17
13
10
10
6
15
3
9
8
7
14
12
18
16
17
22
19
11
5
-2
-6
-7
-10
-5
0
0
5
10
11
5
5
-2
-11
-11
-10
-11
-11
-5
-3
-4
-9
-12
-9
-14
-11
-7
-9
-9
-5
-5
-9
-5
-8
-4
-3
-1
-1
-1
3
-10
-11
-9
-20
-13
-10
-10
-7
5
11
4
1
-1
-11
-19
-21
-16
-10
-10
-2
3
2
1
0
-11
-15
-19
-15
-10
-6
-4
-2
-7
-10
-7
-11
-9
-8
1
-3
-8
-10
-8
-15
-14
-7
-5
-2
0
5
3
5
1
-8
-17
-19
-13
-12
3
14
8
-1
-3
-9
-10
-5
-11
-8
0
-1
-8
0
-6
-8
-1
-6
-2
1
4
5
5
4
-3
0
-3
-1
0
5
13
9
15
16
9
4
3
3
5
3
12
16
16
14
12
1
4
1
5
11
8
14
10
8
8
9
2
2
3
5
13
13
9
12
7
9
8
8
16
14
21
20
21
19
15
14
9
9
14
18
24
22
17
12
6
11
11
11
6
10
13
4
6
5
-1
-9
-11
-7
-7
-3
-1
1
7
2
0
4
-9
-9
-6
-5
-3
-2
-2
-2
-3
-10
-7
-6
-4
-1
-1
0
-4
-10
-6
-9
-11
-12
-11
-9
-14
-12
-11
-20
-23
-21
-23
-28
-28
-23
-20
-14
-11
-11
-18
-21
-23
-24
-17
-16
-10
-11
-9
-5
-8
-9
-11
-16
-10
-5
-1
-1
0
2
4
-4
-7
-6
-4
-8
-8
2
3
3
2
-8
-15
-15
-10
-5
-2
1
1
2
0
-5
-5
-6
-5
3
-1
5
10
11
7
4
8
6
8
7
13
21
15
18
17
12
6
2
7
11
11
13
16
15
6
8
4
-1
2
3
3
3
0
6
6
6
6
2
9
9
7
10
11
15
13
11
10
5
8
11
13
17
16
18
20
13
14
6
5
12
11
11
9
7
3
3
1
-4
-2
0
-1
-5
-2
-2
-4
-4
-6
-9
-5
1
1
1
6
10
10
8
3
1
2
1
5
9
10
8
3
3
-4
-7
-2
2
7
6
3
1
-13
-11
-9
-15
-13
-11
-7
-9
-8
-8
-12
-9
-17
-16
-12
-7
-8
-6
-7
-10
-11
-14
-13
-9
-14
-13
-4
-7
-8
-8
-3
-6
-10
-1
1
-8
-7
1
-3
-7
-10
-12
-12
-18
-19
-17
-13
-16
-17
-13
-12
-19
-22
-19
-23
-22
-15
-14
-9
-11
-13
-11
-14
-11
-2
-8
-4
-5
-4
1
-1
-3
6
5
3
10
12
11
9
9
6
5
6
14
13
14
17
15
11
12
6
4
3
3
11
12
9
11
6
3
11
12
15
18
19
13
9
9
8
10
7
9
8
13
12
19
21
16
19
14
13
14
16
16
16
14
14
10
8
9
8
6
4
14
15
14
10
7
3
-1
3
3
12
10
6
9
10
7
6
0
-4
3
3
9
11
9
9
2
3
5
5
-3
-5
-4
-2
-5
4
1
-4
-4
-2
-5
-4
0
-7
-10
-10
-11
-14
-14
-20
-17
-18
-17
-9
-12
-13
-16
-18
-23
-22
-17
-13
-10
-6
-8
-7
-7
-13
-18
-21
-15
-10
-12
-10
-8
-13
-11
-10
-13
-12
-8
-9
-14
-11
-9
-16
-18
-21
-22
-26
-20
-12
-14
-11
-15
-19
-18
-17
-20
-14
-7
-8
-4
-5
-1
-6
-9
-8
-5
4
4
1
2
5
11
14
14
17
10
11
11
13
14
16
14
11
11
5
5
14
12
16
17
12
12
6
6
5
5
8
9
13
15
16
17
15
12
14
8
10
13
18
19
22
17
14
16
15
15
13
18
15
18
20
15
10
12
5
0
5
8
14
9
8
6
2
-3
-3
-2
1
0
2
3
3
6
3
2
1
4
7
11
9
7
12
10
-2
-4
-4
6
6
9
9
2
0
2
4
-2
-3
-2
0
1
-4
-7
-10
-11
-16
-18
-11
-14
-18
-16
-17
-16
-12
-12
-17
-20
-15
-10
-11
-6
-6
-6
-7
-9
-9
-6
-5
-5
-10
-10
-4
-5
-1
-4
-7
-8
-16
-16
-16
-17
-13
-9
-12
-11
-17
-22
-21
-25
-19
-20
-17
-19
-19
-25
-26
-24
-24
-9
-9
-6
-4
-13
-10
-12
-7
-2
-2
3
3
11
6
8
18
10
4
7
7
6
4
4
11
7
8
10
11
3
1
1
5
5
5
2
-1
-1
-4
6
4
9
11
13
13
8
12
10
10
11
11
11
18
21
23
25
29
18
19
23
19
18
20
19
19
22
20
14
15
20
10
11
16
14
4
3
-2
0
5
7
3
2
6
7
2
1
3
-6
-4
-7
3
4
9
6
11
11
5
9
3
8
5
6
8
7
10
4
-1
0
-1
1
-3
-4
2
-1
-6
-7
-10
-13
-10
-10
-7
-9
-6
-8
-10
-9
-9
-10
-12
-11
-11
-10
-6
-7
-1
-2
-5
-4
-7
-10
-8
-4
-4
-6
-6
-9
-10
-6
-5
-9
-9
-13
-18
-19
-22
-18
-21
-18
-17
-20
-19
-22
-19
-19
-24
-24
-26
-22
-23
-20
-14
-12
-9
-8
-6
-8
-2
-5
-6
-8
-7
-1
-4
1
3
3
1
0
5
3
0
0
3
2
0
3
0
-3
2
2
3
-1
-1
-2
-2
0
-3
1
5
-2
3
7
9
10
10
13
12
16
12
15
19
15
16
15
16
18
17
12
20
21
16
21
21
20
20
12
12
10
11
11
9
8
12
14
6
4
10
9
6
6
5
9
3
2
5
13
9
7
6
11
13
8
11
15
17
17
19
17
16
14
11
8
7
10
11
9
9
11
6
4
-1
-6
-1
-5
-3
-2
-6
-10
-12
-13
-16
-16
-14
-17
-13
-13
-15
-16
-15
-11
-11
-11
-9
-5
-13
-7
-4
-3
-4
-9
-11
-11
-12
-9
-11
-6
-7
-9
-9
-15
-17
-16
-13
-20
-20
-11
-21
-25
-21
-24
-23
-20
-23
-22
-19
-16
-16
-21
-19
-16
-14
-13
-12
-5
7
16
18
24
21
11
12
11
2
-9
-11
-19
-20
-17
-19
-22
-19
-17
-20
-15
-15
-16
-15
-7
-3
0
6
5
12
25
29
27
30
29
16
9
7
-3
-12
-8
-11
-14
0
9
14
23
32
45
41
50
44
30
30
30
27
30
31
36
26
19
23
22
13
11
1
-8
-21
-31
-32
-34
-24
-13
-14
-5
3
-4
5
17
11
8
11
10
7
6
6
-6
-6
-3
-2
-2
7
1
-5
0
1
0
2
2
-2
3
9
11
14
16
19
14
14
14
5
-1
-5
-11
-12
-10
-16
-14
-20
-10
1
-1
4
5
3
7
10
13
9
4
4
6
9
13
15
16
15
13
16
8
3
0
-2
-8
-10
-10
-9
-9
-10
-11
-12
-12
-10
-14
-19
-14
-19
-22
-22
-29
-26
-22
-19
-16
-20
-16
-16
-19
-22
-21
-24
-32
-27
-21
-20
-12
-3
-1
-5
-5
-6
-6
-7
-5
-7
-12
-10
-8
-9
-13
-18
-14
-8
-6
-1
-4
-5
-4
-6
-5
-2
-8
-6
-4
-5
-2
4
6
7
7
10
14
11
10
11
15
13
18
17
16
18
19
23
21
21
15
18
12
11
10
4
7
7
6
12
7
2
9
5
3
11
6
2
3
7
5
6
9
6
3
4
5
7
10
12
15
16
11
9
9
11
7
10
15
10
10
14
13
15
16
14
7
5
8
6
2
0
2
-1
0
5
0
-1
2
-4
2
-3
-5
-1
-8
-3
-6
-5
-4
0
1
4
6
8
6
3
3
3
3
2
10
2
3
4
4
1
-3
-2
-2
2
-5
-7
-6
-10
-14
-11
-9
-11
-10
-7
-10
-14
-16
-18
-19
-20
-20
-23
-14
-12
-9
-10
-10
-12
-19
-16
-11
-19
-13
-10
-8
-8
-3
-2
-12
-11
-7
-7
-4
-2
-6
-5
-5
0
-10
-11
-16
-14
-13
-7
-10
-18
-17
-19
-14
-19
-15
-14
-10
-7
-5
-3
-5
0
-1
-2
-1
-1
5
5
8
12
15
10
7
10
11
1
5
12
14
10
13
11
10
11
7
11
10
11
11
14
12
5
10
5
4
2
3
7
2
0
2
4
3
6
4
7
8
12
19
23
24
18
16
15
21
18
15
20
18
17
24
20
15
10
10
3
-3
-6
-6
-6
-9
-2
2
2
4
2
2
1
-1
-1
0
0
2
6
6
2
2
5
5
9
5
2
6
0
0
0
3
9
3
3
8
8
11
10
7
7
7
4
1
-1
-5
-8
-9
-13
-16
-18
-22
-22
-26
-25
-23
-16
-14
-19
-17
-14
-16
-12
-6
-8
-11
-6
-4
-13
-8
-3
-5
-8
-5
-1
-6
-5
-6
-6
0
-6
-8
-7
-12
-15
-11
-12
-12
-13
-14
-14
-20
-19
-18
-21
-16
-13
-19
-16
-18
-18
-15
-13
-9
-15
-11
-9
-16
-15
-11
-7
0
0
3
10
5
9
13
13
15
16
15
17
16
17
17
15
18
14
13
9
5
7
6
10
8
9
7
-4
0
3
3
3
6
8
5
12
11
11
14
10
11
12
9
10
9
12
11
14
15
13
10
14
16
15
17
21
20
16
16
11
7
5
8
2
8
13
12
7
6
0
-9
0
-1
-11
-5
-3
0
1
5
9
4
10
12
5
0
7
10
7
13
13
11
16
14
14
12
12
13
9
8
2
-9
-8
-9
-14
-7
-7
-8
-1
-7
-8
-8
-15
-18
-25
-31
-31
-21
-23
-16
-8
-1
-8
-2
3
0
6
6
1
-12
-6
-5
-3
-3
0
3
2
1
2
-1
-8
-11
-12
-16
-22
-17
-27
-25
-15
-12
-11
-16
-17
-22
-27
-26
-33
-30
-35
-34
-26
-31
-28
-34
-29
-29
-31
-26
-30
-42
-40
-28
-20
-17
-10
-4
-2
1
0
3
-3
-1
-11
-10
-1
-8
-12
-12
-8
-17
-18
-16
-23
-23
-12
-5
-5
-13
-5
2
7
21
33
35
38
53
58
60
66
64
56
58
67
81
99
104
94
99
102
103
94
92
86
81
92
93
84
79
81
73
68
67
53
42
28
20
15
-2
0
-8
-15
-12
-22
-28
-32
-38
-42
-53
-55
-52
-59
-58
-54
-49
-54
-44
-54
-70
-71
-62
-73
-76
-87
-99
-95
-91
-95
-92
-86
-95
-90
-91
-93
-82
-79
-76
-71
-71
-57
-53
-58
-59
-57
-49
-45
-45
-36
-33
-35
-23
-14
-9
4
18
32
50
75
92
103
113
125
137
131
140
147
149
145
150
147
135
122
112
114
99
73
61
49
50
49
60
52
23
33
47
49
63
56
44
40
34
33
16
-10
-35
-49
-56
-57
-78
-98
-113
-152
-175
-181
-200
-239
-234
-231
-225
-196
-178
-169
-155
-134
-111
-93
-96
-104
-112
-121
-115
-103
-118
-129
-123
-112
-92
-76
-65
-68
-67
-55
-39
-32
-24
-7
24
58
98
141
179
221
271
305
314
307
282
251
230
234
224
200
197
190
208
253
259
232
221
216
228
257
242
205
204
244
282
300
323
323
306
287
269
211
100
-20
-132
-207
-276
-371
-453
-496
-526
-504
-462
-437
-420
-397
-371
-311
-257
-237
-227
-206
-128
5
114
164
189
225
181
60
-48
-210
-490
-724
-758
-751
-771
-718
-602
-466
-277
-69
71
115
87
66
135
190
158
164
250
340
419
569
619
482
370
279
86
-80
-196
-325
-430
-392
-260
-101
125
318
545
765
888
960
991
949
840
772
718
601
491
468
515
549
537
484
369
257
81
-122
-280
-516
-838
-1021
-1003
-925
-919
-862
-641
-417
-274
-132
4
-46
-216
-270
-217
-265
-402
-434
-396
-364
-342
-307
-301
-392
-534
-511
-379
-397
-431
-388
-434
-474
-362
-243
-269
-278
-135
1
108
247
317
307
347
351
339
320
154
-39
-121
-124
-152
-112
5
39
71
261
403
328
246
213
96
13
55
86
117
224
395
604
826
985
1091
1200
1215
1161
1143
1028
806
626
589
667
768
859
819
738
724
676
515
330
48
-425
-892
-1033
-1075
-1242
-1385
-1352
-1146
-963
-771
-583
-504
-551
-580
-392
-228
-327
-444
-404
-294
-253
-223
-283
-475
-705
-843
-754
-668
-772
-839
-757
-707
-642
-522
-423
-402
-345
-162
27
231
369
381
428
448
411
419
337
66
-193
-306
-378
-443
-433
-352
-287
-214
0
164
121
70
46
30
100
160
169
288
428
678
976
1204
1391
1598
1688
1673
1734
1622
1344
1184
1259
1384
1353
1274
1217
1058
828
634
556
326
-153
-604
-860
-934
-1198
-1451
-1534
-1591
-1499
-1299
-1000
-831
-921
-908
-665
-459
-422
-427
-390
-424
-460
-446
-512
-752
-1095
-1293
-1374
-1476
-1597
-1592
-1245
-828
-516
-232
-57
-164
-407
-316
-7
-50
-230
-166
12
336
671
813
770
568
347
274
124
-394
-871
-986
-893
-692
-294
142
365
628
1105
1351
1163
869
586
287
180
262
376
495
647
1135
1841
2439
2716
2859
2721
2367
2185
2176
2133
2086
2090
1969
1947
2006
1735
1212
778
482
-51
-999
-1662
-1946
-2415
-2923
-3051
-2839
-2569
-2373
-1938
-1296
-1020
-1007
-745
-285
-117
-239
-260
-61
-170
-557
-951
-1200
-1471
-1964
-2375
-2429
-2441
-2677
-2801
-2534
-2220
-2249
-1974
-1210
-678
-482
-15
670
1100
1450
1858
1898
1594
1212
972
731
207
-360
-711
-818
-803
-745
-597
-488
-632
-448
-83
-136
-270
-150
-7
202
868
1653
2114
2545
3018
3488
3910
4153
4156
3943
3438
2932
2538
2086
1806
1957
2548
2897
2723
2704
2729
2007
1151
809
286
-1251
-2721
-3135
-3118
-3175
-3461
-3500
-2851
-2518
-2572
-1880
-1321
-1902
-2463
-2051
-1664
-1833
-2012
-1893
-1537
-1216
-1184
-1177
-1171
-1757
-2562
-2783
-2665
-2889
-2940
-2343
-1783
-1426
-924
-560
-566
-665
-431
-66
46
4
300
746
1136
1563
1679
1556
1206
604
135
-350
-1084
-1478
-1201
-813
-436
295
1075
1385
1514
1695
1597
1129
760
706
758
909
1341
1885
2442
3148
4042
4961
5321
5293
5021
4274
3493
3282
3600
3468
2592
2097
2274
2106
1511
1357
1203
-150
-1725
-2162
-2182
-2810
-4070
-4978
-4726
-4459
-4467
-4008
-3205
-2894
-2740
-1458
180
745
565
531
755
716
13
-1104
-2093
-2836
-3600
-3697
-3438
-3875
-4507
-4659
-3930
-3088
-2332
-1768
-1526
-1073
-293
710
1509
1699
1478
1645
2275
2631
2491
1942
1057
305
108
9
-732
-1471
-1811
-1959
-1631
-909
-490
-514
-380
222
1129
1717
1925
2067
2226
2654
3293
3816
3830
3536
3588
3980
4335
4458
4178
3402
2681
2956
3904
4224
3358
2414
2011
1624
1100
686
186
-1380
-3085
-3332
-2541
-2299
-3383
-4381
-4027
-3378
-3081
-2754
-2657
-2983
-3501
-2876
-1259
-583
-983
-1157
-378
541
448
-372
-1326
-2461
-3587
-3868
-3512
-3650
-3931
-3477
-2492
-1427
-617
-311
-557
-815
-526
25
108
-121
-6
308
1043
2125
2587
2304
1835
1425
999
504
-613
-1816
-2308
-2169
-1490
-367
616
1136
1639
2318
2906
3071
2620
1798
1278
1259
1382
1588
1951
2229
2816
4037
5240
5688
5643
5107
4406
4222
4867
5045
3672
2381
1786
1418
1001
681
618
-357
-2228
-2858
-2194
-2241
-3947
-5771
-5852
-5165
-5072
-4760
-3972
-3664
-3639
-2337
-72
1237
1086
794
1333
1930
1391
27
-1441
-3147
-4794
-5511
-5255
-5015
-4868
-4381
-3362
-2017
-1152
-895
-807
-677
-512
-166
196
292
635
1367
2365
3221
3549
3246
2554
1791
905
-222
-1611
-2948
-3637
-3570
-2860
-1814
-660
532
1391
2205
3044
3406
3093
2408
2141
2177
2072
2105
2426
2554
2723
3540
4434
4832
4679
4381
3948
3547
3907
4759
4714
3649
2858
2427
1682
954
668
268
-1219
-2822
-2911
-2254
-2476
-4276
-5522
-5130
-4910
-4974
-4666
-4250
-4310
-4303
-2836
-678
179
-2
357
1488
1991
1363
168
-1470
-3227
-4601
-4653
-3906
-3792
-4168
-4168
-3438
-2617
-1981
-1256
-768
-1044
-1212
-401
554
1081
1462
1889
2692
3567
4033
4052
3349
1994
873
137
-761
-1846
-2527
-2585
-2319
-1472
-261
151
17
607
1654
2067
2007
2142
2157
2165
2698
3694
4128
4021
4226
4775
5129
5222
5230
4380
3334
3258
4369
5063
4208
3385
3016
2132
1275
1134
1106
-473
-2967
-3831
-3018
-2419
-3735
-5418
-5215
-4380
-4300
-4214
-3595
-3809
-4724
-4035
-1834
-471
-640
-866
42
1257
1378
500
-563
-2094
-4041
-4911
-4982
-5210
-5213
-4990
-4431
-2826
-1222
-863
-828
-257
4
183
773
1009
926
1209
2115
3053
3487
3381
2996
2320
1499
659
-876
-2676
-3543
-3738
-3456
-2544
-1466
-464
524
1545
2681
3358
3099
2885
2844
2549
2364
2535
2499
2406
2652
3150
3780
4253
4375
4351
3975
3535
4043
5064
5238
4348
3827
3649
2723
1673
1584
1338
-438
-2534
-2961
-2166
-2277
-4170
-5618
-5322
-5111
-5502
-5411
-4868
-4956
-5247
-3858
-1201
290
277
475
1643
2423
1822
513
-1068
-2844
-4388
-5025
-5016
-5003
-5027
-5081
-4394
-2657
-1273
-1073
-842
-168
-253
-131
797
879
710
1289
2304
3408
4033
4034
3588
3058
2328
1089
-452
-1782
-2905
-3517
-3104
-2406
-1886
-1067
-308
472
1662
2521
2460
2333
2405
2495
2761
3105
3275
3282
3424
3667
4295
4820
4737
4340
3856
3749
4752
5897
5645
4629
4150
3709
2301
1219
1237
267
-2379
-3995
-3325
-2239
-2932
-4906
-5407
-4469
-4182
-4484
-4334
-4168
-4860
-5010
-3081
-888
-410
-606
75
1530
2251
1496
45
-1450
-3200
-4852
-5439
-5486
-5830
-5974
-5213
-3696
-2058
-1012
-681
-484
-157
271
744
977
848
865
1519
2618
3344
3376
3129
2686
2153
1264
-243
-1901
-3283
-4120
-4120
-3179
-2171
-1260
-203
961
2304
3272
3261
2594
2332
2193
1912
1932
2105
1987
2054
2555
3244
4132
4830
4980
4777
4624
4536
5320
6437
5850
4507
4240
3846
2339
1567
1785
747
-1982
-3659
-3107
-2474
-3626
-5549
-6050
-5385
-5212
-5342
-4943
-4559
-4876
-4493
-2260
-27
750
586
1047
2463
2866
1541
-354
-2092
-4084
-5781
-6121
-5800
-5708
-5616
-4635
-3024
-1544
-732
-391
-66
-121
-361
48
607
450
628
1713
2700
3332
3833
3913
3447
2733
1580
-23
-1650
-3060
-4057
-4110
-3369
-2448
-1355
-355
587
1677
2629
2711
2326
2428
2588
2477
2674
3068
3425
3601
3847
4555
5004
5181
5168
4834
4492
4499
5673
6357
5377
4690
4417
3340
1687
1167
1290
-389
-2958
-3968
-3276
-2675
-4030
-5855
-5693
-4771
-4862
-5294
-4889
-4572
-5280
-4908
-2365
-234
106
191
1324
2559
2584
1286
-450
-2178
-4192
-5697
-6250
-6551
-6484
-5936
-5105
-3344
-1275
-490
-276
346
693
444
584
926
534
784
1996
2791
3074
3169
3178
2793
1931
524
-1351
-2939
-3946
-4378
-4178
-3286
-2173
-1072
509
2070
3137
3763
3528
3022
2936
2563
2042
1735
1710
2021
2538
3153
3832
4559
5081
5396
5453
5020
5118
6186
6361
5334
4614
4458
3177
1229
1099
1576
-247
-2947
-3804
-2970
-2640
-4280
-6068
-6053
-5499
-5848
-6244
-5533
-5087
-5597
-4504
-1386
1002
1766
2026
2882
3906
3627
1781
-399
-2483
-4881
-6242
-6061
-6322
-6837
-6459
-5522
-4080
-2112
-212
444
98
201
853
1702
2055
1465
1192
1638
2249
3062
3515
2921
1793
1074
511
-339
-1681
-3116
-3937
-4261
-3543
-2173
-1686
-1439
-193
1468
2779
3582
4097
4103
3589
3627
4196
4095
3247
2814
2937
2827
3336
4374
4183
3763
3800
4628
6655
7270
5912
5050
4848
3507
1517
1048
749
-1839
-4545
-4770
-3181
-2543
-4419
-5922
-5078
-4099
-4538
-5149
-4966
-5225
-5781
-4590
-1884
143
465
573
2006
3763
3814
1893
-235
-1969
-4038
-5570
-6214
-6915
-7343
-7009
-5364
-2670
-534
498
816
1062
1367
1626
1824
1008
-176
-218
762
1621
2098
2186
1722
1444
1314
578
-897
-2491
-3683
-4297
-3970
-2858
-2020
-1425
-170
1537
3025
3808
3616
3218
2740
2287
2127
1989
1470
1072
1505
2221
2865
3881
4812
4784
4637
5228
6350
7434
7354
6153
5369
4873
3331
1477
834
323
-1715
-3886
-4239
-2924
-2483
-4587
-5999
-5001
-4405
-5296
-6061
-5638
-5406
-5535
-3803
-683
1428
1944
2498
4024
5265
4652
2172
-361
-2438
-4711
-6325
-7082
-7666
-7882
-7535
-6012
-3441
-1319
-236
421
1073
1371
1709
2298
1732
696
721
1377
2086
2452
2320
1851
1586
1333
516
-588
-1954
-3404
-4188
-4094
-3438
-2937
-2400
-1391
85
1860
3258
3687
3781
3987
3932
3692
3589
3184
2514
2190
2267
2723
3660
4255
4352
4716
5109
6068
7299
7155
5903
4951
4007
2232
572
206
-599
-2789
-4521
-4275
-2518
-2139
-3890
-4888
-3819
-3174
-4220
-5096
-4771
-5171
-5667
-3968
-1299
450
998
1766
3329
4594
3999
1797
-397
-2375
-4519
-6106
-6933
-7401
-7291
-6645
-4942
-2383
-510
166
766
1581
1537
1252
1544
633
-655
-216
613
911
1110
1158
1295
1315
867
-74
-1270
-2525
-3492
-3780
-3539
-2982
-2341
-1546
-291
1121
2330
3030
3036
3054
3098
2793
2444
2176
1852
1874
2147
2405
2994
3839
4413
4883
5246
5297
6155
7444
7199
5899
5418
4834
2716
864
803
217
-2262
-4536
-4489
-2630
-2520
-4618
-5320
-4178
-3833
-4934
-5452
-4795
-4946
-5528
-3862
-613
1224
1574
2282
3801
4906
4052
1719
-326
-2462
-5104
-6777
-7475
-7839
-7598
-6899
-5102
-2367
-506
473
1442
2141
1945
1776
2047
1096
-113
48
621
986
1343
1635
1857
1974
1461
496
-413
-1893
-3267
-3847
-4042
-3655
-2878
-1838
-573
896
2442
3312
3475
3782
3860
3439
2823
2407
1967
1558
1698
1891
2316
3306
4049
4628
5014
5109
6010
7344
7268
6062
5410
4634
2455
597
561
267
-1871
-4077
-4044
-2147
-1551
-3476
-4471
-3533
-3385
-4617
-5291
-4910
-5169
-6006
-4688
-1433
720
1313
1972
3549
4737
4014
1882
-181
-2374
-4995
-6700
-7459
-8200
-8151
-7007
-5190
-2454
-92
1147
1785
1978
1972
2070
1676
247
-1089
-1043
-520
-76
528
971
1252
1673
1762
1301
340
-1253
-2654
-3347
-3750
-3589
-3017
-2311
-973
859
2595
3419
3540
3719
3591
2821
2208
1827
1008
290
715
1211
1568
2759
3905
4671
5352
5766
6758
8257
7971
6404
5454
4697
2618
202
-264
-283
-2151
-4438
-4454
-2165
-1271
-3082
-3958
-2999
-2977
-4388
-5417
-5310
-5502
-6188
-4996
-1854
739
1781
2492
4208
5925
5408
2945
748
-1549
-4569
-6686
-7917
-8735
-8552
-7662
-5807
-2797
-353
972
2191
2906
2763
2876
2690
1120
-413
-777
-651
-405
-23
360
955
1470
1505
1390
732
-656
-2022
-3066
-3620
-3726
-3531
-2976
-1657
136
1768
2925
3535
3984
4150
3785
3075
2437
1695
995
918
1111
1479
2297
3214
4125
5075
5441
6047
7683
8264
7111
5968
5183
3295
772
-336
-41
-1259
-3875
-4716
-2902
-1121
-2306
-3895
-3249
-2760
-4053
-5128
-4940
-4958
-6036
-5717
-2967
-78
1247
1564
2651
4367
4643
2871
676
-1260
-3578
-5874
-7245
-8037
-8396
-7864
-5967
-3175
-596
1226
2414
2580
2172
2540
2518
563
-1226
-1701
-1747
-1242
-469
110
576
1146
1631
2060
1837
242
-1552
-2504
-3171
-3705
-3513
-2945
-2448
-974
1147
2332
2943
3445
3494
3023
2519
2034
1131
394
321
754
1364
2282
3400
4453
5311
5782
6160
7513
8454
7450
6158
5259
3869
1580
31
260
-456
-2906
-4240
-2986
-963
-1174
-3277
-3624
-2888
-3687
-5174
-5589
-5352
-6064
-6173
-3698
-389
1456
1776
2770
4779
5456
4236
1992
-477
-2943
-5374
-7309
-8195
-8297
-8354
-7293
-4529
-1548
362
1881
3172
3077
2866
3294
2232
35
-1211
-1762
-1990
-1609
-696
135
581
1065
1865
2408
1654
101
-1211
-2167
-3194
-3585
-3267
-3090
-2462
-661
1187
2259
3290
3821
3838
3635
3110
2469
1759
1115
907
1134
1813
2767
3870
4727
5171
5749
6938
8284
8193
6952
5604
4282
2606
480
-262
-249
-2211
-4349
-3764
-1578
-783
-2427
-3614
-2898
-2959
-4444
-5331
-5351
-6059
-6903
-5369
-2094
1
731
1678
3358
4731
4695
2806
280
-1708
-3835
-6098
-7487
-7945
-8008
-7555
-5558
-2428
-129
1163
2134
2579
2494
2324
1508
-356
-1854
-2397
-2311
-1794
-1005
-122
584
1162
2073
2655
1802
322
-775
-1917
-3188
-3688
-3586
-3598
-3019
-1296
526
1769
2759
3434
3633
3598
3162
2287
1690
1333
1088
1255
2072
2938
3998
5237
5891
6283
6995
8194
8624
7367
5704
4455
2963
681
-736
-447
-1445
-3705
-4072
-2194
-394
-1107
-2977
-3079
-2730
-3864
-5339
-5660
-5841
-6856
-6260
-3201
-223
1041
1621
2916
4536
5287
3885
1163
-981
-3320
-6040
-7783
-8190
-8226
-8062
-6363
-3051
-152
1372
2605
3485
3266
2756
2322
947
-1149
-2405
-2813
-2388
-1496
-704
229
1131
2100
3028
3003
1831
474
-999
-2483
-3364
-3779
-3914
-3622
-2662
-924
1015
2330
2967
3666
4090
3530
2544
2149
1842
973
704
1378
2112
2980
4238
5366
5932
6295
7273
8503
8186
6454
4954
3899
2026
-159
-501
-318
-2124
-3700
-3069
-982
-133
-1953
-3437
-2931
-2996
-4603
-5553
-5610
-6221
-6779
-5189
-1987
303
998
1538
3082
4690
4401
2228
-29
-1940
-4430
-6646
-7569
-7901
-8177
-7551
-4937
-1804
209
1845
3014
2885
2071
1858
1243
-857
-2696
-3391
-3186
-2538
-1421
-395
384
1544
2812
3320
2871
1608
-219
-1939
-3208
-3883
-4120
-4162
-3744
-2178
89
1693
2612
3457
3957
3604
2743
2444
2127
1094
449
1026
1872
2751
4101
5387
6127
6546
7181
8663
9034
7243
5420
4348
2953
567
-735
-292
-1123
-3200
-3403
-1412
462
-509
-2758
-2816
-2338
-3668
-5435
-6076
-6292
-7120
-6632
-3715
-538
909
1339
2886
5108
5708
3987
1467
-699
-3212
-5771
-7336
-8000
-8237
-8130
-6504
-3348
-729
962
2459
3385
2957
2219
1984
641
-1747
-3167
-3222
-2795
-2027
-940
169
1524
2894
3585
3550
2793
1112
-964
-2681
-3783
-4585
-5100
-4948
-3744
-1777
108
1626
2932
3911
4205
3703
3217
2939
2140
1202
1028
1617
2427
3219
4361
5673
6135
6584
8158
9246
7984
6114
5075
3716
1262
-607
-340
-694
-2788
-3741
-2264
-64
-36
-2150
-2739
-1859
-2618
-4722
-5551
-5591
-6769
-7164
-4947
-1915
-227
185
1213
3384
4782
4017
1830
-213
-2361
-4897
-6756
-7923
-8426
-8277
-7124
-4492
-1544
506
1841
2787
2813
2362
2014
811
-1242
-2880
-3153
-2548
-1931
-1115
-45
1252
2580
3454
3614
2900
1048
-780
-2255
-3730
-4532
-4824
-4961
-3999
-1727
141
1419
2928
3899
3871
3553
3233
2613
1781
1213
968
1205
2131
3272
4262
5351
6111
6672
8167
9235
8134
6275
5259
3950
1552
-258
-124
-319
-2531
-3594
-2083
6
90
-1730
-2242
-1645
-2246
-4286
-5513
-5563
-6529
-7181
-5018
-1810
59
698
1942
4161
5401
4588
2469
312
-2108
-4829
-6846
-8064
-8712
-8777
-7769
-5048
-2156
-21
1853
3202
3278
2706
2492
1457
-879
-2753
-3288
-2986
-2402
-1694
-643
899
2431
3395
3793
3565
2093
-26
-1649
-3156
-4425
-5146
-5334
-4630
-2601
-348
1215
2796
4242
4790
4588
4159
3522
2709
1814
1217
1253
1829
2803
3823
4902
5620
6179
7752
9195
8268
6535
5613
4348
1847
-435
-578
-837
-3028
-4447
-3139
-639
-360
-1954
-2137
-1233
-1718
-3671
-4917
-5174
-6345
-7507
-6124
-3141
-1197
-587
730
3148
4728
4378
2628
891
-980
-3803
-6093
-7354
-8162
-8616
-7924
-5442
-2703
-796
1084
2850
3278
2723
2526
1914
-189
-2063
-2826
-2823
-2543
-2097
-995
379
1723
2715
3014
2856
1762
-23
-1659
-2940
-4060
-4835
-4818
-4263
-2776
-558
783
2164
3758
4332
4137
3864
3467
2701
2065
1620
1366
1898
2917
4017
5143
5837
6582
8339
9397
8292
6862
6029
4391
1556
-322
-228
-894
-3158
-4382
-2909
-412
-571
-2003
-1637
-951
-1877
-3781
-4635
-4815
-6321
-7324
-5468
-2602
-1014
-367
1224
3590
4882
4318
2721
1008
-1238
-4153
-6458
-7770
-8442
-8822
-8111
-5467
-2544
-698
1410
3466
3800
3217
3166
2413
108
-1622
-2439
-2878
-2613
-1952
-898
395
1694
2539
2975
2702
1611
95
-1730
-3173
-4250
-5103
-5040
-4218
-2706
-640
1008
2534
4005
4676
4473
4178
3793
2840
1975
1526
1342
1593
2456
3674
4771
5311
6325
8486
9579
8183
6762
6165
4343
1384
-210
-307
-1861
-4235
-4913
-3167
-845
-1425
-2768
-1654
-779
-1939
-3750
-4421
-4792
-6582
-7369
-5286
-2685
-1612
-829
1224
3685
4814
4001
2528
987
-1287
-4033
-6089
-7404
-8505
-9044
-8035
-5374
-2738
-962
1248
3282
3703
3473
3561
2627
343
-1180
-1856
-2397
-2501
-2088
-1139
68
1244
2116
2498
2072
848
-450
-1985
-3338
-4281
-5008
-4920
-4019
-2424
-529
919
2394
3960
4598
4497
4241
3790
2894
2199
2095
1850
1962
2947
4026
4958
5596
6888
9031
9364
8004
7131
6394
4134
1120
157
-76
-2332
-4476
-4649
-2883
-1125
-2108
-2870
-1331
-584
-2115
-3690
-3940
-4597
-6556
-6696
-4369
-2327
-1600
-588
1852
4074
4496
3435
2016
321
-2114
-4700
-6520
-7975
-8910
-8994
-7450
-4653
-2285
-317
1906
3619
4061
4071
3932
2606
423
-905
-1546
-2144
-2269
-1855
-1050
115
1164
1758
1942
1484
38
-1239
-2342
-3705
-4439
-4674
-4438
-3356
-1400
316
1386
2874
4441
4790
4250
3961
3548
2405
1520
1678
1614
1489
2516
4078
5098
5794
7311
9277
9285
7957
7246
6335
3949
1039
84
-354
-2618
-4673
-4737
-2763
-1294
-2527
-3044
-1293
-797
-2573
-3882
-3877
-4881
-6652
-6433
-4231
-2388
-1850
-701
1969
3969
4146
3020
1634
25
-2402
-4867
-6670
-8105
-9116
-8970
-7139
-4442
-2253
-148
2041
3423
3779
3819
3584
1999
-64
-1031
-1523
-2125
-2161
-1755
-935
415
1361
1776
1964
1290
-68
-1354
-2484
-3566
-4366
-4688
-4111
-2729
-1034
563
1735
3089
4376
4622
4204
3635
2913
1903
1351
1506
1610
1976
2982
4425
5509
6327
8430
9989
9042
7860
7515
6090
2818
358
-45
-1313
-4071
-5398
-4204
-2247
-2155
-3308
-2520
-786
-1049
-2903
-3681
-3558
-5112
-6386
-4924
-2780
-1754
-1157
668
3297
4517
3855
2458
1091
-969
-3679
-5912
-7485
-8777
-9603
-8679
-6067
-3611
-1554
955
3157
4025
4354
4696
3898
1793
-27
-630
-1223
-1919
-1880
-1526
-659
673
1389
1438
1249
343
-1019
-1991
-3010
-4054
-4628
-4569
-3555
-1829
-11
1245
2358
3770
4569
4466
3915
3157
2257
1236
992
1098
1201
2069
3333
4538
5710
7384
9550
9893
8468
7925
7378
4818
1390
267
-71
-2765
-5206
-5189
-3404
-2382
-3542
-3546
-1757
-1135
-2231
-3341
-3300
-3897
-5640
-5512
-3399
-1860
-1531
-443
2110
4056
4091
3004
1712
-97
-2859
-5394
-7048
-8541
-9800
-9840
-7975
-5119
-2885
-761
1739
3550
4301
4717
4721
3477
1398
6
-449
-948
-1456
-1508
-988
-89
1036
1309
894
381
-657
-2050
-3171
-3885
-4465
-4651
-4139
-2481
-305
1184
2065
3578
4990
5096
4607
3935
2818
1389
705
821
787
1028
2185
3485
4743
6481
8852
10032
9202
8341
8042
6643
3375
884
405
-1399
-4447
-5522
-4200
-2597
-3315
-4336
-2663
-1025
-1737
-2973
-3068
-3238
-4694
-5150
-3415
-1781
-1068
-285
1649
4040
4903
3823
2344
1056
-1301
-4339
-6535
-7798
-9108
-10271
-9302
-6366
-4188
-2418
446
3032
3965
4403
4956
4420
2765
1109
119
-374
-1073
-1493
-1239
-724
232
781
417
-11
-546
-1831
-3170
-3931
-4447
-4419
-4117
-3240
-1187
804
1825
2939
4635
5379
4987
4578
3899
2585
1164
701
667
354
1000
2532
3666
4726
7022
9449
9569
8593
8500
7955
5508
2357
1226
351
-2645
-5211
-5194
-3555
-3156
-4426
-4310
-2455
-1587
-2617
-3443
-3113
-3885
-5328
-4442
-2356
-1335
-975
266
2715
4480
4182
2918
1801
-15
-2716
-5158
-7061
-8581
-9754
-10011
-8149
-5501
-3661
-1374
1459
3198
4036
4857
4824
3752
2313
1027
355
-160
-749
-1069
-857
-166
712
811
-34
-673
-1434
-2620
-3656
-4370
-4561
-4486
-3999
-2334
10
1434
2164
3574
5031
5248
4713
4137
3201
1714
705
654
390
332
1394
2968
4148
5514
8182
9803
9109
8504
8498
7356
4387
1869
1192
-492
-3549
-5363
-4715
-3199
-3743
-4794
-3526
-1899
-1950
-2925
-3196
-3024
-4114
-4796
-3217
-1412
-799
-210
1583
3842
4807
4002
2676
1445
-834
-3666
-5934
-7581
-8975
-10081
-9561
-7190
-4886
-3138
-538
2179
3452
4205
4991
4842
3581
2320
1442
556
-266
-672
-890
-761
-82
462
34
-718
-1116
-1930
-3104
-3940
-4232
-4278
-4045
-3075
-1234
680
1719
2546
4030
5057
4976
4386
3884
3092
1790
929
728
486
585
1636
2902
3820
5684
8502
9474
8741
8875
8857
6632
3628
2284
1289
-1701
-4731
-5520
-4424
-3791
-5062
-5433
-3768
-2607
-3010
-3605
-3280
-3505
-4823
-4463
-2249
-1010
-927
55
2496
4400
4671
3774
2504
838
-1762
-4389
-6374
-7952
-9388
-10200
-8978
-6535
-4705
-2800
94
2288
3367
4519
5217
4679
3425
2382
1652
835
72
-276
-549
-433
291
435
-379
-1162
-1896
-2777
-3684
-4397
-4431
-4217
-3909
-2547
-393
1195
1944
3176
4684
5151
4895
4351
3729
2819
1672
1044
625
453
1053
2021
3076
4139
6295
8887
9108
8540
8944
8517
5940
3335
2694
1375
-2055
-4824
-5208
-4008
-3990
-5539
-5164
-3267
-2694
-3335
-3438
-2916
-3694
-4970
-3945
-1756
-861
-762
662
3292
4675
4447
3629
2396
451
-2184
-4526
-6494
-8133
-9486
-10024
-8374
-6049
-4471
-2155
913
2662
3555
4763
5358
4547
3276
2445
1633
685
80
-302
-678
-474
58
-160
-844
-1300
-1956
-2790
-3541
-3971
-3869
-3780
-3300
-1840
-65
953
1658
3150
4426
4617
4416
4060
3449
2487
1569
1063
510
245
761
1810
2739
3752
6178
8653
8859
8557
9103
8588
5890
3492
2896
1207
-2283
-4788
-5128
-4218
-4425
-5877
-5499
-3608
-2951
-3710
-3842
-3238
-4052
-5108
-3810
-1635
-797
-605
1042
3643
4845
4509
3653
2287
161
-2301
-4441
-6614
-8414
-9573
-9794
-8253
-6143
-4344
-1966
545
2230
3668
4863
5223
4407
3259
2501
1655
672
9
-439
-728
-362
37
-273
-800
-1303
-2051
-2696
-3389
-3895
-3783
-3685
-3004
-1450
79
923
1731
3238
4244
4428
4285
3956
3353
2241
1498
1116
410
116
769
1808
2707
3687
6189
8719
9008
8851
9349
8809
6328
3800
2944
1600
-1826
-4862
-5578
-4305
-4075
-5817
-5692
-3503
-2770
-3616
-3773
-3062
-3900
-5277
-4305
-2070
-990
-730
701
3113
4723
4951
4020
2668
972
-1384
-3860
-6069
-7950
-9522
-9932
-8534
-6396
-4418
-2040
458
2395
3631
4935
5555
4526
3361
2685
1529
378
-200
-849
-1084
-596
-208
-237
-176
-532
-1100
-1602
-2382
-2997
-3344
-3422
-3125
-2109
-750
169
1061
2457
3587
4158
4121
3891
3436
2484
1753
1205
533
88
400
1361
2278
3090
5211
8073
9217
9078
9291
9221
7603
4548
2638
1831
-954
-4691
-6241
-4978
-3964
-5467
-5968
-3692
-2405
-3356
-4056
-3356
-3639
-5198
-5189
-3169
-1455
-1100
-65
2305
4369
4983
4132
2902
1585
-672
-3457
-5794
-7634
-9362
-10244
-9225
-7093
-4939
-2846
-185
2222
3463
4556
5473
4645
3143
2249
1154
60
-643
-1185
-1254
-667
-104
345
640
288
-127
-745
-1696
-2615
-3254
-3381
-3221
-2479
-1181
-64
862
2149
3414
4148
4233
4211
3715
2864
2187
1400
822
449
288
873
1873
2913
4051
5969
8578
9699
9140
8733
8410
6280
2948
1496
760
-2513
-5656
-5796
-4105
-3561
-4822
-4615
-2840
-2399
-3438
-4006
-3837
-4680
-6110
-5300
-2983
-1643
-943
553
3046
5166
5515
4333
3170
1438
-1297
-3828
-6144
-8113
-9469
-9692
-7993
-5472
-3489
-1191
1564
3203
3974
5166
5128
3303
1719
769
-348
-1499
-2049
-1843
-1366
-677
355
1323
1693
1389
857
-69
-1143
-2192
-3087
-3542
-3494
-2774
-1612
-508
694
2051
3152
3777
3798
3608
3399
2522
1546
1329
1066
339
355
1498
2749
3683
4739
7123
9686
9730
8589
8369
7609
4544
1236
472
-664
-4072
-6324
-5762
-3519
-3049
-4400
-3875
-2244
-2383
-3783
-4369
-4536
-5781
-6954
-5826
-3207
-1512
-1034
647
3578
5491
5409
4061
2775
863
-2091
-4914
-6921
-8395
-9662
-9348
-7090
-4435
-2030
463
2757
4074
4776
5107
4078
2013
305
-917
-2153
-2874
-2530
-2039
-1300
193
1875
2984
3093
2755
1961
471
-1130
-2524
-3695
-4575
-4378
-3444
-2131
-423
1016
2384
3708
4253
4282
4025
3162
1962
1107
804
678
550
687
1827
3465
4570
5573
7445
9592
9867
8512
7446
6504
4024
600
-920
-1066
-2822
-5104
-4993
-2512
-1176
-2557
-3097
-1890
-1748
-3554
-5257
-5515
-6240
-7710
-6934
-4004
-1878
-991
722
3719
6091
6267
4591
3229
1373
-1944
-4803
-6617
-7976
-8985
-8840
-6648
-3514
-1074
846
2981
4188
3929
3701
2663
344
-1619
-2907
-3733
-3661
-2816
-1859
-453
1453
3236
4538
4722
4048
2845
854
-1114
-2830
-4539
-5397
-5372
-4634
-2856
-752
804
2339
3614
4299
4392
3783
3016
1969
988
712
985
1242
1382
2439
4248
5587
6123
7113
9157
9434
7354
6035
5238
3090
-200
-1916
-1197
-1978
-4219
-4154
-1780
-326
-1567
-2968
-2476
-2506
-4416
-6324
-6725
-6732
-7662
-7435
-4536
-1727
-727
520
3317
5694
5856
4342
2675
945
-2016
-4917
-6244
-7046
-8013
-7654
-5245
-2437
-377
1343
2846
3297
2647
1979
957
-1219
-3210
-4107
-4203
-3723
-2606
-1025
787
2744
4584
5667
5618
4571
2986
775
-1533
-3452
-5280
-6014
-5661
-4667
-2645
-314
1264
2514
3695
4306
4447
4040
2957
2031
1499
1299
1750
2053
2519
3821
5174
6159
6891
7422
8220
8680
7202
5250
4394
3064
366
-1283
-398
-375
-2201
-2951
-1626
33
-793
-2927
-3293
-3113
-4793
-6963
-7291
-6918
-7815
-7827
-5085
-1883
-469
486
2608
4969
5551
4007
2309
924
-1681
-4337
-5568
-6102
-6501
-6267
-4508
-1947
174
1200
1855
2242
1363
259
-680
-2303
-4004
-4477
-4122
-3375
-1790
129
1832
3467
5120
6147
5911
4483
2445
227
-2004
-4143
-5851
-6187
-5642
-4749
-2763
-328
1369
2336
3059
3591
3863
3417
2477
1739
1594
1749
2120
2847
3560
4345
5170
6130
6608
6260
6804
7449
6006
4270
3686
3063
1030
-518
424
693
-1032
-2159
-1385
-37
-956
-3227
-3985
-4118
-5432
-7092
-7549
-7140
-7369
-7363
-4956
-1701
-362
326
2277
4243
4780
3436
1774
722
-1225
-3688
-4838
-4973
-5489
-5594
-4136
-1954
-235
393
733
1122
388
-1033
-1693
-2527
-3659
-4030
-3532
-2407
-801
1065
2649
4219
5442
6151
5857
3922
1974
125
-2474
-4815
-5855
-5988
-5628
-4381
-2310
40
1828
2954
3793
4200
4189
3608
2561
2071
1987
1859
2318
3143
3643
4212
5325
6030
5946
5743
6340
7112
6106
4474
4109
3653
1993
637
1294
1650
-69
-1793
-1352
83
-1024
-4040
-4979
-4715
-5881
-7545
-7843
-7113
-7475
-7457
-4800
-1633
-323
418
2179
4092
4774
3689
2160
1139
-716
-2927
-3993
-4516
-5171
-5370
-4441
-2709
-1279
-766
-402
43
-629
-1520
-1620
-2271
-3368
-3505
-2630
-1336
86
1533
2907
4259
4967
5248
5025
3275
1125
-648
-2799
-4720
-5845
-6159
-5562
-4296
-2526
-374
1463
2538
3374
3957
4057
3864
3262
2645
2564
2845
2996
3065
3614
4118
4485
4733
4841
5134
5934
6412
5374
4680
4820
4054
2286
1421
2060
1447
-998
-2277
-1386
-686
-2577
-4726
-4545
-4734
-6398
-7398
-6929
-6727
-7524
-6920
-4037
-1417
-657
90
2024
3787
4312
3362
2179
1357
-490
-2518
-3567
-4233
-5111
-5579
-4708
-3270
-2035
-1265
-878
-512
-776
-1070
-950
-1537
-2235
-2130
-1398
-505
542
1809
2879
3804
4208
4474
4249
2373
268
-1128
-2905
-4763
-5657
-5550
-4956
-3750
-1940
324
2213
3201
4074
4554
4485
4395
3997
3156
3028
3158
2694
2836
3437
3743
4088
4272
4502
5344
6560
6650
5826
5728
5527
4165
2427
2088
2346
362
-2082
-2196
-1165
-1409
-3633
-4831
-4401
-5026
-6463
-7138
-6815
-7168
-7911
-6488
-3507
-1697
-1270
176
2709
4315
4464
3581
2584
1359
-703
-2543
-3907
-5271
-6385
-6645
-5683
-3912
-2296
-1354
-686
28
171
146
-124
-1051
-1674
-1677
-1321
-793
242
1299
2127
3044
3812
4248
3595
1890
360
-1222
-3331
-5053
-5781
-5910
-5425
-3872
-1696
456
2167
3724
5045
5412
5370
5204
4392
3423
2950
2726
2351
2235
2335
2640
3438
3807
4109
5665
7276
7023
6368
6426
6062
4306
2196
2050
1795
-765
-2794
-2424
-1237
-1851
-4008
-4444
-3827
-4729
-6473
-7174
-6882
-7766
-8532
-6726
-3897
-2433
-1771
425
3291
4690
4916
4443
3436
1872
-242
-2341
-4277
-6056
-7323
-7498
-6297
-4657
-3167
-1565
-337
461
963
1317
770
-507
-906
-1072
-1372
-1056
-257
574
1422
2668
3598
3895
3366
2107
747
-979
-3031
-4622
-5556
-5960
-5351
-3596
-1578
364
2370
4324
5825
6315
6323
6186
5338
4009
3274
2936
2204
1603
1796
2633
3548
3955
4537
6295
8075
7820
6860
6795
6160
3919
1610
1548
1234
-1490
-3350
-2644
-1241
-1756
-3741
-4028
-3611
-4707
-6457
-7108
-7061
-8053
-8883
-7270
-4493
-3058
-2163
289
3222
4930
5314
4707
3837
2159
-392
-2605
-4433
-6260
-7658
-7506
-6221
-4697
-2847
-1251
47
886
1396
1525
740
-332
-1017
-1489
-1823
-1554
-682
178
1351
2601
3573
4156
3509
2305
880
-1107
-3095
-4636
-5961
-6279
-5375
-4074
-2096
270
2305
4248
5736
6383
6680
6408
5387
4373
3683
2964
2243
1792
2013
2964
3669
3914
5158
7360
8409
7540
6691
6545
5100
2375
948
1075
-444
-3257
-3849
-2246
-1150
-2514
-3828
-3088
-3110
-4682
-6225
-6803
-7436
-9001
-8875
-6490
-4276
-3203
-1731
1277
4049
5187
5027
4422
3335
1063
-1266
-3182
-5373
-7285
-7943
-7177
-5557
-3674
-1796
-103
1264
1934
2266
2035
648
-700
-1492
-2102
-2290
-1807
-1030
-24
1537
2994
4034
4379
3724
2498
945
-1007
-3055
-4868
-6124
-6075
-4921
-3432
-1339
1062
3152
5129
6477
6993
6959
6312
5153
4020
3190
2517
1803
1527
2340
3527
4148
4674
6333
8461
8587
7151
6572
6014
3707
960
265
269
-1762
-3864
-3519
-1413
-850
-2577
-3175
-2471
-3273
-5101
-6550
-7248
-8239
-9577
-8796
-6026
-4053
-3121
-906
2519
4979
5649
5225
4461
2831
238
-1935
-4107
-6469
-7903
-8003
-6902
-4978
-2932
-1055
746
2095
2526
2553
1812
-147
-1549
-2145
-2936
-3241
-2443
-1469
-190
1795
3489
4364
4524
3893
2547
527
-1807
-3899
-5772
-6946
-6424
-5005
-3414
-1013
1581
3810
5891
7129
7459
7204
6382
5214
4114
3202
2465
1903
1768
2720
4123
4717
5185
6958
8719
8377
6886
6328
5367
2574
-18
-230
-388
-2649
-4038
-3047
-1195
-884
-2331
-2648
-2149
-3247
-5305
-6724
-7414
-8699
-9968
-8763
-5871
-4125
-3206
-628
2925
5013
5443
5044
4163
2339
-192
-2520
-4644
-6667
-7781
-7463
-6036
-3936
-1909
-264
1224
2249
2561
2291
1089
-815
-2100
-2648
-3376
-3435
-2359
-1219
331
2370
4075
4824
4632
3926
2419
243
-1910
-4010
-5800
-6446
-5740
-4521
-2788
-270
1967
4041
5817
6785
7205
6951
5998
5073
4244
3351
2779
2298
2459
3733
4652
4971
6017
8072
9045
7740
6647
6013
4163
1159
-479
-239
-1662
-3790
-3942
-2160
-479
-1365
-2484
-1886
-2051
-3792
-5697
-6834
-7962
-9490
-9566
-7507
-5251
-4048
-2310
961
3982
5383
5295
4615
3314
996
-1341
-3678
-6061
-7688
-8060
-7312
-5465
-3130
-1173
552
1977
2783
2829
1953
278
-1384
-2359
-3135
-3719
-3385
-2272
-820
1031
3054
4587
4855
4317
3594
1883
-664
-2952
-4858
-6519
-6790
-5601
-4206
-2199
370
2794
4948
6388
7276
7500
6802
5608
4796
4013
3010
2507
2256
2511
3790
4809
5027
6265
8405
8627
7092
6215
5396
3000
228
-541
-464
-2300
-3955
-3300
-1217
-306
-1503
-2108
-1808
-2570
-4443
-6181
-7366
-8655
-9932
-9248
-6953
-5087
-3849
-1524
1936
4524
5500
5285
4542
2918
541
-1699
-4051
-6209
-7491
-7514
-6224
-4394
-2514
-802
920
1946
2218
2247
1208
-771
-2114
-2631
-3239
-3586
-2860
-1667
-171
1823
3714
4760
4673
4122
3345
1259
-1444
-3339
-5035
-6459
-6057
-4619
-3386
-1492
1091
3452
5379
6665
7083
7100
6525
5699
5086
4271
3448
2988
2889
3492
4711
5235
5279
6763
8493
7789
6260
5679
4345
1754
-275
-235
-620
-2885
-3858
-2328
-467
-657
-2037
-2131
-2164
-3574
-5306
-6586
-7776
-9248
-9649
-7904
-5592
-4166
-2645
96
3195
4973
5341
4640
3304
1237
-964
-2864
-5005
-6922
-7564
-6684
-5168
-3341
-1322
311
1555
1975
2233
2068
199
-1774
-2723
-3253
-3615
-3347
-2466
-1283
586
2538
4112
4774
4070
3196
2003
-365
-2739
-4224
-5719
-6654
-5522
-3689
-2056
68
2385
4568
5992
6562
6864
6630
5602
4622
4162
3498
2929
2806
2669
3557
4883
5099
5351
7193
8620
7251
5651
5338
4024
1223
-472
13
-726
-2927
-3150
-1425
-32
-783
-2117
-2100
-2549
-4250
-6129
-7420
-8509
-9863
-9769
-7534
-5198
-3734
-1873
1184
4055
5489
5492
4642
3170
963
-1240
-3321
-5617
-7284
-7463
-6335
-4752
-2821
-1010
232
1298
1705
1926
1426
-612
-2202
-2709
-3134
-3420
-2825
-1710
-411
1458
3326
4752
5049
4129
3268
1889
-564
-2738
-4270
-5674
-6157
-4823
-3067
-1604
524
2757
4674
6049
6587
6755
6479
5801
5014
4488
3853
3253
2794
2730
3764
4770
4595
5247
7438
8004
6469
5513
5214
3350
609
-246
259
-1230
-3242
-2846
-1010
-290
-1611
-2379
-2105
-2960
-4841
-6378
-7297
-8528
-9624
-8723
-6293
-4331
-3117
-1048
1954
4403
5320
4860
3877
2214
-17
-2008
-3941
-5946
-7063
-6874
-5696
-4021
-2158
-712
397
1228
1432
1486
596
-1248
-2474
-2984
-3222
-3255
-2517
-1408
-128
1621
3236
4363
4119
3253
2538
888
-1498
-3066
-4299
-5672
-5525
-3901
-2514
-1083
959
3064
4738
5710
6289
6460
6050
5403
4857
4301
3767
3437
3018
2917
3930
4464
4105
5308
7417
7207
5752
5434
5072
3086
712
367
500
-1494
-3170
-2441
-727
-593
-2295
-2885
-2599
-3685
-5563
-6784
-7513
-8777
-9420
-7852
-5364
-3830
-2646
-222
2641
4525
5046
4431
3181
1391
-727
-2578
-4483
-6228
-7092
-6543
-5021
-3206
-1539
-348
766
1321
1322
1272
150
-1735
-2690
-3029
-3308
-3037
-2127
-1052
359
2149
3747
4554
4074
3245
2267
402
-1562
-3070
-4433
-5334
-4715
-3169
-1719
11
1836
3709
5261
6051
6282
6178
5758
5207
4677
4107
3693
3249
2744
2924
3985
4375
4145
5295
7172
7229
5982
5595
5072
3145
901
473
480
-1425
-2988
-2470
-964
-926
-2467
-3062
-2982
-3996
-5742
-6980
-7547
-8588
-9365
-7777
-5243
-3802
-2602
-72
2813
4422
4806
4466
3496
1664
-317
-2130
-4000
-5738
-6471
-5925
-4715
-3246
-1893
-736
191
494
440
337
-810
-2307
-2981
-3201
-3292
-2864
-1891
-696
782
2337
3859
4613
4012
3241
2270
488
-1485
-2985
-4314
-5165
-4624
-3461
-2187
-556
1197
2954
4551
5418
5913
6071
5691
5300
5034
4546
4157
3736
3049
3044
3808
3961
3879
5189
6826
6335
5159
5185
4642
2567
606
660
143
-2072
-2989
-2106
-1022
-1571
-2871
-2937
-3056
-4253
-5792
-6766
-7353
-8396
-8670
-6954
-4867
-3741
-2199
402
2771
4135
4438
4005
2853
1173
-611
-2414
-4263
-5556
-5785
-5108
-4073
-2745
-1567
-677
144
410
231
-148
-1272
-2427
-2750
-2718
-2780
-2342
-1242
-9
1362
2880
4105
4321
3808
3287
2192
293
-1437
-2817
-4137
-4681
-3965
-3060
-1996
-410
1369
3070
4373
5254
5841
5950
5835
5755
5556
4937
4331
3731
3013
2919
3181
2982
2964
4399
5941
5557
4784
4989
4665
2993
1621
1485
468
-1423
-2384
-1942
-1185
-1758
-3160
-3489
-3453
-4446
-5973
-6894
-7390
-8367
-8371
-6678
-4819
-3805
-2326
267
2627
3946
4187
3726
2861
1362
-196
-1775
-3556
-4709
-4905
-4609
-3822
-2721
-2097
-1595
-744
-546
-821
-1123
-1993
-2699
-2671
-2520
-2460
-1954
-833
405
1690
3014
4051
4175
3729
3375
2141
192
-1245
-2728
-4145
-4396
-3965
-3455
-2454
-776
934
2593
3988
5039
5786
6081
6367
6370
5770
5085
4619
3807
2758
2443
2436
2166
2244
3709
5394
5397
4812
4933
4905
3723
2119
1717
1125
-736
-2013
-1971
-1306
-1811
-3323
-3770
-3604
-4331
-5921
-6782
-7109
-8103
-8463
-6972
-5151
-4366
-3081
-443
1892
3271
3902
3639
2902
1801
373
-1074
-2626
-3886
-4423
-4390
-3954
-3167
-2661
-2258
-1351
-891
-1148
-1444
-1894
-2448
-2427
-2139
-2065
-1659
-641
547
1657
2902
3999
4228
3982
3712
2774
1150
-519
-1958
-3208
-3740
-3670
-3419
-2456
-1020
549
2141
3614
4871
5629
6011
6389
6441
5916
5160
4558
3628
2652
2041
1566
1496
1690
2450
4141
5346
5315
5130
5270
5187
3852
2346
2029
1037
-963
-1990
-1744
-1578
-2751
-4033
-3924
-4058
-5562
-6637
-6973
-7682
-8557
-8125
-6293
-4941
-4051
-2005
631
2511
3566
3965
3881
3113
1602
53
-1137
-2499
-3823
-4359
-4264
-4110
-3748
-3376
-2653
-2023
-2264
-2141
-1863
-2062
-2160
-1987
-1785
-1368
-441
579
1520
2515
3425
4038
4365
4247
3374
1986
426
-1287
-2596
-3142
-3672
-4029
-3153
-1691
-348
1195
2793
4226
5195
5884
6496
6505
5907
5240
4583
3589
2628
2124
1574
893
735
1249
1799
2691
4134
4948
5004
4958
4860
4119
3236
3136
2049
75
-927
-1426
-1901
-2553
-3671
-4686
-5421
-5862
-6195
-6719
-7218
-7839
-7851
-6444
-4846
-4037
-2683
-567
966
2122
3237
3473
2612
1307
480
112
-1023
-2609
-3357
-3685
-3880
-3486
-3188
-3396
-3409
-3305
-2969
-2316
-2067
-2199
-1917
-1291
-513
412
1256
1940
2529
3452
4349
4478
4069
3160
1812
369
-572
-1284
-2406
-3179
-2916
-2007
-873
343
1435
2438
3609
4772
5458
5708
5466
4807
4260
3796
3088
2258
1367
800
833
1135
1582
2305
3111
4517
5968
6370
6245
5867
5283
4261
3195
2496
979
-1085
-2501
-3059
-3355
-4435
-5736
-6184
-6159
-6463
-6948
-6988
-7074
-7492
-6697
-4662
-3277
-2240
-653
989
2228
3384
3695
2759
1591
819
39
-1051
-2395
-3729
-4607
-5141
-5090
-4671
-4618
-4606
-4117
-3368
-2426
-1716
-1473
-921
-263
218
1158
2079
2431
2847
3458
3867
4003
3867
2910
1639
563
-249
-1047
-2073
-2482
-2230
-1761
-865
510
1596
2337
3430
4598
5188
5191
4962
4349
3659
3188
2412
1615
1103
939
970
1191
1610
2191
2764
3591
5119
6238
6201
5815
5638
5009
3765
2695
1780
-296
-2421
-3279
-3843
-4516
-5400
-6143
-6351
-6578
-6673
-6451
-6323
-6629
-6452
-5154
-3412
-2321
-1548
-101
1308
1982
2505
2793
2254
1063
194
-338
-1495
-3066
-4159
-4635
-5053
-5382
-5076
-4545
-4442
-3935
-2822
-1997
-1403
-582
153
808
1658
2202
2731
3243
3220
3232
3431
3112
2255
1503
845
50
-577
-765
-772
-804
-518
360
1297
1906
2431
3030
3592
3985
4057
3824
3408
2843
2360
2122
1978
1935
2057
2259
2751
3068
3007
3053
3258
3325
4007
5151
5264
4463
3929
3803
3004
1675
816
-567
-2574
-3778
-4224
-4643
-5681
-6745
-6672
-5951
-5367
-4752
-4149
-3969
-3752
-2954
-2046
-1507
-1593
-1639
-1065
-632
-147
188
-347
-754
-606
-550
-1084
-1653
-2372
-3594
-4165
-4309
-4438
-4722
-4974
-4323
-3271
-2310
-1133
228
1155
1748
2702
3400
3328
2750
2159
1678
829
201
35
-385
-629
101
1019
1543
2120
2761
2934
2977
3180
3114
2526
1758
1584
1255
793
1006
1323
1309
1503
2374
2964
3128
3401
3648
3556
3474
3402
2874
2343
2399
2820
3489
4230
4475
4011
3430
3057
2181
808
-580
-2306
-4064
-5107
-5624
-5973
-6118
-5927
-5115
-3914
-2888
-2108
-1795
-1975
-2128
-2020
-2187
-2786
-3113
-3048
-2743
-2196
-1504
-979
-537
-194
7
101
-403
-1508
-2723
-3881
-4996
-5594
-5476
-5174
-4585
-3373
-1730
-47
1620
2806
3197
3374
3266
2623
1619
414
-517
-1017
-1002
-399
490
1510
2651
3830
4821
5350
5212
4512
3503
2240
1057
28
-950
-1606
-1549
-856
129
1293
2418
3428
4129
4625
4908
4849
4395
3753
3078
2667
2313
1932
1518
1413
2030
2613
3076
3450
3161
2151
1097
289
-657
-2208
-3659
-4548
-5073
-4955
-4124
-3126
-2513
-1828
-930
-189
4
-706
-1961
-3323
-4288
-5009
-5480
-5653
-5622
-4919
-3285
-1627
-418
413
755
830
721
-16
-1408
-3199
-4884
-5663
-5772
-5268
-4393
-3519
-2180
-319
1301
2451
2927
2444
1623
798
6
-744
-1571
-1976
-1230
333
1997
3780
5475
6649
7212
7437
7055
5427
3115
963
-1082
-2593
-3240
-3475
-3248
-2087
-304
1594
3477
4802
5503
5975
6029
5617
4921
3934
2876
2053
1619
1556
1455
1199
1017
1096
1274
1372
1190
787
77
-965
-1681
-1880
-2166
-2397
-2212
-1909
-1384
-654
51
460
399
-137
-819
-1580
-2660
-4031
-5557
-6648
-7031
-7062
-6557
-5518
-4375
-3090
-1430
105
836
1039
787
189
-355
-1192
-2309
-3160
-3704
-4008
-3623
-2626
-1970
-1498
-874
-276
204
316
101
-267
-746
-714
-18
654
1308
2179
3309
4825
6106
6720
7015
6618
5632
4754
3369
1251
-618
-2053
-3213
-3226
-2469
-1729
-723
798
2360
3824
4961
5485
5738
5570
5202
4740
4102
3102
1977
1279
834
441
76
-476
-1135
-1253
-1291
-1741
-1795
-1531
-1584
-1274
-286
548
867
1070
1587
1839
1679
1397
703
-473
-1475
-2229
-3159
-4180
-5029
-5548
-5781
-5735
-5485
-5172
-4809
-4412
-3771
-2911
-2385
-2008
-1470
-797
-323
111
485
173
-363
-790
-1228
-1903
-2558
-3122
-3678
-3870
-3576
-2797
-1899
-953
135
1324
2269
3205
4016
4229
4215
4445
4492
4008
3786
3562
2895
2333
2294
1959
1107
643
306
-45
-168
-66
209
509
962
1752
2505
3252
3886
4069
4248
4464
4332
3524
2638
1652
513
-284
-851
-1290
-1802
-2298
-2241
-1747
-1371
-967
-414
26
432
903
1343
1617
1622
1404
1290
1239
872
279
-399
-1169
-1929
-2501
-2909
-3354
-3759
-3983
-4115
-4053
-3893
-3936
-4069
-4021
-3771
-3377
-2832
-2178
-1650
-1133
-547
-168
129
42
-575
-1280
-2040
-2736
-3356
-3904
-3935
-3456
-2613
-1288
219
1475
2709
3787
4317
4714
4655
3958
3334
2572
1682
1051
862
756
920
1623
2147
2675
3149
3148
2920
2562
2065
1446
1006
763
716
1032
1422
2017
2720
3037
3174
3264
2869
1905
1092
141
-1023
-1916
-2379
-2485
-2258
-1714
-957
33
896
1605
2170
2322
2002
1480
826
92
-714
-1439
-1863
-2081
-2045
-1816
-1616
-1401
-1101
-967
-1056
-1237
-1724
-2261
-2603
-3081
-3319
-3351
-3359
-3029
-2374
-1781
-1296
-781
-627
-774
-1016
-1468
-2217
-2960
-3456
-3834
-3971
-3721
-3084
-2188
-1123
123
1382
2473
3189
3642
3817
3361
2699
2058
1242
379
-45
-179
-128
258
917
1530
1991
2494
2818
2936
2773
2450
2069
1687
1461
1419
1407
1513
1686
1906
2138
2243
2267
2101
1665
979
368
-315
-1160
-1644
-1708
-1544
-1109
-596
89
781
1436
2041
2298
2133
1710
1268
467
-330
-951
-1625
-1903
-1809
-1662
-1361
-921
-702
-621
-523
-792
-1172
-1622
-2211
-2645
-2768
-2723
-2531
-2118
-1542
-994
-333
173
252
109
-249
-859
-1600
-2148
-2618
-2934
-2983
-2772
-2213
-1472
-880
-76
873
1399
1824
2223
2128
1804
1438
917
616
511
289
340
631
894
1184
1533
1724
1699
1646
1557
1368
1059
901
781
584
574
686
780
889
894
853
786
666
610
482
300
155
-8
-270
-306
-297
-343
-354
-280
-67
265
613
838
961
986
941
826
448
24
-256
-635
-848
-794
-780
-868
-639
-419
-412
-246
-237
-464
-682
-902
-1144
-1320
-1374
-1323
-1213
-1096
-849
-512
-326
-299
-247
-264
-389
-656
-906
-1129
-1285
-1295
-1237
-1100
-909
-550
-118
405
838
963
1101
1085
855
667
437
137
-64
-91
186
607
901
1011
1167
1403
1321
1173
973
697
513
380
293
230
83
-66
98
305
241
250
217
-41
-234
-324
-464
-709
-931
-922
-666
-299
-117
23
120
234
438
457
292
178
-3
-148
-131
-177
-358
-489
-511
-591
-417
-202
-204
-417
-507
-339
-232
-285
-439
-468
-410
-325
-129
78
178
170
248
342
195
11
-215
-439
-541
-510
-300
-164
-134
87
394
593
735
802
747
662
700
699
542
356
274
260
420
607
731
952
1143
1282
1347
1323
1173
945
835
652
537
372
300
286
214
274
394
347
73
-139
-300
-395
-483
-628
-742
-801
-773
-676
-603
-572
-516
-501
-513
-452
-645
-908
-1000
-1251
-1384
-1347
-1275
-1216
-1185
-1141
-947
-643
-579
-552
-546
-643
-525
-423
-524
-742
-849
-878
-943
-908
-797
-717
-444
-128
85
341
536
476
339
280
244
210
15
-212
-190
109
346
614
984
1208
1364
1504
1593
1464
1134
708
379
239
23
-145
-36
114
380
905
1511
1889
1988
2134
2186
1999
1777
1451
1001
598
440
500
426
384
265
317
425
430
265
-115
-439
-741
-969
-976
-925
-915
-822
-572
-198
-10
101
155
-18
-224
-448
-599
-1032
-1537
-1839
-2019
-2065
-2059
-2044
-1983
-1721
-1390
-1157
-976
-760
-608
-564
-507
-494
-658
-889
-1065
-1079
-1158
-1040
-842
-675
-465
-153
168
342
251
255
340
267
220
273
342
535
890
1204
1438
1597
1793
1817
1735
1585
1282
884
477
133
-86
-144
-126
79
486
955
1498
1966
2221
2276
2269
2106
1798
1501
1173
755
479
344
325
322
314
431
549
574
540
595
502
182
-142
-374
-556
-710
-766
-795
-788
-579
-329
-264
-340
-342
-460
-731
-972
-1188
-1536
-1873
-1981
-2130
-2230
-2117
-1897
-1829
-1702
-1458
-1244
-1115
-1087
-1156
-1123
-1155
-1250
-1273
-1294
-1244
-1127
-973
-841
-606
-418
-385
-217
-72
-110
-128
-57
-22
90
439
763
1189
1462
1630
1918
2072
2016
1629
1180
892
598
140
-152
-296
-300
-56
337
807
1385
1817
2115
2303
2398
2387
2131
1811
1436
1179
1018
867
744
616
586
609
626
566
350
241
104
-138
-202
-189
-226
-230
-59
113
209
386
456
371
278
68
-175
-523
-942
-1365
-1715
-1952
-2111
-2179
-2209
-2002
-1705
-1548
-1379
-1172
-992
-1074
-1259
-1249
-1306
-1352
-1310
-1357
-1419
-1162
-803
-611
-433
-366
-353
-491
-578
-587
-797
-1050
-1088
-832
-506
-221
202
758
1273
1743
2104
2246
2134
1843
1447
988
428
-99
-359
-351
-260
-121
303
804
1262
1678
2030
2288
2402
2361
2049
1785
1483
1136
862
691
677
641
647
818
978
924
866
824
565
204
35
-120
-352
-441
-367
-243
-62
301
625
690
668
581
298
-38
-367
-851
-1388
-1793
-2080
-2205
-2214
-2129
-2023
-1856
-1556
-1240
-969
-932
-968
-1014
-1041
-1073
-1219
-1382
-1381
-1363
-1251
-1092
-1061
-960
-926
-981
-1023
-1027
-1026
-1036
-1007
-947
-728
-403
-142
249
623
911
1220
1504
1581
1493
1293
927
546
83
-272
-472
-644
-683
-387
123
625
1142
1547
2051
2570
2737
2629
2521
2343
2011
1671
1319
1000
730
574
479
417
502
652
800
872
874
851
805
714
552
407
366
294
333
473
515
600
548
386
278
89
-275
-703
-1098
-1478
-1766
-1868
-1991
-2084
-1961
-1631
-1294
-986
-720
-647
-480
-427
-628
-860
-1111
-1318
-1458
-1571
-1633
-1538
-1372
-1236
-1090
-870
-744
-736
-731
-765
-769
-748
-599
-442
-307
-60
324
653
884
1017
942
827
699
418
146
-143
-454
-576
-563
-419
-149
301
643
983
1480
1877
2065
1989
1994
1900
1666
1466
1292
1077
880
842
855
887
918
907
886
849
777
768
740
605
522
494
528
522
539
594
655
671
667
616
490
267
-64
-408
-744
-936
-1211
-1409
-1472
-1464
-1398
-1340
-1218
-1097
-959
-883
-813
-763
-781
-851
-927
-1035
-1069
-1090
-1156
-1111
-1123
-1083
-1035
-1085
-1163
-1256
-1281
-1164
-1058
-1012
-844
-556
-324
-83
108
386
566
537
414
338
253
16
-228
-524
-637
-558
-424
-234
-72
153
517
883
1155
1244
1248
1194
1145
1140
978
971
1014
948
992
1036
1099
1175
1139
1112
1123
1027
997
1023
916
878
804
805
849
866
850
789
790
758
708
575
396
290
103
-39
-181
-335
-441
-449
-507
-594
-611
-696
-702
-743
-785
-860
-865
-779
-770
-824
-791
-756
-737
-749
-780
-684
-675
-791
-1001
-1090
-1237
-1373
-1362
-1275
-1107
-1066
-956
-710
-378
-124
36
87
185
219
53
-81
-185
-310
-474
-477
-487
-401
-300
-149
79
280
426
511
587
614
598
609
700
774
782
837
965
976
990
1059
1079
1041
950
968
1001
894
864
807
756
804
881
930
948
849
806
807
816
769
644
521
342
227
119
-36
-209
-322
-371
-343
-396
-422
-438
-449
-494
-566
-629
-762
-875
-957
-960
-901
-815
-799
-736
-691
-663
-616
-628
-687
-807
-939
-1047
-1180
-1249
-1266
-1207
-1096
-964
-792
-613
-480
-389
-313
-292
-256
-384
-486
-484
-528
-607
-638
-543
-394
-202
-5
189
368
494
636
616
599
538
469
401
302
342
445
604
781
976
1210
1362
1406
1447
1394
1301
1142
997
834
757
723
717
786
884
1006
1065
1121
1183
1201
1113
902
645
480
361
191
-18
-125
-169
-162
-138
-182
-210
-197
-272
-344
-451
-581
-655
-734
-761
-799
-790
-691
-564
-447
-426
-341
-386
-538
-695
-846
-996
-1165
-1255
-1257
-1261
-1126
-950
-804
-592
-493
-396
-367
-388
-467
-572
-652
-791
-853
-898
-856
-728
-527
-335
-179
44
238
378
517
548
535
444
375
361
293
271
295
301
370
487
575
753
901
919
1020
1080
1028
1042
1002
901
897
878
871
846
841
884
900
949
989
941
930
843
639
532
392
277
182
94
70
47
30
-20
-71
-75
-103
-151
-292
-403
-488
-621
-650
-666
-653
-641
-638
-550
-572
-625
-592
-693
-798
-884
-980
-1021
-1107
-1126
-1128
-1113
-1037
-1015
-947
-850
-740
-712
-691
-649
-708
-801
-876
-878
-888
-817
-734
-632
-489
-262
-53
91
221
325
488
531
536
585
566
514
477
500
547
600
618
639
683
691
714
681
697
704
721
817
878
926
958
986
1070
1157
1174
1118
1022
998
938
817
734
649
539
501
506
455
376
289
263
290
235
247
163
47
39
10
-28
-122
-140
-205
-203
-243
-333
-359
-391
-468
-576
-594
-690
-738
-783
-788
-776
-743
-707
-669
-626
-632
-635
-695
-751
-822
-931
-1031
-1062
-1116
-1146
-1105
-1001
-892
-780
-667
-559
-418
-328
-202
-110
-91
-25
47
101
78
135
237
239
285
323
311
312
290
335
351
289
308
342
364
448
528
650
767
820
854
897
909
879
878
827
795
713
677
580
422
304
224
167
170
250
352
387
446
448
471
491
441
423
325
260
190
145
76
-1
-60
-115
-193
-271
-342
-386
-445
-444
-500
-574
-552
-577
-517
-441
-354
-296
-346
-356
-343
-430
-508
-606
-733
-832
-963
-1039
-1086
-1073
-1087
-1016
-892
-737
-625
-517
-395
-308
-227
-115
-37
-52
0
58
42
28
84
164
153
105
146
179
174
156
173
210
257
302
376
436
409
517
626
659
741
781
773
772
777
695
634
548
510
436
340
335
349
342
281
314
325
309
391
433
442
444
464
472
496
462
445
455
375
342
231
113
10
-105
-181
-274
-309
-366
-335
-323
-268
-174
-83
-69
-104
-126
-225
-302
-406
-468
-555
-637
-656
-650
-661
-618
-628
-602
-611
-570
-483
-493
-474
-468
-424
-426
-381
-312
-249
-204
-165
-178
-143
-102
-116
-146
-169
-107
-67
-33
6
121
154
158
215
248
257
237
235
249
183
151
157
162
151
134
206
219
241
283
260
283
288
270
249
229
169
135
136
190
194
224
309
341
342
394
391
323
307
229
220
162
45
-35
-158
-228
-222
-136
-119
-130
-33
-11
-40
-23
-47
-138
-231
-278
-375
-426
-404
-397
-357
-346
-287
-264
-282
-266
-235
-251
-254
-253
-230
-265
-250
-200
-155
-122
-72
-14
10
31
86
45
-6
-7
-5
-6
-20
46
103
153
192
312
408
417
386
433
408
319
283
194
123
88
60
62
38
63
96
98
100
114
144
175
188
198
219
179
267
235
222
190
150
200
192
251
242
249
215
160
121
79
32
-49
-78
-86
-111
-107
-119
-188
-221
-250
-213
-199
-174
-168
-166
-149
-186
-235
-256
-318
-414
-428
-448
-415
-330
-308
-281
-242
-197
-187
-183
-154
-218
-210
-166
-177
-125
-112
-71
-71
-20
46
97
135
164
183
161
186
146
205
215
192
281
284
297
327
360
345
346
330
292
240
146
67
17
-27
-43
-85
-133
-113
-100
-34
-39
11
41
87
57
22
27
-22
-84
-115
-96
-130
-142
-94
-51
-32
10
34
30
-3
-58
-85
-142
-243
-290
-350
-359
-375
-348
-299
-209
-190
-188
-172
-196
-169
-222
-219
-193
-177
-189
-174
-141
-109
-87
-64
32
72
109
119
97
92
38
11
-24
-46
-49
-38
5
62
107
183
259
292
338
351
386
387
384
404
348
387
365
349
377
345
320
371
394
345
369
339
259
219
205
161
101
81
119
93
97
98
83
106
103
147
145
143
142
117
97
80
77
69
15
17
3
6
20
-5
-16
-95
-135
-177
-282
-412
-469
-559
-591
-622
-599
-559
-519
-447
-413
-381
-406
-413
-462
-494
-510
-517
-488
-499
-441
-408
-381
-271
-206
-149
-124
-97
-45
-75
-52
-48
-48
-65
-44
16
4
58
108
166
217
308
399
397
405
411
401
408
405
393
421
392
431
429
456
454
408
395
312
313
275
249
224
201
164
93
111
91
72
45
42
93
97
147
166
146
150
107
132
107
104
89
38
7
-31
-36
-49
-72
-102
-127
-200
-294
-319
-377
-438
-495
-501
-477
-458
-429
-418
-362
-358
-363
-356
-373
-398
-400
-404
-389
-354
-339
-315
-304
-268
-202
-162
-152
-125
-153
-119
-112
-109
-63
-41
-23
-3
21
72
117
149
208
252
282
354
418
423
410
412
409
407
423
418
453
459
462
453
467
457
430
378
369
309
287
284
236
210
173
140
152
175
158
152
122
184
178
175
180
182
163
165
162
112
125
132
109
61
35
24
-23
-63
-75
-166
-216
-258
-337
-345
-335
-376
-403
-383
-396
-385
-396
-395
-455
-496
-488
-521
-488
-504
-476
-429
-424
-375
-386
-309
-282
-315
-271
-282
-259
-248
-261
-283
-277
-203
-169
-110
-57
20
103
143
184
200
245
280
269
232
266
252
234
262
298
317
330
349
369
352
370
373
342
366
370
344
313
263
221
166
136
114
112
130
149
168
163
150
83
44
41
48
10
17
35
45
58
59
54
3
-7
-71
-137
-178
-201
-236
-307
-309
-333
-354
-303
-256
-235
-196
-192
-185
-200
-238
-337
-368
-409
-424
-369
-351
-286
-281
-235
-189
-184
-144
-127
-146
-152
-189
-221
-229
-187
-150
-95
-24
35
175
267
293
352
369
388
389
358
352
325
301
302
316
343
377
434
483
465
456
485
491
440
443
434
405
350
312
275
262
258
239
228
233
175
147
132
99
82
57
-5
-34
-32
-10
-1
-55
-89
-75
-53
-86
-72
-90
-130
-148
-197
-278
-334
-417
-472
-449
-440
-439
-417
-416
-402
-414
-368
-337
-358
-394
-438
-400
-386
-427
-433
-433
-436
-374
-330
-300
-302
-284
-312
-336
-321
-279
-245
-204
-172
-139
-59
17
61
156
203
266
335
348
368
279
245
229
179
210
220
236
273
346
326
347
390
389
400
409
434
360
324
289
278
307
295
305
249
233
256
260
265
222
235
210
190
194
183
183
170
180
172
155
148
112
89
82
68
31
-38
-105
-155
-215
-247
-248
-313
-347
-382
-416
-439
-460
-459
-438
-476
-452
-414
-470
-456
-463
-497
-522
-520
-463
-417
-413
-390
-337
-340
-314
-275
-255
-249
-241
-168
-132
-119
-57
-12
45
108
149
190
241
256
298
310
334
339
296
349
358
366
369
389
384
420
396
460
450
444
481
439
441
445
456
464
454
419
392
360
337
305
342
369
369
340
354
361
347
333
277
271
213
193
126
44
37
5
-63
-88
-133
-163
-196
-223
-270
-292
-349
-372
-391
-446
-457
-507
-538
-584
-586
-611
-637
-671
-670
-639
-633
-635
-612
-583
-572
-562
-524
-459
-435
-404
-371
-355
-313
-294
-284
-221
-201
-191
-141
-97
-65
-45
-16
28
45
80
129
147
147
180
188
237
225
239
282
262
279
298
341
350
378
380
399
421
466
477
451
460
438
424
382
376
412
417
450
464
471
470
443
462
420
373
381
350
284
235
167
162
109
58
66
-22
-45
-95
-120
-175
-216
-249
-255
-276
-303
-337
-401
-395
-404
-406
-449
-439
-461
-463
-473
-478
-407
-424
-418
-379
-354
-318
-279
-263
-247
-273
-252
-212
-216
-214
-165
-100
-75
-41
-22
-4
-31
-51
-41
-7
-18
16
43
54
121
127
140
150
172
208
196
204
223
250
228
257
285
303
303
330
352
343
334
370
366
381
394
376
401
397
381
369
390
394
404
391
392
344
288
271
239
175
119
92
72
28
7
-33
-87
-99
-126
-137
-167
-184
-219
-261
-338
-383
-432
-475
-477
-469
-489
-529
-502
-505
-515
-486
-441
-383
-389
-384
-353
-366
-365
-344
-300
-267
-281
-223
-194
-172
-189
-206
-196
-206
-201
-195
-199
-161
-170
-150
-115
-131
-122
-85
-7
2
31
104
121
158
163
182
240
248
296
311
326
359
357
400
401
397
429
410
432
428
419
462
469
466
482
459
459
475
445
427
404
360
324
301
224
142
108
57
-24
-78
-100
-127
-129
-76
-71
-55
-36
-66
-59
-120
-170
-207
-269
-335
-357
-355
-356
-368
-335
-363
-374
-366
-335
-309
-295
-257
-245
-193
-215
-225
-223
-199
-193
-166
-138
-140
-137
-177
-198
-191
-201
-193
-211
-222
-186
-181
-165
-144
-86
-75
-45
-1
41
98
139
197
205
212
249
264
257
286
251
290
284
286
346
341
363
366
438
416
425
463
450
444
431
439
439
433
406
346
337
282
284
229
141
96
12
7
-29
-51
-79
-81
-75
-80
-52
-57
-85
-101
-160
-212
-249
-313
-360
-426
-465
-496
-471
-465
-453
-405
-366
-359
-349
-341
-349
-331
-365
-330
-285
-314
-318
-284
-296
-280
-269
-230
-242
-235
-236
-239
-220
-230
-195
-165
-173
-154
-139
-112
-83
-45
-18
10
45
92
107
133
178
204
223
238
251
260
249
268
289
294
315
354
368
368
422
414
410
433
402
418
387
414
444
396
389
338
335
270
235
209
169
146
105
83
55
42
39
71
77
76
76
43
28
19
1
-56
-70
-100
-158
-176
-214
-212
-230
-246
-233
-241
-248
-252
-248
-226
-233
-248
-242
-226
-250
-236
-222
-192
-166
-160
-194
-213
-214
-230
-267
-260
-232
-225
-208
-186
-197
-192
-173
-146
-144
-104
-67
-65
-19
31
62
44
110
119
153
160
161
197
175
199
211
203
211
228
279
292
276
295
288
257
265
292
303
318
340
294
269
228
196
147
146
125
87
104
109
121
63
45
14
-4
3
-44
-64
-74
-80
-84
-88
-100
-109
-157
-148
-205
-208
-238
-294
-254
-249
-264
-297
-255
-247
-261
-222
-187
-145
-145
-136
-124
-140
-136
-157
-150
-149
-208
-218
-216
-207
-216
-208
-154
-134
-118
-122
-107
-80
-73
-80
-47
-11
-13
14
40
72
69
76
117
121
126
130
134
141
157
178
161
153
196
187
193
237
245
260
233
238
251
217
233
243
228
207
204
186
162
158
162
142
103
74
69
59
27
-17
0
1
-6
-29
-25
-8
-27
-17
-7
2
-25
6
-54
-51
-83
-103
-137
-173
-153
-136
-140
-123
-105
-121
-64
-54
-43
-89
-76
-86
-59
-87
-102
-91
-126
-110
-141
-108
-131
-127
-102
-86
-64
-72
-93
-94
-57
-63
-52
-29
25
18
30
75
88
78
81
129
144
115
138
167
176
158
159
141
154
134
149
175
175
174
189
156
100
124
100
71
68
66
88
44
42
38
-5
0
-21
-12
-16
-24
-82
-120
-149
-178
-173
-139
-136
-118
-110
-117
-84
-138
-144
-137
-182
-189
-196
-177
-170
-167
-104
-142
-137
-153
-134
-89
-125
-120
-136
-152
-152
-140
-140
-174
-195
-194
-161
-136
-135
-131
-124
-50
-41
-40
-31
-69
-61
-57
-6
36
37
68
98
115
119
138
176
204
192
202
209
240
248
276
318
322
311
328
302
298
282
258
249
222
211
178
193
162
160
197
190
191
195
181
185
128
95
61
31
-17
-16
-14
-35
-51
-52
-66
-86
-46
-89
-108
-110
-112
-126
-153
-149
-173
-171
-214
-210
-192
-189
-193
-178
-173
-176
-198
-195
-206
-216
-183
-184
-206
-179
-157
-139
-124
-98
-88
-135
-116
-110
-90
-88
-100
-74
-46
-54
-33
3
15
56
70
82
115
115
103
132
152
147
136
148
165
147
201
241
235
303
302
293
276
252
235
200
172
197
202
113
77
54
57
52
55
86
38
31
38
39
68
23
-1
-37
-98
-133
-163
-194
-168
-202
-181
-177
-176
-163
-204
-194
-149
-138
-161
-124
-122
-161
-172
-159
-137
-140
-160
-184
-197
-165
-167
-165
-178
-203
-197
-187
-185
-189
-141
-131
-103
-64
-64
-96
-105
-116
-97
-91
-79
-76
-62
-55
-40
5
51
50
92
138
130
143
156
248
260
227
258
247
245
253
276
245
241
293
273
292
262
260
275
227
207
225
222
177
190
188
151
170
136
145
151
105
126
98
47
35
13
-11
-30
-102
-110
-109
-87
-80
-81
-66
-69
-68
-82
-84
-78
-93
-86
-106
-115
-171
-151
-125
-166
-140
-153
-178
-156
-143
-148
-153
-188
-185
-198
-177
-166
-133
-151
-106
-87
-82
-78
-103
-85
-60
-54
-65
-35
-44
-49
-69
-34
-16
28
71
88
122
90
99
122
131
137
128
146
162
147
110
63
86
45
69
104
74
93
104
111
100
126
105
78
97
82
90
87
85
90
79
77
78
27
25
24
14
-12
-19
-43
-74
-44
-92
-73
-56
-43
-33
-46
-68
-85
-95
-94
-101
-140
-175
-179
-210
-209
-170
-167
-181
-166
-197
-211
-203
-180
-168
-175
-166
-149
-165
-157
-118
-96
-66
-57
-45
-39
-20
-52
-72
-42
-36
-7
-14
33
63
59
73
134
148
165
155
149
172
161
182
165
165
139
178
200
183
181
171
182
166
156
154
138
165
176
150
147
155
156
167
165
157
169
181
168
111
85
72
71
67
49
58
47
45
44
34
27
12
10
-25
-41
-23
-71
-49
-41
-102
-109
-142
-171
-164
-168
-161
-140
-157
-151
-146
-192
-195
-211
-215
-205
-172
-139
-135
-115
-131
-104
-72
-99
-117
-91
-95
-119
-113
-105
-72
-81
-28
-24
-17
19
35
101
89
103
112
128
111
114
117
84
105
106
113
100
104
62
33
56
26
52
41
5
20
19
37
51
41
38
47
67
86
64
50
44
-3
-12
-37
-28
-16
-31
-26
-19
-32
-32
9
-33
-72
-62
-78
-66
-44
-11
-49
-93
-93
-122
-178
-151
-158
-141
-108
-115
-102
-110
-127
-131
-134
-139
-122
-95
-63
-71
-56
-31
-33
-26
-37
-20
-13
-8
8
-1
-21
-20
-7
21
47
63
99
139
149
167
154
154
170
150
130
131
158
155
162
171
218
221
181
157
153
101
70
70
69
58
51
56
47
57
63
114
119
114
146
116
93
73
93
99
90
92
42
29
30
19
40
33
-7
-32
-16
-9
23
48
43
34
-6
-7
-49
-65
-96
-115
-103
-133
-142
-150
-177
-219
-246
-249
-210
-208
-176
-167
-182
-145
-165
-146
-164
-172
-173
-187
-144
-141
-105
-120
-158
-151
-135
-129
-138
-89
-23
-30
8
27
41
70
53
103
98
106
94
128
138
118
129
131
142
145
102
116
114
82
80
41
51
68
88
63
71
87
79
82
75
80
112
94
78
77
94
79
13
34
10
-3
-2
5
19
-10
-13
-45
-43
-59
-68
-33
-35
-49
-31
-34
-47
-81
-59
-89
-116
-130
-131
-171
-197
-195
-207
-173
-168
-133
-125
-131
-124
-94
-105
-106
-89
-68
-44
-13
-43
-63
-41
-80
-59
-49
-53
-21
-21
-7
25
45
78
101
98
124
133
174
194
192
198
210
190
152
184
192
222
210
194
184
173
142
123
109
113
141
133
139
121
121
129
137
124
132
117
105
107
95
90
79
17
17
-9
-9
25
20
31
3
-4
9
12
19
7
15
17
9
-9
-46
-54
-69
-105
-111
-111
-96
-117
-117
-124
-152
-140
-136
-183
-208
-196
-201
-205
-216
-209
-203
-181
-174
-144
-184
-195
-189
-186
-166
-196
-185
-168
-176
-123
-101
-90
-65
-79
-37
-24
-37
-10
6
33
37
66
76
81
84
83
87
51
47
50
88
75
68
70
48
42
38
49
88
86
84
101
133
133
117
130
104
103
84
62
44
49
50
42
32
5
16
46
65
57
77
81
78
74
70
59
52
65
37
16
11
8
-24
-30
-26
-40
-39
-67
-70
-77
-55
-93
-105
-96
-100
-76
-72
-99
-78
-71
-53
-74
-82
-71
-113
-83
-88
-77
-67
-75
-66
-60
-36
16
-5
28
35
31
59
103
120
119
126
112
141
151
123
113
136
145
135
111
117
132
121
114
128
107
78
79
86
91
101
107
96
60
69
69
92
39
16
12
16
20
21
33
34
-3
-34
-51
-54
-60
-73
-47
-76
-55
-16
-18
3
-9
-30
-39
-38
-59
-70
-82
-100
-105
-133
-136
-140
-135
-99
-108
-114
-121
-114
-137
-114
-117
-139
-134
-127
-127
-126
-90
-100
-59
-77
-97
-78
-70
-71
-56
-48
-74
-48
-76
-62
-26
-38
-3
23
2
12
34
50
51
51
73
76
87
68
49
71
76
56
61
66
73
73
59
52
50
19
16
27
16
26
27
45
51
39
4
-9
46
40
33
27
11
-7
-16
6
20
32
48
27
24
18
15
23
-7
5
36
29
36
27
16
12
-7
5
-15
-38
-29
-33
-31
-54
-76
-61
-53
-74
-91
-66
-53
-18
-20
-38
12
28
40
65
76
52
66
67
63
62
50
63
52
67
54
61
42
55
102
98
109
110
74
88
103
90
92
46
31
60
62
50
50
31
27
28
-35
-36
-23
-13
23
17
36
41
32
12
-6
22
18
21
23
33
43
54
53
12
-24
-22
-12
-27
-25
-18
-12
-14
-48
-74
-68
-89
-103
-128
-92
-93
-78
-56
-58
-46
-70
-109
-146
-120
-123
-151
-155
-150
-175
-170
-134
-120
-114
-99
-96
-83
-51
-44
-21
2
-9
19
4
-17
-18
-27
-49
-17
-13
-21
-8
-34
-1
-12
-7
1
15
11
-7
14
11
-3
13
22
36
22
28
65
42
35
52
5
-14
-26
-43
-33
-26
3
33
61
75
102
93
91
104
112
124
152
145
137
134
103
116
95
82
71
58
16
-19
-38
-32
0
4
11
8
-1
-2
12
-3
20
24
-5
-14
-9
-37
-41
-47
-36
-52
-102
-96
-103
-81
-61
-47
-20
-16
7
37
36
51
86
97
89
71
34
20
5
-10
4
12
-6
-10
-8
-23
-28
-28
-32
-35
-13
9
11
21
37
63
50
52
82
65
37
33
31
-5
-37
-35
-21
-22
-33
-23
0
14
16
35
45
66
65
82
98
97
107
95
79
69
53
25
-10
-24
-50
-72
-86
-100
-83
-141
-146
-104
-94
-88
-69
-58
-63
-24
-39
-53
-73
-77
-72
-87
-87
-92
-75
-82
-101
-102
-86
-78
-67
-37
-26
-5
21
42
38
64
57
78
64
64
77
55
63
27
41
-4
3
-17
-44
-13
-6
-14
-12
-15
-15
-24
-4
13
30
50
57
60
37
31
16
13
-12
-35
-20
-50
-20
-2
5
41
19
12
-13
-28
-18
29
21
41
41
55
72
35
45
16
-1
-4
-14
-18
-34
-30
-61
-76
-54
-41
-35
-41
-59
-54
-32
-24
-18
-16
-22
-15
-9
-15
18
46
29
10
1
12
3
1
6
-8
13
27
27
21
31
50
73
81
80
95
99
80
86
72
60
71
62
23
21
20
13
13
-12
23
13
20
15
29
34
35
42
49
50
43
37
20
5
10
39
35
7
-6
-9
-14
-13
8
12
4
16
3
0
13
2
20
3
-9
8
5
-21
-47
-51
-42
-49
-44
-40
-59
-71
-86
-96
-103
-97
-77
-73
-81
-73
-78
-66
-81
-63
-51
-67
-46
-41
-35
-54
-29
-35
-29
-25
-16
-21
-35
-37
-61
-56
-59
-57
-40
-50
-55
-40
-38
-53
-33
4
5
-6
6
20
15
14
2
-6
-7
-5
9
15
25
39
50
60
57
73
71
65
73
77
75
103
135
110
94
104
88
83
103
85
57
66
41
22
34
42
23
13
12
8
31
17
8
2
0
-17
-31
-36
-39
-25
-24
-41
-61
-56
-62
-67
-68
-63
-66
-84
-73
-60
-50
-25
-22
-27
-18
-35
-12
1
17
17
11
21
19
40
47
36
18
9
1
15
38
48
42
43
28
19
42
41
39
36
42
48
27
31
44
31
42
30
29
24
10
6
6
18
7
-1
13
18
20
34
15
25
44
52
54
46
41
21
38
29
13
1
-9
-14
-31
-45
-34
-18
-23
-30
-42
-29
-29
-31
-49
-53
-58
-61
-55
-48
-49
-58
-53
-61
-83
-82
-77
-78
-79
-78
-90
-96
-83
-85
-77
-72
-45
-40
-36
-7
-6
-6
-14
-21
-16
-9
-18
-14
-21
-36
-41
-21
-16
-13
4
2
10
-9
-2
3
-4
1
1
20
46
34
52
52
69
72
61
58
39
36
42
53
48
60
45
47
41
54
59
60
63
49
60
33
43
46
20
22
28
25
2
0
2
5
2
2
-11
-31
-26
-37
-44
-31
-13
-11
-13
-17
-14
-8
3
10
0
-7
-4
-10
-14
-18
-5
-11
-10
1
0
4
2
2
10
10
11
18
31
24
14
29
31
31
29
30
24
4
5
12
23
15
-1
9
5
-5
-7
-12
-12
-6
9
4
7
27
50
47
38
28
16
11
10
9
-14
-13
-4
-6
2
-1
3
-4
-8
10
27
17
1
3
-8
-7
-12
-3
-5
-4
-9
-14
-17
-22
-8
-22
-48
-41
-40
-41
-39
-41
-45
-44
-41
-45
-36
-38
-30
-25
-21
-34
-40
-40
-26
-28
-30
-4
-3
-10
-16
-16
-24
-21
-11
-16
-19
-35
-27
-34
-20
-19
-24
-14
-6
0
-10
-5
-3
-3
-4
-6
7
-9
-31
-22
-22
-26
-3
-7
-15
-19
-7
-3
-4
19
21
22
38
39
19
41
44
40
43
27
32
37
38
47
31
36
25
8
22
28
29
40
42
47
57
58
43
39
33
32
29
18
11
25
19
14
20
20
15
9
-5
-13
-11
-11
-4
-17
-19
-9
-9
-12
-9
-12
-7
1
6
3
-2
-17
-23
-13
-31
-29
-19
-38
-41
-25
-26
-19
-8
1
4
7
0
10
18
18
36
20
10
22
34
33
25
31
33
36
28
22
26
20
20
30
22
26
50
49
38
23
21
23
20
22
0
-4
-10
0
-6
-13
-5
-29
-34
-30
-34
-28
-33
-39
-37
-48
-51
-53
-47
-50
-48
-28
-22
-29
-32
-20
-19
-34
-33
-29
-42
-49
-58
-52
-43
-55
-32
-36
-40
-23
-28
-28
-23
-3
1
10
11
-6
0
-1
-9
-12
-21
-19
-21
-26
-35
-45
-32
-26
-24
-26
-26
-19
4
-5
6
17
17
27
26
32
37
29
32
18
16
12
9
2
-4
13
19
23
29
43
52
62
60
56
61
72
67
61
65
61
57
44
36
26
30
22
9
8
17
8
0
14
14
4
10
22
18
12
25
34
37
30
27
20
9
-8
-2
-14
-38
-32
-45
-36
-39
-38
-25
-21
-22
-30
-34
-18
-15
-13
-7
-5
-1
-6
-14
-21
-26
-29
-41
-36
-42
-42
-39
-32
-30
-40
-28
-17
-8
-2
13
18
26
28
34
37
23
33
32
38
30
16
18
7
1
4
5
2
10
16
21
23
17
29
26
20
26
27
28
28
29
21
15
10
4
1
-5
-9
-14
-17
-24
-12
-15
-17
-16
-21
-17
-25
-7
1
-1
-5
1
-9
-19
-25
-26
-23
-45
-52
-46
-53
-61
-55
-62
-61
-43
-34
-51
-54
-35
-40
-34
-25
-9
-7
-12
-15
-13
-20
-14
-20
-27
-30
-31
-21
-28
-16
-16
-9
-10
-7
11
20
23
25
47
56
56
54
48
47
48
40
38
32
36
30
15
16
14
10
24
17
18
25
25
33
44
48
49
51
27
30
25
23
20
23
19
13
13
20
1
-7
-7
-1
5
14
26
20
33
29
27
39
41
33
29
26
7
9
6
-8
-11
-32
-29
-29
-33
-31
-37
-39
-38
-15
-18
-19
-11
-12
-17
-12
-11
1
-1
-17
-11
-21
-6
-15
-20
-19
-24
-29
-24
-15
-18
-11
-9
13
15
13
15
19
21
22
22
27
22
4
-2
-11
-11
-15
-11
-26
-32
-28
-22
-16
-21
-11
-5
-2
-1
-1
9
10
10
7
-4
0
-2
-3
-10
-12
-7
-7
-6
-17
-22
-17
-6
-8
-11
-3
8
2
-5
6
14
11
2
2
1
-4
-9
-8
-11
-24
-18
-19
-20
-25
-35
-39
-27
-18
-27
-25
-11
-9
-21
-20
-14
-11
-13
-10
-19
-8
-15
-14
-5
-10
-18
-19
-15
-17
-10
-15
-9
0
11
20
19
14
28
27
36
47
45
44
46
38
27
30
30
30
17
15
13
13
20
19
29
30
25
37
34
30
32
37
40
28
34
31
29
29
19
23
8
-4
1
1
-1
6
2
12
17
17
20
21
19
16
15
3
3
15
1
-1
-3
-6
-4
-10
-6
-19
-28
-29
-26
-24
-27
-23
-16
-15
-20
-17
-8
-19
-19
-16
-18
-16
-15
-8
-20
-14
-12
-13
-21
-20
-13
-14
-19
-15
-9
-14
-6
-2
-1
7
6
3
16
7
6
3
-2
0
-4
1
2
-7
-9
-3
-1
-1
1
-6
4
1
-3
-4
0
-9
0
-5
-6
-1
-7
1
-8
-2
-8
-9
-10
-2
-9
-10
-15
-14
-6
-7
-15
-21
-18
-14
-9
-14
-3
-6
-7
-7
-8
-9
-16
-13
-22
-27
-20
-18
-13
-17
-17
-16
-19
-14
-14
-17
-12
-7
-11
-14
-7
8
3
9
10
2
15
8
2
9
-5
-1
3
4
5
6
16
11
15
19
17
16
21
23
29
26
24
28
20
16
17
26
27
36
32
25
21
19
16
22
23
24
29
30
35
31
34
37
32
30
30
30
25
16
22
12
12
11
5
-2
2
7
12
13
7
7
8
17
16
19
14
10
14
11
1
4
8
4
1
3
-6
-12
-19
-21
-23
-25
-22
-31
-29
-35
-39
-32
-24
-15
-18
-29
-33
-37
-43
-46
-47
-51
-48
-55
-49
-41
-42
-36
-36
-24
-21
-28
-27
-21
-22
-17
-6
-7
-1
3
9
18
17
8
-2
-2
2
4
-2
-2
0
0
-9
1
4
6
5
9
14
11
11
14
17
13
14
15
19
6
4
4
7
9
10
9
3
3
10
9
3
13
14
4
4
5
3
2
3
6
-1
2
4
7
-2
-14
-8
-12
-13
-13
-14
-13
-13
-8
-5
6
4
-1
0
1
-1
-2
-9
-16
-19
-17
-18
-11
-10
-7
-2
2
4
9
10
4
5
12
12
15
21
28
23
24
34
27
32
30
34
29
17
28
20
25
30
40
35
33
27
18
13
16
21
21
30
30
24
17
12
6
1
-8
-8
-7
-6
-4
-9
-11
-9
-11
-10
-2
-2
2
0
-5
-1
3
-4
-2
-2
-5
-13
-18
-12
-10
-19
-16
-21
-19
-15
-23
-16
-25
-17
-23
-28
-16
-22
-20
-11
-14
-14
-19
-30
-26
-30
-34
-30
-25
-20
-20
-18
-17
-21
-14
-11
-5
2
4
1
3
3
1
1
2
8
10
12
4
2
-5
-5
-8
-4
-5
-1
8
6
8
7
0
-5
-8
-9
-6
2
8
6
8
1
0
-12
-15
-19
-22
-16
-18
-9
1
-4
-1
5
12
16
18
19
20
15
20
23
12
12
14
12
10
14
13
17
10
13
9
8
11
6
7
7
18
9
-1
-5
0
-2
1
1
-1
-3
-4
0
-12
-13
-12
-17
-10
-10
-5
4
10
15
12
6
15
17
15
21
19
15
11
7
15
20
20
26
26
19
12
12
11
11
13
14
8
9
5
2
7
1
6
12
12
6
7
7
2
-2
-8
-5
-8
-11
-9
-13
-9
-4
0
3
2
4
1
3
-7
-14
-17
-18
-15
-14
-12
-12
-9
-13
-12
-12
-15
-13
-15
-11
-7
0
-2
-6
-9
-9
-18
-23
-18
-20
-18
-14
-17
-12
-13
-16
-20
-21
-20
-25
-19
-16
-13
-5
-3
2
5
9
6
1
2
3
6
8
6
3
-1
0
2
3
4
6
8
7
10
10
7
15
17
13
14
9
6
4
0
0
-1
-3
-6
-9
-8
-8
-11
-9
-13
-9
-17
-17
-17
-16
-12
-11
-8
-7
-9
-2
-1
-8
-14
-18
-16
-6
-7
-4
-1
-5
-2
-4
-4
6
6
15
19
26
28
27
24
16
16
9
9
13
18
15
22
27
28
21
21
23
26
26
18
16
9
14
14
21
17
21
21
22
15
7
6
0
-1
2
-7
-7
-6
-12
-7
-10
-2
8
12
11
7
13
12
11
9
5
-1
-5
-8
-9
-6
-11
-3
4
10
2
2
-2
-11
-13
-12
-15
-18
-11
-3
1
2
-2
-2
0
-3
-9
-17
-15
-19
-19
-21
-18
-17
-15
-10
-17
-9
-10
-9
-6
-9
-3
-3
-2
4
-9
-13
-11
-20
-15
-13
-14
-12
-13
-6
-8
-10
-12
-11
-11
-10
-6
-7
-5
1
-1
-2
1
-1
0
3
-3
-9
-10
-10
-16
-15
-12
-7
-8
2
7
1
4
4
9
-2
5
12
15
16
12
11
7
1
4
1
-2
1
10
7
-3
2
-3
-4
0
1
4
1
8
10
13
16
7
13
9
6
5
-2
-2
-6
-3
-7
-7
-2
6
4
-1
10
5
11
17
14
17
16
21
18
15
13
13
19
17
18
6
11
10
5
9
1
-1
-2
-2
-4
-3
8
11
11
10
6
11
7
8
8
1
1
-8
-12
-12
-18
-11
-6
0
-1
-8
-6
-3
-1
2
10
10
7
13
18
15
14
10
5
-1
0
-1
-3
-1
2
3
-2
-3
-6
-3
-1
-5
-10
-6
4
2
-4
-5
-10
-18
-16
-22
-14
-21
-27
-22
-28
-21
-23
-22
-14
-17
-19
-17
-17
-21
-12
-8
-3
1
-1
2
5
-1
-5
-4
-9
-2
-3
-4
6
5
1
-6
-5
-1
-4
-7
-5
0
7
6
0
1
3
3
4
8
4
4
2
-4
-2
-3
-6
4
2
-4
-4
-8
0
-5
-3
-1
-1
10
11
16
16
15
13
3
8
-2
-1
8
3
9
1
-1
-1
-6
-10
-6
-3
-2
1
-3
5
3
2
-5
-7
-5
-5
0
-2
-9
-8
-4
-8
-5
-3
-3
-3
-3
-2
2
12
17
18
22
20
16
23
17
14
14
10
15
13
14
17
15
11
14
6
12
9
6
11
17
19
13
11
8
11
12
11
13
11
9
0
-7
-4
-3
-2
0
6
7
5
-1
-2
3
2
6
5
6
9
14
14
8
1
5
2
-3
-1
-2
-1
3
-4
-14
-18
-20
-19
-24
-20
-16
-14
-15
-17
-13
-19
-19
-16
-23
-24
-27
-23
-25
-29
-27
-23
-22
-21
-19
-21
-19
-20
-22
-20
-23
-20
-18
-15
-10
-3
1
5
7
7
5
5
2
10
1
-3
2
-3
-2
-2
1
-2
-5
0
-1
-3
-1
5
0
7
10
0
8
5
7
2
-3
3
8
9
7
9
4
2
-3
-1
-1
1
6
10
15
14
20
19
16
20
20
19
12
10
19
10
5
11
7
3
3
5
5
8
8
9
9
8
11
11
14
12
5
4
3
7
5
4
4
7
7
7
10
4
-1
-7
-8
-8
-7
-5
2
7
8
11
6
1
-3
5
-2
0
2
1
-5
-11
-10
-12
-16
-13
-13
-10
-2
-5
1
0
2
0
5
1
1
2
-1
4
0
7
9
9
16
12
14
5
-4
-2
1
4
5
13
18
22
19
17
10
12
6
3
3
-2
-3
-6
-9
-15
-14
-19
-18
-13
-18
-14
-15
-16
-15
-27
-26
-23
-23
-20
-26
-21
-19
-17
-17
-10
-11
-11
-11
-14
-7
-16
-19
-29
-20
-20
-15
-4
-2
8
6
9
3
4
2
3
1
2
1
-2
-4
-8
-8
-3
-3
1
3
-3
-2
-2
0
2
4
-3
3
7
2
8
4
1
7
10
10
10
11
11
13
11
3
-2
4
1
4
14
15
18
13
14
16
14
13
15
12
16
5
6
8
0
-2
1
1
0
0
1
5
7
5
-1
0
-1
0
1
5
5
3
1
-3
-2
4
7
5
9
9
10
9
3
-3
-6
-8
-2
-1
3
6
4
4
2
3
3
1
7
14
8
2
-5
-8
-4
-9
-2
4
3
8
7
9
9
9
4
3
6
6
6
9
7
3
7
9
4
11
17
16
21
10
5
-1
-5
-5
-8
-4
1
1
-1
0
4
1
0
-4
-3
-5
-10
-11
-16
-18
-23
-21
-30
-26
-22
-16
-16
-16
-17
-20
-18
-23
-22
-20
-17
-20
-23
-23
-24
-17
-15
-15
-14
-12
-6
-7
-16
-16
-23
-22
-16
-12
-2
1
3
2
2
3
6
5
5
11
5
-2
-4
-6
-13
-10
-6
-4
6
5
8
12
11
13
12
13
9
10
8
4
7
7
10
18
21
23
20
21
20
19
19
10
9
6
1
4
12
15
16
20
17
14
16
19
18
12
6
2
-2
-3
-4
-7
0
5
6
11
14
11
11
8
2
-1
3
5
2
2
0
-2
-2
-1
-2
4
2
1
4
3
2
-2
-11
-13
-8
-6
-4
3
6
1
3
5
4
3
3
5
0
-5
-8
-5
-13
-16
-10
-6
2
5
11
11
7
5
1
1
-3
-6
-1
-1
1
0
-3
-3
-5
-5
-2
-1
-1
-4
-6
-8
-4
-9
-12
-8
-11
-6
-5
-5
1
0
-1
-1
1
2
0
-5
-8
-16
-19
-15
-18
-15
-11
-11
-7
-2
-3
2
-1
-1
-8
-14
-14
-18
-17
-17
-14
-15
-9
-1
-7
-9
-10
-14
-12
-9
-11
-12
-14
-12
-8
1
3
8
7
7
6
2
1
0
7
5
7
5
-7
-7
-9
-6
-2
4
15
19
25
14
15
11
5
0
-5
2
3
4
7
5
2
2
7
14
14
16
11
12
11
10
7
1
6
10
11
11
11
12
17
16
13
11
6
7
7
7
6
5
6
5
8
6
11
12
14
21
15
15
15
14
11
4
1
-4
-7
-6
-5
-3
4
9
7
1
0
-3
-7
1
1
-3
-5
-3
-3
-6
-2
-5
-5
-11
-10
-9
-8
-5
-10
-12
-10
-12
-12
-11
-9
-7
-1
3
7
5
3
2
-2
-3
-5
-10
-9
-8
-4
-3
-5
0
7
5
2
1
-2
0
-4
-4
-4
-2
-7
0
5
6
4
-1
-5
-13
-7
-3
2
-1
-3
-5
-10
-13
-16
-15
-13
-17
-9
-8
-2
-1
-3
-1
-7
-9
-12
-20
-18
-17
-13
-12
-8
-8
-3
-6
-6
-3
-11
-11
-8
0
-7
-10
-7
-2
3
7
9
8
7
-1
3
-2
2
3
0
-1
-2
1
0
-1
1
4
-1
6
11
11
5
12
7
6
5
2
1
3
6
8
9
10
9
9
12
7
10
11
8
8
12
9
9
14
14
17
17
14
12
9
10
9
9
12
13
10
10
10
8
11
4
8
6
9
12
11
11
8
9
6
9
4
-1
-5
-5
-4
-5
-2
-6
-2
4
1
2
-2
-7
-4
-2
-1
-1
-2
2
-1
2
5
1
-5
-6
-7
-7
-7
-4
-3
-4
-7
-7
-4
-6
-9
-12
-10
-9
-6
-5
-6
-4
-5
-7
-8
-13
-19
-11
-12
-13
-13
-9
-10
-10
-6
-7
-5
-11
-8
-7
-5
0
-4
-9
-6
-3
-6
-4
-7
-5
-5
-5
-1
-1
1
-4
-4
-4
-8
-11
-12
-9
-8
-7
-4
-4
1
2
5
9
5
-1
-6
-3
-8
-6
-7
-3
-3
-3
-2
-1
-2
-9
-5
-8
-1
3
5
8
6
8
7
7
4
3
3
6
7
6
4
7
6
1
0
0
5
3
5
10
14
13
17
15
10
14
14
16
14
14
14
9
8
6
10
10
12
12
12
15
15
10
10
11
10
12
7
10
13
8
10
9
4
-3
2
-1
-2
2
1
-5
-6
-6
-7
-5
-9
-6
-8
0
-6
-6
-6
-5
1
-2
-6
-6
-1
-6
-9
-10
-9
-10
-4
1
-3
-1
-2
-7
-2
-1
1
-2
0
3
0
1
6
7
4
3
-4
-6
-6
-5
-5
-4
-5
-10
-6
-6
-7
-6
-6
-3
1
0
3
7
6
4
3
2
2
-2
-4
-5
-7
-11
-9
-3
-3
-2
-5
-6
-4
-4
1
1
-3
-1
-6
-4
-8
-10
-9
-14
-16
-14
-13
-9
-8
-7
-8
-6
-9
-13
-13
-17
-16
-16
-13
-10
-4
0
-3
1
5
5
4
1
1
-4
-1
-4
1
3
-2
4
6
7
10
8
10
8
5
9
7
7
8
8
12
7
1
1
3
9
7
7
6
8
6
4
6
7
10
9
3
3
5
13
14
10
16
14
15
8
7
9
5
7
7
7
7
1
7
11
7
8
8
9
8
10
7
2
5
8
1
3
-1
-3
-5
-3
-2
1
1
1
1
-1
-4
-6
-5
-2
-4
-5
1
1
1
1
1
-1
-4
-8
-8
-6
-8
-9
-7
-6
-2
-2
3
0
-3
-5
-6
-3
-5
-3
-1
3
3
3
4
-1
-3
-8
-5
-2
-6
-5
-4
-5
-1
-7
-9
-14
-14
-8
-12
-12
-10
-6
-5
-2
-2
1
2
-1
-7
-8
-9
-12
-9
-10
-8
-6
-5
-2
4
1
-1
-1
-3
-5
0
0
2
1
3
0
-6
-3
-6
-8
-1
-2
-4
1
-3
-3
-6
-9
-9
-9
-7
-9
-6
-4
-7
-4
-2
-5
-5
-4
-2
-4
-6
0
-1
-1
0
4
4
4
5
1
9
6
9
11
11
15
13
16
18
18
13
8
12
10
13
17
17
20
19
22
20
18
16
14
9
7
8
7
11
8
8
12
8
4
5
-5
-3
-4
-2
-2
-1
-2
-1
-3
-6
-5
-9
-10
-7
-5
-2
1
-2
-2
0
-2
-4
-2
-1
-3
-3
0
-4
-2
-5
-4
-3
-5
-10
-9
-6
-10
-5
-3
-1
0
1
5
4
4
-1
-2
-4
-9
-7
-6
-7
-5
-3
2
-1
2
-2
-2
3
2
7
4
3
11
8
4
5
0
2
-1
-3
0
1
6
4
4
1
-3
-5
-8
-14
-14
-8
-8
-5
1
1
-2
-5
-6
-5
-6
-11
-11
-10
-8
-6
-2
-3
-1
-2
-1
-4
-7
-7
-8
-8
-6
-1
0
4
7
6
1
-3
-6
-7
-7
-1
-3
-2
-6
-4
-3
-3
-4
-13
-9
-9
-3
-6
-8
-6
-4
-5
-4
-1
-1
-8
-13
-12
-15
-8
0
3
2
2
5
0
4
3
8
6
7
9
