0
-2
0
0
3
-1
3
5
1
1
5
0
-8
-8
-5
-3
-4
1
4
7
13
11
14
11
7
10
9
5
6
6
5
6
4
1
-3
-5
-6
-5
-2
-2
3
4
5
11
8
9
7
12
12
16
10
8
12
11
17
11
13
13
14
14
16
17
17
17
15
16
13
10
7
4
2
-3
-7
-5
-10
-8
-4
-6
-8
-11
-6
-6
-5
0
8
11
12
13
14
15
9
6
6
2
3
2
6
4
0
-1
2
0
1
4
5
7
11
13
12
11
9
9
7
5
1
-4
-10
-15
-14
-15
-17
-19
-13
-9
-9
-7
-3
-1
2
3
6
5
4
2
6
4
-2
-3
-10
-13
-17
-22
-22
-20
-24
-18
-21
-22
-13
-10
-7
-5
0
4
5
2
-1
-5
-10
-9
-11
-13
-13
-17
-22
-22
-26
-22
-22
-22
-14
-9
-4
-3
-5
3
5
4
4
3
4
2
2
0
-5
-10
-17
-17
-19
-20
-17
-16
-13
-10
-6
0
5
9
9
12
14
19
20
21
14
8
10
7
5
1
0
0
-1
-3
-2
-4
-2
0
2
10
12
13
15
17
17
19
19
18
16
15
13
10
7
8
6
6
6
9
11
14
17
18
16
16
13
13
16
14
14
12
11
12
9
10
7
5
4
1
-3
2
3
5
10
10
12
10
11
12
12
11
12
12
10
7
8
3
4
3
1
0
-3
-2
-4
-6
-7
-5
-1
-5
-2
-5
-7
-6
-10
-13
-11
-11
-16
-20
-19
-18
-21
-17
-14
-14
-13
-18
-16
-17
-12
-8
-8
-8
-8
-3
-5
-5
-7
-9
-12
-14
-13
-15
-16
-13
-12
-12
-14
-11
-15
-11
-11
-9
-5
-11
-8
-8
-6
-7
-8
-7
-5
-5
-1
-1
-3
-4
-3
-5
-5
-4
-1
3
-2
2
-1
2
2
3
5
6
5
4
5
6
6
1
-1
-3
0
1
-2
0
1
5
8
6
4
7
10
12
11
8
6
6
1
-4
-6
-9
-9
-8
-8
-5
-4
-1
0
2
8
7
13
16
14
17
17
15
14
10
12
13
12
15
16
14
13
15
18
20
20
18
16
18
16
17
18
13
10
10
3
0
2
-2
-1
0
-2
-2
2
4
5
2
1
3
2
4
5
10
8
7
8
0
-2
-1
-3
-1
-3
-4
-3
-1
-2
0
0
0
0
-1
1
0
-3
-6
-9
-12
-11
-12
-10
-10
-11
-10
-7
-9
-5
-4
-3
-5
-4
1
-1
0
-2
-3
-6
-8
-8
-11
-10
-11
-15
-14
-16
-16
-16
-12
-14
-12
-8
-7
-5
-7
-8
-10
-9
-13
-14
-11
-11
-11
-12
-10
-11
-13
-16
-14
-12
-10
-10
-11
-8
-10
-3
-4
-2
-7
-9
-7
-8
-8
-9
-6
-4
-4
-3
-5
-2
1
0
5
9
8
8
7
8
10
10
13
10
9
11
9
11
11
10
10
9
8
8
7
6
4
5
6
8
4
4
8
5
2
-1
-3
-3
1
3
1
2
5
8
12
16
13
11
16
18
20
19
19
17
15
17
17
19
20
20
22
19
15
15
11
8
8
5
7
6
8
7
5
7
8
11
4
4
6
6
6
2
2
1
1
0
2
1
-2
-3
-7
-6
-8
-8
-8
-7
-5
-7
-4
-4
-7
-7
-8
-9
-7
-8
-9
-7
-9
-10
-12
-11
-7
-9
-4
-1
-6
-6
-7
-8
-8
-10
-11
-11
-15
-14
-15
-15
-13
-12
-11
-15
-15
-12
-13
-11
-12
-13
-13
-9
-10
-8
-11
-14
-11
-10
-11
-13
-10
-11
-6
-3
-1
-1
3
7
6
10
11
7
3
1
-1
-2
-3
-1
-4
-10
-8
-5
-7
-11
-7
-3
2
-3
3
5
4
6
5
8
8
6
8
9
5
4
4
-1
-8
-9
-7
-5
-4
-2
1
7
8
9
12
10
7
9
9
6
5
1
-1
-4
-3
-2
-3
-5
-7
-2
5
9
12
11
10
10
14
14
15
12
8
10
13
15
14
15
15
15
11
12
15
17
26
29
28
24
24
23
20
17
14
7
0
-3
-1
-5
-7
-6
-13
-10
-10
-10
-10
-10
-7
-3
3
7
8
7
7
3
-1
-1
-3
-3
-5
0
1
-1
-1
-3
-4
1
0
4
6
5
9
8
8
8
5
7
5
-3
-5
-6
-11
-16
-18
-22
-17
-20
-24
-22
-20
-15
-11
-14
-14
-14
-13
-9
-10
-6
-12
-14
-15
-17
-17
-17
-20
-20
-20
-18
-15
-19
-22
-20
-20
-14
-11
-7
-2
-3
4
5
1
1
0
0
-1
-2
1
-2
-4
-4
-5
-5
-2
-7
-5
1
-5
0
5
7
13
12
15
17
14
13
10
5
2
-1
-5
-10
-14
-9
-8
-8
-6
-4
-1
2
13
15
12
16
19
19
24
24
20
21
18
14
15
12
10
5
6
0
4
6
2
2
5
8
9
11
11
8
7
11
5
4
4
2
5
0
-2
1
-4
-3
-2
-2
1
7
10
11
10
9
10
7
6
7
7
9
6
4
8
6
7
6
5
6
5
6
6
5
7
7
3
6
8
7
2
0
2
1
1
-1
-4
-3
-5
-8
-8
-8
-6
-3
-4
-5
-5
-4
-6
-5
-8
-9
-11
-9
-10
-14
-16
-17
-17
-18
-21
-21
-19
-17
-19
-17
-15
-13
-7
-6
-3
-4
-4
-7
-7
-5
-10
-8
-11
-13
-14
-15
-16
-18
-17
-17
-15
-18
-11
-8
-10
-2
-1
-3
1
4
4
2
-4
-1
-2
-3
-2
-2
-5
-3
-6
-8
-9
-10
-4
-5
0
3
7
12
16
17
15
14
12
15
17
15
13
11
13
15
11
11
8
4
6
5
7
7
9
12
14
15
14
15
14
14
13
13
8
3
3
5
3
0
-3
-3
0
-3
-3
3
7
11
11
8
8
5
5
5
9
3
-2
-1
0
0
1
5
3
11
10
9
9
12
16
19
19
19
15
11
12
8
3
-6
-14
-9
-10
-9
-6
-13
-15
-14
-9
-7
-4
0
8
5
3
6
5
3
-2
-7
-6
-5
-10
-4
-9
-8
-10
-8
-10
-10
-7
-8
-3
1
4
5
10
6
5
3
1
-3
-4
-12
-15
-18
-21
-23
-26
-22
-23
-16
-15
-16
-13
-7
-3
-4
-4
-5
-5
-3
-4
-1
-3
-6
-10
-12
-12
-18
-18
-19
-20
-18
-20
-19
-12
-12
-7
0
5
8
10
11
11
8
3
4
7
4
2
3
1
-1
-2
-1
-3
0
6
7
9
13
12
14
15
17
13
15
13
12
12
9
6
2
3
-4
-4
-6
-4
-2
-6
-4
1
4
11
14
18
21
16
19
17
16
11
5
8
7
4
7
5
2
-1
-1
1
0
3
6
8
9
10
11
9
10
12
8
7
6
6
7
2
-3
-3
-4
-3
-2
-2
1
5
8
9
10
10
11
8
8
5
4
3
1
-3
0
-8
-9
-8
-7
-8
-8
-7
-6
-4
-1
1
-2
-2
3
2
0
-3
1
0
-5
-3
-7
-5
-10
-7
-7
-15
-10
-9
-5
-5
-4
-1
-1
1
-2
-4
-3
-9
-9
-9
-7
-3
-3
-6
-6
-4
-7
-6
-10
-13
-11
-12
-9
-8
-6
-4
-2
0
-5
-4
-1
-1
-4
-6
-11
-12
-12
-12
-10
-11
-10
-10
-8
-8
-11
-11
-6
-9
-11
-7
-12
-14
-13
-12
-11
-11
-9
-9
-10
-8
-7
-4
0
1
-1
3
2
-1
2
2
7
7
6
7
4
6
2
3
5
5
9
12
12
11
16
16
16
18
19
20
21
24
22
21
18
19
17
13
13
9
9
5
7
7
8
14
12
14
17
16
18
16
15
16
11
10
10
4
3
2
0
1
3
6
5
2
3
3
4
0
2
0
1
2
5
4
-1
-1
-4
-3
-3
-1
-2
-2
-7
-7
-10
-10
-5
-1
0
1
5
3
-1
-4
-6
-6
-7
-4
-1
-1
2
0
3
0
-2
1
-2
-3
-4
-4
-5
-9
-10
-15
-16
-14
-13
-8
-7
-5
-4
-7
-8
-9
-10
-11
-10
-12
-10
-5
-7
-4
-4
-6
-9
-7
-7
-9
-7
-10
-11
-11
-12
-8
-7
-5
-2
-3
-4
-4
-4
-5
-2
-3
-2
-3
1
-2
-1
1
3
1
-3
-2
-2
0
-2
-2
-2
-4
-4
-4
-3
-2
0
-2
-3
-2
0
-1
-4
-2
-8
-10
-11
-14
-18
-17
-12
-9
-10
-5
4
6
7
11
13
18
16
21
18
15
16
17
17
13
8
8
8
5
5
7
5
6
4
5
8
8
13
16
17
17
19
16
14
12
12
9
5
5
4
1
1
2
-4
-4
-4
-4
-2
0
3
8
6
8
8
7
6
6
8
4
7
4
6
3
0
-3
-4
-1
2
0
0
2
1
0
5
8
6
11
11
11
14
12
12
8
1
0
-4
-5
-5
-3
-4
-10
-7
-10
-8
-9
-8
-10
-9
-8
-12
-8
-10
-9
-11
-17
-13
-16
-18
-16
-18
-21
-21
-18
-12
-13
-9
-2
-3
-3
-4
0
2
1
0
-1
-2
-4
-7
-9
-6
-7
-7
-5
-8
-5
-4
-5
-5
-3
-5
-5
0
0
3
0
-1
-3
-5
-5
-4
-8
-10
-11
-8
-3
-5
-3
1
-1
-1
3
5
8
7
4
3
1
0
2
5
1
-4
-3
-5
-3
-3
-1
-1
-2
-2
4
7
12
10
11
13
8
11
19
20
20
19
17
11
9
9
4
1
1
3
4
6
5
7
12
17
18
18
18
18
20
20
19
18
11
5
5
0
3
-2
-1
-3
-6
-1
-4
-5
-7
1
8
8
10
15
13
11
12
8
4
0
-1
1
0
-3
-2
-1
0
6
7
7
7
-1
1
1
-5
-11
-18
-15
-15
-20
-18
-22
-23
-21
-23
-21
-18
-18
-14
-12
-10
-8
-4
-6
-8
0
4
0
-2
-8
-12
-14
-13
-11
-11
-6
0
5
6
8
11
10
12
6
8
10
10
2
-3
-7
-13
-16
-19
-19
-22
-20
-17
-12
-13
-12
-12
-7
-3
1
6
10
12
13
12
9
1
-7
-9
-7
-9
-9
-8
-12
-13
-12
-10
-4
-2
7
14
11
12
10
6
4
4
10
8
5
7
1
-4
-8
-12
-15
-17
-16
-18
-16
-11
-10
-6
-1
1
5
7
12
12
12
10
7
8
2
-1
-4
-4
-2
-4
-6
-5
-4
-2
0
7
15
17
24
33
32
34
34
28
26
23
21
17
15
16
13
7
3
5
3
6
7
10
11
12
13
17
19
16
17
15
14
15
11
6
1
-4
-5
-7
-4
-8
-7
-2
-1
0
-2
0
-4
-2
-2
-1
-1
1
-1
-3
0
-3
0
2
0
-2
-8
-5
-7
-11
-12
-15
-19
-15
-12
-9
-6
-8
-10
-9
-14
-13
-15
-13
-12
-8
-6
-11
-8
-8
-6
-8
-6
-3
-5
-7
-4
-7
-6
-7
-5
-4
-4
-4
-7
-9
-14
-15
-17
-13
-15
-14
-15
-17
-12
-14
-10
-11
-12
-9
-7
-4
1
1
2
6
2
3
5
5
5
4
1
0
-1
-2
-3
-7
-6
-5
-4
-5
-6
-2
-3
-3
-5
-3
-3
2
0
4
5
2
4
1
6
4
5
6
3
8
6
6
5
-2
-1
4
5
2
4
8
6
4
0
1
0
4
12
14
14
20
23
26
26
26
26
21
15
13
10
6
3
-3
-6
-6
-7
-7
-5
3
6
8
15
20
19
23
22
20
16
13
8
4
0
-3
-3
-9
-5
-8
-4
-2
3
6
8
12
13
14
15
16
16
14
9
4
1
-4
-6
-12
-15
-14
-14
-14
-8
-11
-6
-6
-10
-10
-10
-4
-3
0
6
3
0
-3
-4
-4
-7
-10
-10
-8
-8
-4
-7
-4
-7
-12
-9
-7
-6
-4
-2
-2
-3
-4
-2
-1
-2
-5
-8
-11
-14
-17
-14
-14
-19
-16
-19
-19
-14
-9
-9
-7
-3
-8
-7
-6
-7
-4
-7
-7
-8
-7
-7
-6
-5
-2
-1
-2
-1
-3
2
1
2
7
6
7
4
6
2
0
-4
-4
-6
-6
-4
-8
-6
-7
-3
-3
-4
-4
-3
1
1
1
8
4
2
1
4
1
1
3
2
3
7
12
7
5
4
2
2
2
3
7
8
7
8
12
14
20
20
20
16
21
18
17
17
16
16
6
6
9
12
10
9
10
8
8
10
9
12
11
9
12
11
9
7
7
8
5
8
9
9
9
4
8
6
6
6
8
10
7
9
9
6
3
-1
-4
-5
-11
-7
-9
-10
-6
-9
-6
-1
-2
-4
-6
-6
-6
-5
-6
-8
-7
-10
-9
-11
-12
-10
-13
-12
-16
-16
-19
-20
-21
-21
-21
-20
-21
-19
-19
-16
-17
-18
-17
-16
-12
-10
-8
-10
-10
-12
-10
-9
-10
-8
-8
-9
-7
-11
-10
-9
-12
-12
-7
-3
2
3
0
2
0
-1
0
1
3
5
7
8
10
9
8
8
7
12
9
10
9
6
7
8
7
6
5
4
4
6
9
5
2
6
7
9
9
9
6
3
2
2
4
2
2
0
1
-2
0
-1
-6
-5
-5
0
1
7
10
11
10
8
8
4
5
4
7
10
11
13
15
10
10
14
9
6
4
2
4
2
2
1
-3
-1
0
0
5
6
6
11
13
13
10
9
10
6
4
3
0
1
-2
2
1
8
8
6
5
8
6
9
11
10
12
14
13
14
13
10
7
3
0
-6
-10
-13
-13
-14
-12
-14
-15
-8
-6
-8
-10
-11
-12
-14
-11
-9
-9
-7
-10
-13
-14
-11
-11
-8
-13
-13
-14
-11
-8
-7
-5
-12
-10
-9
-7
-2
-1
-1
-3
-12
-11
-12
-15
-16
-14
-10
-12
-13
-6
-4
-5
-9
-10
-11
-11
-7
-6
-3
-2
2
5
7
7
3
-2
-7
-7
-6
-6
-2
-1
1
3
4
5
3
3
8
7
8
8
5
3
2
4
-1
0
-4
-4
-3
-3
-2
-1
-4
-4
-2
-4
-2
0
-2
-2
-4
-4
-1
-3
-4
-1
-1
2
4
3
3
2
3
6
10
11
10
10
10
11
14
12
11
9
10
12
12
17
19
18
19
20
17
19
20
19
22
19
18
17
15
14
11
7
5
1
4
7
4
7
8
5
4
6
5
10
8
7
6
5
2
-1
-2
-4
-3
-9
-7
-7
-6
-6
-2
-5
-7
1
-3
-2
0
3
1
-2
-6
-10
-5
-5
-5
-6
-7
-7
-10
-8
-12
-9
-8
-10
-9
-8
-6
-8
-10
-8
-5
-6
-3
-4
-5
-4
-4
-4
-7
-7
-7
-6
-7
-8
-11
-8
-10
-13
-14
-16
-13
-13
-14
-12
-11
-12
-11
-9
-10
-7
-3
-6
-4
-5
-6
-5
-6
-3
-3
-1
-4
-2
-6
-3
-5
-10
-7
-9
-7
-7
-4
-3
3
0
1
0
1
1
0
4
1
3
4
4
0
1
1
1
3
4
1
5
2
1
-2
-8
-3
-3
-2
2
3
7
10
9
10
9
8
9
11
15
16
14
15
14
15
16
17
11
8
5
5
10
12
15
13
16
17
17
16
15
18
14
13
9
9
8
8
8
0
-7
-9
-5
-2
-2
3
8
9
11
13
12
13
16
13
14
11
10
4
6
1
1
-1
-2
7
8
11
11
8
4
7
4
7
2
2
3
-2
-3
-7
-10
-13
-18
-21
-22
-23
-23
-22
-23
-22
-18
-17
-13
-9
-10
-9
-8
-11
-14
-17
-17
-18
-20
-17
-14
-13
-13
-12
-9
-10
-9
-7
-9
-7
-2
1
3
5
1
-1
-2
-6
-5
-14
-19
-22
-26
-27
-26
-23
-18
-13
-9
-3
0
4
6
0
-2
-5
-7
-4
-4
3
1
-2
-2
-1
-3
-4
-8
-6
-3
-1
6
6
9
13
22
23
22
27
28
24
18
16
13
4
4
5
5
8
5
7
9
5
5
4
6
8
9
12
11
12
12
14
12
10
9
6
1
0
-3
-6
-10
-11
-9
-11
-11
-6
-1
4
5
8
10
12
19
20
25
24
21
22
16
12
13
9
8
6
-2
-1
-1
-2
-2
-1
-3
-4
-2
2
5
9
10
13
10
10
11
10
4
-1
0
-4
-6
-7
-8
-8
-8
-8
-2
2
6
6
9
11
8
5
7
2
-4
0
-1
-7
-4
-4
-11
-11
-17
-14
-12
-13
-12
-9
-7
-5
-6
-4
-5
-6
-6
-5
-5
-5
-9
-18
-14
-15
-18
-16
-15
-16
-18
-15
-13
-10
-9
-11
-11
-10
-12
-10
-13
-11
-12
-11
-11
-12
-8
-12
-10
-14
-12
-10
-15
-11
-12
-13
-10
-9
-7
-3
0
2
3
-2
-3
-1
-3
-7
-7
-3
-3
-3
1
1
1
2
4
3
4
7
5
9
7
9
7
7
7
9
10
8
5
5
8
3
7
6
5
5
7
11
12
16
21
22
21
24
23
19
17
17
15
13
13
13
14
9
11
8
8
8
8
7
8
8
15
19
17
22
20
19
19
13
11
11
6
4
-2
-3
-3
-2
-7
-7
-6
0
3
2
9
12
13
12
7
6
7
7
7
10
4
-4
-5
-8
-2
-3
-4
-3
2
1
5
7
8
5
5
2
-1
-1
-5
-10
-15
-21
-24
-25
-28
-26
-26
-28
-25
-24
-25
-23
-18
-16
-17
-15
-11
-7
-7
-8
-7
-12
-16
-18
-14
-13
-15
-12
-10
-8
-14
-16
-15
-12
-15
-16
-11
-7
-3
-3
-1
2
5
5
3
-4
-5
-6
-10
-13
-14
-15
-11
-6
-3
-1
2
2
8
10
10
9
8
8
10
11
7
7
3
2
2
6
5
-1
0
-7
-5
-1
-2
2
7
10
9
14
16
16
12
9
5
2
-2
-3
-3
1
-1
0
3
4
8
12
14
18
18
17
18
13
11
13
18
17
13
13
10
5
3
0
-5
-5
-7
-9
-7
-2
3
5
11
12
11
17
18
17
21
21
19
16
11
8
11
7
-1
1
-3
-9
-3
-9
-10
-6
-7
-7
-3
4
4
4
7
7
4
7
4
1
2
-1
1
-4
-3
-6
-3
-4
-6
0
0
-1
1
1
5
8
3
4
3
0
-2
-3
-3
-2
-7
-7
-10
-10
-9
-11
-13
-14
-13
-11
-9
-10
-9
-8
-6
-9
-9
-8
-8
-8
-10
-12
-15
-9
-9
-11
-10
-13
-16
-20
-17
-15
-12
-11
-13
-6
-5
-2
3
2
-5
-4
-5
-4
2
2
-1
-4
0
-6
-9
-1
1
-2
-8
0
0
0
8
2
1
-2
-9
3
4
-2
-5
-10
-9
-8
-5
-1
-10
-7
-2
-8
-1
0
-6
-5
3
5
1
8
4
-1
4
8
2
0
9
2
7
17
14
5
9
8
1
10
10
8
9
16
12
7
19
13
14
16
16
16
21
23
13
14
15
6
8
11
10
13
21
18
11
24
22
13
19
15
-3
6
15
1
-5
-4
-4
-11
-4
3
-5
-1
1
1
5
9
11
9
6
28
38
22
5
-17
-20
-9
1
7
-5
-12
-14
-17
3
10
10
-1
-15
-23
-11
-5
-4
-11
-24
-27
-24
-25
-39
-33
-24
-39
-39
-20
-27
-38
-15
4
-6
-2
12
-23
-29
3
-1
3
24
12
-5
5
13
-3
11
29
14
6
25
15
2
16
15
10
2
-10
-13
-2
-13
-25
-6
-5
-26
-25
-23
-36
-24
-3
-12
-18
-2
-12
-26
-10
-8
-28
-24
-10
-30
-37
-28
-38
-40
-23
-10
-16
-23
-23
-26
-13
1
2
0
7
14
17
12
17
23
10
5
0
-1
-9
1
10
7
11
12
8
14
36
38
33
43
45
40
53
65
74
67
56
56
51
56
58
49
46
51
48
46
46
37
40
58
67
72
56
36
29
20
24
23
14
-8
-19
-24
-28
-33
-29
-44
-50
-53
-55
-57
-59
-59
-67
-51
-48
-48
-49
-44
-37
-36
-24
-40
-64
-68
-63
-52
-41
-37
-41
-48
-43
-40
-40
-36
-37
-38
-25
-15
-25
-27
-13
-13
-17
-1
9
6
8
15
11
19
35
41
50
66
68
68
87
110
108
112
127
121
126
147
137
107
122
138
127
138
129
78
64
72
72
93
101
45
-5
-3
23
40
42
-30
-131
-148
-126
-108
-86
-112
-203
-255
-245
-226
-233
-220
-247
-299
-293
-273
-294
-311
-310
-321
-292
-245
-234
-239
-224
-211
-181
-140
-114
-110
-116
-95
-51
3
49
61
51
63
91
132
180
178
176
204
232
246
252
253
235
260
337
389
383
340
276
240
317
408
447
432
356
283
307
412
479
435
316
216
212
298
359
350
229
94
71
114
136
123
42
-70
-131
-109
-95
-165
-244
-322
-382
-322
-299
-400
-516
-582
-613
-602
-548
-609
-740
-764
-725
-716
-669
-629
-667
-685
-599
-519
-470
-418
-417
-413
-315
-195
-126
-72
-51
-27
53
174
262
279
278
316
406
498
535
543
520
557
667
743
776
751
784
825
831
867
871
834
833
805
781
793
745
736
766
797
789
771
730
648
547
509
434
316
237
114
37
-40
-163
-300
-391
-451
-587
-646
-717
-911
-1071
-1145
-1237
-1377
-1485
-1510
-1446
-1349
-1328
-1392
-1539
-1705
-1696
-1549
-1371
-1297
-1341
-1391
-1309
-1092
-871
-616
-459
-486
-433
-236
-115
-85
34
102
82
152
268
285
358
576
693
762
880
854
797
929
1088
1075
1166
1263
1182
1200
1400
1487
1516
1639
1684
1621
1593
1634
1618
1583
1539
1469
1533
1703
1776
1794
1814
1725
1647
1587
1372
1244
1086
882
708
523
222
-44
-137
-236
-467
-680
-914
-1323
-1669
-1850
-2055
-2288
-2553
-2829
-3033
-3050
-2722
-2594
-2707
-2913
-3231
-3273
-3004
-2756
-2672
-2653
-2664
-2671
-2547
-2108
-1723
-1519
-1189
-970
-820
-445
-161
-73
-19
67
250
639
968
1069
1134
1495
1743
1870
2104
2054
1836
1937
2305
2379
2456
2608
2447
2545
3054
3245
3105
2949
2817
2872
3246
3488
3342
2953
2701
2507
2709
3430
3750
3508
2878
1932
1342
1671
2062
1916
1544
778
-136
-430
-159
-217
-554
-824
-1569
-2294
-2366
-2597
-3315
-3660
-3885
-4628
-4884
-4861
-5372
-5584
-5001
-4428
-4763
-5217
-5518
-6113
-5783
-4588
-3947
-3857
-3853
-4103
-4169
-3275
-2262
-1828
-1421
-1134
-1264
-1095
-479
-442
-431
114
604
950
1531
1661
1532
1994
2678
3106
3316
3295
2943
2827
3329
3846
3911
4003
3850
3683
3821
4111
4326
4143
3958
4046
4037
4124
4086
3634
3629
4374
5200
5361
4673
3463
2519
2513
3118
3511
3272
2144
726
-63
-52
214
169
-215
-1112
-2030
-2251
-2390
-2925
-3438
-4076
-4649
-4658
-4699
-5171
-5697
-5910
-5261
-4475
-4174
-4934
-6512
-7088
-6248
-5042
-3785
-3157
-3884
-4870
-4854
-3792
-2245
-1161
-864
-1224
-1669
-1341
-624
-50
355
437
423
908
1523
1741
1799
2181
2791
3366
3793
3544
2871
2621
3117
3880
4502
4673
4057
3451
3475
3875
4655
4982
4533
4226
4345
4152
4014
4154
4575
5520
6130
5597
4211
3052
2622
2782
3641
4292
3464
1753
278
-349
-55
678
774
-175
-1526
-2450
-2724
-2931
-3162
-3690
-4619
-5036
-5040
-5355
-5857
-5825
-5895
-6257
-5960
-5777
-6528
-7090
-6742
-6182
-5655
-4807
-4383
-5044
-5364
-4774
-3866
-2718
-1939
-1847
-1955
-1953
-1841
-1386
-782
-237
22
368
777
849
1054
1341
1957
2913
3223
3074
3008
2687
2453
3395
4484
4505
4461
4401
3911
3980
4719
5077
4918
4930
4898
4523
4643
4862
5280
6426
6971
5959
4742
4146
3959
4259
4995
5108
4043
2747
1537
951
1241
1262
731
258
-741
-1773
-2042
-2353
-3095
-3834
-4444
-4909
-5216
-5462
-6103
-6306
-5785
-5720
-5613
-5707
-6860
-7604
-6850
-6003
-5622
-4986
-4957
-5712
-5824
-5009
-4228
-3323
-2502
-2630
-2719
-2282
-2308
-2207
-1103
-334
-380
-130
146
-104
439
1719
2300
2945
3432
2834
2319
2723
3078
3522
4597
4965
4445
4388
4645
4371
4774
5700
5851
5714
5694
5221
4785
5100
6180
7313
7575
6397
4758
3934
4053
4570
5466
5705
4263
2376
1140
885
1445
1801
1380
279
-1048
-1751
-2161
-2386
-2730
-3655
-4427
-4820
-5338
-5983
-6340
-6225
-6071
-5737
-5690
-6776
-8239
-8404
-7350
-6291
-5677
-5396
-6045
-6808
-6657
-5711
-4293
-3411
-3198
-3500
-3743
-3422
-2924
-2402
-1603
-950
-830
-607
-336
-15
374
1227
2575
3101
3028
2902
2416
2337
3259
4597
4836
4653
4591
4299
4260
5016
5832
5885
5739
5604
5278
5219
5541
6322
7435
7782
6941
5650
4851
4574
4831
5727
6116
5192
3746
2118
1512
1927
2231
2140
1498
-8
-1346
-1592
-1700
-2162
-2663
-3397
-4285
-4882
-5153
-5741
-6188
-6231
-5825
-5127
-5405
-7009
-8372
-8251
-7421
-6373
-4903
-4851
-6445
-7275
-6944
-5557
-3711
-2852
-3041
-3678
-4264
-3818
-2698
-1804
-1314
-1245
-1102
-981
-604
210
244
914
2405
2709
2857
3003
2078
1818
3559
5060
5129
5273
4951
3888
3954
5487
6332
6032
5964
5791
5264
5506
7007
7872
7415
6729
6013
5546
5597
5503
5605
5834
5534
4703
3636
3139
2766
1953
1738
1691
789
-263
-1050
-1724
-2445
-3176
-3466
-3927
-4771
-5360
-5690
-5528
-5334
-5469
-5945
-6925
-7905
-7906
-6893
-6571
-6760
-6413
-6395
-6690
-6627
-5977
-5145
-4805
-4753
-4560
-4365
-4247
-3861
-3442
-2899
-2292
-2127
-1740
-1117
-830
-574
280
927
1045
1253
1570
1611
1664
2405
3187
3528
3828
3992
4051
4247
4514
5100
5654
5248
4941
5504
5847
6226
7475
7766
6801
6137
5885
5828
6148
6497
6163
5527
5117
4240
3442
3741
3578
2548
2103
1932
991
190
-202
-1135
-1946
-2267
-2880
-3585
-3850
-4574
-5307
-5106
-4711
-4651
-5170
-6259
-7694
-7913
-6960
-6479
-5997
-5616
-6279
-6845
-6784
-6037
-4806
-4066
-3964
-4339
-4489
-4387
-4213
-3527
-2625
-2461
-2607
-2117
-1720
-1279
-565
193
989
1494
1454
1416
1596
1861
2492
3349
4030
4166
3910
4084
4100
4197
5125
5805
5566
5326
5724
6464
7199
7501
7073
5976
5527
6113
6509
6811
6909
5894
4646
4300
4431
4490
4177
3422
2218
979
971
1011
279
-462
-1550
-2798
-3183
-3152
-3534
-4136
-4474
-4558
-5003
-4882
-4905
-6221
-6982
-6574
-6406
-6380
-6081
-6529
-7201
-6789
-5852
-5420
-4917
-4575
-5322
-5417
-4308
-3865
-3840
-3347
-3384
-3673
-2834
-2154
-2225
-1652
-768
-540
131
946
623
160
561
1443
2166
3218
3356
2554
2867
3720
4269
4789
4877
4436
4067
4417
5635
6883
7488
6889
5543
4906
5352
6122
6769
6668
5943
5187
4447
3973
4269
4177
3388
2954
2716
1621
770
457
-294
-732
-708
-1611
-3005
-3454
-3919
-4452
-3803
-3071
-3578
-4379
-4964
-6126
-6805
-5895
-5065
-5172
-5058
-5258
-6319
-6550
-5499
-4465
-3652
-3051
-3425
-4389
-4530
-4070
-3454
-2451
-1836
-2367
-2974
-2872
-2296
-1299
-254
563
691
148
-168
93
482
1234
2156
2667
2276
2095
2674
3037
3492
4247
4540
4404
4375
4686
5333
6396
6943
6285
5578
5267
5241
5956
6646
6496
5882
4830
3876
3711
3964
3896
3252
2702
1793
1003
700
77
-762
-1019
-1335
-2406
-3082
-3419
-4054
-4492
-4170
-3972
-4216
-4238
-4847
-5785
-5877
-5421
-5108
-4647
-4594
-4947
-5307
-5377
-4760
-3800
-2987
-2964
-3379
-3619
-3839
-3480
-2458
-1919
-1972
-2111
-2678
-2843
-1824
-657
-15
271
468
-218
-750
-172
271
623
1727
2383
1796
1535
2182
2602
3125
4182
4313
3587
3554
4462
5314
6480
6659
5264
4303
4660
5199
5792
6310
5889
4628
3895
3665
3616
3840
3373
2446
2063
1526
613
36
-995
-1912
-1809
-1865
-2356
-3107
-4051
-5022
-4963
-3981
-3756
-3791
-4221
-5477
-6150
-5271
-4193
-4001
-3872
-3990
-4825
-4825
-3941
-3145
-2331
-1859
-2280
-2743
-3067
-3155
-2664
-1923
-1489
-1760
-2059
-2008
-1990
-1365
-140
512
693
639
57
-357
-212
370
1347
2162
2109
1514
1121
1436
2572
3672
4303
4450
3959
3846
4935
6354
6801
6011
4956
4430
4678
5723
6315
5701
4937
4172
3456
3591
3898
2953
1695
1146
896
781
747
-267
-2053
-2761
-2375
-2362
-2451
-2841
-4364
-5588
-4987
-4208
-3965
-3724
-4085
-5035
-5720
-5285
-4744
-4291
-3410
-3198
-3522
-3423
-3283
-2987
-2099
-1214
-975
-1230
-1582
-1988
-2015
-1189
-531
-897
-1269
-1731
-1974
-1324
-482
-11
194
102
-36
-172
-201
-61
752
2102
2546
2292
1962
1721
1812
2619
3603
4061
4630
5264
5917
6135
5407
4447
4139
4544
5417
6123
5785
4778
3609
3033
3608
4301
3889
2633
1186
101
-519
-333
-287
-1518
-2866
-3827
-4388
-4398
-4351
-4554
-5095
-5418
-5150
-4480
-4305
-4726
-5570
-6131
-5607
-4957
-4258
-3391
-3469
-3868
-3755
-2722
-1693
-1116
-908
-1197
-1505
-1482
-1216
-788
-533
-806
-997
-685
-612
-459
-174
294
517
732
1171
728
88
-5
396
1298
2231
2552
1933
1535
1852
2458
3327
3952
4050
4212
5283
6556
6443
5447
4671
4343
4609
5963
6661
6013
4785
3689
3162
3567
4238
3794
2289
1152
342
-469
-568
-836
-2032
-3256
-3940
-4494
-4813
-4908
-5167
-5706
-5746
-5596
-5775
-5803
-5133
-4987
-5368
-5394
-5607
-5378
-4379
-3786
-3188
-2585
-2266
-1890
-1428
-521
-228
-437
-145
-358
-306
508
419
-311
-317
-89
253
843
1259
1016
501
792
881
864
1108
878
573
1253
2179
2196
2083
2307
2294
2485
3191
4349
5398
6385
6570
5650
4643
4134
4419
5225
6198
6521
5722
4392
3375
3178
3914
4102
3067
1710
451
-757
-1158
-1611
-2372
-3183
-4247
-5091
-5531
-5910
-6161
-6297
-6327
-6458
-6665
-6515
-6400
-6039
-5533
-5537
-5902
-5927
-5482
-4631
-3619
-2941
-2493
-2151
-1655
-1201
-459
264
415
505
466
593
937
788
467
574
866
949
1083
1426
1396
935
958
1190
931
1018
1340
1443
1395
1896
1963
1769
2270
2641
2778
3728
5065
6057
6837
6439
5213
4522
4792
5466
6038
6357
6018
4759
4008
3932
4494
4698
3771
2449
1437
595
-234
-792
-1619
-2530
-3482
-4706
-5488
-5864
-6291
-6703
-6364
-6158
-6570
-6909
-7035
-7172
-6922
-6030
-5569
-5753
-5686
-5164
-4737
-3672
-2548
-1700
-1017
-655
-523
-249
345
622
869
1645
2056
1471
892
797
652
1093
2052
2541
2398
1840
976
311
555
1274
1988
2404
2007
1219
930
1471
1986
2013
2398
3246
4237
5533
6464
5942
4722
4253
5049
6001
6572
6612
5857
4406
3730
4338
5083
5220
4460
2984
1715
974
367
-431
-993
-1765
-3059
-4153
-4673
-5577
-6630
-6627
-6130
-6013
-6217
-6780
-7708
-8125
-7568
-6472
-5471
-5416
-5985
-6239
-5853
-5070
-3794
-2202
-1308
-994
-884
-863
-693
-425
318
1575
2252
1898
1411
879
482
912
2269
3015
2889
2486
1449
615
790
1477
1853
2004
1775
841
794
1672
1845
1768
2214
2577
3473
5391
6412
5390
4090
3936
4495
5782
7083
6872
5732
4633
3768
3923
5339
5630
4462
3337
2412
1474
930
445
-537
-1678
-2532
-3497
-4433
-4995
-5945
-6863
-6732
-6483
-6875
-7227
-7135
-7347
-7714
-7485
-7396
-7322
-6657
-6082
-5502
-4715
-4071
-3556
-2649
-1419
-695
-117
556
391
163
1177
2083
2096
2021
1850
1484
1746
2535
3080
2947
2976
2776
2136
1915
1701
1398
1773
2126
1821
1527
1724
1698
1427
1602
2419
3901
5768
6448
5279
3949
3227
3550
5099
6698
7224
6458
4913
3768
3821
4948
5447
5031
4219
3001
1815
1213
408
-632
-1031
-1775
-2997
-3875
-4787
-6133
-6951
-6512
-6210
-6670
-7472
-8027
-7873
-7146
-6438
-6808
-7473
-7456
-7161
-6284
-4683
-3583
-3482
-3383
-2662
-1778
-737
201
427
496
1078
1864
2139
2025
1923
1824
2112
2690
3053
3104
2935
2679
2477
2453
2479
2140
1429
1164
1216
1442
1910
1843
1285
936
1305
3052
5460
6187
4847
3220
2760
3624
4993
6266
6506
5502
4344
3860
4355
5246
5240
4486
3777
3059
2301
1660
604
-673
-1315
-1750
-2497
-3391
-4511
-5592
-6311
-6106
-5972
-6550
-7181
-8106
-8479
-7442
-6377
-6737
-7455
-7645
-7706
-7098
-5442
-3794
-3159
-2973
-2808
-2495
-1250
-172
119
866
1703
1994
2086
2429
2254
2143
2644
3418
3650
3967
4031
2939
2680
3088
3398
3746
3602
2476
1528
1461
1699
2103
2419
2037
2090
3872
5643
5351
3865
2581
2500
3810
5640
6259
5535
4369
3210
3330
4916
6064
5239
3746
2840
2391
2306
2140
1032
-567
-1340
-1991
-2869
-3280
-4066
-5355
-5676
-5143
-5318
-6113
-7193
-8175
-7993
-6782
-6111
-6605
-7093
-7387
-7781
-7099
-5344
-3874
-3097
-2831
-2722
-2231
-1406
-774
-354
621
1896
2210
2169
2007
1709
2042
3051
3933
4470
4468
3571
2968
2955
3029
3316
3686
3418
2758
2464
2013
1320
1331
1598
1629
2919
5214
5744
4151
2322
1504
2291
4327
5906
6095
4852
2944
1909
2921
4894
5318
4137
3015
2025
1484
1666
1237
1
-741
-1355
-2289
-2941
-3756
-4891
-5570
-5024
-4643
-5324
-6345
-7575
-8357
-7414
-5877
-6075
-7063
-7350
-7464
-7329
-6468
-4932
-4035
-3827
-3200
-2710
-1955
-1138
-1278
-819
933
2116
2248
2079
1904
1680
2305
3702
4360
4224
3960
3290
2927
3696
4184
4032
3736
3191
2675
2749
2939
2302
1607
1347
1702
3231
5463
5732
3675
1713
1546
2840
4400
5403
5215
3746
2309
2268
3636
4810
4349
3136
2500
2264
2316
2194
1261
-17
-838
-1376
-1964
-2324
-3174
-4703
-5298
-5003
-5020
-5383
-6076
-7232
-7749
-6461
-5336
-5876
-6735
-7409
-7574
-6849
-5587
-4385
-3940
-3927
-3769
-2929
-1373
-719
-980
-470
627
1135
1695
2116
1825
1939
2821
3686
4144
4630
4306
3488
4000
4575
4456
4318
3976
3059
2793
3628
3548
2615
1909
1284
1568
3836
5783
5085
2921
1533
1375
2597
4618
5420
4404
2891
1973
2051
3649
4625
3539
2350
2191
1881
1631
1430
175
-1161
-1529
-1679
-2102
-2535
-3661
-5032
-5037
-4372
-4636
-5422
-6215
-7356
-7495
-6126
-5681
-6553
-6941
-7013
-7384
-6912
-5440
-4898
-4992
-4291
-3649
-3104
-2235
-1748
-1769
-1041
516
1380
1309
1316
1453
1732
2889
4383
4847
4336
3875
4066
4267
4503
4887
4388
3699
3895
4280
4059
3760
3127
2085
2250
4192
5805
5121
3146
1491
1037
2324
3847
4300
3950
2625
1029
931
2833
4066
3102
1889
1394
1060
1021
1286
601
-407
-1059
-1634
-1938
-2361
-3250
-4321
-4245
-3751
-4266
-4954
-5724
-6913
-7157
-5887
-4880
-5380
-6116
-6404
-6588
-6427
-5333
-4042
-3817
-4049
-4071
-3611
-2807
-2224
-1770
-982
138
787
814
869
1042
1521
2511
3961
4741
4552
4035
3444
3589
4521
5669
5859
4793
3740
3486
3787
4158
4188
3455
2939
4008
5368
5488
4170
2478
1775
2610
4146
4866
4344
2900
1069
521
2332
4167
3455
1591
459
94
153
385
393
-268
-1387
-2213
-2546
-2561
-2873
-3850
-4050
-3607
-3932
-4570
-5034
-5932
-6765
-6262
-5351
-5371
-5677
-5956
-6536
-6832
-6073
-4795
-3740
-3535
-4166
-4326
-3390
-2617
-2095
-1195
-510
-347
-166
210
524
842
1446
2229
3332
3951
3494
2842
2840
3241
4073
5541
5730
4233
3250
3556
4002
4401
4773
4605
4537
5291
5855
5037
3337
2222
2205
3061
4192
4523
3200
1203
170
982
2933
3770
2593
665
-469
-416
-130
28
-110
-1073
-2513
-3204
-2879
-2945
-3568
-3934
-3953
-4138
-4613
-4736
-5307
-6210
-6224
-5569
-4957
-4739
-4773
-5423
-6047
-5836
-4835
-3301
-2370
-2770
-3638
-3817
-3244
-2156
-1088
-387
-440
-873
-747
-225
436
1212
1818
2560
3352
3327
2836
2545
2750
3483
5076
6095
5085
3414
3069
3531
4167
5053
5296
4926
5347
5980
5476
4378
3308
2689
3128
4567
5074
4063
2612
959
479
2327
4223
3288
1262
-39
-777
-708
-60
90
-1046
-2500
-3530
-3852
-3188
-2938
-3637
-4060
-4159
-4752
-5319
-5146
-5131
-5293
-4629
-4217
-4931
-5433
-5212
-5316
-5089
-3737
-2664
-2642
-3037
-3533
-3597
-2410
-1231
-970
-660
-404
-741
-929
-155
377
166
904
2116
2443
2454
2430
1849
1872
2902
3964
4538
4177
3258
2714
3337
4263
4214
3829
3611
3878
5308
6712
5806
3349
1729
1790
3055
4354
4677
3595
1625
337
902
2681
3125
1780
486
-146
-483
-462
-613
-1398
-2497
-3100
-3548
-3752
-3696
-4177
-4653
-4266
-4080
-4864
-5176
-5207
-5835
-5818
-4711
-4027
-4551
-4898
-4782
-5167
-4861
-3276
-2155
-2044
-2473
-3016
-2879
-1885
-905
-563
-199
288
-65
-547
166
451
255
1324
2830
3147
2562
2235
1911
2060
3417
4816
5005
4107
2934
2464
3120
4329
4516
3971
3913
4619
5766
6262
5184
2995
1827
2805
4148
4768
4548
3120
1015
403
1999
3399
2847
1275
225
-147
-70
170
-616
-1921
-2783
-3214
-3292
-3200
-3414
-4371
-4710
-4072
-4128
-4646
-4853
-5134
-5275
-4419
-3656
-4390
-5093
-4766
-4615
-4535
-3501
-2362
-2213
-2384
-2399
-2479
-1954
-826
-583
-680
-36
260
-433
-451
99
49
278
1538
2685
2751
2662
2303
1823
2367
3576
4146
4071
3752
2763
2182
2755
3386
3554
3379
3473
4854
6385
6301
4110
1892
1757
3111
4262
4819
4333
2341
488
559
2386
3406
2426
732
-130
-408
-196
-325
-1524
-2764
-3298
-3521
-3885
-3903
-4127
-4962
-4992
-4314
-4563
-5282
-5657
-6019
-5591
-4078
-4056
-5523
-5829
-4842
-4636
-4418
-3336
-2570
-2696
-2657
-2036
-1722
-1225
-666
-993
-445
876
906
168
32
345
562
1304
2647
3147
2521
2491
2465
2460
3016
3424
3607
3718
3551
3146
2758
2801
2975
3159
3208
3693
5221
6563
5752
3108
1601
2175
3169
4100
4674
3998
1960
246
650
2344
3029
2125
900
52
-349
-411
-643
-1625
-2480
-2681
-3010
-3546
-3893
-4368
-4931
-4676
-4035
-4129
-4686
-5593
-6401
-5495
-3742
-3559
-4527
-4839
-4618
-4715
-4018
-2340
-1614
-1781
-1773
-1668
-1285
-405
-88
-359
506
1628
1376
796
642
438
597
1876
3136
3482
3076
2350
2026
2425
3148
3876
4278
3843
2757
2292
2418
2540
2879
2935
2434
2726
4919
6571
5054
2250
1176
1744
2928
4266
4660
3377
1288
351
1186
2652
2909
1832
588
-18
174
192
-683
-1949
-2651
-3114
-3438
-3565
-3841
-4700
-5434
-5010
-4524
-4632
-4981
-5955
-6664
-5689
-4320
-4339
-4976
-4990
-5025
-4884
-4014
-2828
-2087
-1869
-1707
-1837
-1282
-510
-823
-855
614
1542
1128
925
873
571
1064
2470
3281
3371
3359
2768
2172
2400
2837
3244
3766
3691
2578
1899
2159
2558
2629
2706
2491
2983
5026
6232
4316
1841
1233
1889
3188
4600
4904
3257
1097
352
1385
2962
3352
2159
789
117
88
37
-659
-1613
-2094
-2598
-3321
-3658
-3861
-4810
-5448
-4920
-4441
-5049
-6011
-6429
-6198
-4997
-3993
-4611
-5626
-5539
-5027
-4376
-3326
-2352
-2072
-2084
-1622
-1174
-490
221
-140
-34
1724
2752
1875
1300
1418
1438
1940
3324
3925
3303
3082
3054
2991
3472
3840
3392
3093
3397
2880
2127
2538
2734
2197
1738
1684
2489
4727
6015
3938
1362
885
1531
2654
4508
4879
3065
1501
1044
1189
2486
3300
2135
606
287
359
-144
-983
-1865
-2457
-2498
-2669
-3220
-3762
-4691
-5601
-5078
-3975
-4324
-5843
-7015
-6675
-5095
-3846
-4119
-5472
-6119
-5719
-4947
-3763
-2647
-2425
-2559
-2101
-1417
-583
-99
-205
-39
1293
2548
2306
1361
938
1270
2036
3071
3844
3892
3014
2498
2845
3457
3919
3826
3328
2790
2460
2448
2539
2686
2492
1786
1057
1832
4442
5872
4420
2125
880
948
2240
3904
4210
3043
2026
1237
986
1994
2851
2077
985
903
1169
452
-1020
-2108
-2529
-2645
-2572
-2725
-3455
-4963
-6012
-5537
-4600
-4761
-5723
-6361
-6675
-6286
-5084
-5039
-6087
-5997
-5016
-4414
-3900
-3329
-3224
-2901
-1566
-449
-8
234
-339
-485
1101
2669
2744
2146
1746
1800
2437
3369
3840
3947
3986
3743
3509
3704
3728
3277
3344
3821
3232
2571
2739
2540
1924
1533
1320
2162
4346
5682
4302
2038
870
810
2338
4310
4357
3271
2387
1042
600
2316
3453
2443
1535
1509
942
109
-500
-1478
-2044
-1683
-1854
-2914
-3834
-4891
-5903
-5346
-4116
-4652
-6304
-6997
-6741
-5853
-4639
-4712
-6182
-6484
-5506
-4713
-4012
-3279
-3148
-3046
-2189
-1046
-383
-284
-553
-427
1064
2656
2791
1926
1469
1831
2492
3179
3820
4093
3825
3411
3543
3688
3569
3326
3192
3330
3202
2759
2314
2054
1763
1163
973
2139
4240
5153
3970
1957
487
822
2719
4214
4023
3358
2349
911
750
2496
3408
2483
1613
1264
608
-15
-671
-1713
-2108
-1660
-1945
-3311
-4324
-5094
-5788
-5233
-4188
-4621
-5877
-6959
-7294
-6389
-5104
-5367
-6495
-6191
-5280
-5095
-4623
-3939
-3566
-2753
-1535
-547
-146
-313
-720
-389
1509
3277
3159
2279
1822
1768
2433
3494
4100
4299
3852
3426
3514
3569
3262
3148
3530
3821
3354
2897
2466
1806
1540
1570
1690
3057
5195
5292
3101
1110
745
1638
3334
4696
4589
3014
1354
720
1444
2993
3773
3026
1855
1144
758
203
-518
-834
-806
-1180
-1948
-3030
-4261
-5254
-5387
-4377
-3717
-4482
-6312
-7652
-7140
-5229
-3825
-4387
-5728
-5991
-5704
-5192
-4045
-2774
-2399
-2466
-1869
-1019
-687
-643
-434
403
2072
3111
2637
1661
1242
1473
2352
3454
4417
4179
3233
2896
3107
3414
3523
3481
3295
2897
2524
2436
2191
1886
1574
1062
812
1979
4139
4969
3453
1376
510
1177
2602
3792
3816
2905
1759
1108
1674
2965
3222
2040
1179
955
598
109
-721
-1707
-2092
-1941
-2270
-3339
-4080
-5054
-5780
-5120
-4216
-4668
-5989
-7024
-7072
-5634
-4019
-4305
-5687
-5697
-4938
-4833
-4369
-3212
-2673
-2622
-1877
-931
-498
-428
-503
228
1934
3154
2844
2265
2001
1837
2322
3467
4032
3913
3393
2865
2936
3111
3016
2921
3112
3121
2605
2444
2407
1761
1351
1169
1190
2284
4387
5303
3422
1252
829
1505
2997
4371
4151
2734
1483
1130
1817
3078
3363
2317
1195
879
808
340
-526
-1256
-1473
-1562
-2242
-3230
-4219
-5338
-5395
-4451
-4162
-5009
-6480
-7543
-6781
-4664
-3650
-4681
-5768
-5634
-5075
-4340
-3318
-2600
-2538
-2246
-1309
-558
-213
14
90
678
2432
3607
2841
1882
2028
2442
2900
3739
4293
3619
2694
3068
3766
3533
3240
3198
2869
2588
2912
2841
1968
1609
1430
729
801
2447
4475
4886
3241
1305
638
1476
2883
3954
4033
3076
1660
1140
1909
2790
2763
1862
924
649
644
106
-1105
-1836
-1901
-2201
-2977
-3513
-4323
-5652
-5839
-4801
-4356
-5162
-6532
-7383
-6919
-5307
-3944
-4342
-5478
-5500
-5068
-4646
-3665
-2614
-2296
-2128
-1214
-404
-335
-55
282
750
2466
3807
3067
2127
2309
2351
2719
3851
4156
3237
2778
3107
3149
3139
3338
2862
2179
2372
2301
1780
1985
2067
1217
525
651
1645
3480
4845
3879
1553
557
1004
2190
3714
3945
2823
1836
1151
1212
2474
2920
1756
757
752
541
97
-532
-1522
-2098
-2038
-2406
-3460
-4351
-5122
-5808
-5260
-4336
-5085
-6928
-7812
-6895
-4981
-3687
-4054
-5334
-5771
-4974
-3950
-2879
-2005
-1974
-1978
-1011
-57
466
903
797
1039
2607
4131
3899
2828
2554
2862
3340
4035
4362
3863
3171
3322
4144
4395
3732
3158
2701
2517
2670
2659
2268
1844
1490
568
-55
1056
3438
4895
4074
2079
605
515
1857
3377
3792
3306
2361
1279
1266
2253
2642
1955
1129
786
694
309
-812
-1993
-2261
-2296
-2740
-3309
-4238
-5507
-6190
-5509
-4570
-4824
-6072
-7388
-7344
-5695
-4358
-4755
-5619
-5791
-5361
-4438
-3358
-2742
-2874
-2478
-1345
-387
410
595
97
556
2129
3412
3600
3126
2469
2456
3392
4086
3917
3772
3613
3458
3659
3795
3300
2693
2534
2687
2619
2598
2151
1447
1260
852
279
773
3005
4799
4320
2569
1031
383
1585
3358
4026
3560
2714
1595
803
1404
2564
2222
1053
802
684
-45
-983
-1691
-2096
-2178
-2375
-3211
-4556
-5377
-5687
-5508
-4658
-4766
-6440
-7873
-7560
-5932
-4131
-3827
-5001
-5843
-5484
-4365
-3492
-2706
-2076
-2002
-1707
-719
69
252
396
1022
2358
3487
3806
3300
2577
2709
3590
4067
4099
3912
3597
3584
4217
4556
3852
3051
2705
2596
2745
3066
2922
2162
1360
720
158
566
2530
4530
4748
3203
1162
414
1537
3027
3613
3790
3493
2036
781
1221
2195
2332
1908
1567
1185
457
-671
-1607
-1808
-1616
-2080
-3153
-4266
-5411
-6119
-5585
-4462
-4540
-5978
-7187
-7575
-6959
-5106
-3886
-4642
-5632
-5635
-5008
-4351
-3648
-2784
-2135
-1501
-584
-101
7
109
483
1946
3528
3969
3511
2936
2479
2863
3652
3950
3863
3968
4108
3895
3794
3484
2819
2649
3030
2724
2177
2288
2004
1221
767
447
132
1322
3835
5014
3553
1357
365
982
2619
3713
3889
3499
2325
818
810
2202
2720
1957
1391
1107
426
-363
-917
-1361
-1563
-1872
-2791
-3893
-4798
-5535
-5752
-5094
-4704
-5879
-7432
-7841
-7518
-6650
-4757
-3935
-5128
-6100
-5848
-5340
-4694
-3147
-1650
-1410
-1420
-1221
-1280
-501
850
1884
2954
3515
3043
2691
2900
3238
3365
3698
4032
3849
4284
4747
3729
3007
3441
3674
3574
3534
2823
1664
1702
2106
1399
733
589
814
2377
4868
5226
2651
843
1200
2381
3716
4799
4604
2956
1416
1264
2260
3168
2883
1852
1322
1134
794
41
-854
-1525
-2062
-2639
-3246
-3971
-4815
-5587
-5431
-4790
-5312
-6605
-7366
-7198
-6399
-5098
-4312
-4875
-5961
-6191
-5548
-4867
-3926
-2557
-1690
-1469
-1130
-840
-388
553
1407
2409
3282
3215
2743
2605
2928
3262
3341
3508
3764
3903
4019
3759
2971
2455
2669
3085
3196
2735
1866
1430
1201
1267
1254
646
156
1135
3213
4735
4142
2211
742
944
2679
4016
4328
3924
2288
754
1289
2841
3318
2924
2148
1297
683
434
-43
-940
-1534
-1968
-2761
-3592
-4310
-5405
-5971
-5421
-5250
-6308
-7079
-7061
-7176
-6819
-5411
-4785
-5730
-6190
-5666
-5206
-4739
-3446
-1936
-1406
-1281
-1084
-864
-243
706
1559
2328
2990
3189
2712
2400
2401
2346
2600
3378
4259
4776
4036
2522
1712
1793
2636
3750
3771
2478
1011
496
687
717
830
686
702
1891
3636
4247
3129
1588
1315
2518
4067
4703
4361
3247
1819
1317
2750
4195
3978
2952
1946
1371
1086
973
287
-774
-1511
-2077
-2847
-3452
-4251
-5076
-5190
-4857
-5259
-6279
-6932
-7104
-6905
-5744
-4114
-4139
-5532
-6300
-6039
-5349
-4005
-2119
-1051
-1388
-1858
-1819
-1097
279
1481
2296
2944
3036
2644
2260
2347
2655
2842
3422
4143
4069
3350
2291
1550
1872
2679
3466
3409
2205
816
257
569
953
991
864
590
807
2322
4137
4191
2755
1963
2288
3015
3823
4389
4226
3172
2232
2429
3284
3848
3538
2828
2217
1866
1586
942
-11
-1108
-2058
-2557
-2880
-3559
-4561
-5212
-5484
-5637
-5874
-6242
-6916
-7313
-6748
-5656
-4996
-5271
-5909
-5981
-5567
-4768
-3607
-2400
-1837
-2017
-1947
-1195
-371
389
1077
1763
2540
2844
2395
1981
1952
2099
2537
3426
4128
3466
2125
1336
1269
1852
2932
3241
2411
1144
163
-292
-52
430
530
309
219
580
1807
3451
4022
3298
2429
2537
3285
3886
4339
4581
3692
2639
2798
3652
4172
4006
3305
2545
1964
1884
1272
73
-815
-1512
-2201
-2611
-3134
-4182
-5286
-5580
-5288
-5526
-5875
-6181
-6670
-6817
-5840
-5224
-5992
-6576
-5920
-4935
-4183
-3179
-2271
-2306
-2271
-1281
-169
704
1498
1708
1816
2496
2971
2675
2141
2019
2129
2685
3726
4128
3161
1973
1323
1456
2094
2736
2761
1978
764
31
69
153
128
430
771
715
843
2148
3906
4142
3041
2271
2512
3132
3828
4532
4687
3829
2868
2828
3831
4743
4459
3548
2711
2196
1761
1009
41
-956
-1608
-2035
-2582
-3654
-4896
-5589
-5603
-5342
-5435
-5809
-6407
-7006
-6613
-5456
-5339
-6175
-6266
-5405
-4485
-3830
-3313
-2896
-2667
-1999
-1118
-215
438
616
687
1631
2803
2803
2162
1643
1622
2229
3277
3627
2993
1974
1389
1429
1832
2382
2346
1636
883
50
-551
-569
-557
-437
181
553
17
144
1936
3968
4312
3362
2341
2044
3027
4211
4885
4941
3875
2723
2791
4203
5116
4618
3519
2745
2139
1684
1188
4
-1194
-1545
-1743
-2815
-4016
-4746
-5333
-5420
-4925
-4857
-5440
-6280
-6996
-6896
-5825
-5339
-6014
-6140
-5106
-4454
-4266
-3614
-2659
-1975
-1338
-510
17
306
622
1320
2302
2903
2845
2120
1477
1934
2924
3437
3166
2640
2012
1343
1290
1784
2178
2049
1793
1022
-121
-670
-657
-584
287
1138
573
-482
-81
2007
4023
4697
3715
2215
2007
2991
4308
5233
5132
3884
3151
3696
4819
5301
4667
3716
3259
2949
2392
1489
222
-744
-941
-1099
-2196
-3776
-4719
-5056
-5123
-4653
-4546
-5433
-6833
-7036
-6189
-5698
-5585
-5624
-5629
-5083
-4371
-4177
-3869
-3069
-2177
-1623
-634
136
76
109
1104
2194
2901
2662
1812
1598
2219
2838
2776
2652
2377
1729
1776
2344
2118
1523
1073
652
241
-5
-413
-1024
-1021
-415
-297
-515
-581
13
1835
3881
4364
3052
1792
1815
2801
4254
5135
4659
3473
2784
3417
4665
5431
4894
3849
2987
2262
1765
1405
436
-579
-902
-1563
-2938
-4049
-4515
-4916
-4771
-4289
-4698
-5821
-6700
-7198
-7061
-6081
-5498
-5838
-5859
-5376
-5346
-5360
-4290
-2839
-1838
-1023
-405
-394
-408
345
1506
2550
2949
2534
1923
1863
2247
2604
2869
2904
2770
2627
2393
2072
1793
1556
1435
1453
1118
242
-611
-810
-575
-114
452
181
-437
224
2186
3817
4039
2974
1893
1969
3372
4595
4917
4508
3900
3555
4359
5809
6122
5133
4024
3312
2838
2816
2250
909
-249
-770
-1529
-2767
-3582
-3968
-4439
-4441
-4228
-4723
-5852
-6952
-7606
-6672
-5042
-4725
-5175
-5534
-5816
-5841
-5121
-3563
-2294
-1678
-1257
-1441
-1336
-710
400
1912
2740
2632
2452
2198
1793
2121
2977
3269
2821
2632
2372
1432
1313
1896
1508
1085
966
-46
-1340
-1316
-873
-1025
-467
279
-555
-1649
-688
1735
3846
5017
4365
2135
1344
2627
3904
4626
5468
5367
4025
3736
4913
5445
4983
4560
4061
3306
2827
2206
726
-542
-961
-1371
-2371
-3177
-3679
-4582
-5200
-5064
-5010
-5800
-6877
-7404
-7552
-7438
-6673
-5922
-5838
-5721
-5519
-5637
-5170
-3484
-1828
-1097
-763
-563
-473
366
1517
2175
2681
2842
2471
2118
2486
2747
2547
2701
2756
2494
2443
1958
1064
700
855
831
560
337
-625
-1707
-1338
-350
41
2
-616
-961
676
3802
5395
3792
1933
1694
2517
4376
5981
6190
5211
4134
4257
5618
6611
6283
5260
4285
3840
3759
3095
1614
269
-419
-1150
-2280
-2984
-3528
-4595
-5115
-4811
-4861
-5802
-6990
-7741
-7550
-6619
-5916
-6052
-6434
-6345
-6082
-5608
-4414
-3147
-2204
-1874
-1869
-1206
-117
688
1359
1874
2277
2661
2632
2564
2621
2697
2579
2616
3154
3311
2327
1634
1236
703
665
724
226
-558
-1058
-1319
-1314
-679
-134
-745
-1463
-892
1308
3970
5162
3931
1906
1168
2519
4971
6476
6352
5380
4382
4323
5602
6887
6914
5616
4645
4437
3795
2890
2000
652
-357
-808
-1654
-2848
-3685
-4369
-5180
-5176
-4869
-5757
-7374
-8249
-8134
-7426
-6411
-5963
-6626
-7215
-6938
-6326
-5203
-3438
-2101
-1985
-2039
-1363
-592
44
1029
1794
2176
2802
3067
2487
1917
2024
2180
2577
3375
3465
2172
966
661
543
514
757
318
-923
-1660
-1759
-1551
-986
-507
-1013
-1723
-1394
421
2885
4634
3996
2017
1718
3248
4744
5779
6465
5902
4890
5286
6340
6925
6778
6090
5351
4961
4806
3966
2405
1119
125
-633
-1052
-1795
-3043
-4280
-4966
-5089
-4761
-5003
-6310
-7920
-8630
-7746
-6439
-6005
-6457
-7068
-6944
-6313
-5349
-3779
-2462
-2061
-1884
-899
127
409
820
1778
2614
3292
3846
3421
2278
1954
2554
3044
3465
3714
2564
847
425
651
492
458
270
-819
-1865
-1696
-1599
-2028
-1330
-596
-1033
-1119
398
2346
3509
3829
3248
2495
2962
4433
5430
5889
6029
5691
5645
6368
7098
7298
6885
6003
5260
4747
4242
3226
1787
583
-173
-941
-1892
-2998
-4103
-5012
-5349
-5096
-5383
-6568
-8016
-8862
-8473
-7377
-6607
-6659
-7041
-6913
-6513
-5716
-4316
-3015
-2342
-1868
-1032
-440
-265
370
1317
2140
3053
3603
2904
1772
1744
2318
2739
3419
3384
1945
521
158
-89
-340
-179
-221
-900
-1634
-2269
-3141
-3125
-1799
-852
-964
-1197
-642
668
2760
4333
4095
3021
2822
3926
5492
6610
6874
6555
6156
6472
7429
7951
7413
6446
5598
5058
4622
3877
2329
725
-64
-548
-1523
-2677
-3901
-5023
-5352
-4962
-4980
-6185
-7851
-9046
-8883
-7280
-6094
-6414
-7142
-7227
-6851
-5699
-3966
-2807
-2280
-1476
-790
-331
394
946
1356
2235
3352
3742
3150
2380
1913
2203
3240
3672
2996
2006
781
-266
-302
-6
-273
-785
-1254
-2177
-3108
-2987
-2726
-2417
-1205
-558
-1333
-1566
120
2316
3907
4833
4245
2851
3191
5150
6484
7023
7614
7407
6665
6955
7784
7840
7071
6463
5885
4991
4104
2886
1317
255
-208
-989
-2236
-3551
-4743
-5509
-5407
-5171
-6032
-7668
-8898
-9104
-8224
-6862
-6293
-6917
-7458
-6895
-5791
-4578
-3418
-2325
-1703
-1158
-291
333
721
1384
2003
2713
3606
3630
2651
1915
2310
2828
2910
2874
2116
569
-400
-757
-852
-941
-1240
-1648
-2513
-3331
-3778
-3565
-2616
-1879
-1534
-1721
-2023
-1039
1351
3940
5081
4107
3015
3324
4698
6315
7391
7862
7548
6991
7176
7925
8107
7649
6926
6206
5574
4662
3277
1610
473
-131
-827
-1788
-3033
-4474
-5456
-5479
-5208
-5935
-7405
-8698
-9477
-8874
-7043
-6125
-6918
-7459
-6864
-5877
-4934
-3566
-2280
-1575
-979
-223
590
1177
1526
2057
2935
3537
3560
3092
2522
2161
2484
2884
2580
1857
1027
-99
-934
-1059
-1061
-1369
-1667
-2088
-3200
-3706
-3256
-2771
-2092
-1223
-1375
-2016
-1359
1015
3589
4739
4401
3321
2979
4395
6322
7421
7952
7907
7471
7283
8024
8728
8189
7013
6415
5831
4726
3659
2317
661
-363
-755
-1628
-3073
-4480
-5453
-6000
-6106
-6368
-7375
-8504
-8912
-8653
-7821
-7323
-7604
-7622
-6732
-5351
-4396
-3796
-2879
-1949
-1177
57
1100
1186
1188
1780
2588
3356
3875
3608
2650
2182
2395
2293
1993
1926
1217
94
-613
-1198
-2012
-2463
-2226
-2396
-3174
-3632
-3861
-3768
-2936
-1966
-1821
-1750
-763
943
3028
4727
4385
3186
3563
5126
6515
7498
7973
7554
7010
7472
8534
8729
8038
6887
6100
5545
4806
3865
2457
810
-393
-873
-1715
-3246
-4619
-5216
-5574
-5907
-6417
-7557
-8939
-9587
-9198
-7847
-6614
-6820
-7530
-7258
-6080
-4742
-3525
-2262
-1218
-772
-388
150
1036
1824
2289
3277
4062
3772
3231
2873
2511
2275
2580
2694
1830
695
-197
-1459
-2159
-1740
-1731
-2214
-2549
-3423
-4464
-3955
-2881
-2630
-2227
-1350
-1481
-1687
320
3408
4684
4558
4320
3998
4522
6272
7839
8391
8486
8281
7962
8000
8621
8650
7666
6765
6287
5291
3918
2572
1308
94
-720
-1427
-2792
-4388
-5374
-5862
-6233
-6526
-7134
-8170
-9284
-9665
-8655
-6911
-5975
-6371
-6758
-6163
-5298
-4205
-2301
-598
-363
-253
352
874
1373
2482
3533
3677
3837
3791
3049
2188
2029
2149
2206
1918
998
-295
-1554
-2450
-2304
-1767
-1826
-2678
-3767
-4627
-4604
-3654
-2716
-2327
-1923
-1549
-1466
-280
2268
4505
4923
4394
4297
4952
5833
7043
8058
8593
8633
8353
8284
8455
8246
7666
7098
6435
5374
4161
2827
1231
30
-718
-1655
-3141
-4481
-5512
-6306
-6693
-6877
-7330
-8310
-9203
-9554
-9044
-7912
-7082
-7034
-6910
-6190
-5264
-4123
-2792
-1503
-645
-250
419
1253
1847
2305
2676
3265
3857
3810
3281
2608
1814
1554
1937
2175
1298
-84
-1233
-2158
-2266
-1887
-2009
-2652
-3286
-3934
-4317
-3720
-2751
-2285
-1869
-1290
-1129
-317
1959
4224
4872
4621
4555
4738
5792
7625
8681
8693
8482
8257
8089
8456
8819
8337
7190
6068
5147
4046
2985
1825
518
-699
-1815
-2960
-4102
-5170
-5857
-6173
-6372
-6971
-8027
-9123
-9776
-9512
-7994
-5927
-5485
-6416
-6716
-5997
-4770
-2768
-433
591
-9
-81
477
1070
2410
3822
4157
3933
3726
3321
2538
2001
2124
2349
2172
1261
-301
-1648
-2613
-2774
-1689
-1270
-2248
-3531
-4776
-5176
-3979
-2178
-1376
-1585
-1506
-1509
-1077
1223
4287
5768
5261
4762
4904
5502
6825
8148
8779
8805
8549
8252
8142
8182
7936
7266
6389
5628
4574
3121
1487
101
-952
-1838
-2580
-3706
-5333
-6500
-6822
-7004
-7228
-7615
-8599
-9806
-9909
-8457
-6652
-5894
-6215
-6257
-5633
-4448
-2744
-1278
-448
-348
-103
720
1585
2311
2800
3106
3479
3590
3317
2805
2038
1525
1656
1849
1272
-129
-1425
-2516
-2959
-2262
-1843
-2433
-3296
-4180
-4863
-4093
-2521
-2141
-2230
-1530
-1007
-886
735
3651
5269
5217
5121
5293
5707
6856
8197
8851
8983
8908
8570
8196
8293
8307
7550
6632
5781
4585
3343
1906
504
-632
-1805
-2878
-3960
-5092
-6070
-6817
-7105
-7221
-7723
-8340
-9065
-9572
-8905
-7240
-6180
-6240
-6270
-5597
-4420
-3177
-1584
-482
-329
39
953
1915
2688
2960
3124
3397
3434
3511
3233
2184
1270
1254
1730
1586
701
-428
-1955
-2894
-2406
-1926
-2335
-2890
-3534
-4206
-3904
-2733
-2075
-2219
-1715
-795
-247
948
3090
4876
5319
5143
5451
6144
6911
7889
8717
8961
8790
8619
8347
8270
8231
7740
6645
5521
4590
3364
2043
931
-300
-1715
-2887
-3919
-5126
-6013
-6378
-6853
-7409
-7892
-8641
-9586
-9601
-8634
-7573
-6715
-6245
-6265
-5835
-4820
-3598
-2120
-809
62
159
482
1175
1699
2360
3150
3333
3389
3277
2697
1861
1509
1658
1592
1395
674
-1045
-2280
-2548
-2591
-2393
-2413
-2884
-3789
-4343
-4043
-3268
-2462
-1763
-1442
-1090
-541
362
2427
4651
5701
5488
5212
5708
6571
7591
8639
8965
8755
8546
8207
8177
8207
7662
6817
5948
4849
3587
2222
754
-528
-1583
-2716
-3768
-4600
-5610
-6515
-6848
-7099
-7781
-8313
-8721
-9370
-9215
-7348
-5815
-5932
-6375
-5872
-5053
-3998
-2202
-538
-111
-271
216
960
1996
2989
3265
3120
3033
2888
2743
2420
1798
1446
1470
1087
230
-569
-1549
-2698
-2542
-1668
-1887
-2763
-3160
-3759
-4060
-2596
-1186
-1464
-1595
-790
-533
-121
2243
5032
5812
5272
5294
5636
6207
7423
8608
9047
9000
8556
7977
7943
8218
8078
7288
6249
5066
3668
2197
884
-194
-1291
-2378
-3286
-4518
-5854
-6659
-6982
-7169
-7322
-7702
-8619
-9509
-9268
-8169
-6816
-5608
-5241
-5410
-5125
-4364
-3355
-1722
-248
325
472
929
1187
1129
1872
2964
3274
3297
3127
2042
1027
1158
1487
1276
949
113
-1513
-2658
-2718
-2507
-2354
-2171
-2455
-3430
-4053
-3754
-2908
-1841
-977
-445
-188
20
988
2956
5200
6542
6307
5878
6220
6736
7638
8585
8927
8652
8177
7833
7630
7334
6820
5987
4907
3991
2996
1563
46
-1018
-2150
-3323
-4086
-4774
-5790
-6813
-7210
-7516
-8033
-8169
-8428
-9080
-8908
-7591
-6433
-6177
-6033
-5284
-4461
-3563
-2068
-788
-243
115
650
1385
2070
2438
2515
2679
2786
2748
2442
1826
1066
843
1035
722
-30
-813
-1812
-2561
-2251
-1881
-2189
-2584
-2826
-3318
-3231
-2014
-1330
-1529
-844
195
393
1004
3125
5208
5829
5950
6079
5834
6329
7805
8600
8812
8955
8425
7540
7465
7862
7429
6320
5341
4236
2739
1652
770
-474
-1846
-2877
-3764
-4859
-5872
-6294
-6643
-7167
-7501
-7864
-8480
-9070
-8809
-7236
-5615
-5443
-5881
-5659
-4784
-3509
-2051
-426
202
-42
82
764
1506
2093
2673
2854
2548
2330
2328
1735
1076
1206
1262
603
-118
-774
-1760
-2567
-2150
-1683
-2263
-2699
-2909
-3751
-3749
-2142
-1297
-1651
-1126
-191
-323
169
2384
4664
5908
6350
5959
5296
5718
7054
8115
8780
9027
8376
7249
6932
7314
7249
6539
5621
4463
3022
1879
768
-354
-1444
-2413
-3162
-4174
-5517
-6404
-6728
-7044
-7129
-7206
-7898
-9154
-9515
-8297
-6404
-5112
-5199
-5672
-5388
-4552
-3297
-1564
-49
173
-73
259
734
1150
1636
2269
2692
2749
2540
2010
1113
646
887
1164
655
-453
-1473
-2362
-2629
-1882
-1428
-1818
-2258
-2866
-3463
-2868
-1347
-738
-919
-256
402
143
1294
4126
5858
5919
5865
5855
5634
6414
8107
8739
8576
8504
7969
7321
7414
7397
6694
5795
4958
3987
2777
1646
283
-1147
-2267
-3091
-3824
-4669
-5675
-6488
-6899
-7261
-7553
-7767
-8052
-8617
-8338
-6867
-5586
-5326
-5370
-5075
-4614
-3633
-2036
-712
-347
-225
176
696
1263
1923
2545
2588
2481
2620
2403
1695
1238
1147
1017
620
-70
-1140
-1901
-1962
-1860
-1711
-1741
-2261
-3071
-3298
-2701
-1795
-1178
-722
-364
-85
336
1177
2893
5145
6349
6072
5524
5287
5829
7152
8263
8563
8273
7559
6897
6892
7144
6794
5899
4901
3862
2690
1690
462
-919
-1940
-2663
-3549
-4638
-5672
-6437
-7084
-7449
-7365
-7595
-8291
-8705
-8531
-7857
-6687
-5810
-5682
-5368
-4505
-3473
-2532
-1556
-795
-433
31
727
1208
1492
1594
1746
2222
2559
2176
1434
1065
736
525
703
644
-508
-1490
-1641
-1724
-1757
-1618
-1726
-2197
-2444
-2287
-1948
-1436
-1123
-985
-303
547
1223
2657
4841
5798
5174
4983
5687
6194
7130
8416
8698
7860
7449
7436
7430
7683
7413
6272
4964
4028
3038
2062
950
-286
-1642
-2878
-3800
-4602
-5444
-5982
-6305
-6611
-7130
-7837
-8291
-8398
-8161
-7504
-6380
-5813
-5994
-5734
-4768
-3908
-3048
-1662
-588
-491
-321
427
905
1389
2082
2509
2553
2296
1955
1549
1175
1266
1435
1213
671
-143
-1131
-1678
-1622
-1195
-1157
-1610
-2056
-2538
-2763
-2168
-1153
-700
-656
-162
430
928
2492
4829
5858
5426
5178
5493
6030
6887
7884
8328
7991
7470
7218
7148
7078
6851
6080
4977
4052
3314
2222
781
-304
-1300
-2536
-3407
-4010
-5010
-5942
-6404
-6689
-7176
-7502
-7734
-8273
-8657
-8020
-6975
-6417
-6032
-5336
-4723
-4344
-3433
-2053
-1194
-822
-219
169
570
1159
1672
1834
2001
2155
2068
1575
1083
1194
1209
1160
1134
468
-746
-1521
-1491
-1296
-1241
-1206
-1560
-2429
-2711
-2026
-1397
-1104
-691
-297
115
1100
2685
4202
4866
4680
4568
5283
6438
7081
7333
7590
7345
6790
6969
7577
7465
6695
5801
4971
4020
3194
2389
1191
-155
-1305
-2446
-3559
-4291
-4689
-5281
-5873
-6399
-7192
-7966
-7988
-7821
-7811
-7483
-7064
-6785
-6491
-5692
-4686
-4176
-3443
-2230
-1255
-838
-495
191
984
1588
2254
2750
2475
1919
1815
1989
1768
1643
1876
1505
684
408
-166
-1153
-1219
-722
-744
-1184
-1455
-2099
-2579
-1828
-898
-844
-680
-186
44
925
2884
4569
4739
4159
4142
4660
5772
6955
7333
7276
7061
6745
6908
7399
7558
7166
6355
5375
4214
3242
2186
1070
80
-895
-1993
-3156
-4101
-4820
-5296
-5516
-5865
-6734
-7656
-8244
-8447
-8140
-7152
-6116
-5951
-6178
-5841
-5084
-4473
-3379
-1808
-1006
-1075
-1067
-665
-169
765
2074
2629
2408
1964
1699
1680
1828
2147
2347
1881
914
131
-520
-1209
-1303
-687
-414
-1106
-1926
-2491
-2946
-2463
-1162
-667
-1017
-910
-430
181
1743
3953
4875
4310
4007
4585
5332
6152
7005
7277
6943
6616
6604
6634
6617
6606
6071
5194
4359
3542
2455
1210
148
-647
-1498
-2627
-3644
-4507
-5309
-5866
-6025
-6280
-7093
-7839
-8245
-8324
-7605
-6465
-5933
-6126
-6068
-5553
-4926
-3779
-2199
-1116
-884
-884
-517
81
1069
2278
2968
2810
2405
2153
2022
1940
1999
2200
2057
1558
756
-96
-830
-1060
-509
-166
-597
-1454
-2286
-2604
-2038
-1061
-548
-617
-660
-508
138
1664
3689
4791
4514
3986
4160
4954
5791
6567
7103
7149
7003
6925
6863
6816
6772
6227
5399
4815
3988
2828
1494
439
-375
-1270
-2252
-3414
-4405
-5113
-5774
-6105
-6211
-6657
-7559
-8238
-8249
-7692
-7106
-6579
-6097
-5669
-5128
-4737
-4191
-3072
-1830
-1164
-721
-293
-69
347
1319
2110
2257
2296
2356
1941
1690
1961
2141
2000
1777
1443
643
-270
-727
-738
-448
-321
-891
-1685
-2259
-2322
-1790
-874
-349
-652
-771
130
1623
3374
4514
4209
3349
3748
5185
6163
6434
6560
6380
6003
6375
7121
7036
6446
5922
5203
4363
3784
3042
1650
377
-276
-1106
-2466
-3552
-4219
-4963
-5613
-5786
-6106
-7112
-8074
-8374
-8223
-7720
-7068
-6754
-6827
-6519
-5677
-5057
-4307
-2883
-1738
-1405
-1114
-521
-199
357
1486
2397
2523
2489
2265
1742
1665
2151
2459
2380
1977
1320
527
-249
-453
-171
137
-36
-741
-1601
-2084
-1950
-1331
-656
-452
-662
-857
-177
1507
3338
4122
3771
3311
3610
4683
5815
6387
6538
6533
6447
6645
7150
7094
6501
6028
5547
4868
4311
3532
1937
467
-237
-906
-2029
-2993
-3691
-4651
-5401
-5535
-5761
-6603
-7421
-7892
-7989
-7663
-7149
-6954
-6759
-6174
-5680
-5243
-4548
-3333
-2293
-1595
-1013
-485
-35
489
1312
2226
2499
2371
2365
2222
2107
2342
2552
2340
1924
1661
984
-11
-259
-208
-248
-232
-603
-1383
-2038
-2044
-1615
-1106
-675
-678
-760
132
1757
3056
3481
3256
3114
3568
4691
5754
5886
5757
5756
5856
6321
6907
6810
6082
5563
5240
4606
3985
3265
1919
629
-197
-1054
-2325
-3443
-3895
-4498
-5255
-5584
-6202
-7259
-7922
-7860
-7514
-7294
-7309
-7206
-6826
-6325
-5723
-5200
-4252
-3196
-2202
-1427
-1064
-649
-182
384
1400
2171
2300
2185
1901
1767
1975
2444
2577
2178
1843
1399
677
381
175
-271
-383
-543
-1095
-1571
-1637
-1815
-1744
-895
-450
-926
-746
483
1861
2971
3720
3395
2867
3576
4768
5525
6024
6379
6152
6064
6607
7192
6974
6338
5890
5526
4789
3931
3163
2033
681
-84
-804
-2157
-3414
-3899
-4402
-5257
-5600
-5892
-6553
-7384
-7572
-7524
-7648
-7587
-7105
-6546
-6043
-5683
-5271
-4499
-3406
-2132
-1096
-568
-361
-103
541
1515
2364
2757
2514
2110
1893
2095
2606
2827
2496
2351
1962
1085
455
230
36
-167
-74
-452
-1248
-1710
-1813
-1632
-936
-328
-227
-151
646
1847
2697
3040
2844
2913
3564
4581
5290
5650
5556
5276
5607
6447
6865
6563
5824
5089
4494
4161
3746
2792
1651
430
-579
-1441
-2352
-3173
-3764
-4402
-5131
-5867
-6435
-7031
-7442
-7232
-7078
-7384
-7593
-7333
-6768
-6126
-5501
-4595
-3848
-3153
-2436
-1656
-1026
-569
110
880
1488
1983
2302
2237
2027
2081
2413
2548
2525
2339
1972
1441
1021
692
352
64
-255
-804
-1140
-1269
-1459
-1667
-1522
-1083
-892
-667
-65
828
1791
2506
2692
2451
2651
3437
4289
5087
5586
5554
5372
5580
6207
6582
6328
5710
5234
4805
4179
3566
2724
1653
592
-255
-1301
-2377
-3061
-3588
-4319
-4911
-5349
-5838
-6519
-7151
-7357
-7262
-7041
-6816
-6529
-6194
-5966
-5543
-4690
-3679
-2793
-2032
-1281
-946
-659
178
1169
1773
2222
2531
2375
2034
2348
2904
3026
2919
2788
2418
1679
1346
1039
652
551
267
-490
-1030
-1132
-1216
-1324
-927
-528
-613
-212
565
1163
1809
2491
2510
2410
2995
3829
4405
4998
5281
4716
4537
5334
5981
6076
5836
5123
4205
3822
3766
3238
2469
1522
300
-848
-1549
-2341
-3226
-3853
-4413
-5185
-5771
-6173
-6962
-7347
-6815
-6386
-6687
-6866
-6788
-6601
-5960
-4665
-3502
-3136
-2837
-2277
-1569
-629
335
918
1369
1712
1822
1913
1955
1926
2064
2524
2657
2370
2234
1830
1172
1031
960
585
72
-409
-1059
-1480
-1299
-1237
-1547
-1412
-1106
-959
-497
241
882
1396
1949
2110
2122
2582
3269
3802
4527
5152
5068
4923
5360
5807
5949
5714
5210
4604
4000
3600
3042
2022
957
280
-384
-1312
-2076
-2777
-3634
-4279
-4567
-4972
-5525
-6012
-6540
-6969
-6967
-6642
-6304
-5899
-5591
-5467
-5122
-4537
-3653
-2540
-1582
-1010
-589
-234
211
979
1840
2335
2276
2243
2281
2313
2796
3165
3003
2775
2433
1815
1300
1035
804
523
252
-262
-986
-1324
-1264
-1290
-1109
-688
-406
-60
591
1297
1629
1734
1983
2385
2891
3614
4000
4241
4386
4453
4665
5197
5723
5661
5182
4697
4177
3622
3320
2785
1791
829
-80
-908
-1517
-2252
-2993
-3675
-4283
-4862
-5397
-5683
-5884
-6165
-6480
-6746
-6774
-6516
-5912
-5446
-5134
-4578
-3920
-3146
-2347
-1525
-846
-259
326
837
1275
1873
2143
1971
2086
2383
2453
2500
2701
2626
2131
1968
1925
1244
677
494
-30
-570
-521
-713
-1267
-1325
-1185
-1516
-1541
-636
144
478
1237
1568
1052
1187
2158
2878
3434
4215
4448
3949
3882
4613
5185
5471
5587
5133
4318
3635
3316
3039
2500
1781
941
-169
-1130
-1899
-2531
-2945
-3408
-3941
-4506
-5197
-5846
-6227
-6371
-6482
-6581
-6291
-5865
-5664
-5633
-5438
-4872
-3987
-2760
-1762
-1507
-1291
-724
14
833
1703
2094
1952
1694
1916
2530
2839
2919
2892
2669
2192
1837
1727
1498
1030
705
392
-183
-679
-881
-1037
-1027
-822
-677
-706
-305
467
1053
1349
1300
1338
1581
2281
3173
3598
3603
3605
3687
4026
4683
5234
5379
5118
4717
4350
3959
3569
3105
2453
1593
599
-323
-983
-1695
-2360
-2879
-3697
-4500
-4851
-4900
-5103
-5492
-5818
-6338
-6539
-5929
-5372
-5083
-4889
-4708
-4287
-3616
-2467
-1602
-1482
-1032
-410
179
1006
1571
1596
1400
1469
1868
2332
2754
2756
2385
2407
2389
1990
1804
1490
861
480
366
-182
-952
-922
-713
-883
-917
-989
-1198
-838
345
1361
1558
1333
1252
1588
2474
3241
3298
3276
3614
3901
4172
4751
5005
4612
4254
4331
4266
3752
3037
2360
1599
957
577
-7
-1054
-2188
-2729
-3141
-3662
-3871
-4142
-5003
-5597
-5776
-6158
-6632
-6525
-5934
-5549
-5266
-5070
-5142
-4711
-3468
-2283
-1601
-1338
-965
-546
-91
838
1564
1673
1442
1489
2002
2350
2467
2618
2514
2297
2192
1830
1386
1064
993
695
114
-278
-689
-976
-770
-481
-513
-702
-649
-319
384
1379
1920
1573
1271
1470
1952
2809
3704
4001
3782
3747
4104
4532
4897
5238
5152
4650
4283
3757
3152
2721
2259
1539
781
56
-911
-1922
-2506
-2868
-3424
-3841
-4179
-4938
-5814
-6135
-6178
-6222
-6036
-5574
-5230
-5149
-5079
-4709
-4127
-3341
-2221
-1308
-1083
-990
-581
23
576
1282
1745
1530
1444
1847
2138
2319
2643
2687
2333
1877
1608
1253
868
769
548
8
-487
-814
-1041
-1049
-926
-843
-763
-656
-411
141
1082
1635
1703
1716
1828
2284
2905
3633
3985
3990
4010
4318
4618
4835
5079
4995
4445
3930
3673
3163
2451
2111
1640
635
-369
-1045
-1782
-2456
-2714
-3197
-3998
-4559
-4901
-5460
-5869
-5928
-5981
-6197
-5966
-5378
-5209
-5237
-4819
-4260
-3460
-2450
-1643
-1451
-1252
-642
8
571
1162
1377
1080
1089
1454
1805
2074
2355
2312
1906
1629
1472
1116
744
628
359
-234
-567
-679
-948
-1003
-772
-575
-719
-746
-514
34
1003
1918
2241
1875
1800
2271
2826
3547
4264
4414
4270
4329
4686
4898
4989
5049
4724
4095
3732
3273
2582
2131
1730
960
23
-778
-1584
-2311
-2673
-3039
-3636
-4091
-4460
-5220
-5760
-5784
-5914
-5960
-5605
-5062
-5010
-5076
-4785
-4303
-3461
-2257
-1423
-1155
-1073
-762
-243
252
933
1322
1246
1214
1470
1773
1975
2167
2314
2165
1944
1697
1161
655
461
286
-97
-367
-639
-993
-1207
-903
-539
-396
-233
-156
-115
621
1583
2049
2295
2585
2694
2757
3152
3676
4032
4295
4674
4724
4570
4456
4480
4466
4261
3981
3590
2740
1965
1578
1164
398
-492
-1092
-1784
-2679
-3213
-3552
-4063
-4484
-4753
-5100
-5720
-6094
-6117
-5930
-5404
-4786
-4579
-4670
-4487
-3677
-2735
-1860
-1145
-865
-774
-422
-4
418
803
968
962
929
1070
1105
1095
1359
1561
1538
1433
954
408
-89
-310
-355
-509
-675
-872
-1165
-1320
-1116
-751
-406
-232
-37
173
401
1036
1945
2534
2802
3022
3248
3451
3813
4589
5069
5261
5301
5005
4706
4513
4340
4232
3774
3181
2669
1917
1075
392
-158
-767
-1382
-1996
-2805
-3641
-3992
-3817
-3849
-4468
-5281
-5847
-5836
-5371
-4891
-4515
-4341
-4417
-4336
-3702
-2849
-2242
-1656
-958
-562
-482
-21
359
414
829
1258
1143
928
1129
1282
1310
1592
1725
1152
481
170
-312
-569
-442
-533
-842
-883
-1006
-1382
-1417
-897
-357
-66
332
522
481
846
1739
2690
3400
3679
3763
3876
4222
4754
5305
5542
5416
5256
4979
4632
4466
4373
4120
3849
3343
2355
1389
777
240
-175
-475
-1229
-2394
-3217
-3825
-4215
-4148
-4176
-4696
-5309
-5665
-5822
-5682
-5201
-4595
-4185
-3839
-3587
-3450
-3142
-2347
-1266
-513
-239
-207
-348
-475
-108
561
750
564
370
166
77
374
649
487
338
184
-393
-1045
-1227
-1302
-1278
-903
-822
-1357
-1605
-1193
-761
-217
572
764
428
662
1236
1690
2459
3368
3833
4043
4523
4741
4792
5134
5538
5675
5630
5395
4752
4050
3854
3803
3457
2971
2082
1031
447
113
-401
-990
-1586
-2387
-3264
-3593
-3750
-4195
-4456
-4523
-4837
-5129
-5051
-4980
-4989
-4486
-3717
-3488
-3379
-2978
-2637
-2231
-1370
-663
-658
-538
-21
102
-21
287
308
-37
136
490
212
-192
-128
-190
-481
-507
-684
-1355
-1653
-1373
-1306
-1420
-1257
-1292
-1431
-833
40
398
478
666
926
1287
1952
2520
2691
3018
3896
4710
5154
5344
5375
5398
5619
5935
6018
5652
5173
4691
4195
3970
3654
2970
2270
1717
1091
470
-78
-659
-1423
-1906
-2309
-3076
-3786
-4059
-4252
-4224
-3846
-3835
-4363
-4587
-4274
-3850
-3405
-2979
-2895
-2986
-2650
-2241
-1896
-1408
-1048
-966
-824
-666
-703
-769
-642
-518
-470
-481
-719
-1072
-1149
-1085
-1048
-1156
-1628
-2088
-2071
-1766
-1665
-1661
-1704
-1771
-1486
-717
-100
3
200
643
1060
1743
2560
2844
3018
3532
4139
4606
5185
5624
5699
5651
5824
5944
5673
5230
4868
4738
4345
3836
3392
2849
2242
1824
1446
761
15
-418
-942
-1579
-2012
-2558
-3290
-3884
-3951
-3901
-4079
-4039
-3936
-4105
-4134
-3792
-3583
-3324
-2835
-2537
-2509
-2258
-1850
-1714
-1431
-947
-884
-1103
-1148
-1152
-1184
-1059
-1096
-1582
-1919
-2059
-2313
-2433
-2360
-2356
-2447
-2295
-2121
-2180
-2096
-1849
-1688
-1358
-818
-505
-289
48
442
912
1389
2086
2587
2812
3350
3891
4268
4634
5056
5480
5707
6124
6558
6489
6130
5902
5772
5465
5151
4838
4276
3535
2822
2190
1695
1208
682
170
-488
-1184
-1568
-1892
-2226
-2581
-2786
-2944
-3322
-3304
-3047
-2989
-2960
-2639
-2617
-2959
-3028
-2699
-2556
-2507
-2144
-2095
-2331
-2193
-1904
-1943
-1897
-1533
-1546
-1970
-2027
-2053
-2502
-2839
-2918
-3064
-3359
-3311
-2989
-3105
-3207
-2949
-2798
-2616
-2194
-1710
-1412
-1119
-545
-104
277
1011
1545
1905
2629
3338
3807
4212
4591
4805
4992
5353
5677
5834
5928
5819
5751
5908
5888
5512
5133
4820
4321
3851
3475
2956
2330
1768
1343
852
296
-257
-849
-1080
-1212
-1485
-1723
-1942
-2297
-2485
-2452
-2491
-2561
-2420
-2297
-2391
-2518
-2571
-2542
-2623
-2537
-2396
-2527
-2762
-2921
-2965
-2907
-2894
-3015
-3283
-3498
-3599
-3715
-3936
-4169
-4329
-4279
-4107
-3952
-3809
-3850
-3778
-3288
-2679
-2198
-1881
-1695
-1398
-842
-81
688
1131
1446
1954
2609
3284
3809
4288
4715
4969
5329
5684
5634
5583
5699
5910
6017
5891
5605
5085
4744
4805
4857
4391
3685
3048
2506
2205
2039
1767
1249
676
209
-154
-260
-250
-365
-484
-542
-831
-1115
-1158
-1129
-1093
-1049
-1057
-1424
-1806
-2050
-2197
-2102
-1948
-2051
-2434
-2831
-3173
-3391
-3468
-3531
-3667
-3971
-4347
-4710
-4954
-5023
-4935
-4786
-4697
-4786
-4881
-4800
-4435
-3906
-3364
-2813
-2388
-2080
-1740
-1244
-723
7
891
1600
2049
2337
2645
3136
3724
4272
4737
4980
5112
5254
5346
5534
5668
5607
5584
5438
5126
4790
4459
4222
4101
3920
3537
3069
2522
2017
1617
1537
1404
1110
905
626
279
139
273
142
-85
-39
-11
-308
-462
-467
-725
-890
-807
-1020
-1387
-1728
-2040
-2346
-2526
-2594
-3001
-3665
-4129
-4304
-4586
-4897
-5080
-5300
-5648
-5888
-5875
-5924
-6027
-5910
-5548
-5300
-5220
-5076
-4718
-4294
-3755
-3026
-2419
-2014
-1460
-625
43
657
1468
2210
2692
3152
3626
3853
4068
4527
5006
5150
5272
5320
5107
5095
5239
5297
5281
5124
4774
4240
3945
3801
3546
3291
3030
2695
2356
2103
1887
1726
1758
1857
1763
1475
1365
1246
1221
1468
1626
1418
1127
946
723
588
610
588
178
-243
-622
-1026
-1435
-1768
-2131
-2749
-3246
-3592
-4076
-4687
-5129
-5360
-5538
-5754
-6054
-6353
-6506
-6397
-6142
-5890
-5837
-5749
-5475
-5082
-4494
-3878
-3349
-2961
-2518
-1815
-1096
-461
206
911
1503
2020
2521
2840
3036
3468
3943
4259
4441
4418
4311
4215
4391
4557
4536
4436
4082
3692
3541
3511
3396
3200
3093
2894
2531
2410
2453
2339
2381
2562
2481
2234
2241
2289
2307
2464
2520
2359
2128
1992
1821
1725
1709
1531
1224
926
465
-160
-603
-1003
-1489
-1912
-2349
-3024
-3682
-4158
-4578
-4971
-5239
-5501
-5957
-6306
-6414
-6498
-6527
-6370
-6258
-6224
-6030
-5743
-5438
-5024
-4516
-3932
-3469
-3019
-2499
-1969
-1310
-613
19
462
841
1322
1683
2040
2409
2676
2866
3132
3304
3320
3232
3242
3292
3278
3310
3116
2875
2777
2707
2750
2895
2926
2875
2788
2773
2728
2721
2830
2931
2943
3075
3258
3206
3146
3160
3164
3122
3189
3237
2958
2678
2564
2466
2349
2153
1711
1051
521
179
-233
-711
-1253
-1919
-2526
-2917
-3313
-3811
-4292
-4785
-5164
-5153
-5254
-5437
-5631
-5771
-5695
-5542
-5325
-5200
-5034
-4714
-4311
-3946
-3516
-3062
-2737
-2261
-1722
-1299
-1020
-778
-371
56
412
738
924
1002
1192
1486
1836
2005
1974
1970
1906
1844
1944
2051
1972
1969
2024
1988
1935
2014
2127
2224
2424
2776
2969
2982
3164
3312
3417
3592
3784
3844
3803
3766
3711
3635
3715
3820
3735
3533
3260
2860
2457
2241
1987
1566
1031
462
-79
-458
-748
-1182
-1700
-2142
-2599
-3065
-3411
-3713
-3941
-4088
-4112
-4251
-4571
-4756
-4801
-4756
-4477
-4107
-3854
-3669
-3531
-3292
-3039
-2702
-2354
-2197
-2088
-1896
-1698
-1480
-1244
-1014
-817
-711
-681
-622
-547
-494
-450
-351
-352
-393
-366
-324
-288
-206
59
291
461
566
725
886
1097
1391
1614
1785
1985
2237
2491
2835
3177
3369
3552
3812
3997
4112
4217
4238
4101
3965
3919
3741
3509
3345
3070
2690
2420
2181
1898
1511
1188
796
256
-224
-573
-876
-1113
-1259
-1599
-1978
-2238
-2332
-2365
-2338
-2343
-2527
-2680
-2671
-2593
-2475
-2413
-2364
-2300
-2208
-2066
-2072
-1974
-1834
-1708
-1655
-1644
-1682
-1726
-1632
-1461
-1363
-1373
-1393
-1427
-1518
-1459
-1358
-1449
-1489
-1471
-1527
-1563
-1418
-1211
-1075
-852
-609
-428
-236
86
363
636
1071
1447
1669
1894
2169
2342
2570
2926
3107
3207
3315
3347
3273
3291
3412
3444
3431
3349
3111
2801
2608
2496
2343
2107
1892
1514
1118
945
825
591
437
324
73
-145
-284
-473
-570
-524
-568
-610
-686
-755
-863
-852
-753
-770
-799
-767
-935
-1075
-1126
-1202
-1311
-1315
-1320
-1564
-1769
-1929
-2104
-2202
-2222
-2320
-2465
-2606
-2811
-2939
-3004
-2983
-2984
-2948
-2799
-2739
-2696
-2531
-2332
-2080
-1793
-1516
-1325
-1209
-926
-554
-161
163
441
646
915
1213
1538
1825
1958
2026
2070
2171
2335
2385
2394
2360
2365
2333
2256
2171
2031
1980
1861
1918
1905
1791
1680
1548
1398
1388
1485
1442
1290
1151
1146
1133
1191
1267
1273
1139
1000
890
820
871
975
898
768
689
560
413
297
266
78
-125
-401
-646
-860
-1032
-1157
-1309
-1590
-1858
-2150
-2359
-2472
-2595
-2592
-2683
-2734
-2747
-2701
-2629
-2587
-2555
-2544
-2440
-2194
-1983
-1842
-1685
-1506
-1338
-1078
-762
-673
-568
-302
-79
66
252
519
616
654
781
855
888
1036
1254
1331
1343
1371
1326
1273
1410
1601
1558
1381
1359
1358
1349
1513
1589
1606
1646
1737
1857
1867
1898
1895
1847
1873
1917
1809
1680
1599
1602
1579
1549
1363
988
824
776
659
480
369
153
-130
-330
-476
-699
-964
-1162
-1371
-1668
-1803
-1879
-2083
-2224
-2270
-2410
-2497
-2503
-2571
-2651
-2578
-2409
-2363
-2334
-2208
-2134
-2056
-1869
-1714
-1654
-1537
-1343
-1251
-1158
-1016
-868
-830
-738
-531
-426
-384
-270
-105
48
193
346
467
548
665
750
849
965
1093
1132
1155
1242
1375
1512
1620
1716
1832
1947
2007
2118
2238
2293
2336
2424
2438
2371
2349
2433
2398
2196
1997
1891
1683
1528
1502
1334
1087
909
652
278
28
-140
-297
-514
-650
-831
-1047
-1227
-1398
-1478
-1530
-1614
-1713
-1836
-1910
-2001
-2023
-2027
-2075
-2127
-2165
-2172
-2151
-2056
-1989
-1917
-1831
-1752
-1669
-1528
-1342
-1168
-1083
-914
-795
-674
-493
-412
-377
-332
-308
-251
-179
-88
-52
48
204
312
441
534
678
845
1055
1282
1504
1617
1686
1799
1971
2094
2269
2412
2370
2301
2329
2356
2351
2293
2232
2192
2068
1994
1959
1874
1734
1592
1442
1242
1051
811
572
415
234
16
-192
-442
-691
-941
-1070
-1191
-1376
-1552
-1695
-1781
-1852
-1882
-1938
-2027
-2158
-2188
-2180
-2123
-2049
-2040
-2075
-2103
-2104
-2103
-2031
-1917
-1849
-1772
-1682
-1637
-1581
-1434
-1259
-1151
-1066
-954
-848
-826
-733
-566
-494
-421
-200
-39
-5
143
354
590
809
1041
1199
1288
1385
1553
1788
1994
2158
2234
2236
2201
2279
2398
2461
2443
2351
2286
2293
2240
2184
2110
1977
1897
1739
1487
1370
1223
1085
953
821
611
327
107
-61
-211
-332
-469
-712
-884
-1075
-1213
-1282
-1309
-1368
-1543
-1640
-1753
-1849
-1879
-1858
-1820
-1867
-1931
-1921
-1894
-1878
-1808
-1691
-1706
-1749
-1670
-1588
-1531
-1411
-1321
-1230
-1184
-1099
-1033
-1024
-925
-723
-612
-466
-271
-201
-104
64
262
450
654
782
858
988
1123
1210
1352
1466
1584
1677
1777
1946
2086
2246
2261
2220
2202
2235
2250
2199
2165
2097
1994
1915
1827
1696
1606
1544
1511
1379
1241
1072
805
679
498
290
127
21
-155
-283
-351
-546
-742
-895
-1004
-1254
-1483
-1595
-1696
-1829
-1851
-1884
-1985
-2009
-1987
-1964
-1949
-1906
-1924
-1961
-1909
-1841
-1766
-1719
-1670
-1630
-1563
-1492
-1495
-1375
-1216
-1144
-1015
-896
-838
-727
-602
-451
-343
-271
-101
47
189
344
489
612
730
849
1022
1171
1264
1335
1435
1533
1699
1788
1773
1819
1888
1907
1894
1868
1813
1751
1723
1727
1675
1569
1520
1463
1356
1257
1099
980
898
782
673
561
425
239
104
31
-91
-314
-502
-669
-765
-855
-985
-1107
-1190
-1273
-1330
-1332
-1422
-1449
-1509
-1516
-1507
-1525
-1503
-1489
-1480
-1447
-1377
-1364
-1406
-1398
-1411
-1366
-1326
-1241
-1189
-1148
-1008
-882
-829
-756
-575
-516
-415
-241
-82
14
106
242
312
399
518
587
726
872
971
1042
1085
1111
1256
1388
1449
1507
1547
1606
1604
1613
1688
1692
1658
1652
1617
1519
1496
1428
1322
1246
1091
959
859
775
719
549
462
364
233
174
107
-32
-100
-142
-323
-427
-468
-513
-560
-631
-670
-683
-758
-846
-900
-900
-900
-960
-990
-1001
-1024
-1073
-1130
-1081
-1064
-1095
-1028
-1024
-1052
-1014
-968
-905
-881
-833
-814
-808
-745
-671
-652
-634
-566
-547
-468
-379
-276
-196
-133
7
102
150
256
377
426
524
643
695
710
742
798
794
843
898
820
817
877
904
921
906
867
819
816
782
727
683
620
524
485
438
323
228
201
133
96
25
-82
-180
-260
-297
-266
-220
-284
-276
-271
-321
-357
-355
-366
-431
-436
-487
-580
-624
-663
-650
-631
-598
-613
-641
-640
-627
-595
-619
-581
-505
-464
-450
-412
-351
-340
-290
-236
-233
-248
-269
-223
-120
-68
-16
18
29
51
107
226
331
370
386
433
496
588
695
769
813
863
851
808
769
714
712
697
644
576
506
477
404
336
335
321
301
293
278
235
246
241
181
126
67
-2
-43
-89
-131
-105
-128
-185
-185
-183
-185
-136
-122
-112
-126
-130
-102
-112
-104
-106
-169
-284
-344
-291
-228
-284
-331
-395
-369
-323
-226
-159
-183
-216
-279
-257
-303
-320
-277
-280
-282
-263
-224
-248
-294
-241
-187
-114
-81
-85
29
153
293
322
290
293
245
219
262
285
237
208
159
62
-8
-10
-13
-51
-72
-79
-62
-1
26
26
63
50
9
21
10
31
38
-29
-61
-24
-63
-48
-40
-64
-69
-38
-11
-44
2
-3
9
-44
-38
57
60
50
61
32
-21
-67
-138
-167
-175
-244
-320
-397
-499
-526
-519
-482
-367
-320
-293
-187
-61
26
91
128
151
160
162
181
207
282
320
355
363
323
282
284
302
308
351
294
289
295
283
298
292
294
267
260
210
147
84
-9
-62
-97
-155
-225
-267
-308
-312
-281
-287
-264
-278
-241
-121
-32
56
120
166
199
220
179
174
175
177
172
158
124
84
55
36
29
-38
-18
-4
-49
-57
-64
-50
-70
-55
-49
-60
-34
-52
-97
-33
-26
-66
-58
-89
-115
-128
-76
-62
-24
72
88
112
178
227
277
287
347
357
412
439
392
380
296
285
261
204
107
7
-84
-122
-179
-238
-278
-329
-329
-330
-291
-290
-285
-255
-216
-251
-270
-306
-343
-279
-242
-239
-261
-310
-358
-319
-279
-261
-204
-210
-160
-111
-80
-36
-50
-49
-78
-35
11
-14
-15
-57
-145
-126
-93
-107
-152
-191
-158
-151
-120
-43
-13
13
44
23
52
99
108
84
73
121
144
169
216
239
268
297
290
286
324
302
353
397
357
335
270
211
160
115
127
146
91
6
-59
-104
-77
-70
-92
-153
-214
-238
-221
-181
-176
-177
-182
-162
-168
-177
-148
-150
-153
-88
-42
8
38
59
93
109
138
139
117
103
158
147
180
216
223
227
225
310
330
328
351
320
253
238
168
106
132
98
70
36
-22
-37
-62
-33
29
74
32
82
65
66
85
106
121
44
28
83
49
1
15
5
18
-16
-46
-35
-78
-56
0
22
68
20
-14
-38
-70
-107
-114
-151
-194
-247
-303
-326
-344
-353
-326
-296
-308
-329
-292
-262
-280
-235
-172
-165
-162
-127
-151
-142
-111
-112
-134
-172
-161
-171
-135
-79
-16
0
37
56
58
54
118
182
205
192
169
106
91
164
160
162
118
115
79
52
40
31
50
24
-11
-18
-89
-100
-73
-11
3
-16
-24
-60
-88
-96
-77
-72
-101
-172
-178
-204
-190
-218
-204
-176
-178
-194
-168
-157
-150
-109
-69
-61
-67
-32
-1
16
18
30
-19
-90
-128
-140
-160
-187
-140
-122
-118
-113
-106
-103
-89
-24
-4
25
7
22
35
25
83
128
177
222
214
247
264
263
255
292
410
461
538
578
598
573
623
635
694
748
756
765
715
697
665
693
630
567
449
388
361
326
271
230
175
50
4
-36
-82
-103
-103
-126
-195
-224
-241
-276
-289
-294
-312
-353
-367
-379
-420
-435
-400
-401
-363
-318
-336
-344
-323
-293
-331
-304
-340
-382
-390
-434
-450
-477
-489
-523
-545
-566
-558
-580
-557
-506
-489
-424
-384
-316
-269
-252
-198
-151
-95
-22
11
37
111
141
205
292
315
367
382
388
420
470
488
524
558
529
542
531
515
509
502
470
424
346
276
238
207
167
86
38
13
-11
-24
-40
-95
-85
-104
-151
-174
-200
-172
-156
-150
-172
-190
-228
-223
-233
-238
-255
-316
-324
-368
-372
-377
-396
-486
-504
-514
-491
-453
-473
-527
-538
-523
-477
-413
-423
-399
-431
-434
-428
-427
-387
-339
-295
-228
-168
-141
-41
37
75
132
211
292
383
436
502
583
634
666
702
693
668
677
705
734
763
792
789
762
768
773
711
681
628
578
563
582
584
567
557
529
504
432
385
408
343
279
240
196
145
91
67
45
-10
-83
-84
-112
-169
-164
-166
-182
-223
-283
-274
-290
-335
-388
-449
-474
-493
-536
-604
-654
-700
-722
-746
-780
-735
-713
-669
-597
-555
-495
-420
-384
-342
-321
-284
-243
-281
-293
-306
-302
-286
-250
-215
-154
-128
-116
-47
9
82
118
171
246
338
414
418
361
312
309
341
327
272
284
313
317
315
316
280
270
307
336
386
430
490
524
530
489
438
389
354
309
291
261
175
99
48
-36
-75
-103
-195
-252
-286
-311
-371
-378
-390
-428
-489
-505
-507
-497
-493
-513
-505
-496
-541
-551
-542
-555
-542
-518
-498
-469
-454
-405
-356
-262
-222
-205
-104
-35
27
64
113
129
122
151
166
186
167
200
207
191
189
154
189
220
222
272
315
343
334
351
423
456
474
443
501
539
518
508
549
552
530
483
455
417
409
416
381
384
369
329
289
290
308
277
282
217
167
163
135
99
91
51
-72
-121
-185
-269
-311
-357
-429
-491
-519
-485
-487
-434
-407
-381
-334
-309
-294
-238
-223
-215
-177
-182
-195
-229
-227
-261
-248
-293
-318
-306
-291
-272
-234
-256
-266
-260
-247
-261
-241
-202
-206
-163
-149
-112
-116
-144
-127
-139
-142
-95
-90
-28
21
63
161
208
256
317
369
394
406
424
435
434
419
436
427
411
407
333
335
305
226
206
144
72
29
-28
-102
-115
-128
-182
-227
-264
-316
-332
-314
-300
-321
-313
-310
-299
-273
-256
-260
-233
-225
-187
-98
-113
-89
-62
-12
19
20
44
96
144
153
149
142
162
107
97
76
34
40
48
41
9
12
-31
-41
-51
-35
-22
-55
-15
8
47
63
77
114
82
83
183
219
200
231
290
317
328
346
340
358
336
356
398
373
377
344
333
305
269
216
141
98
55
3
-71
-129
-167
-227
-246
-258
-234
-213
-212
-192
-213
-197
-177
-190
-183
-223
-232
-196
-215
-181
-104
-97
-89
-105
-101
-51
-4
29
73
64
62
66
62
62
24
-35
-79
-96
-72
-69
-95
-145
-208
-237
-231
-214
-187
-154
-149
-121
-76
-44
-26
45
71
25
72
74
86
71
74
121
87
102
132
148
175
215
213
195
176
143
130
159
149
90
78
40
-32
-77
-61
-86
-162
-246
-262
-259
-231
-217
-224
-239
-285
-271
-232
-252
-229
-189
-159
-153
-125
-79
-33
5
-8
41
29
-12
-29
-78
-100
-121
-99
-36
-10
1
6
14
36
1
6
5
-49
-84
-63
-73
-72
-96
-113
-105
-123
-109
-66
-32
-23
6
14
10
54
81
114
149
237
308
378
398
402
422
387
361
314
260
239
203
150
168
162
147
113
97
88
74
31
-1
-53
-91
-116
-83
-97
-108
-91
-71
-15
-45
-26
-6
-38
22
43
25
18
51
114
159
199
227
258
226
237
269
281
290
272
264
235
180
162
106
39
13
-13
-23
-37
-90
-140
-182
-181
-217
-254
-242
-231
-201
-169
-147
-148
-119
-145
-145
-138
-145
-125
-87
-74
-67
-49
-8
18
27
81
126
136
122
135
104
82
55
50
-13
-86
-102
-131
-155
-175
-207
-196
-142
-168
-155
-127
-105
-78
-114
-116
-110
-101
-83
-83
-100
-93
-81
-82
-87
-39
-11
-11
1
16
45
29
36
38
51
56
65
42
4
12
-37
-67
-107
-118
-128
-190
-199
-192
-212
-196
-176
-160
-139
-116
-172
-148
-133
-122
-123
-107
-60
-102
-84
-48
-21
11
25
41
85
72
105
80
42
49
28
59
82
54
33
33
15
17
-24
-61
-35
-27
-14
-12
12
7
-6
-50
-12
4
30
51
29
84
100
114
113
98
96
114
194
235
244
310
352
339
346
351
356
326
287
298
294
318
348
365
354
293
250
191
112
106
117
136
161
156
155
135
116
89
60
69
64
50
41
16
-6
-72
-101
-143
-188
-219
-213
-181
-192
-158
-96
-87
-101
-124
-135
-133
-151
-161
-184
-212
-212
-201
-210
-251
-267
-240
-236
-204
-192
-183
-226
-214
-130
-102
-38
-4
49
41
-12
-7
-18
-21
-45
-78
-94
-125
-115
-90
-76
-85
-65
-69
-95
-23
11
32
103
132
148
154
130
110
66
72
44
6
26
45
57
38
17
-31
-55
-50
19
61
63
71
77
75
106
110
70
66
36
-44
-47
-66
-101
-116
-155
-142
-171
-202
-230
-258
-251
-229
-169
-181
-235
-252
-239
-230
-225
-209
-169
-156
-182
-186
-157
-178
-168
-161
-168
-117
-96
-90
-58
-51
-23
47
72
141
192
233
292
298
288
273
276
307
317
315
320
315
313
333
331
308
309
282
254
246
254
273
267
285
313
341
321
347
345
321
274
222
189
147
133
125
78
23
0
-1
5
-18
-63
-93
-80
-54
-49
-37
-63
-80
-99
-92
-100
-175
-191
-208
-236
-267
-273
-301
-314
-337
-329
-376
-384
-303
-310
-271
-240
-188
-154
-175
-166
-141
-85
-41
-55
-73
-34
-52
-49
-23
-36
0
-14
-2
4
-9
33
26
34
43
74
121
155
189
178
161
147
158
179
147
176
144
101
109
106
144
144
110
67
38
29
37
48
73
90
89
29
7
-9
-25
-58
-89
-89
-167
-206
-244
-240
-244
-290
-289
-296
-304
-292
-293
-296
-301
-283
-242
-235
-267
-211
-184
-198
-174
-170
-150
-144
-124
-86
-68
-62
-13
35
54
99
126
168
191
159
161
197
230
216
217
196
160
173
174
158
157
141
170
183
202
227
244
277
315
344
345
324
333
351
363
336
339
361
340
299
253
199
211
175
98
66
1
-17
-12
2
-14
11
6
-12
-36
-56
-117
-170
-167
-192
-227
-260
-242
-272
-265
-287
-339
-358
-377
-397
-378
-342
-323
-275
-218
-143
-130
-169
-193
-168
-138
-118
-77
-65
-49
-21
-16
-10
-58
-75
-46
-23
-8
22
76
95
75
102
108
77
81
118
146
137
142
121
146
184
216
236
183
134
168
234
276
311
297
298
292
328
350
328
322
259
195
130
51
-16
-59
-65
-55
-55
-108
-206
-248
-263
-232
-229
-214
-165
-141
-168
-200
-228
-281
-270
-273
-334
-348
-352
-365
-361
-377
-389
-414
-412
-342
-315
-283
-264
-218
-132
-61
-34
-43
-58
-72
-56
-56
-52
-21
-64
-73
-68
-129
-102
-44
16
48
58
108
131
161
214
248
235
286
286
301
333
374
412
351
352
345
334
333
355
352
333
341
353
337
327
285
289
314
287
281
258
225
186
170
180
123
93
41
14
-10
-76
-117
-164
-186
-195
-241
-244
-232
-231
-224
-249
-236
-202
-172
-177
-140
-170
-175
-200
-249
-275
-273
-265
-273
-282
-294
-301
-315
-261
-244
-232
-207
-123
-60
-41
3
83
106
135
135
145
172
140
103
121
141
144
122
84
82
58
56
122
153
134
161
185
227
205
217
295
283
336
381
368
327
282
259
207
192
140
144
116
129
140
145
116
31
57
6
11
31
8
-7
-11
-54
-99
-140
-221
-259
-328
-359
-405
-438
-424
-413
-456
-453
-456
-478
-474
-496
-438
-373
-368
-362
-333
-315
-303
-306
-282
-261
-248
-211
-181
-154
-109
-112
-117
-123
-105
-81
-29
0
-1
22
23
75
100
126
161
172
155
146
154
148
156
154
188
229
271
290
297
313
341
343
332
339
375
393
384
407
347
330
347
326
336
329
295
290
223
174
148
147
131
141
128
82
72
43
36
-20
-66
-103
-113
-111
-120
-110
-122
-158
-191
-199
-224
-231
-208
-207
-215
-203
-244
-252
-232
-206
-183
-196
-202
-193
-152
-135
-84
-49
-10
-33
-38
-19
-27
-8
7
41
55
92
72
49
69
79
99
145
153
153
92
37
86
60
48
98
138
141
117
135
154
136
151
170
163
164
174
165
144
117
121
169
200
239
235
206
196
189
138
139
81
23
9
-47
-128
-173
-158
-173
-234
-262
-290
-307
-327
-315
-354
-397
-387
-399
-368
-336
-327
-306
-253
-242
-276
-257
-244
-228
-217
-185
-145
-156
-168
-127
-107
-45
-10
-28
-30
-23
-33
-42
-36
-72
-117
-126
-163
-128
-91
-93
-87
-126
-113
-65
-3
12
-8
16
25
20
50
101
135
207
250
267
313
323
329
302
304
268
250
276
245
272
303
298
258
216
223
225
195
207
188
127
114
88
78
94
99
103
66
24
13
10
-1
-15
-43
-87
-79
-86
-103
-76
-46
-54
-62
-53
-30
-45
-25
-29
-62
-91
-108
-131
-189
-185
-173
-167
-143
-150
-130
-106
-55
-21
-47
-3
19
8
-17
-7
41
87
122
129
141
140
140
141
147
134
149
124
153
137
111
129
135
126
113
139
153
195
177
154
130
101
84
78
90
94
76
15
-29
-15
-8
-44
-37
-31
-18
-52
-83
-99
-116
-137
-142
-106
-90
-84
-79
-29
-26
-52
-30
-40
-69
-97
-122
-132
-136
-142
-147
-100
-134
-143
-132
-153
-162
-147
-92
-133
-180
-179
-195
-232
-200
-200
-243
-286
-305
-283
-277
-264
-232
-199
-211
-190
-182
-177
-127
-105
-117
-71
-57
-12
17
30
77
65
86
84
61
44
73
99
119
124
102
119
127
87
100
119
117
125
160
167
155
131
114
124
120
146
160
180
189
150
136
166
172
209
238
233
189
118
102
65
77
79
104
88
47
32
-25
-72
-85
-71
-56
-36
-46
-94
-136
-118
-56
-35
-9
6
-24
-65
-50
-12
18
42
47
67
62
26
17
28
9
-21
-2
21
17
-3
14
83
65
48
16
-11
-11
40
94
95
101
135
180
191
203
166
133
140
115
112
120
107
102
70
59
78
100
83
78
79
76
79
110
83
73
72
61
25
-23
-53
-56
-76
-85
-106
-94
-105
-132
-123
-83
-80
-87
-68
-93
-123
-154
-170
-202
-193
-190
-211
-281
-302
-307
-254
-183
-176
-208
-198
-186
-217
-208
-259
-281
-250
-270
-285
-289
-297
-280
-297
-283
-257
-221
-221
-169
-138
-112
-56
-26
50
101
169
223
218
179
154
137
144
142
123
98
82
95
133
170
229
254
271
266
265
303
305
305
305
321
253
200
201
149
103
42
23
62
58
44
31
-17
-71
-74
-25
21
70
92
110
72
55
71
30
43
24
-4
-83
-102
-112
-151
-147
-147
-109
-65
-33
-12
2
-24
-7
45
86
91
110
91
59
41
4
-14
-64
-89
-141
-175
-187
-222
-239
-200
-154
-159
-118
-65
-35
-2
0
9
25
1
43
78
77
49
53
35
26
33
48
75
73
102
109
109
123
147
127
163
182
204
221
247
243
225
211
213
184
163
155
119
108
141
140
136
112
112
79
46
34
35
70
57
29
-17
-3
-60
-65
-81
-110
-106
-154
-170
-209
-230
-234
-242
-255
-300
-311
-290
-299
-286
-264
-264
-266
-252
-201
-175
-179
-189
-221
-249
-237
-240
-258
-247
-230
-210
-189
-165
-146
-144
-140
-122
-82
-25
11
22
14
15
14
9
7
-30
-2
36
57
101
87
84
58
25
15
56
89
91
113
80
105
82
110
104
129
159
149
161
124
113
110
157
152
164
190
196
186
159
170
170
149
118
131
151
162
131
110
96
47
78
57
34
50
35
0
-18
-10
1
-25
-22
-40
-41
-32
-5
-35
-30
-24
-63
-63
-60
-57
-48
-56
-75
-40
-22
-17
-7
23
36
26
57
64
63
99
128
104
91
94
125
152
129
159
139
97
96
62
73
122
181
177
196
196
201
220
229
212
179
138
93
72
55
72
68
12
-28
-84
-129
-103
-85
-30
-5
20
-1
-6
-22
-69
-76
-68
-55
-81
-105
-149
-188
-257
-270
-247
-252
-248
-277
-310
-315
-342
-344
-329
-326
-324
-309
-305
-310
-311
-314
-335
-359
-375
-400
-366
-318
-290
-248
-244
-225
-180
-134
-75
-23
43
51
82
141
142
112
124
154
143
109
118
134
124
117
95
73
82
71
51
60
84
107
117
152
160
157
187
209
226
212
218
227
217
175
140
159
155
137
138
138
118
95
117
189
190
190
150
119
98
87
123
154
143
85
1
-62
-74
-77
-56
-101
-133
-175
-151
-124
-131
-141
-90
-62
-49
-15
30
57
32
43
-10
-30
-14
-47
-52
-76
-96
-54
-33
-17
15
14
5
17
54
51
64
94
152
202
166
166
177
147
148
145
135
108
53
48
26
32
20
40
70
74
103
123
148
153
179
252
258
268
306
271
230
206
182
154
109
87
44
53
41
-28
-48
-60
-121
-163
-162
-128
-158
-181
-169
-181
-203
-260
-281
-310
-306
-321
-337
-317
-352
-358
-327
-331
-320
-305
-293
-273
-275
-260
-229
-224
-221
-196
-193
-152
-130
-166
-143
-153
-149
-129
-144
-107
-131
-105
-98
-93
-61
-13
2
31
12
-6
23
54
52
71
79
101
150
145
167
157
175
167
192
197
208
183
165
162
110
91
106
123
141
123
132
110
100
107
118
152
135
108
113
132
139
155
121
47
2
-47
-49
13
8
43
54
26
25
15
-2
-41
-44
-47
-75
-60
-62
-62
-54
-38
-38
-57
-86
-138
-133
-115
-65
-9
21
57
28
-11
3
6
30
58
71
65
57
16
53
62
63
90
83
97
102
106
109
101
148
157
135
134
79
87
104
111
94
111
107
117
128
116
112
118
130
108
125
146
143
148
192
182
178
195
157
107
47
11
0
8
-32
-98
-94
-128
-189
-207
-244
-256
-246
-210
-186
-192
-187
-201
-212
-208
-200
-196
-235
-251
-236
-200
-217
-191
-192
-181
-157
-153
-133
-174
-141
-118
-65
-8
9
-28
-50
-81
-107
-102
-96
-110
-155
-174
-166
-160
-174
-157
-142
-124
-100
-108
-94
-80
-56
-16
56
119
163
187
174
148
129
119
115
105
105
109
145
148
139
135
114
93
50
71
67
104
94
120
113
98
113
61
62
94
82
101
73
11
-1
11
16
19
41
44
25
20
69
87
100
99
67
25
17
35
43
17
0
1
17
14
10
0
-20
-20
-37
-44
-31
-34
-9
-14
-9
24
62
106
111
92
97
62
16
64
92
64
41
41
73
77
71
58
50
49
54
45
33
7
-6
0
-17
4
28
52
60
29
22
11
10
-8
-18
-2
-29
-27
-28
1
17
-2
29
42
55
41
38
69
41
48
63
19
26
23
17
-9
-44
-32
-84
-135
-146
-166
-202
-207
-210
-188
-157
-172
-171
-173
-191
-188
-157
-123
-120
-141
-124
-97
-124
-126
-103
-106
-92
-90
-86
-53
-26
-16
-19
-6
-4
-35
-32
-24
-31
-8
18
30
6
2
6
2
-12
-11
12
30
5
-4
29
-2
3
19
48
55
63
74
70
46
24
55
43
61
67
60
26
7
11
4
30
3
8
17
12
4
3
36
34
35
29
31
7
18
42
27
29
45
47
28
25
-13
2
-15
8
22
4
-3
5
22
23
26
27
43
28
25
18
5
5
22
42
61
60
93
80
54
55
50
67
77
87
109
138
130
158
152
140
116
106
104
89
101
94
61
49
38
10
-15
-37
-51
-57
-49
-57
-29
-45
-52
-40
-32
-13
-13
0
26
41
61
54
70
90
67
45
24
-12
-17
1
-14
8
-5
-20
-27
-29
-31
-35
-33
-52
-50
-57
-34
-43
-57
-84
-93
-101
-136
-146
-164
-161
-158
-145
-138
-132
-140
-94
-88
-105
-79
-76
-79
-70
-61
-74
-82
-54
-59
-50
-54
-56
-48
-30
9
19
41
29
46
73
39
29
42
25
4
-2
-37
-53
-52
-58
-45
-47
-71
-93
-85
-75
-61
-50
-42
-31
3
35
11
26
38
45
31
7
10
41
49
50
36
18
23
39
66
81
80
115
127
119
95
89
92
85
92
95
78
59
28
-9
-4
-18
-36
-53
-68
-62
-53
-37
-32
-38
-43
-39
-11
-4
22
40
31
35
17
15
12
20
45
33
40
28
16
5
13
-2
12
42
45
54
57
82
77
71
66
45
37
22
22
38
48
42
28
28
9
19
14
-5
3
-3
0
21
44
74
93
78
114
130
130
132
107
84
57
27
23
-8
-28
-32
-63
-62
-73
-50
-54
-48
-31
-39
-26
-11
8
16
-1
2
-13
-28
-23
-47
-47
-50
-73
-84
-108
-124
-126
-149
-133
-122
-102
-64
-58
-64
-60
-53
-37
-19
1
2
-17
-27
-26
-47
-62
-65
-77
-81
-56
-62
-42
-44
-41
-33
-37
-21
-32
-28
-11
-8
-9
7
4
17
7
16
-3
-24
-16
-11
-7
0
10
-14
-9
-1
19
27
47
55
41
52
73
80
65
62
51
58
44
27
34
21
16
24
29
14
20
9
2
-6
-7
-10
-28
-19
-10
-10
2
16
17
17
6
0
2
9
0
-15
-19
-17
-31
-10
12
-13
-12
-34
-46
-31
-15
-4
-7
-21
-15
-18
-22
-7
15
18
0
5
11
9
-3
23
39
34
39
47
42
60
75
63
74
80
73
52
41
26
21
28
22
31
38
33
28
34
35
24
17
16
19
23
30
46
19
25
43
43
47
37
45
44
30
19
26
33
22
24
47
52
59
61
41
36
33
6
-2
-6
-34
-38
-30
-61
-73
-112
-153
-141
-125
-106
-87
-88
-82
-67
-68
-70
-75
-80
-82
-69
-61
-39
-43
-58
-48
-44
-38
-26
-9
15
35
41
44
52
59
52
35
15
27
19
20
23
-14
-43
-56
-64
-73
-64
-57
-59
-80
-61
-61
-38
-28
-22
3
-14
-7
-9
5
-4
-18
-34
-27
-11
-12
5
10
14
4
9
20
44
48
50
61
47
58
70
65
77
64
46
44
30
23
-1
-18
-15
-25
-50
-46
-50
-35
-8
-22
-16
-14
-14
-22
-16
-20
-33
-35
-40
-24
-11
-20
-23
-34
-19
-1
14
15
13
23
29
46
70
110
117
137
142
133
148
157
141
130
116
83
56
71
79
62
47
33
3
-22
1
17
13
-3
-19
-18
-28
-37
-29
-29
-30
-39
-55
-30
-20
-19
-24
-51
-61
-65
-60
-51
-43
-36
-15
-16
-6
14
33
37
44
43
37
38
33
33
16
-1
-30
-48
-68
-78
-74
-95
-88
-86
-93
-99
-90
-80
-79
-71
-46
-30
-37
-29
-25
-25
-23
4
0
-19
-11
-13
-11
-27
-15
-10
-10
8
5
18
44
49
69
69
49
52
59
48
51
35
18
5
-13
-21
-31
-33
-45
-42
-26
-30
-29
-20
-28
-42
-43
-50
-52
-26
-13
-15
-20
-25
-41
-28
-29
-38
-38
-52
-49
-46
-15
-13
-2
18
3
1
15
18
36
37
23
16
17
21
16
5
7
8
6
16
13
13
13
21
15
-1
5
9
14
22
27
34
31
28
23
26
23
28
39
51
58
60
61
69
74
76
88
87
70
82
84
75
86
91
90
78
70
62
69
62
54
43
36
27
20
15
19
18
5
1
5
6
1
-17
-14
-12
-20
-7
-13
-22
-24
-24
-32
-31
-33
-37
-43
-49
-67
-68
-74
-71
-57
-50
-42
-35
-14
-4
-3
-8
-18
-27
-39
-44
-39
-28
-43
-48
-56
-54
-46
-55
-49
-62
-64
-62
-44
-22
-17
-6
0
-23
-34
-40
-31
-31
-32
-33
-48
-55
-43
-13
-3
4
5
5
29
47
57
58
58
56
47
44
35
20
20
-1
-34
-59
-66
-55
-48
-41
-36
-55
-69
-76
-65
-48
-48
-46
-29
-18
-10
-4
-18
-29
-43
-62
-57
-54
-50
-34
-32
-16
-7
-12
-5
-3
-1
12
28
43
58
65
68
57
65
72
61
69
60
42
41
26
15
17
17
19
28
45
53
52
47
50
49
38
41
37
47
46
52
51
46
53
43
41
38
35
36
31
28
16
26
29
26
44
49
68
79
88
96
83
65
56
30
19
33
22
22
7
-10
-1
-10
-7
-11
-11
-11
1
-2
-1
-12
-17
-9
-17
-11
-13
-12
-17
-28
-40
-46
-52
-57
-69
-68
-75
-71
-61
-58
-39
-40
-40
-34
-31
-23
-19
-13
-13
-13
-22
-23
-38
-46
-38
-32
-20
-14
-28
-34
-42
-40
-37
-36
-27
-29
-26
-22
-14
-7
-8
-8
-3
0
-4
-5
0
-11
-26
-32
-39
-27
-23
-24
-30
-34
-17
-24
-17
0
-3
-8
2
13
15
8
12
15
20
20
27
23
11
12
1
-1
9
15
15
26
20
7
18
15
27
23
14
21
2
-6
-14
-29
-32
-36
-29
-25
-31
-26
-18
-10
-7
-8
-7
-1
5
6
2
6
-4
-7
0
5
-4
-8
-1
1
8
13
16
13
4
2
15
22
30
26
29
32
27
33
42
45
39
43
24
31
36
38
30
36
45
40
47
40
34
32
34
27
22
29
25
24
30
25
21
13
20
13
-6
-6
3
5
1
-4
-4
5
3
9
10
10
15
7
8
12
13
10
6
4
4
9
5
-1
-14
-10
2
4
-4
-17
-20
-22
-17
-12
-5
0
-1
-3
-9
-7
-11
-18
-9
-15
-33
-27
-37
-30
-28
-40
-47
-49
-41
-41
-25
-22
-13
-17
-12
-14
-37
-36
-38
-39
-35
-44
-48
-58
-52
-46
-38
-33
-36
-30
-14
1
20
34
33
30
32
35
30
16
6
5
-8
-23
-34
-30
-36
-32
-31
-36
-33
-37
-32
-12
-5
8
19
26
28
26
15
4
4
-12
-5
-2
-12
-4
1
-4
0
6
1
8
13
5
14
23
31
40
42
41
26
25
28
25
18
1
-6
-9
-9
-16
-3
-1
-2
2
11
16
15
26
24
32
40
36
39
46
43
38
30
16
2
-4
-1
-13
-17
-17
-20
-22
-12
13
20
28
36
40
52
55
56
47
42
30
16
2
-3
-9
-12
-2
-13
-10
-10
-13
-7
-2
15
30
37
41
32
21
27
38
36
27
9
-2
-10
-17
-33
-47
-59
-70
-60
-54
-40
-36
-33
-37
-32
-17
-7
5
14
14
7
-1
3
6
-7
-17
-27
-22
-24
-20
-21
-32
-33
-39
-39
-39
-24
-24
-17
-4
-2
2
-5
-7
-11
-15
-22
-19
-30
-31
-35
-34
-38
-35
-34
-36
-32
-35
-20
-7
6
5
3
10
8
8
9
13
8
8
6
3
6
3
2
-1
1
0
-1
4
10
10
11
13
14
14
15
22
20
8
11
5
-6
-12
-7
-5
-2
10
8
16
13
10
23
33
35
31
24
36
39
38
34
17
8
8
12
15
17
13
15
10
8
18
15
21
17
14
20
27
30
33
31
27
26
27
30
19
13
12
15
17
23
21
21
19
13
6
5
8
3
-2
0
-3
-9
-15
-18
-20
-28
-30
-28
-30
-30
-14
-20
-23
-21
-27
-15
-11
-9
-13
-5
-6
3
7
6
17
11
8
1
-1
3
-2
-4
-7
-12
-7
-21
-29
-29
-44
-34
-31
-28
-31
-29
-24
-18
-11
-19
-14
-5
-16
-24
-25
-23
-29
-34
-27
-32
-32
-37
-30
-22
-14
-3
0
5
7
11
11
14
20
18
10
3
-5
-3
-3
-5
-1
4
9
13
15
13
17
13
16
17
26
28
28
30
17
10
0
-6
-16
-14
-27
-32
-31
-34
-26
-19
-23
-25
-23
-24
-17
-10
-4
0
3
3
12
11
7
12
11
3
5
21
21
12
13
5
3
8
11
12
23
20
13
12
8
6
7
10
15
19
14
9
10
3
1
2
3
11
12
23
26
28
35
41
37
35
37
35
35
36
31
23
24
23
30
28
28
36
26
16
14
15
12
11
8
6
8
0
0
5
4
-3
-7
-17
-21
-26
-17
-8
-14
-11
-9
-17
-23
-24
-22
-17
-20
-21
-22
-23
-26
-24
-24
-26
-18
-16
-15
-15
-12
-11
-19
-16
-17
-20
-21
-21
-14
-4
-6
-3
-7
-12
-3
5
2
6
15
9
9
6
2
3
-9
-11
-18
-22
-24
-24
-25
-25
-27
-33
-35
-25
-13
-12
-10
-12
-12
-8
0
8
12
12
12
8
10
10
13
11
19
12
11
15
6
16
14
9
11
-5
-7
-9
-19
-20
-19
-30
-33
-38
-38
-36
-42
-36
-39
-43
-48
-34
-30
-27
-18
-16
-18
-19
-10
-3
-1
0
2
7
3
-1
4
3
3
13
18
19
25
27
34
33
36
42
41
42
39
34
33
30
30
29
28
27
21
19
17
12
17
22
15
15
15
18
20
27
31
30
30
28
22
22
21
21
25
20
17
24
27
31
23
18
19
16
11
14
21
21
19
17
13
13
8
3
11
4
-3
-4
-4
-5
-3
-2
-8
-4
-8
-8
-3
-3
-9
-11
-10
-10
-6
2
2
-4
-9
-13
-8
-9
-6
-7
-2
-4
-7
-9
-16
-20
-29
-25
-24
-18
-13
-11
-14
-16
-16
-11
-10
-14
-19
-23
-27
-27
-33
-40
-43
-48
-40
-43
-40
-35
-22
-19
-22
-6
-2
-4
-14
-6
-3
-9
-8
-10
-8
-15
-23
-32
-30
-29
-22
-14
-12
-3
-2
1
4
6
11
10
5
-2
-3
-6
-12
-13
-20
-22
-24
-27
-22
-12
-17
-16
-10
-15
-15
-8
-4
0
4
8
16
11
8
9
6
10
4
2
7
18
15
14
13
10
11
17
22
27
26
23
29
24
34
36
37
38
40
39
32
27
21
20
17
14
9
6
4
5
8
17
20
26
22
14
17
14
24
26
29
25
27
29
33
33
30
24
17
17
14
17
12
15
13
7
8
13
20
20
12
9
-1
-10
-6
-6
-8
-8
-5
-5
-4
-5
-2
-5
-10
-19
-21
-23
-24
-24
-19
-15
-17
-13
-15
-7
-9
-9
-4
-8
-10
-10
-10
-10
-9
-11
0
4
-10
-8
-6
-12
-7
2
0
-1
-1
-2
-1
2
2
-4
-6
-8
-16
-16
-20
-29
-35
-42
-43
-44
-46
-42
-43
-36
-34
-35
-36
-31
-31
-27
-24
-25
-14
-19
-13
-16
-17
-13
-16
-11
-8
-3
0
0
-1
-1
-3
-3
1
-4
-3
-4
-7
-9
-6
-2
-3
-2
-3
-4
0
3
5
0
1
9
11
13
14
12
12
14
20
23
20
20
18
21
26
34
32
27
21
21
22
18
22
18
15
13
19
19
20
15
8
9
22
28
22
28
27
18
15
20
18
13
21
19
18
23
29
30
31
30
30
33
26
22
21
20
10
11
6
2
2
-5
-5
-7
-14
-22
-22
-16
-17
-6
-3
2
3
2
6
1
-7
-5
-2
1
-1
-7
-5
-17
-19
-23
-31
-29
-25
-14
-10
-5
3
0
3
6
-7
-10
-10
-10
-14
-7
-11
-15
-16
-17
-18
-29
-24
-25
-24
-22
-13
-3
4
5
7
12
10
16
15
4
2
2
-2
-6
-18
-20
-26
-35
-40
-43
-40
-27
-22
-16
-9
-12
-11
-5
-11
-11
-16
-18
-13
-9
-13
-15
-17
-14
-12
-18
-17
-16
-15
-8
6
14
7
10
17
20
22
18
11
-1
-6
-15
-19
-21
-23
-17
-12
-12
-17
-22
-18
-6
-3
-1
8
20
26
28
29
22
27
25
29
16
10
20
24
18
14
13
9
15
24
31
27
28
32
38
41
41
36
37
35
33
34
24
12
7
0
2
5
-4
-5
-2
-1
7
12
10
8
15
17
16
18
19
20
11
6
4
6
6
2
5
2
1
-5
-9
-6
-10
-10
-14
-12
-3
2
6
9
5
7
4
-4
-4
-7
-6
-7
-8
-16
-20
-29
-28
-25
-28
-22
-18
-13
-13
-11
-14
-14
-5
1
6
13
16
12
9
2
-14
-24
-27
-34
-35
-29
-30
-26
-26
-25
-24
-19
-6
0
3
9
15
16
9
7
6
8
1
-1
-1
-6
-7
-18
-17
-23
-31
-26
-24
-13
-7
-6
1
-1
1
-1
2
-1
-7
-14
-16
-22
-27
-28
-28
-25
-29
-26
-25
-19
-19
-19
-18
-17
-16
-11
-5
-3
6
5
14
12
9
9
9
7
4
10
12
12
9
12
13
16
19
19
24
27
32
31
30
26
26
20
15
15
11
11
7
13
9
9
10
11
15
11
10
11
17
18
18
22
25
22
23
27
29
22
20
19
13
10
7
5
3
1
2
1
4
9
12
9
15
8
4
8
-3
-2
0
-3
4
3
4
11
8
5
10
7
4
7
5
7
7
5
3
-3
8
5
7
3
-4
-3
-9
-7
-8
-3
-7
-7
-13
-12
-14
-17
-17
-13
-9
-9
-4
-10
-9
-8
-13
-13
-15
-8
-11
-9
-9
-10
-5
-8
-9
-13
-11
-8
-3
-3
4
8
7
2
2
2
-2
-9
-17
-16
-17
-19
-19
-32
-36
-41
-37
-34
-34
-27
-27
-20
-11
-13
-17
-22
-20
-18
-17
-15
-17
-15
-18
-19
-15
-11
-3
4
4
12
13
14
12
7
4
0
0
0
2
-3
-5
-14
-20
-24
-24
-25
-23
-18
-15
-20
-13
-7
-1
8
18
17
19
25
29
32
35
26
14
12
13
18
22
26
24
23
17
20
20
18
15
19
15
20
21
24
28
25
24
22
19
13
10
8
3
-5
-10
-10
-9
-5
5
13
19
23
27
28
27
23
20
22
19
21
24
21
15
14
12
6
5
6
4
2
3
-1
-4
-1
5
10
10
13
12
13
11
1
-3
-11
-17
-17
-17
-18
-17
-18
-15
-11
-12
0
4
6
7
6
4
1
-2
1
4
5
7
7
-1
-1
-4
-11
-11
-16
-15
-20
-19
-12
-13
-8
-8
-9
-7
-1
2
5
3
-4
-5
-11
-14
-11
-18
-19
-21
-19
-16
-18
-22
-26
-26
-25
-29
-23
-16
-18
-17
-14
-15
-14
-13
-13
-7
-13
-12
-17
-24
-23
-32
-33
-35
-37
-32
-24
-25
-22
-12
-12
-5
-6
-10
-4
-3
0
4
2
0
6
0
2
4
6
10
9
12
12
12
14
18
22
22
21
19
14
18
19
18
15
17
15
13
15
14
20
17
11
14
16
21
21
18
21
19
19
16
14
10
5
4
-2
-3
-2
-1
0
4
2
5
8
5
2
-1
-3
-3
-4
-2
6
3
5
16
17
19
18
16
17
13
14
17
13
9
9
15
19
18
18
17
14
17
15
12
12
16
10
9
8
2
-3
-3
-3
-4
-1
0
1
-6
-15
-18
-17
-15
-9
-6
-6
-4
2
4
2
1
-4
-12
-12
-2
0
4
-2
-2
-1
-3
-5
-6
-12
-15
-15
-13
-5
3
-4
-2
0
-4
2
-1
-3
-7
-14
-14
-14
-18
-16
-25
-27
-24
-27
-28
-29
-34
-34
-25
-22
-15
-16
-17
-15
-14
-12
-15
-11
-14
-25
-19
-7
-3
-3
-13
-16
-13
-7
1
12
13
16
16
17
25
25
19
11
3
-3
-7
-11
-7
-5
-3
-4
-10
-19
-15
-6
2
7
6
15
22
17
19
17
12
7
1
-4
-8
-10
-2
7
-3
-5
-4
2
4
8
17
21
28
31
34
35
31
25
21
18
18
18
6
-4
-4
-7
-9
-14
-14
-12
-7
-5
1
2
3
8
6
10
10
15
16
14
15
12
10
10
4
4
4
-1
1
7
4
5
10
12
13
15
21
17
14
11
4
-3
-3
1
2
4
4
4
1
-4
-13
-13
-17
-12
-13
-8
-6
-8
-4
0
0
4
6
11
6
-2
5
-1
-13
-19
-26
-30
-37
-40
-36
-38
-34
-30
-25
-13
-9
-7
3
4
11
17
20
24
28
31
22
11
7
0
-3
-4
-14
-19
-17
-26
-24
-24
-19
-11
-13
-11
-12
-8
-7
-11
-7
-9
-12
-8
-10
-15
-14
-12
-17
-14
-10
-7
3
10
17
19
18
16
17
16
16
11
6
3
-4
-8
-7
-12
-16
-24
-28
-27
-22
-13
-5
-8
-8
-4
-9
0
14
18
21
24
20
20
22
23
23
25
26
22
25
23
14
8
5
4
4
6
8
4
0
-2
-4
-3
-6
2
6
7
3
0
-2
-5
-2
5
10
10
19
18
24
24
25
35
34
31
28
30
22
19
17
19
12
11
8
9
7
1
0
4
1
-1
1
-3
-5
-7
-3
-6
-9
-10
-4
-1
-4
-2
-5
-9
-7
-8
-12
-13
-11
-11
-11
-14
-16
-16
-19
-19
-18
-17
-13
-12
-14
-11
-9
-8
-9
-6
-7
-6
-14
-13
-12
-11
-11
-15
-16
-10
-6
2
7
6
8
5
5
-3
-4
-5
-12
-19
-22
-28
-37
-40
-42
-38
-37
-27
-26
-22
-18
-14
-7
-5
-2
0
2
-1
2
3
4
-1
-2
-2
-6
5
7
16
22
22
25
25
27
22
18
17
11
8
7
2
-5
-8
-13
-17
-18
-19
-16
-10
-7
-1
0
-2
-3
-1
6
10
12
14
15
15
17
13
8
7
4
3
5
13
18
17
13
7
7
7
13
15
19
15
17
17
19
23
27
26
19
19
18
15
12
11
11
14
19
17
11
17
19
20
25
23
25
21
16
6
1
-4
-7
-5
-6
-4
-6
-5
-11
-13
-13
-17
-10
-6
-5
0
-1
-6
-3
1
3
3
2
2
-1
-7
-7
-9
-10
-11
-7
-7
-6
-6
0
6
5
1
-4
-5
-10
-9
-13
-15
-12
-16
-15
-19
-18
-16
-18
-17
-12
-15
-13
-10
-12
-6
3
1
6
6
5
2
6
11
4
2
-1
-4
-5
-8
-13
-9
-15
-20
-19
-15
-15
-19
-23
-22
-25
-28
-26
-23
-20
-20
-17
-13
-12
-11
-10
-14
-13
-13
-9
-8
-6
-13
-15
-10
-7
-7
-1
0
1
5
0
-1
-4
-3
-1
-4
-5
1
-2
-1
5
12
17
18
19
18
18
18
17
16
15
17
14
15
14
19
21
17
20
17
12
10
7
8
14
10
8
12
4
6
8
10
11
10
15
17
16
26
22
22
24
22
22
16
21
21
20
23
24
27
28
23
15
8
15
18
18
18
19
17
10
6
3
-3
-9
-8
-10
-11
-10
-6
-4
-2
-3
-5
-12
-15
-8
-8
-5
-4
-5
-10
-10
-17
-23
-22
-21
-26
-27
-23
-27
-18
-18
-22
-23
-21
-19
-16
-5
-3
-4
-6
0
0
-4
-1
3
4
1
0
-2
-10
-5
0
0
2
-2
-10
-14
-21
-18
-17
-15
-11
-7
-4
-7
-6
-9
-15
-13
-15
-14
-12
-16
-21
-22
-20
-22
-19
-13
-3
0
5
8
6
8
9
6
8
7
-1
-7
-8
-12
-7
-6
1
8
5
0
2
6
2
5
5
8
10
14
16
16
16
16
7
-1
-4
-7
-7
-5
2
2
-2
-2
-2
5
5
2
3
2
3
5
4
3
6
6
9
7
13
20
20
19
18
21
19
22
28
23
22
21
17
20
22
24
27
27
23
16
17
12
8
7
7
4
-3
-6
-4
-4
-11
-15
-13
-15
-13
-9
-1
-1
-1
2
3
6
6
3
-2
-10
-13
-8
-5
-3
-4
-6
-10
-6
-14
-11
-9
-5
-4
-5
-3
-4
-4
-4
-7
-9
-6
-10
-10
-8
-9
-10
-10
-10
-8
-10
-7
-3
-2
-8
-9
-9
-8
-8
-7
-4
-7
-3
-4
-9
-8
-6
-4
-5
-12
-17
-15
-17
-16
-15
-13
-12
-6
-6
-5
-2
0
4
5
11
11
13
10
9
8
2
0
-1
-6
-3
-3
-6
-7
-13
-14
-16
-14
-7
-6
-6
-1
-2
-2
5
13
10
17
20
24
22
14
12
14
14
14
16
12
12
7
9
11
7
3
-2
-6
-7
-10
-12
-13
-16
-13
-11
-8
-13
-12
-10
-9
-1
2
4
6
6
6
6
8
11
15
21
26
24
20
22
18
16
11
6
3
1
-3
-2
0
-6
-6
-8
-2
-3
-2
-4
-2
4
7
12
15
17
15
14
11
16
18
15
15
13
13
12
13
14
13
6
8
12
7
4
3
-4
-1
4
3
2
-1
-5
-6
-10
-8
-8
-12
-10
-6
-5
-2
-1
-4
-2
-4
-1
6
6
4
9
10
8
4
1
0
-3
1
-3
-7
-12
-27
-32
-36
-39
-41
-39
-40
-31
-28
-30
-25
-25
-19
-15
-9
0
5
7
5
5
-1
-5
-12
-20
-21
-17
-17
-19
-14
-11
-9
-7
0
0
4
3
4
1
-4
-2
-7
-8
-15
-20
-19
-26
-24
-22
-20
-21
-22
-18
-8
-1
1
7
14
23
21
20
17
17
22
15
10
5
3
6
10
4
-4
-5
5
13
19
25
27
17
7
1
2
1
-5
-3
-1
-3
-4
-10
-7
-5
1
4
4
12
26
34
39
36
33
36
32
32
32
39
34
27
17
12
9
13
13
8
11
10
20
27
32
37
34
32
35
37
37
36
33
26
19
15
6
-4
-10
-14
-13
-14
-19
-26
-27
-22
-26
-21
-16
-12
-7
-9
-6
-6
-14
-19
-25
-30
-29
-29
-28
-27
-28
-25
-17
-14
-7
-4
3
8
11
12
11
5
1
3
-5
-10
-13
-16
-27
-34
-36
-35
-36
-41
-42
-36
-36
-29
-18
-13
-8
1
14
19
20
19
19
13
11
10
0
-7
-8
-15
-18
-23
-29
-33
-34
-33
-35
-29
-21
-14
-7
0
6
14
18
18
19
14
14
9
8
5
2
-1
-2
-2
-1
-4
1
2
6
13
17
17
20
21
17
11
7
3
-4
-9
-12
-19
-27
-20
-21
-12
-7
-3
3
0
0
7
13
19
29
29
28
26
25
17
17
19
20
11
2
-5
-13
-16
-18
-17
-16
-14
-7
-6
-4
3
7
7
14
19
20
23
18
21
26
28
33
32
32
33
31
28
26
25
25
23
16
11
10
8
6
4
5
0
-3
-1
-8
-6
-6
-8
-6
-8
-8
-8
-12
-12
-11
-7
-2
1
4
9
11
14
13
13
12
10
9
12
11
13
10
0
-9
-17
-22
-22
-24
-27
-29
-31
-28
-22
-17
-17
-18
-15
-16
-16
-13
-11
-9
-7
-9
-9
-7
-3
-3
0
0
-8
-7
-8
-10
-13
-15
-15
-11
-13
-14
-10
-11
-14
-17
-20
-18
-17
-11
-12
-11
-6
-5
-4
0
6
6
8
5
6
0
0
-2
-5
-6
-5
-10
-13
-11
-12
-9
-5
-3
1
1
2
3
6
8
7
9
5
6
10
10
8
7
4
3
4
4
9
10
3
6
6
10
10
7
7
5
3
-2
-11
-14
-15
-13
-13
-11
-15
-15
-7
-6
1
3
3
9
11
19
28
30
36
38
34
36
29
27
31
27
21
19
18
18
15
15
15
14
20
22
21
20
16
10
8
3
-4
-5
-8
-9
-9
-9
-9
-15
-11
-10
-13
-11
-14
-11
-7
-2
2
3
6
4
4
2
1
0
-4
-6
-9
-11
-9
-9
-11
-6
0
3
4
2
6
3
0
-4
-7
-4
-5
-1
-5
-4
0
-7
-9
-11
-15
-18
-17
-17
-16
-17
-16
-13
-13
-12
-9
-9
-8
-1
-3
0
-4
-4
1
-5
-6
-5
-3
-4
-2
-2
1
1
-3
-1
-2
-3
-2
-4
-1
0
0
3
2
-2
0
-1
-3
-6
-12
-13
-12
-18
-22
-14
-8
-6
-3
-3
-3
-6
-6
1
3
7
9
8
13
8
8
11
5
5
3
4
4
0
0
-2
-3
-3
-2
0
-3
-3
-5
-6
-3
-6
-7
-3
-3
-2
-1
-6
-10
-8
-1
4
1
6
7
5
6
6
6
8
8
10
13
17
14
18
19
21
25
18
20
21
15
16
20
13
13
19
20
18
22
22
19
22
21
13
10
9
4
1
-2
0
-1
3
2
0
0
-2
-3
-7
-6
-3
-1
7
8
9
13
15
14
15
15
15
15
15
14
9
9
3
-2
-6
-10
-12
-14
-23
-27
-28
-30
-30
-34
-29
-29
-25
-26
-25
-25
-20
-20
-21
-19
-22
-18
-14
-8
-11
-15
-18
-14
-11
-8
-6
1
3
5
9
6
-1
-1
-6
-5
-6
-6
-9
-16
-16
-19
-21
-23
-26
-28
-27
-30
-26
-17
-11
-4
3
9
13
21
17
16
16
14
12
8
2
-1
-4
-5
-2
-10
-12
-9
-10
-2
1
4
5
-1
5
8
15
14
10
5
10
13
11
13
8
7
7
4
6
9
14
21
23
28
26
22
20
21
22
15
8
4
0
-1
0
-8
-12
-12
-9
-11
-8
-5
-6
-1
4
12
19
26
25
24
21
14
16
15
12
14
19
25
21
14
4
-2
3
6
12
10
8
6
3
6
9
10
6
8
12
8
5
3
2
-6
-8
-12
-10
-11
-16
-11
-5
-3
-4
-1
-3
-4
-3
2
1
-4
-5
-8
-4
-3
-5
-7
-7
-8
-6
-7
-7
-8
-8
-7
-4
-1
1
4
2
4
3
1
-4
-6
-6
-6
-10
-13
-19
-26
-27
-27
-28
-24
-27
-30
-35
-32
-29
-27
-21
-16
-14
-13
-9
-5
-4
-5
-1
-1
-1
-5
-8
-13
-15
-13
-9
-8
-5
-2
-1
-5
-4
-3
-2
1
1
1
0
2
2
1
3
-1
-1
-1
-6
-10
-5
-9
-11
-5
0
4
5
10
13
17
15
20
20
22
23
18
14
11
4
2
2
4
0
1
7
6
5
2
5
1
-1
2
2
2
5
11
7
11
17
18
16
15
12
10
11
15
14
8
14
11
10
12
12
8
12
12
13
19
14
17
17
19
20
22
20
20
21
18
15
9
9
7
1
0
-5
-9
-9
-9
-3
-1
0
4
4
3
0
-3
-1
-2
-5
-4
0
3
3
3
0
0
4
7
8
8
10
6
8
4
8
7
1
0
-7
-7
-9
-18
-24
-23
-24
-31
-29
-25
-22
-19
-15
-14
-14
-18
-12
-13
-9
0
-10
-10
-12
-13
-13
-15
-15
-24
-24
-24
-23
-20
-16
-12
-14
-14
-3
-1
-5
-5
-3
-4
-3
4
2
-1
4
1
1
-1
-10
-11
-9
-8
-7
-1
2
12
15
14
18
12
9
6
2
4
7
2
-2
-9
-10
-15
-17
-18
-24
-25
-27
-27
-26
-25
-16
-16
-10
-9
-9
-9
-6
-3
3
4
6
10
9
12
13
13
9
15
17
27
34
36
37
31
30
23
17
17
12
9
10
10
8
4
0
1
-1
-7
-3
-3
3
5
3
5
6
8
10
13
15
20
24
19
14
7
6
8
7
5
5
9
13
15
20
23
23
19
20
19
20
14
13
8
2
-7
-12
-8
-6
-6
-3
-2
-4
-1
-1
2
5
6
8
9
8
16
11
6
2
-3
-12
-18
-21
-23
-27
-32
-28
-32
-22
-16
-14
-4
-1
10
10
9
10
10
4
4
1
-2
-1
-3
-5
-9
-15
-22
-24
-25
-20
-16
-13
-11
-11
-13
-11
-8
-2
0
2
5
6
1
-3
-7
-13
-16
-17
-18
-16
-17
-12
-14
-17
-15
-16
-12
-7
-1
6
6
4
8
7
2
3
1
0
-2
-2
-3
-7
-10
-14
-18
-17
-14
-11
-7
-4
1
5
3
10
9
10
7
7
7
-1
-2
-6
-13
-15
-20
-22
-18
-14
-5
-2
4
5
11
10
10
13
12
17
18
19
22
20
17
13
13
7
2
-1
-4
-1
3
7
11
13
14
20
24
26
23
24
21
16
15
19
18
18
18
14
15
12
15
11
11
12
11
14
14
14
13
12
13
13
11
11
3
-2
-4
-5
-7
-7
-8
-11
-12
-9
-5
-4
-1
-1
3
5
7
6
6
6
8
5
3
1
1
0
0
-5
-6
-6
-10
-15
-15
-15
-15
-17
-23
-22
-24
-22
-26
-20
-24
-24
-22
-24
-28
-24
-21
-19
-13
-16
-13
-11
-9
-11
-8
-6
-1
-3
5
4
1
2
2
