-8
-11
-7
-3
0
-1
-8
-12
-15
-12
-12
-16
-21
-19
-18
-17
-18
-18
-13
-18
-19
-19
-22
-24
-26
-31
-26
-22
-18
-22
-29
-30
-26
-19
-15
-11
-13
-18
-17
-20
-19
-12
-9
-7
-7
-7
-17
-20
-20
-16
-11
-7
-5
-8
-18
-25
-28
-22
-15
-11
-13
-11
-10
-12
-16
-13
-10
-9
-8
-7
-10
-15
-14
-14
-2
4
7
3
-2
-7
-11
1
3
8
10
14
14
10
8
9
15
16
25
18
18
13
8
13
20
21
27
24
13
11
7
12
12
18
19
20
21
26
22
15
15
11
13
14
15
15
10
14
20
24
27
24
16
14
16
14
17
23
21
19
23
27
27
25
24
20
14
14
9
5
9
12
15
14
11
10
5
-1
-1
1
0
1
0
-1
0
0
3
3
7
6
6
1
-6
-9
-10
-6
-1
-4
-5
-9
-19
-20
-17
-14
-4
0
-3
0
-3
-8
-16
-18
-16
-16
-14
-14
-23
-30
-30
-25
-16
-16
-19
-23
-26
-26
-21
-15
-15
-11
-9
-2
-4
-6
-8
-18
-21
-20
-20
-26
-24
-25
-22
-19
-10
-6
-8
-13
-23
-25
-18
-13
-10
-8
-8
-3
-3
3
-2
-5
-11
-12
-10
-14
-12
-9
-5
3
11
12
4
-5
-7
-9
0
2
5
10
7
7
3
8
10
9
6
-1
-2
-4
-1
-2
10
19
19
21
13
3
-3
-3
0
10
15
12
13
16
14
15
19
17
15
7
4
-1
-1
3
12
21
25
24
21
15
5
3
4
14
25
22
23
19
14
12
17
20
17
17
11
7
-2
-2
4
15
18
17
17
2
-1
-4
-3
2
9
15
20
15
12
10
6
6
4
4
1
-2
-6
-3
1
9
11
7
4
-6
-9
-12
-12
-6
1
4
5
5
6
2
-1
-7
-11
-11
-5
-5
-10
-10
-10
0
1
-5
-7
-11
-19
-24
-22
-17
-7
-3
-1
0
-1
2
-5
-14
-14
-19
-19
-17
-19
-20
-10
-4
-4
-7
-14
-14
-19
-22
-18
-20
-14
-8
-4
0
-4
0
-8
-12
-16
-16
-13
-17
-18
-12
-9
-7
-5
-6
-10
-18
-19
-17
-14
-10
-3
2
6
4
3
7
6
-2
-3
-2
-8
-10
-10
-5
6
7
7
4
-4
-11
-13
-11
-5
-5
1
7
8
6
11
11
8
7
4
4
-4
0
0
7
16
22
27
19
14
9
2
2
4
8
15
19
18
17
23
27
23
24
19
15
15
15
17
19
24
26
26
29
18
13
5
1
1
4
14
15
15
14
13
12
10
10
6
8
0
-6
0
7
7
7
7
7
3
-1
-5
-12
-6
-4
-2
2
-1
-2
-1
0
2
2
0
-7
-10
-17
-22
-13
-13
-9
-6
-6
-7
-18
-21
-24
-21
-20
-16
-8
-9
-12
-15
-12
-6
-7
-5
-8
-14
-14
-15
-10
-4
-4
-2
-1
6
0
-1
-5
-14
-9
-3
7
9
6
1
-3
-6
-5
-1
-4
-10
-15
-8
-6
1
-3
-9
-8
-8
-8
-4
-11
-17
-16
-14
-12
-16
-11
-14
-15
-12
-11
-7
-11
-12
-11
-8
-3
-2
-1
-5
-9
-10
-6
-7
-3
-4
-3
1
-2
-1
-3
-2
5
4
6
11
9
7
6
10
12
12
17
14
16
16
14
16
9
8
7
10
6
6
5
3
10
14
14
8
8
10
14
14
17
17
15
20
19
22
20
21
18
15
18
23
15
9
4
1
4
13
19
21
13
12
11
14
15
9
4
3
4
3
11
14
14
16
15
15
12
2
-3
-6
-8
1
10
10
6
-4
-6
-6
-7
-12
-16
-21
-18
-14
-15
-10
-5
-2
0
0
-2
-5
-11
-16
-20
-10
-6
-4
-8
-12
-11
-15
-14
-18
-20
-21
-24
-22
-15
-12
-8
-5
0
-3
-1
-5
-14
-18
-15
-14
-13
-7
-9
-14
-14
-17
-18
-20
-21
-21
-18
-15
-15
-12
-11
-2
-2
-7
-8
-12
-17
-22
-15
-11
-5
-3
-3
-7
-4
0
-9
-14
-14
-16
-14
-9
-2
2
4
6
7
9
3
-4
-11
-13
-6
0
2
9
8
10
12
12
13
2
-8
-13
-9
2
9
17
22
24
21
23
20
17
12
8
8
11
21
24
28
25
30
30
25
21
12
4
4
8
13
21
23
35
32
34
34
25
18
17
12
8
15
12
16
26
28
29
22
8
-5
-10
-11
-12
-9
-2
1
5
12
7
9
9
-2
-5
-5
-6
-10
-15
-9
0
9
12
7
-2
-13
-17
-21
-21
-12
-14
-8
-4
-3
-2
-2
2
-2
0
-1
-7
-4
-7
0
2
7
10
5
1
-8
-12
-12
-14
-16
-19
-13
-9
-11
-13
-14
-13
-10
-7
-9
-14
-17
-19
-15
-6
-2
-5
-10
-15
-18
-24
-30
-30
-30
-24
-27
-25
-18
-17
-20
-20
-10
-11
-11
-15
-18
-24
-20
-11
-1
3
-3
-6
-7
-5
-9
-5
-5
-4
-1
1
-2
-4
-2
0
6
8
11
2
-3
-6
-2
4
5
6
4
4
3
3
0
3
3
1
2
4
4
1
3
7
10
19
21
19
15
14
19
19
24
24
22
22
20
17
13
10
13
17
17
19
16
12
11
11
16
16
15
13
10
11
15
16
18
17
18
12
12
6
-5
-1
-5
-5
2
3
3
-2
0
4
4
9
6
9
5
5
9
8
7
4
7
14
11
11
9
-1
-6
-3
-2
-5
-6
-8
-6
-3
3
4
5
2
-2
-2
0
-2
-1
-3
-5
-4
2
11
12
8
4
0
-3
-3
-4
-7
-6
-2
-1
-2
-3
-11
-13
-10
-8
-7
-14
-11
-15
-12
-5
-1
0
-9
-7
-12
-12
-15
-19
-18
-21
-20
-13
-15
-18
-26
-27
-24
-26
-28
-30
-28
-26
-18
-14
-14
-7
-9
-11
-11
-17
-21
-23
-18
-21
-22
-13
-6
-1
-3
-5
-5
-9
-11
-11
-15
-13
-4
7
12
14
16
16
15
12
5
3
5
5
10
14
16
12
11
14
15
12
6
-3
-10
-6
2
9
13
17
18
19
18
13
4
-5
-6
3
10
14
21
25
26
26
25
22
16
2
-2
-2
3
10
15
27
29
31
35
29
14
0
-8
-7
-2
9
8
7
6
10
19
18
16
1
-4
-5
-10
-6
5
8
11
14
18
19
14
6
2
0
-5
-2
2
-1
-2
-1
0
5
4
-4
-12
-7
-6
-2
1
0
1
-2
0
-1
-3
-2
-7
-7
-4
-1
3
1
0
-6
-8
-11
-18
-25
-25
-23
-20
-13
-7
-8
-7
-3
-9
-11
-17
-18
-20
-21
-17
-17
-13
-8
0
-1
-3
-3
-10
-17
-21
-22
-26
-21
-15
-11
1
8
8
2
-4
-8
-12
-11
-11
-12
-5
-2
1
6
7
3
-5
-12
-14
-20
-19
-10
0
4
9
7
4
1
-4
-9
-10
-3
-2
0
4
6
5
8
11
15
12
5
3
-4
-8
-2
4
5
8
12
16
18
14
13
9
4
7
5
4
5
10
16
20
19
18
18
12
9
4
2
4
7
14
11
5
0
-2
2
9
12
16
16
17
14
15
12
7
8
6
8
9
6
10
7
7
8
8
8
5
3
-3
0
-3
-1
7
12
10
6
8
7
-1
-2
-8
-7
-4
-1
0
1
3
1
3
3
5
-1
-7
-10
-12
-6
-3
3
6
5
6
4
1
-4
-10
-14
-16
-16
-9
-2
4
11
11
7
3
-1
-6
-14
-14
-20
-17
-18
-15
-9
-8
-6
-6
-10
-15
-20
-24
-28
-32
-24
-23
-21
-19
-18
-17
-22
-19
-19
-21
-20
-22
-26
-23
-20
-16
-13
-13
-13
-6
0
2
1
-5
-10
-11
-14
-16
-14
-12
-5
-4
2
6
12
14
12
8
5
1
-4
-7
-7
-2
8
19
26
26
27
21
21
16
10
4
-2
1
6
14
25
32
32
32
31
24
15
11
0
-6
0
3
11
21
25
25
23
19
12
4
3
2
2
4
5
12
14
19
20
19
13
7
0
-4
0
3
6
10
12
9
9
3
-3
-6
-9
-10
-7
1
10
17
14
15
13
9
3
-5
-7
-11
-7
-1
2
5
13
15
13
7
2
-4
-8
-12
-13
-5
4
11
13
11
8
-1
-5
-7
-16
-17
-12
-11
-10
-6
-1
1
-3
-6
-12
-19
-18
-15
-14
-14
-7
-7
0
-2
-2
-9
-16
-22
-26
-21
-14
-6
-2
4
4
2
-3
-12
-22
-34
-30
-31
-27
-16
-10
-1
2
5
-2
-8
-15
-25
-29
-29
-21
-11
-1
3
12
10
5
-3
-15
-23
-28
-28
-21
-12
-2
2
5
10
10
7
-4
-9
-16
-19
-10
-6
4
14
19
21
8
4
-3
-9
-10
-6
3
7
19
20
24
25
25
19
11
2
-1
-6
-6
4
12
31
33
34
29
18
12
6
4
2
5
7
10
15
24
30
26
22
11
0
-1
-1
0
0
3
7
10
15
16
8
1
-2
-8
-9
-6
-3
4
5
5
9
8
7
1
-1
-3
0
0
4
9
7
11
9
7
0
-2
-3
-1
4
10
19
22
24
19
22
18
8
0
-7
-8
-9
-5
7
14
20
17
11
2
-12
-21
-25
-27
-23
-19
-7
6
16
24
21
11
1
-10
-18
-20
-22
-22
-18
-8
-5
2
4
0
-5
-13
-20
-27
-28
-24
-16
-2
5
8
8
4
-2
-6
-9
-12
-11
-14
-18
-18
-21
-17
-15
-18
-24
-28
-30
-30
-29
-26
-15
-9
-6
-4
-5
-5
-9
-15
-17
-16
-15
-13
-3
8
8
7
6
-3
-8
-10
-13
-12
-12
-14
-8
3
14
18
22
15
5
0
-3
-4
0
7
8
14
12
13
14
4
-3
-7
-8
-11
-13
-13
-7
4
13
22
28
24
17
11
4
6
6
9
12
14
26
25
25
24
13
4
-4
-7
-5
-1
8
10
18
23
27
24
19
16
16
12
6
2
1
3
3
7
12
9
1
-3
-6
-2
3
5
6
5
5
7
8
11
10
8
8
11
15
16
16
17
13
16
14
12
10
2
-8
-8
-4
4
8
7
7
3
5
4
3
-1
-1
-3
-5
-8
-6
-1
1
1
0
2
-5
-11
-13
-10
-11
-12
-16
-16
-17
-18
-15
-15
-16
-19
-17
-12
-12
-14
-15
-17
-18
-20
-19
-18
-24
-28
-28
-25
-16
-13
-12
-13
-11
-8
-8
-13
-16
-16
-15
-11
-8
-7
-5
-6
-4
0
-4
-10
-15
-17
-13
-13
-7
-8
-4
-1
2
6
3
-2
-6
-7
-1
5
6
7
6
3
1
3
5
3
2
-4
-6
-3
3
7
9
13
17
20
25
25
18
15
12
14
16
15
13
13
9
11
16
14
18
14
17
20
14
12
7
6
4
5
3
3
4
6
16
19
20
15
14
11
4
-3
-4
-2
-2
-1
8
11
11
12
12
14
11
9
6
-1
-1
-4
0
4
9
13
9
2
-1
-1
-1
-1
-5
-1
0
2
4
4
3
3
-2
-6
-6
-8
-3
-2
0
1
0
0
-2
-2
-11
-18
-20
-25
-26
-14
-4
0
7
8
-3
-14
-10
-6
5
-6
-24
-36
-35
-9
14
23
9
-12
-24
-27
-19
-4
0
-15
-31
-40
-26
-5
19
17
-18
-45
-55
-42
-17
-4
-9
-33
-51
-40
-15
13
15
-6
-26
-37
-25
0
17
18
10
6
2
3
11
18
20
9
3
0
6
18
31
35
27
20
10
4
8
13
6
1
8
11
21
32
48
46
26
11
-10
-19
-14
2
9
-6
-12
-9
-5
3
4
-9
-30
-47
-51
-34
-9
14
25
18
-2
-12
-3
12
13
1
-15
-36
-28
-1
24
40
36
21
13
21
33
38
36
25
26
34
45
55
58
56
41
37
30
19
26
33
34
26
28
30
23
26
33
27
13
6
2
-4
2
19
22
27
28
23
14
4
0
-12
-13
-14
-14
-8
3
8
4
-1
-9
-11
-19
-27
-35
-48
-47
-42
-39
-30
-22
-22
-29
-39
-54
-79
-89
-94
-104
-111
-110
-101
-93
-84
-88
-95
-105
-117
-123
-122
-118
-115
-107
-94
-78
-66
-64
-62
-59
-47
-38
-32
-15
3
21
41
59
65
79
100
112
132
164
195
189
190
194
213
248
271
278
254
231
233
248
256
260
239
198
162
138
137
145
123
64
-17
-74
-89
-85
-93
-136
-196
-259
-300
-311
-319
-324
-333
-357
-392
-427
-423
-387
-348
-329
-322
-345
-356
-340
-302
-244
-214
-192
-181
-180
-147
-79
13
68
58
36
27
37
96
180
205
179
150
161
201
269
344
344
299
301
333
357
388
447
480
459
432
420
437
484
526
529
497
456
435
442
457
487
495
447
359
284
249
264
285
250
140
2
-89
-118
-109
-136
-224
-354
-491
-577
-580
-552
-578
-655
-747
-798
-803
-779
-766
-802
-846
-874
-877
-847
-775
-707
-646
-624
-628
-591
-525
-419
-331
-273
-245
-232
-167
-68
55
177
259
262
244
290
395
506
591
581
502
474
511
587
664
686
635
571
535
574
613
618
593
551
510
449
427
482
549
521
450
392
355
337
369
412
352
292
246
175
163
219
261
244
144
32
-54
-88
-43
-44
-125
-251
-358
-427
-454
-432
-438
-547
-687
-775
-827
-838
-819
-813
-868
-942
-960
-904
-886
-879
-850
-830
-871
-901
-843
-797
-774
-688
-588
-540
-512
-413
-274
-248
-193
-39
4
-30
46
191
276
355
498
559
543
599
678
707
743
836
887
839
804
876
953
1026
1120
1150
1079
1015
1101
1298
1378
1303
1194
1099
1074
1147
1249
1247
1113
974
884
819
830
889
836
651
428
269
197
197
201
70
-243
-534
-643
-673
-703
-782
-957
-1250
-1531
-1601
-1576
-1588
-1677
-1841
-2022
-2152
-2108
-1984
-1948
-1933
-1838
-1774
-1814
-1819
-1740
-1589
-1457
-1293
-1184
-1214
-1157
-960
-730
-500
-286
-129
-116
-134
78
423
783
1000
1055
997
979
1148
1405
1582
1586
1531
1487
1471
1544
1732
1886
1871
1858
1815
1750
1792
1986
2074
1914
1726
1648
1629
1637
1688
1673
1510
1312
1159
1012
969
1037
1054
805
458
144
-50
-77
-18
-146
-545
-954
-1246
-1359
-1384
-1417
-1606
-2023
-2364
-2475
-2495
-2472
-2511
-2635
-2857
-3007
-2886
-2664
-2471
-2399
-2443
-2576
-2647
-2453
-2103
-1887
-1862
-1838
-1738
-1581
-1322
-847
-479
-391
-353
-278
-263
-28
577
1094
1130
900
894
1105
1487
1926
2137
1897
1591
1680
1954
2189
2353
2432
2397
2361
2483
2728
2826
2923
3139
3258
3117
2751
2572
2828
3240
3369
3156
2773
2418
2294
2552
2781
2568
2163
1698
1091
775
1013
1363
1125
328
-471
-1196
-1424
-1015
-892
-1543
-2509
-3072
-3256
-3290
-3113
-3034
-3549
-4218
-4460
-4347
-4164
-3986
-3949
-4162
-4159
-3931
-3838
-3898
-3875
-3482
-2927
-2717
-2795
-2743
-2448
-2060
-1584
-1010
-675
-678
-674
-471
-176
457
1351
1820
1398
895
1138
1718
2275
2730
2697
2164
1874
2258
2782
3058
3330
3511
3232
2941
3176
3826
4132
3805
3400
3214
3186
3310
3554
3606
3350
3081
3052
2845
2553
2599
2737
2422
1709
1216
1045
796
666
651
151
-611
-1056
-1232
-1618
-2021
-2148
-2600
-3445
-3918
-3937
-3974
-4010
-4018
-4213
-4588
-4767
-4530
-4266
-4268
-4408
-4692
-4921
-4783
-4256
-3662
-3488
-3548
-3370
-3031
-2681
-2244
-1712
-1493
-1501
-1336
-1032
-651
21
840
1241
1109
944
1130
1664
2374
2886
2901
2596
2529
2852
3376
3773
3958
3925
3692
3585
3813
4220
4445
4318
4036
3886
3935
4135
4291
4253
3949
3602
3455
3417
3316
3199
3077
2717
2321
2053
1953
1821
1572
1109
419
-191
-537
-774
-1148
-1471
-1779
-2181
-2631
-2964
-3202
-3401
-3681
-3952
-4250
-4518
-4521
-4352
-4326
-4594
-4841
-4862
-4775
-4689
-4518
-4433
-4533
-4515
-4268
-3889
-3429
-3025
-2762
-2689
-2745
-2511
-1775
-1004
-553
-491
-558
-490
-44
918
1706
1874
1813
1804
1906
2229
2826
3286
3308
3291
3560
3889
4184
4552
4808
4809
4558
4348
4322
4554
4801
4738
4575
4324
4071
3924
4000
4039
3849
3376
2684
1985
1768
2065
2141
1570
658
-280
-899
-944
-797
-1046
-1875
-2735
-3352
-3614
-3573
-3483
-3476
-3811
-4425
-4975
-5171
-4804
-4304
-4288
-4701
-5178
-5288
-4984
-4530
-4011
-3740
-3939
-4156
-4151
-3775
-2998
-2325
-2039
-2252
-2548
-2285
-1587
-701
92
215
-173
-561
-216
720
1630
2262
2318
1782
1491
1946
2732
3321
3636
3565
3197
3145
3668
4288
4783
5018
4603
3990
3879
4303
4680
4723
4590
4224
3749
3781
3998
4032
3943
3691
3144
2448
2063
2075
2113
1917
1347
519
-159
-535
-642
-611
-834
-1466
-2270
-2974
-3308
-3235
-2893
-2847
-3385
-3999
-4206
-4205
-4040
-3783
-3905
-4425
-4844
-4711
-4378
-4055
-3804
-3786
-3967
-3971
-3640
-3349
-3058
-2760
-2707
-2845
-2675
-2083
-1565
-1082
-698
-708
-925
-828
-190
563
924
1059
1011
829
1159
1859
2466
2750
2702
2646
2664
3030
3874
4640
4663
4102
3692
3801
4247
4705
4938
4582
3970
3762
4054
4364
4414
4390
4053
3283
2744
2954
3213
3010
2539
1814
825
129
273
564
203
-484
-1186
-2090
-2832
-2835
-2576
-2727
-3321
-3937
-4319
-4423
-4331
-4280
-4226
-4371
-4775
-4985
-5027
-5148
-4830
-4274
-4353
-4798
-4753
-4320
-4217
-3947
-3374
-3280
-3429
-3103
-2497
-2106
-1729
-1116
-810
-988
-791
-184
262
578
1096
1358
1182
1348
2057
2616
2751
2923
3085
3014
3244
4062
4847
4731
4075
3835
4151
4654
5166
5309
4869
4204
3856
4139
4436
4558
4546
4158
3260
2633
2939
3399
3224
2537
1654
602
81
488
834
398
-466
-1214
-2001
-2430
-2234
-2028
-2419
-3211
-3814
-4172
-4165
-3706
-3393
-3703
-4272
-4600
-4541
-4426
-4350
-4207
-4220
-4431
-4507
-4265
-3904
-3541
-3195
-2939
-3006
-3165
-2883
-2204
-1596
-1220
-1060
-1108
-1170
-670
275
789
885
935
908
965
1528
2359
2696
2544
2449
2459
2822
3674
4491
4581
3907
3331
3500
4352
5204
4992
4108
3468
3387
3816
4391
4454
3959
3301
2766
2439
2439
3020
3316
2540
1137
75
-156
366
918
472
-1052
-2503
-2862
-2490
-1890
-1735
-2373
-3510
-4210
-3951
-3502
-3299
-3438
-3757
-4017
-4204
-4206
-4036
-4081
-3985
-3717
-3728
-3938
-4112
-3868
-3338
-3119
-2906
-2750
-2825
-2844
-2583
-2030
-1470
-1009
-655
-862
-1190
-941
-177
688
969
744
470
494
1117
2012
2476
2419
2183
2084
2520
3294
4149
4358
3535
2821
2943
3746
4453
4598
4200
3571
3187
3383
3776
3988
4002
3635
2905
2150
2016
2549
3050
2994
2188
1001
219
173
517
696
279
-558
-1527
-2086
-1971
-1590
-1534
-1846
-2390
-3017
-3493
-3339
-2943
-3019
-3122
-3249
-3634
-3981
-3937
-3514
-3348
-3390
-3457
-3786
-4036
-3740
-3128
-2659
-2557
-2633
-2650
-2612
-2204
-1516
-967
-867
-1136
-1096
-826
-336
441
986
871
498
687
1444
1968
2335
2597
2389
2093
2497
3542
4199
4009
3308
2977
3120
3830
4485
4404
3838
3437
3459
3534
3626
3999
4068
3332
2419
1944
1954
2341
2915
2692
1520
240
-190
117
424
289
-300
-1241
-2105
-2342
-2017
-1700
-1898
-2265
-2660
-3092
-3385
-3233
-3052
-3313
-3599
-3483
-3639
-4099
-4155
-3634
-3406
-3592
-3462
-3648
-4162
-3971
-3148
-2752
-2772
-2777
-2670
-2794
-2517
-1643
-1152
-1232
-1502
-1323
-950
-481
183
680
683
588
885
1504
1925
2176
2520
2485
2276
2820
3983
4651
4183
3449
3308
3574
4244
4892
4655
3733
3213
3489
3989
4154
4289
4170
3242
2300
2126
2406
2669
2738
2141
815
-471
-484
292
596
122
-700
-1793
-2672
-2640
-1972
-1828
-2488
-3059
-3517
-3815
-3657
-2968
-2683
-3264
-3891
-4033
-4122
-4182
-3650
-3156
-3289
-3620
-3674
-3523
-3443
-2988
-2382
-2339
-2864
-3108
-2769
-2328
-1770
-932
-625
-1035
-1139
-608
57
594
1181
1204
726
833
1646
2492
2786
2755
2524
2301
2859
4188
4861
4257
3253
3001
3684
4578
5140
4959
4070
3360
3503
4012
4288
4225
3901
2999
2041
1897
2458
2959
2823
1902
532
-466
-566
-32
276
-215
-1252
-2224
-2743
-2679
-2344
-2088
-2334
-3224
-3974
-4179
-3918
-3499
-3137
-3066
-3450
-3887
-4048
-3953
-3536
-3023
-2906
-3187
-3746
-4055
-3644
-2668
-1885
-1861
-2257
-2595
-2604
-2021
-1195
-647
-577
-1029
-1267
-977
-329
515
987
829
324
188
752
1534
2041
2266
1997
1591
1882
2980
4147
4339
3619
2735
2478
3337
4330
4559
4041
3219
2795
3059
3775
4351
4161
3431
2529
1720
1665
2373
2909
2612
1630
379
-283
-167
337
341
-281
-1261
-2288
-2650
-2318
-1940
-2067
-2498
-3132
-3808
-3891
-3334
-3028
-3345
-3568
-3618
-3885
-3995
-3651
-3395
-3427
-3388
-3362
-3560
-3558
-3091
-2720
-2683
-2755
-2570
-2237
-1829
-1458
-1216
-944
-689
-342
-39
201
528
913
1139
1242
1557
2003
2414
2679
2822
2893
2731
3055
3989
4683
4355
3690
3453
3654
4313
4938
4893
3924
3152
3215
3711
4018
3997
3606
2574
1615
1501
1956
2324
2205
1487
180
-898
-869
-302
-145
-631
-1529
-2468
-3065
-3005
-2598
-2495
-2679
-2946
-3610
-4187
-4052
-3405
-2933
-2814
-3007
-3561
-4091
-3998
-3267
-2699
-2499
-2610
-3048
-3389
-3210
-2495
-1649
-1421
-1895
-2389
-2372
-1946
-1008
-53
30
-556
-872
-698
-235
554
1434
1595
1001
786
991
1597
2470
2998
2679
2029
2060
3059
4252
4610
3959
2876
2504
3147
4143
4666
4268
3272
2528
2541
3089
3667
3933
3373
2098
983
866
1487
2037
1894
893
-528
-1431
-1149
-496
-397
-766
-1648
-2852
-3401
-2935
-2452
-2687
-2993
-3372
-3976
-4158
-3534
-3066
-3310
-3458
-3289
-3505
-3864
-3538
-2999
-3058
-3056
-2758
-2772
-2953
-2777
-2212
-2102
-2365
-2290
-1847
-1536
-1173
-615
-391
-556
-241
435
636
634
962
1318
1336
1435
1902
2283
2420
2758
3098
3049
3170
3980
4650
4260
3496
3332
3632
3938
4435
4796
4243
3335
3228
3648
3716
3777
3903
3150
1614
949
1626
2441
2483
1763
425
-994
-1363
-516
132
-519
-1652
-2636
-3349
-3260
-2537
-2151
-2601
-3438
-3962
-4173
-3882
-3260
-2980
-3285
-3697
-3686
-3485
-3389
-3273
-3043
-3036
-3055
-2964
-2851
-2850
-2585
-1994
-1804
-2059
-2082
-1644
-1273
-1029
-554
-452
-712
-593
-46
433
727
1079
1298
1320
1501
1750
2074
2380
2572
2660
2778
3336
4208
4564
4183
3651
3369
3826
4342
4504
4495
4051
3417
3278
3620
3900
3813
3427
2746
1712
1166
1523
2032
1811
799
-472
-1402
-1491
-860
-423
-992
-2207
-3318
-3900
-3693
-3260
-3163
-3502
-4063
-4321
-4302
-3896
-3623
-3836
-4038
-3912
-3693
-3705
-3737
-3468
-3306
-3313
-2888
-2580
-2619
-2656
-2366
-2050
-2069
-1800
-1135
-958
-1242
-1102
-726
-504
-175
500
684
266
398
995
1412
1784
2251
2295
1964
2044
2621
3072
3315
3747
4158
4228
3870
3516
3671
4158
4632
4699
4363
3670
3230
3560
4029
4063
3759
3324
2568
1865
1719
2067
2307
2048
1154
-145
-1067
-998
-272
-120
-807
-1922
-3033
-3427
-3013
-2388
-2416
-3215
-3963
-4270
-4061
-3444
-2959
-3115
-3770
-4058
-3646
-3328
-3228
-3026
-3039
-3307
-3182
-2655
-2431
-2467
-2241
-1918
-2140
-2327
-1867
-1264
-1101
-1013
-802
-736
-575
-39
470
545
643
824
1074
1378
1710
2068
2286
2401
2493
2609
2785
3158
3901
4549
4292
3438
3087
3717
4481
4720
4718
4139
3153
3017
3625
4012
3974
3674
2966
1739
1198
1835
2445
2333
1494
171
-1177
-1631
-971
-354
-773
-1758
-2983
-3783
-3589
-2937
-2598
-3016
-3878
-4557
-4743
-4273
-3556
-3445
-3734
-4000
-4118
-4074
-3803
-3263
-2953
-3121
-3338
-3382
-3241
-2824
-2312
-2035
-2274
-2561
-2304
-1679
-1124
-708
-569
-606
-553
-187
367
684
932
1227
1421
1613
1788
2034
2303
2526
2827
2890
2810
3136
3993
4532
4248
3640
3483
3754
4211
4774
4759
4089
3449
3354
3527
3710
3921
3704
2728
1636
1286
1687
2207
2173
1339
-122
-1348
-1550
-924
-365
-725
-1822
-2958
-3563
-3406
-2746
-2332
-2755
-3677
-4272
-4346
-3952
-3269
-3083
-3447
-3634
-3562
-3527
-3461
-2928
-2514
-2715
-2813
-2600
-2601
-2603
-1941
-1448
-1737
-2026
-1692
-1322
-1035
-488
-216
-418
-530
-88
284
522
1003
1364
1300
1278
1555
1857
2134
2484
2805
2694
2595
3134
4108
4542
4144
3548
3424
3748
4202
4698
4603
3824
3249
3369
3739
3948
4041
3621
2470
1482
1500
2133
2384
1956
929
-375
-1270
-1114
-411
-311
-1112
-2248
-3221
-3618
-3274
-2736
-2747
-3452
-4179
-4489
-4396
-3970
-3532
-3548
-4004
-4052
-3816
-3847
-3743
-3212
-2976
-3239
-3214
-2987
-2905
-2725
-2073
-1963
-2644
-2636
-1904
-1389
-1079
-676
-540
-758
-555
129
531
582
920
1214
1227
1376
1864
2255
2270
2424
2594
2677
3008
3769
4336
4208
3661
3373
3590
4237
4644
4659
4255
3541
3293
3577
3868
3838
3620
3095
2127
1371
1488
2034
2226
1639
320
-1040
-1613
-1108
-321
-453
-1476
-2819
-3736
-3674
-2974
-2456
-2769
-3676
-4366
-4561
-4090
-3300
-2861
-3135
-3837
-3964
-3583
-3351
-2965
-2520
-2806
-3211
-2941
-2513
-2391
-2078
-1305
-1337
-2154
-2179
-1396
-864
-421
189
-22
-777
-675
330
976
1250
1588
1496
1091
1262
2068
2567
2638
2675
2698
2652
2809
3554
4516
4737
4097
3430
3424
3894
4333
4769
4718
4011
3258
3198
3344
3456
3697
3663
2731
1270
813
1310
1805
1817
1222
-257
-1773
-2078
-1155
-541
-949
-1894
-3094
-4008
-3884
-2935
-2568
-3078
-3817
-4455
-4732
-4153
-3237
-3033
-3453
-3583
-3523
-3640
-3476
-2986
-2823
-2985
-2836
-2664
-2777
-2783
-2381
-2056
-2070
-2007
-1616
-1391
-1322
-1103
-793
-499
-337
-61
210
393
697
1250
1645
1699
1629
1736
2043
2356
2697
2882
2990
3365
4131
4432
3968
3627
3780
4202
4511
4660
4441
3736
3352
3462
3669
3824
3765
3242
2221
1322
1187
1710
2209
1792
385
-1021
-1688
-1485
-710
-590
-1538
-2855
-3815
-3959
-3513
-2986
-2865
-3474
-4236
-4648
-4498
-3835
-3110
-2943
-3369
-3714
-3819
-3735
-3117
-2282
-2172
-2532
-2608
-2629
-2608
-2066
-1300
-1205
-1748
-1838
-1532
-1224
-569
213
292
-320
-643
-240
281
765
1305
1416
1187
1149
1552
1969
2377
2799
2921
2848
2718
3116
4096
4706
4396
3724
3492
3719
4264
4984
5052
4127
3424
3474
3655
3831
3994
3928
3005
1794
1310
1498
1801
2016
1559
87
-1501
-1895
-1196
-683
-905
-1736
-3108
-4245
-4189
-3279
-2922
-3425
-4064
-4602
-4904
-4426
-3499
-3287
-3653
-3894
-3920
-4033
-3770
-3067
-2825
-2965
-2844
-2645
-2580
-2396
-1991
-1827
-1944
-1985
-1546
-1179
-984
-698
-501
-210
44
274
435
617
879
1246
1542
1594
1637
1807
2149
2527
2800
2880
2961
3512
4310
4453
3841
3271
3470
4062
4533
4862
4471
3530
3114
3532
3890
3988
4006
3294
2047
1126
1380
2119
2296
1664
274
-1077
-1693
-1247
-549
-754
-1847
-3042
-3832
-3875
-3382
-3042
-3296
-3916
-4484
-4696
-4453
-3896
-3482
-3584
-3772
-3813
-3816
-3719
-3311
-2761
-2702
-2857
-2805
-2804
-2630
-2061
-1438
-1471
-1888
-1782
-1241
-908
-599
-74
-139
-544
-405
192
549
675
1014
1245
1194
1392
1870
2131
2107
2244
2632
2902
3196
3882
4497
4301
3747
3517
3928
4397
4840
5098
4571
3755
3613
4063
4303
4390
4238
3491
2365
1727
1997
2516
2554
1812
455
-817
-1282
-915
-398
-614
-1598
-2926
-3882
-3946
-3421
-3111
-3438
-4074
-4575
-4835
-4631
-3970
-3676
-4086
-4369
-4111
-3950
-4068
-3647
-3006
-3134
-3378
-2981
-2717
-2879
-2359
-1522
-1572
-2208
-1961
-1077
-858
-750
-286
-223
-466
-4
826
1008
802
1035
1499
1618
1802
2225
2346
2245
2534
3012
3069
3245
4062
4764
4411
3535
3478
4070
4577
4819
4831
4283
3567
3565
4032
4279
4177
3868
3171
1967
1294
1744
2384
2231
1199
-88
-1139
-1654
-1177
-392
-843
-2325
-3525
-4031
-3985
-3534
-3068
-3370
-4406
-5036
-4868
-4450
-3991
-3735
-4031
-4419
-4348
-4043
-3858
-3513
-3155
-3115
-3233
-3182
-2943
-2602
-2020
-1591
-1860
-2263
-2063
-1424
-789
-295
-127
-307
-588
-320
371
950
1212
1238
1168
1248
1687
2220
2560
2556
2475
2575
2893
3584
4423
4554
3959
3460
3607
4341
5086
5279
4787
3905
3461
3675
4102
4482
4425
3654
2557
1930
2074
2577
2873
2418
1039
-536
-1191
-793
-290
-358
-1156
-2486
-3705
-4007
-3329
-2818
-3054
-3801
-4534
-4940
-4783
-4072
-3570
-3936
-4464
-4473
-4053
-3895
-3676
-3032
-2914
-3327
-3353
-2874
-2713
-2461
-1744
-1462
-2128
-2432
-1604
-767
-606
-393
-192
-547
-593
278
1035
1048
997
1129
1131
1399
2100
2540
2380
2233
2603
3052
3378
4052
4702
4443
3705
3522
4118
4652
4874
4937
4623
3947
3749
4125
4377
4354
4107
3607
2680
1970
2046
2514
2655
1939
634
-549
-1183
-1110
-627
-598
-1567
-2975
-3883
-4035
-3704
-3269
-3330
-3983
-4804
-5168
-4851
-4300
-3983
-4124
-4536
-4539
-4208
-4094
-3915
-3314
-3181
-3555
-3534
-3135
-2871
-2530
-1892
-1835
-2459
-2426
-1505
-904
-630
-234
-167
-537
-570
116
707
912
1148
1241
1113
1328
1967
2399
2411
2377
2443
2561
3157
4251
4643
4119
3466
3438
3999
4635
5094
4975
4254
3595
3736
4226
4584
4651
4138
3109
2168
1979
2385
2869
2685
1439
-3
-743
-830
-518
-311
-806
-2109
-3245
-3694
-3558
-3277
-3128
-3421
-4229
-4840
-4812
-4327
-3949
-4004
-4317
-4454
-4234
-3937
-3917
-3623
-3229
-3275
-3228
-2853
-2675
-2608
-2076
-1524
-1766
-2240
-1776
-972
-693
-390
-36
-175
-412
121
889
1135
1117
1254
1382
1463
1874
2337
2512
2515
2543
2674
3001
3871
4698
4528
3810
3450
3766
4488
5077
5165
4697
3939
3577
3974
4487
4679
4353
3508
2594
2107
2298
2874
2991
2091
600
-569
-892
-573
-247
-519
-1504
-2778
-3550
-3646
-3410
-3209
-3375
-4071
-4920
-5249
-4738
-4117
-3976
-4307
-4810
-4934
-4556
-4134
-3921
-3688
-3618
-3726
-3600
-3232
-2818
-2486
-2093
-2012
-2470
-2502
-1729
-993
-636
-384
-480
-762
-557
201
824
1007
1021
931
828
1295
2147
2567
2494
2338
2379
2641
3457
4481
4573
3762
3240
3385
4024
4765
5151
4913
4159
3670
3856
4292
4625
4636
4062
3026
2131
2092
2753
3242
2814
1401
-120
-794
-603
-132
-99
-966
-2330
-3480
-3676
-3229
-2975
-3191
-3764
-4502
-5020
-4821
-4140
-3904
-4114
-4407
-4593
-4310
-3886
-3654
-3458
-3379
-3430
-3352
-3060
-2655
-2384
-1980
-1652
-1865
-2175
-1677
-893
-437
-69
-70
-528
-634
23
837
1188
1315
1157
796
985
1881
2632
2646
2396
2251
2223
2683
3969
4902
4377
3345
3069
3549
4236
4939
5134
4529
3746
3623
4069
4521
4803
4517
3610
2566
2115
2548
3088
3081
2140
578
-531
-732
-334
-65
-493
-1591
-2765
-3485
-3409
-3072
-3020
-3348
-3932
-4603
-4879
-4505
-4012
-4004
-4315
-4605
-4657
-4331
-4004
-3791
-3564
-3446
-3453
-3316
-3000
-2808
-2507
-2027
-1944
-2259
-2197
-1576
-1034
-592
-273
-428
-733
-519
229
664
761
958
882
771
1214
1895
2214
2162
2171
2113
2227
3130
4361
4452
3484
2939
3340
4125
4769
5089
4650
3792
3585
4085
4494
4605
4448
3839
2913
2324
2462
2975
3271
2723
1255
-157
-577
-107
280
-177
-1278
-2410
-3203
-3250
-3033
-3118
-3556
-4006
-4445
-4827
-4843
-4478
-4113
-4280
-4462
-4518
-4482
-4284
-3964
-3529
-3346
-3468
-3472
-3258
-2990
-2531
-1938
-1666
-1999
-2291
-1921
-1205
-556
-17
53
-448
-723
-242
579
1071
1383
1334
829
715
1420
2201
2468
2405
2198
2077
2411
3551
4645
4470
3574
3092
3390
4090
4810
5148
4638
3875
3723
4012
4385
4703
4609
3851
2820
2293
2478
3030
3221
2488
990
-216
-387
-17
185
-247
-1275
-2527
-3201
-3137
-2969
-3102
-3418
-3774
-4241
-4635
-4543
-4084
-4018
-4228
-4329
-4198
-4067
-3957
-3674
-3325
-3256
-3215
-2993
-2820
-2655
-2303
-1730
-1664
-2084
-2035
-1445
-973
-587
-162
-216
-703
-615
133
666
661
798
828
606
830
1579
2125
2076
1949
1946
1991
2554
3795
4358
3512
2692
2847
3577
4246
4679
4713
3995
3396
3574
4089
4424
4463
4121
3267
2384
2154
2688
3305
3090
1747
203
-510
-394
22
34
-775
-2102
-3129
-3328
-3083
-3027
-3251
-3629
-4152
-4774
-4888
-4426
-4145
-4180
-4355
-4497
-4508
-4385
-4046
-3571
-3344
-3402
-3376
-3158
-2885
-2394
-1790
-1472
-1838
-2197
-1861
-1217
-499
120
211
-249
-597
-228
524
1087
1367
1366
919
679
1186
1949
2419
2404
2194
1970
2089
3065
4197
4300
3535
2954
3097
3777
4438
4788
4483
3826
3565
3709
4090
4454
4464
3924
3085
2490
2480
2875
3165
2721
1354
72
-258
3
182
-152
-928
-1995
-2877
-3064
-2929
-2966
-3189
-3567
-4000
-4482
-4660
-4307
-4042
-4155
-4225
-4174
-4065
-4112
-3958
-3478
-3273
-3305
-3117
-2863
-2773
-2496
-1925
-1668
-1953
-1894
-1373
-953
-663
-235
-52
-276
-231
301
726
910
1180
1204
1034
1110
1588
2017
2124
2168
2215
2252
2585
3486
4238
4058
3307
2964
3440
4134
4546
4600
4134
3567
3456
3836
4305
4342
4000
3369
2679
2268
2397
2857
2875
1952
589
-225
-360
-178
-145
-659
-1681
-2693
-3189
-3168
-3174
-3516
-3798
-4084
-4610
-4989
-4797
-4395
-4311
-4428
-4515
-4518
-4520
-4405
-3910
-3484
-3539
-3561
-3229
-2972
-2713
-2166
-1762
-1905
-2166
-1815
-1173
-783
-302
29
-177
-376
-37
654
1032
1264
1451
1314
1178
1424
1945
2322
2429
2536
2488
2382
2866
3839
4463
4041
3284
3107
3522
4134
4633
4767
4278
3624
3550
3876
4271
4481
4184
3330
2397
2059
2396
2928
2872
1832
487
-352
-537
-247
-160
-684
-1746
-2763
-3296
-3293
-3226
-3302
-3559
-4048
-4544
-4790
-4599
-4291
-4305
-4401
-4384
-4285
-4178
-4165
-3898
-3488
-3310
-3151
-2891
-2671
-2533
-2195
-1758
-1739
-1763
-1431
-980
-658
-291
-3
-46
-16
364
877
1174
1367
1532
1542
1703
2031
2301
2422
2518
2655
2747
2987
3580
4216
4319
3870
3430
3567
4041
4482
4618
4325
3873
3654
3786
4088
4306
4152
3576
2847
2286
2056
2344
2675
2115
803
-301
-668
-585
-479
-684
-1413
-2567
-3429
-3554
-3386
-3384
-3659
-4077
-4706
-5174
-5007
-4496
-4304
-4523
-4775
-4730
-4547
-4342
-4008
-3733
-3732
-3751
-3401
-3005
-2785
-2526
-2043
-1947
-2198
-2022
-1419
-937
-568
-52
24
-275
-157
480
922
1174
1478
1537
1270
1358
1940
2436
2655
2664
2679
2619
2816
3618
4520
4536
3874
3365
3483
4007
4543
4940
4648
4008
3655
3702
3969
4274
4365
3853
2897
2141
2039
2540
2839
2320
1054
-194
-776
-661
-437
-565
-1278
-2509
-3333
-3587
-3497
-3401
-3559
-3916
-4520
-4972
-4932
-4525
-4285
-4395
-4504
-4443
-4279
-4220
-4122
-3819
-3582
-3467
-3131
-2890
-2847
-2572
-2052
-1730
-1840
-1708
-1283
-946
-544
-9
209
106
252
695
1066
1322
1666
1850
1737
1842
2143
2493
2757
2991
3120
3038
3226
3948
4626
4507
3927
3668
3958
4383
4694
4910
4676
4184
3933
3932
4100
4190
4062
3533
2738
2088
2023
2463
2611
1798
466
-480
-820
-747
-593
-760
-1695
-2931
-3552
-3554
-3542
-3661
-3803
-4215
-4854
-5139
-4866
-4506
-4600
-4785
-4773
-4587
-4397
-4331
-4198
-4024
-3912
-3637
-3211
-3011
-2995
-2699
-2222
-2081
-2084
-1738
-1248
-1036
-736
-320
-218
-131
254
591
785
1038
1391
1573
1663
1932
2218
2308
2342
2580
2855
3037
3358
4053
4475
4133
3639
3681
4121
4469
4651
4630
4248
3920
3953
4085
4102
4124
3997
3413
2632
2124
2276
2715
2612
1690
450
-405
-745
-617
-449
-884
-1933
-2996
-3519
-3576
-3478
-3472
-3632
-4182
-4817
-5104
-4853
-4555
-4523
-4591
-4701
-4535
-4434
-4467
-4179
-3787
-3673
-3579
-3220
-3022
-2954
-2552
-2090
-2058
-2221
-1804
-1222
-940
-553
-86
29
-2
385
921
1208
1482
1762
1922
1986
2253
2638
2844
3002
3194
3369
3394
3736
4499
4945
4615
4134
4113
4394
4756
5159
5258
4769
4147
4041
4314
4495
4558
4293
3495
2423
1911
2315
2857
2569
1411
159
-750
-1020
-678
-405
-1007
-2416
-3533
-3846
-3744
-3554
-3497
-3944
-4835
-5398
-5268
-4804
-4562
-4631
-4871
-5106
-4896
-4586
-4494
-4310
-3991
-3868
-3807
-3550
-3266
-3016
-2591
-2185
-2268
-2461
-2087
-1394
-835
-393
-264
-382
-337
166
794
1222
1490
1527
1401
1554
2109
2587
2733
2790
2858
2929
3222
3880
4638
4738
4228
3800
3897
4364
4776
5092
5056
4427
3838
3823
4087
4341
4410
4086
3154
2161
1961
2453
2903
2465
1272
44
-772
-904
-560
-344
-1026
-2347
-3400
-3777
-3698
-3513
-3400
-3780
-4535
-5064
-5150
-4857
-4494
-4354
-4541
-4682
-4609
-4611
-4613
-4121
-3589
-3708
-3674
-3386
-3299
-3099
-2529
-2109
-2416
-2550
-1880
-1211
-948
-607
-315
-448
-278
370
916
1049
1116
1414
1702
1959
2345
2533
2556
2713
3103
3448
3603
4138
4785
4798
4342
4063
4261
4716
5076
5345
5169
4489
3999
4191
4561
4651
4552
4143
3174
2106
2073
2852
3133
2259
993
-67
-799
-861
-316
-248
-1361
-2732
-3476
-3615
-3553
-3280
-3259
-4074
-5006
-5228
-4997
-4764
-4541
-4523
-4834
-5017
-4708
-4522
-4466
-4071
-3760
-3795
-3722
-3400
-3187
-2874
-2407
-2207
-2478
-2499
-1788
-1041
-698
-505
-512
-575
-279
337
853
1102
1228
1355
1550
1915
2382
2599
2681
2839
3112
3212
3250
3790
4617
4886
4436
3874
3747
4105
4760
5325
5174
4392
3729
3684
3971
4258
4463
4092
3058
1961
1623
2126
2620
2387
1405
-70
-1226
-1357
-610
-271
-1090
-2343
-3442
-4039
-3957
-3374
-3105
-3762
-4702
-5270
-5320
-4819
-4107
-4030
-4641
-4926
-4687
-4589
-4383
-3677
-3526
-3833
-3719
-3328
-3196
-2975
-2321
-2115
-2626
-2719
-1916
-1122
-745
-610
-612
-665
-383
403
988
1035
989
1190
1518
1895
2299
2592
2622
2543
2800
3185
3512
4013
4709
4908
4259
3736
3971
4570
5107
5400
5105
4265
3802
4072
4449
4656
4706
4198
2982
2015
2045
2708
3051
2590
1478
31
-1032
-1026
-253
4
-871
-2254
-3375
-3950
-3748
-3029
-2791
-3586
-4524
-5012
-5165
-4730
-4011
-3918
-4568
-4830
-4597
-4586
-4500
-3921
-3513
-3776
-3749
-3407
-3295
-3016
-2375
-2069
-2466
-2648
-1961
-1241
-978
-860
-612
-485
-313
186
673
899
965
1341
1749
1903
1972
2218
2562
2718
2971
3357
3502
3749
4408
4775
4555
4028
4020
4556
4878
5160
5162
4525
3974
4017
4304
4430
4380
4089
3274
2229
1933
2388
2584
2287
1469
177
-990
-1249
-688
-476
-1174
-2281
-3380
-4053
-3989
-3374
-3205
-3832
-4613
-5235
-5541
-5194
-4389
-4151
-4567
-4870
-4958
-4909
-4485
-3824
-3559
-3769
-3745
-3512
-3438
-3068
-2438
-2165
-2475
-2609
-2123
-1550
-1118
-695
-449
-416
-376
115
677
983
1169
1500
1917
2001
2050
2308
2689
3070
3341
3516
3457
3617
4356
5035
4907
4253
3904
4145
4643
5180
5424
4887
4148
3905
4006
4300
4607
4433
3508
2362
1780
1946
2359
2537
1922
443
-1008
-1528
-1025
-537
-774
-1686
-3005
-4024
-4026
-3369
-3108
-3514
-4213
-4810
-5203
-4944
-4215
-4039
-4389
-4542
-4512
-4502
-4295
-3731
-3432
-3556
-3415
-3199
-3212
-3013
-2554
-2347
-2509
-2370
-1696
-1128
-1040
-961
-688
-462
-91
463
698
575
737
1349
1929
2079
2111
2192
2414
2750
3193
3477
3456
3509
4088
4819
4839
4370
3991
4105
4514
5044
5329
4788
3961
3727
3981
4412
4713
4534
3646
2343
1621
1891
2539
2805
2175
609
-1101
-1792
-1068
-246
-476
-1624
-3070
-4150
-4096
-3297
-2935
-3426
-4356
-5139
-5568
-5191
-4308
-3983
-4367
-4851
-5100
-5003
-4489
-3988
-3747
-3783
-3866
-3888
-3810
-3374
-2833
-2467
-2433
-2572
-2505
-1973
-1300
-749
-493
-468
-430
-73
437
670
943
1505
1956
1936
1807
2039
2614
3168
3554
3579
3334
3273
3987
5062
5382
4827
4091
3934
4405
5091
5628
5303
4299
3607
3672
4103
4406
4480
3903
2681
1586
1460
2084
2538
2265
1056
-647
-1808
-1566
-733
-567
-1311
-2733
-3990
-4327
-3822
-3291
-3416
-4140
-4946
-5334
-5169
-4562
-4223
-4209
-4487
-4767
-4738
-4435
-4048
-3779
-3675
-3647
-3511
-3250
-2914
-2668
-2495
-2389
-2220
-1928
-1452
-1117
-934
-698
-359
36
439
670
617
864
1553
2137
2317
2288
2235
2481
2990
3623
3927
3654
3298
3711
4825
5505
5149
4234
3902
4275
4914
5410
5313
4548
3829
3830
4100
4252
4419
4191
3058
1860
1550
1986
2433
2280
1252
-336
-1437
-1315
-646
-601
-1426
-2663
-3607
-3982
-3699
-3375
-3495
-4033
-4611
-5033
-5212
-4881
-4395
-4215
-4547
-4925
-4895
-4596
-4401
-4035
-3762
-3808
-3843
-3654
-3358
-3244
-3059
-2608
-2368
-2408
-2216
-1765
-1370
-944
-534
-356
-257
57
402
736
1157
1623
1953
1931
1925
2291
2898
3368
3459
3357
3279
3699
4670
5397
5055
4127
3872
4323
4964
5477
5425
4574
3795
3846
4185
4256
4307
4131
3171
1936
1534
1966
2467
2489
1607
-90
-1439
-1525
-829
-460
-1038
-2374
-3624
-4106
-3820
-3357
-3243
-3700
-4454
-5026
-5317
-5005
-4410
-4168
-4448
-4763
-4795
-4582
-4359
-4093
-3806
-3755
-3765
-3669
-3393
-3215
-2980
-2597
-2313
-2241
-2026
-1578
-1238
-940
-511
-119
80
350
729
980
1268
1748
2251
2376
2270
2460
2998
3598
3916
3757
3511
3775
4588
5469
5546
4932
4270
4174
4751
5560
5865
5219
4346
4002
4111
4189
4281
4316
3766
2611
1713
1559
1823
2172
1875
654
-832
-1541
-1387
-1097
-1270
-1915
-2817
-3783
-4238
-4111
-3760
-3743
-4170
-4707
-5172
-5313
-4929
-4423
-4377
-4678
-4881
-4801
-4624
-4310
-3928
-3838
-3870
-3801
-3582
-3453
-3244
-2798
-2362
-2201
-2198
-1947
-1541
-1082
-648
-466
-267
66
486
693
847
1389
2026
2273
2142
2178
2640
3287
3686
3738
3474
3362
3766
4775
5529
5142
4221
3814
4221
5006
5535
5288
4476
3802
3690
3795
3958
4173
3916
2957
1844
1406
1598
1902
1956
1182
-276
-1406
-1533
-1220
-1124
-1532
-2361
-3368
-4114
-4051
-3659
-3488
-3632
-4184
-4954
-5372
-5061
-4401
-4190
-4474
-4673
-4661
-4549
-4343
-4070
-3768
-3625
-3686
-3611
-3489
-3468
-3065
-2308
-1976
-2326
-2408
-1883
-1272
-797
-312
-19
-56
154
720
1180
1461
1959
2349
2240
2122
2509
3283
3889
4044
3797
3526
3741
4719
5690
5659
4962
4365
4314
4871
5550
5856
5419
4522
3906
3851
4181
4367
4299
3761
2678
1749
1464
1780
1999
1665
669
-571
-1391
-1517
-1260
-1225
-1646
-2544
-3650
-4303
-4148
-3738
-3706
-4141
-4670
-5180
-5429
-5016
-4361
-4257
-4542
-4754
-4780
-4738
-4537
-4081
-3765
-3764
-3776
-3723
-3661
-3365
-2752
-2202
-2242
-2404
-2121
-1618
-1225
-739
-278
-132
-27
395
807
1107
1583
2172
2306
2121
2362
2985
3481
3723
3768
3601
3505
3927
5018
5766
5348
4351
3875
4228
5001
5633
5468
4570
3660
3359
3640
4059
4223
3831
2747
1630
1230
1386
1806
1831
1045
-297
-1470
-1964
-1668
-1195
-1417
-2259
-3393
-4303
-4551
-4105
-3634
-3682
-4248
-5036
-5540
-5265
-4489
-3979
-4130
-4676
-4917
-4920
-4562
-4035
-3575
-3456
-3693
-3844
-3782
-3414
-2745
-2099
-2052
-2421
-2421
-1866
-1128
-542
-131
72
31
150
610
1235
1905
2306
2296
2089
2169
2746
3502
4023
4039
3624
3285
3593
4573
5637
5867
5099
4154
3897
4519
5545
5977
5378
4216
3429
3486
3936
4338
4347
3596
2462
1693
1382
1661
2173
2013
982
-563
-1609
-1659
-1065
-714
-1269
-2406
-3575
-4226
-4001
-3397
-3307
-3901
-4688
-5297
-5279
-4666
-3971
-3904
-4404
-4817
-4915
-4600
-4072
-3736
-3670
-3776
-3908
-3839
-3612
-3247
-2832
-2529
-2537
-2700
-2455
-1639
-827
-545
-608
-647
-290
329
795
1209
1608
1921
1973
1985
2184
2742
3489
3827
3665
3238
3113
3789
4986
5770
5433
4439
3755
4027
5031
5768
5562
4667
3796
3343
3469
3905
4208
3874
2888
1927
1284
1149
1521
1928
1660
443
-1044
-1894
-1763
-1269
-1150
-1716
-2899
-4141
-4591
-4129
-3507
-3446
-3987
-4796
-5395
-5421
-4646
-3863
-3885
-4500
-4953
-4940
-4524
-3983
-3552
-3423
-3764
-3948
-3671
-3191
-2841
-2580
-2371
-2366
-2428
-1998
-1223
-701
-492
-391
-233
59
459
1066
1657
1895
1982
2074
2170
2591
3275
3812
3949
3584
3210
3329
4139
5208
5786
5279
4192
3658
4138
5116
5622
5291
4389
3695
3471
3758
4177
4171
3601
2788
1902
1351
1421
1827
1987
1292
69
-1060
-1636
-1489
-1025
-1134
-2014
-3106
-3863
-3954
-3571
-3320
-3470
-4069
-4817
-5102
-4874
-4250
-3836
-4004
-4498
-4770
-4665
-4270
-3943
-3647
-3537
-3721
-3794
-3579
-3170
-2877
-2480
-2165
-2237
-2417
-2010
-1157
-546
-288
-126
-70
-5
542
1315
1883
1937
1956
2060
2136
2617
3394
3878
3629
3125
3186
3693
4456
5298
5599
4900
3917
3695
4417
5381
5583
4963
3942
3185
3188
3778
4169
3870
3142
2213
1400
1044
1336
1796
1647
727
-490
-1457
-1761
-1383
-1026
-1336
-2334
-3586
-4289
-4073
-3498
-3223
-3612
-4385
-5045
-5159
-4684
-4054
-3807
-4220
-4705
-4811
-4505
-4042
-3754
-3516
-3479
-3753
-3804
-3483
-3255
-3054
-2540
-2155
-2398
-2527
-1790
-1055
-885
-679
-191
26
-24
450
1171
1574
1769
2058
2072
2045
2498
3341
3788
3595
3325
3262
3629
4409
5409
5718
4894
3877
3812
4567
5256
5334
4906
4152
3444
3403
3836
3987
3678
3184
2529
1680
1092
1239
1676
1676
958
-258
-1406
-1834
-1440
-995
-1230
-2183
-3281
-4064
-4150
-3637
-3187
-3437
-4206
-4858
-5124
-4753
-3971
-3585
-4014
-4619
-4687
-4353
-4027
-3683
-3329
-3320
-3530
-3413
-3241
-3149
-2848
-2128
-1816
-2220
-2291
-1662
-963
-654
-195
126
109
190
818
1456
1774
2101
2317
2241
2269
2905
3657
3861
3662
3448
3373
3838
4726
5499
5418
4510
3788
4020
4920
5434
5239
4602
3843
3304
3402
3812
3840
3423
2871
2150
1268
983
1302
1542
1152
248
-843
-1730
-1911
-1393
-1081
-1733
-2751
-3667
-4172
-4002
-3517
-3479
-4009
-4594
-4964
-4983
-4622
-4159
-4201
-4509
-4611
-4519
-4402
-4249
-3821
-3578
-3622
-3615
-3417
-3339
-3262
-2774
-2187
-2068
-2334
-2184
-1628
-1215
-792
-126
197
44
204
810
1456
1885
2197
2186
1988
2278
3131
3825
3758
3522
3496
3560
3989
4840
5557
5423
4513
3799
4041
4899
5479
5400
4612
3562
3116
3458
3965
4007
3609
2895
1925
1147
1129
1502
1546
1097
165
-1056
-1975
-1872
-1194
-1130
-1882
-2925
-3783
-4288
-3987
-3343
-3300
-3945
-4631
-5054
-5068
-4555
-3917
-3869
-4421
-4679
-4550
-4328
-4120
-3708
-3423
-3585
-3746
-3615
-3403
-3153
-2496
-1879
-1916
-2419
-2229
-1316
-683
-242
208
228
-69
226
1222
1960
2143
2213
2223
2055
2377
3363
4007
3914
3498
3390
3639
4246
5219
5847
5395
4294
3728
4248
5139
5609
5322
4402
3373
3042
3650
4140
3854
3297
2688
1761
1055
1147
1638
1752
1152
99
-1074
-1916
-1734
-1043
-1114
-1931
-3008
-3812
-4115
-3818
-3317
-3352
-4004
-4686
-4996
-4936
-4412
-3851
-3885
-4469
-4799
-4630
-4421
-4200
-3724
-3410
-3569
-3697
-3505
-3341
-3125
-2569
-2079
-2231
-2563
-2189
-1417
-868
-357
29
-118
-334
259
1212
1605
1672
1905
1975
1961
2449
3287
3796
3660
3328
3156
3349
3972
5028
5678
5143
3976
3406
3970
4986
5419
5041
4104
3076
2866
3441
3857
3734
3432
2721
1538
674
827
1504
1719
1173
-13
-1445
-2224
-1790
-957
-981
-1941
-3070
-3982
-4291
-3801
-3106
-3187
-3870
-4482
-4974
-5017
-4325
-3546
-3604
-4268
-4647
-4612
-4285
-3776
-3311
-3303
-3739
-3801
-3445
-3164
-2789
-2176
-1858
-2143
-2414
-1885
-1081
-541
-84
207
68
39
745
1577
1847
1974
2233
2209
2220
2728
3584
3965
3816
3648
3574
3791
4459
5356
5695
5026
3984
3785
4451
5147
5257
4912
4196
3323
3140
3630
3830
3489
3126
2536
1559
910
1036
1492
1510
899
-145
-1374
-2091
-1807
-1206
-1290
-2188
-3286
-4070
-4225
-3752
-3214
-3340
-3961
-4583
-5044
-4809
-4173
-3725
-3889
-4354
-4555
-4507
-4206
-3762
-3448
-3474
-3670
-3623
-3380
-3118
-2626
-2077
-1998
-2324
-2240
-1545
-859
-478
-242
-70
36
358
884
1296
1445
1784
2118
2145
2265
2759
3365
3618
3691
3594
3395
3598
4445
5425
5456
4438
3604
3710
4546
5257
5143
4253
3288
2838
3056
3529
3738
3406
2640
1698
971
812
1264
1696
1335
253
-1184
-2049
-1905
-1246
-961
-1677
-2938
-4058
-4358
-3782
-3083
-2985
-3647
-4540
-5160
-5252
-4442
-3455
-3438
-4204
-4774
-4720
-4338
-3761
-3170
-3132
-3671
-3921
-3612
-3148
-2636
-2002
-1744
-2185
-2598
-2136
-1128
-316
9
-11
-286
-234
573
1532
1869
1800
1928
2005
2019
2404
3233
3850
3831
3557
3315
3302
3845
4995
5845
5348
3905
3236
3886
5043
5560
5106
4083
3003
2796
3344
3931
3921
3396
2442
1410
870
1065
1683
1916
1349
-5
-1439
-1959
-1410
-657
-719
-1827
-3207
-4061
-4000
-3295
-2709
-2899
-3749
-4575
-4984
-4717
-3779
-3082
-3398
-4287
-4760
-4515
-4022
-3453
-3050
-3257
-3791
-3812
-3296
-2768
-2370
-2126
-2132
-2392
-2409
-1738
-846
-358
-189
-84
-198
-146
449
1330
1781
1727
1846
1872
1756
2221
3220
3833
3688
3176
2924
3159
4114
5410
5726
4723
3393
3003
3852
5095
5585
4893
3542
2564
2606
3430
4158
3996
3043
1679
563
331
1124
2104
1968
550
-1147
-2173
-2040
-1165
-545
-1186
-2741
-3998
-4420
-3899
-3153
-2928
-3552
-4556
-5179
-5224
-4650
-3796
-3475
-4001
-4707
-4934
-4505
-3940
-3490
-3256
-3483
-3800
-3683
-3287
-2955
-2496
-1958
-1916
-2389
-2284
-1428
-540
-134
-31
-59
-205
86
922
1775
2009
2004
2016
1970
2112
2781
3662
4077
3807
3319
3130
3566
4696
5805
5672
4287
3214
3460
4573
5439
5452
4564
3238
2580
2991
3820
4267
3761
2581
1356
731
967
1667
2149
1526
-55
-1531
-1945
-1473
-744
-611
-1654
-3165
-4037
-3955
-3360
-2774
-2789
-3647
-4623
-4889
-4557
-3955
-3359
-3253
-3898
-4447
-4305
-3848
-3449
-3036
-2893
-3212
-3431
-3224
-2801
-2401
-1957
-1660
-1804
-2146
-1863
-1024
-368
-81
111
100
-28
224
964
1681
1876
1842
1702
1592
2005
2907
3730
3762
3243
2813
2862
3706
5063
5733
4869
3356
2730
3604
5042
5561
4864
3529
2458
2255
3056
4107
4168
3047
1471
492
509
1284
2055
1914
553
-1084
-1909
-1778
-1124
-617
-1152
-2602
-3904
-4184
-3719
-3189
-3008
-3433
-4270
-4953
-4940
-4388
-3753
-3481
-3760
-4335
-4594
-4288
-3801
-3420
-3145
-3212
-3591
-3698
-3309
-2772
-2305
-1967
-2014
-2333
-2263
-1575
-776
-384
-206
-165
-270
-144
479
1302
1683
1775
1736
1766
1862
2386
3196
3764
3753
3139
2753
3158
4520
5669
5463
4238
3101
3146
4306
5447
5564
4532
3079
2389
2894
3902
4471
3978
2592
1132
556
1030
2035
2500
1512
-371
-1685
-1761
-1083
-400
-622
-1894
-3372
-3978
-3604
-3006
-2745
-2950
-3638
-4362
-4539
-4163
-3761
-3515
-3431
-3679
-4063
-4053
-3654
-3379
-3000
-2702
-2824
-3146
-3141
-2767
-2240
-1788
-1424
-1494
-1874
-1790
-1012
-105
283
297
123
-51
161
905
1848
2292
2107
1805
1654
1923
2649
3510
3773
3374
2760
2619
3507
4912
5601
4906
3546
2725
3220
4504
5283
4843
3598
2540
2230
2767
3709
3939
3047
1600
571
399
953
1859
1850
435
-1277
-2104
-1886
-1172
-745
-1264
-2637
-3963
-4258
-3617
-3017
-2938
-3343
-4017
-4653
-4724
-4194
-3745
-3515
-3490
-3754
-4067
-4128
-3882
-3479
-3000
-2710
-2832
-3216
-3314
-2965
-2353
-1756
-1553
-1766
-2040
-1929
-1173
-310
210
257
-68
-277
-42
785
1780
2214
2016
1660
1452
1829
2783
3748
3994
3289
2520
2779
4044
5260
5431
4410
3180
2908
3824
4929
5266
4606
3477
2500
2319
3091
4001
3910
2638
1225
534
715
1497
2224
1581
-255
-1703
-1863
-1240
-719
-772
-1628
-3045
-3928
-3669
-3047
-2736
-2931
-3518
-4235
-4517
-4049
-3497
-3370
-3506
-3511
-3533
-3691
-3608
-3329
-2963
-2665
-2456
-2638
-3007
-2897
-2283
-1622
-1337
-1479
-1755
-1861
-1272
-187
483
483
151
-86
20
754
1781
2295
1982
1492
1412
1892
2752
3523
3845
3486
2726
2459
3536
5095
5663
4838
3435
2727
3320
4652
5517
5054
3757
2648
2160
2655
3742
4233
3323
1568
348
293
1121
2016
1911
485
-1500
-2409
-1882
-938
-813
-1598
-2730
-3902
-4208
-3695
-3124
-3125
-3425
-3838
-4547
-4852
-4321
-3652
-3524
-3526
-3555
-3841
-4077
-3943
-3528
-3058
-2642
-2543
-2950
-3334
-3080
-2237
-1388
-1150
-1541
-2011
-2009
-1229
-101
659
560
-101
-432
-18
1009
2104
2551
2051
1325
1222
1989
3168
3997
3882
2934
2269
2800
4341
5407
5152
4129
3162
2913
3676
4891
5211
4291
3097
2507
2606
3083
3719
3555
2296
914
365
737
1491
1852
1066
-647
-1970
-1994
-1239
-768
-1098
-2172
-3439
-4030
-3674
-2912
-2771
-3280
-3817
-4263
-4403
-3984
-3382
-3295
-3593
-3589
-3392
-3360
-3364
-3247
-3006
-2712
-2392
-2248
-2525
-2697
-2266
-1620
-1239
-1276
-1442
-1418
-1125
-366
393
564
317
192
381
897
1554
2111
2108
1739
1617
1984
2607
3273
3582
3248
2701
2579
3422
4709
5281
4713
3562
2785
3050
4204
5152
5064
3914
2639
2146
2578
3446
3826
3197
1699
456
126
821
1757
1840
704
-1103
-2194
-2005
-1078
-672
-1188
-2290
-3515
-3975
-3416
-2775
-2786
-3190
-3678
-4223
-4425
-3903
-3335
-3304
-3521
-3563
-3508
-3495
-3472
-3301
-2914
-2542
-2379
-2544
-2873
-2953
-2496
-1603
-1008
-1332
-1935
-1959
-1338
-408
346
556
94
-392
-61
959
1905
2367
2203
1585
1316
1868
2989
3769
3811
3250
2575
2616
3971
5405
5377
4132
3054
3006
3731
4620
4897
4309
3320
2675
2570
2967
3491
3440
2373
909
189
476
1210
1562
863
-777
-2109
-2323
-1665
-1031
-1224
-2264
-3552
-4193
-3952
-3398
-3087
-3363
-3972
-4572
-4668
-4198
-3667
-3522
-3728
-3823
-3648
-3460
-3472
-3559
-3257
-2663
-2246
-2286
-2754
-3012
-2614
-1696
-1022
-1022
-1497
-1836
-1434
-430
504
803
547
89
-67
550
1658
2370
2364
1911
1385
1576
2620
3627
3844
3348
2710
2699
3596
4971
5675
4883
3512
2944
3640
4785
5409
4952
3756
2732
2355
2857
3752
4063
3329
1874
641
422
1222
2116
2055
700
-1099
-1998
-1714
-888
-462
-1047
-2416
-3615
-3882
-3403
-2782
-2648
-3113
-3779
-4284
-4346
-3901
-3293
-3185
-3443
-3596
-3630
-3547
-3382
-3228
-3016
-2739
-2594
-2665
-2966
-2983
-2474
-1725
-1255
-1456
-1922
-1966
-1322
-375
276
345
-181
-562
-91
985
1906
2132
1762
1127
983
1819
3086
3748
3386
2570
2115
2520
3937
5309
5199
3846
2598
2645
3795
4825
5095
4333
3049
2219
2287
3076
3692
3440
2445
1095
153
327
1209
1841
1347
-247
-1756
-2212
-1673
-954
-799
-1589
-2955
-3941
-3807
-3134
-2793
-2957
-3486
-4122
-4395
-4066
-3478
-3224
-3438
-3546
-3548
-3470
-3382
-3311
-3053
-2715
-2516
-2466
-2598
-2711
-2629
-2166
-1585
-1450
-1625
-1774
-1562
-968
-276
175
187
-112
-167
401
1252
1924
2021
1793
1535
1745
2557
3406
3698
3279
2711
2722
3866
5210
5474
4592
3500
3104
3760
5016
5633
4970
3637
2752
2806
3412
4059
4048
3020
1595
650
631
1376
2009
1669
291
-1358
-2081
-1571
-728
-678
-1584
-2861
-3783
-3882
-3172
-2572
-2906
-3684
-4345
-4476
-4136
-3441
-3021
-3412
-3927
-3911
-3525
-3235
-3085
-3121
-3090
-2906
-2713
-2623
-2535
-2393
-2128
-1757
-1616
-1679
-1615
-1219
-660
-211
3
36
-39
-11
459
1191
1782
1929
1658
1448
1626
2347
3106
3443
3284
2888
2650
3306
4674
5417
4790
3529
2827
3238
4458
5169
4757
3663
2718
2396
2678
3313
3613
2996
1788
691
211
697
1596
1746
662
-1046
-2201
-2177
-1425
-880
-1266
-2463
-3773
-4231
-3742
-3064
-2846
-3037
-3543
-4336
-4612
-4056
-3286
-3019
-3279
-3579
-3868
-3834
-3334
-2869
-2721
-2577
-2367
-2608
-3058
-2873
-2092
-1301
-952
-1277
-1883
-2209
-1557
-223
644
508
-120
-665
-614
426
1872
2510
1893
1037
788
1325
2644
4058
4111
2997
2101
2385
3757
5246
5649
4554
3140
2722
3546
4758
5347
4817
3659
2709
2355
2779
3596
4054
3369
1833
607
387
1059
1969
1969
666
-1099
-2071
-1794
-1117
-816
-1214
-2345
-3619
-4066
-3585
-2884
-2782
-3155
-3591
-4157
-4536
-4101
-3305
-3085
-3236
-3378
-3536
-3706
-3657
-3238
-2680
-2396
-2383
-2758
-3100
-2964
-2204
-1203
-840
-1305
-2068
-2181
-1381
-107
846
820
-50
-767
-415
904
2155
2486
1863
1092
934
1772
3219
3970
3686
2906
2434
2783
4058
5406
5549
4384
3141
2975
3856
4974
5305
4524
3298
2477
2512
3110
3705
3626
2726
1399
424
485
1303
1897
1326
-219
-1560
-1955
-1635
-1104
-1040
-1788
-2926
-3794
-3911
-3485
-3023
-2985
-3411
-3964
-4304
-4265
-3732
-3222
-3325
-3687
-3869
-3640
-3454
-3486
-3340
-3080
-2842
-2819
-2987
-3066
-2851
-2220
-1536
-1460
-1901
-2224
-1835
-898
-231
37
-87
-515
-527
252
1285
1864
1770
1356
1105
1368
2375
3373
3657
3235
2569
2420
3246
4756
5636
4985
3590
2827
3328
4493
5225
5029
4023
2919
2455
2909
3674
3857
3226
2106
1074
513
814
1705
1883
839
-825
-1874
-1805
-1241
-692
-946
-2102
-3303
-3727
-3371
-2815
-2600
-2972
-3611
-4082
-4033
-3624
-3172
-3072
-3331
-3564
-3529
-3369
-3142
-2951
-2737
-2565
-2565
-2629
-2727
-2580
-2224
-1661
-1227
-1492
-2037
-2010
-1257
-444
84
177
-146
-406
-82
831
1677
2065
1845
1372
1291
1881
2789
3531
3636
3089
2515
2628
3699
5088
5424
4435
3187
2829
3557
4726
5258
4673
3551
2638
2548
3051
3677
3754
2925
1692
663
458
1104
1807
1532
228
-1182
-1870
-1680
-1016
-754
-1419
-2706
-3648
-3733
-3280
-2959
-2930
-3126
-3713
-4180
-4160
-3612
-3101
-3064
-3193
-3458
-3611
-3600
-3373
-2920
-2591
-2589
-2857
-3195
-3230
-2751
-1950
-1414
-1551
-2033
-2299
-1939
-1105
-243
172
-124
-812
-877
30
990
1660
1725
1168
703
944
1958
2992
3397
3158
2542
2233
2750
3812
4847
5143
4222
2940
2683
3622
4672
5014
4517
3337
2414
2470
3135
3525
3532
2997
1777
652
420
1119
1810
1615
457
-1036
-1868
-1697
-921
-461
-1063
-2279
-3245
-3537
-3284
-2862
-2607
-2748
-3150
-3780
-4138
-3755
-3180
-2821
-2825
-3234
-3685
-3861
-3550
-2905
-2396
-2160
-2481
-3151
-3496
-3082
-2059
-1059
-950
-1826
-2596
-2415
-1355
14
899
449
-701
-1058
-157
1244
2222
2319
1510
771
1123
2288
3454
3946
3573
2845
2467
2816
3853
5112
5568
4634
3302
2928
3601
4592
5265
4971
3602
2313
2234
3012
3607
3567
3000
2019
824
262
810
1653
1850
1083
-521
-1935
-2233
-1344
-388
-556
-1859
-3226
-3892
-3541
-2750
-2409
-2656
-3293
-3909
-4204
-4063
-3600
-2978
-2806
-3223
-3784
-4096
-4093
-3416
-2630
-2461
-2814
-3315
-3579
-3435
-2614
-1617
-1350
-1885
-2452
-2564
-2059
-903
239
338
-484
-975
-577
285
1282
1974
1826
1246
1066
1636
2566
3393
3679
3273
2750
2639
3166
4382
5328
4950
3831
3079
3230
4018
4654
4695
3937
2962
2533
2671
2923
3175
3141
2447
1283
345
345
1066
1610
1378
244
-1252
-2079
-1688
-948
-752
-1219
-2237
-3365
-3792
-3228
-2515
-2303
-2693
-3477
-4278
-4399
-3593
-2750
-2650
-3208
-3775
-4110
-3989
-3338
-2641
-2419
-2758
-3170
-3442
-3311
-2446
-1454
-1263
-2061
-2665
-2463
-1857
-865
48
14
-639
-764
-106
666
1411
1885
1727
1395
1483
2158
2889
3387
3592
3480
3139
3015
3499
4594
5383
5040
4088
3533
3655
4243
4827
4940
4195
3181
2881
3083
3320
3457
3303
2478
1309
715
863
1324
1686
1429
206
-1248
-1710
-1120
-610
-873
-1580
-2489
-3322
-3531
-3011
-2437
-2529
-3218
-3886
-4188
-4041
-3447
-2956
-3141
-3725
-4076
-3893
-3489
-3154
-2881
-3034
-3433
-3559
-3381
-3019
-2349
-1844
-2064
-2602
-2686
-2142
-1452
-688
-263
-565
-992
-719
166
973
1348
1446
1354
1202
1522
2177
2714
3020
3104
3087
2964
2845
3108
3942
4751
4911
4071
3142
3118
3902
4629
4558
3793
2874
2495
2632
2920
2995
2920
2558
1555
568
366
812
1477
1698
811
-845
-1977
-1620
-544
-271
-930
-1992
-3100
-3529
-2966
-2198
-1956
-2410
-3183
-3961
-4272
-3588
-2648
-2286
-2833
-3749
-4170
-3994
-3423
-2765
-2509
-2928
-3563
-3802
-3351
-2803
-2311
-1711
-1742
-2548
-2915
-2313
-1345
-328
227
-183
-936
-955
-93
1107
1965
2004
1387
997
1341
2138
3151
3830
3646
2874
2361
2684
3709
4902
5429
4692
3313
2803
3552
4501
4878
4563
3616
2732
2555
2899
3271
3472
3221
2226
972
484
1022
1859
2161
1545
13
-1436
-1605
-652
126
-175
-1261
-2416
-3188
-3102
-2304
-1790
-2016
-2869
-3745
-4188
-3902
-2971
-2301
-2706
-3876
-4409
-4137
-3684
-3256
-2934
-3135
-3718
-3987
-3798
-3271
-2614
-2035
-1995
-2702
-3113
-2655
-1689
-808
-359
-351
-727
-907
-427
673
1619
1904
1647
1342
1292
1883
3118
4086
3890
2962
2437
2716
3535
4497
5236
4949
3701
2753
2915
3795
4517
4726
4002
2630
1953
2481
3246
3505
3267
2341
1013
373
832
1516
1758
1420
215
-1245
-1713
-1141
-427
-363
-1069
-2107
-2929
-3048
-2431
-1850
-1965
-2784
-3668
-4041
-3757
-3170
-2656
-2904
-3812
-4198
-3872
-3641
-3494
-3108
-3043
-3630
-4060
-3730
-3119
-2606
-2167
-2039
-2684
-3172
-2742
-1893
-1074
-569
-487
-873
-933
-240
776
1349
1445
1450
1363
1501
2149
2932
3446
3536
3194
2804
2751
3186
3772
4456
5015
4618
3505
2818
3239
4136
4646
4392
3328
2336
2233
2711
3255
3410
2789
1681
851
786
1327
1865
1978
1356
189
-782
-928
-518
-200
-147
-697
-1801
-2702
-2723
-2085
-1604
-1815
-2551
-3331
-3776
-3562
-2847
-2400
-2856
-3538
-3794
-3921
-3939
-3385
-2822
-3127
-3749
-3865
-3652
-3491
-2891
-2202
-2288
-2848
-2876
-2494
-2002
-1119
-365
-363
-893
-914
-166
712
1341
1800
1818
1425
1344
1952
2945
3543
3471
3069
2747
2745
3222
4185
5022
4880
3855
2867
2680
3474
4660
4952
3913
2544
2010
2364
2842
3261
3226
2272
978
447
944
1692
2013
1621
449
-887
-1329
-717
-74
-117
-684
-1647
-2733
-2934
-2404
-2047
-2281
-2659
-2968
-3661
-4206
-3659
-2771
-2743
-3521
-4063
-4034
-3990
-3608
-3092
-3147
-3581
-3719
-3705
-3689
-3253
-2376
-1914
-2420
-2945
-2690
-2065
-1391
-623
-161
-413
-661
-310
391
1005
1488
1815
1665
1413
1604
2236
3015
3476
3453
2953
2469
2508
3137
3976
4459
4316
3643
2807
2466
3060
4009
4299
3606
2700
2077
1927
2389
3024
3205
2450
1532
1020
923
1171
1646
1911
1326
141
-704
-828
-497
85
242
-469
-1681
-2451
-2384
-1827
-1319
-1240
-2071
-3380
-4105
-3696
-2737
-2358
-2753
-3503
-4078
-4194
-3724
-3105
-2914
-3141
-3571
-3957
-3900
-3256
-2428
-1961
-2174
-2731
-3061
-2727
-1741
-581
124
-38
-759
-1074
-395
796
1758
2076
1727
1052
885
1955
3269
3726
3382
2727
2256
2430
3287
4218
4658
4363
3517
2655
2574
3512
4284
4090
3464
2743
2322
2381
2781
3090
3079
2730
2060
1367
1191
1549
1866
1879
1347
272
-686
-808
-273
176
-26
-973
-2133
-2585
-2304
-1823
-1606
-1946
-2769
-3762
-4228
-3796
-3051
-2868
-3335
-4058
-4611
-4585
-4110
-3614
-3534
-3864
-4161
-4343
-4192
-3483
-2769
-2545
-2830
-3166
-3012
-2523
-1753
-737
-66
-281
-926
-996
-98
1119
1944
2116
1667
1157
1224
2120
3214
3578
3172
2521
2199
2647
3474
4010
4201
4088
3465
2731
2602
3231
3913
4014
3503
2554
1993
2291
2821
3042
2924
2640
2027
1500
1528
1713
1735
1799
1523
618
-281
-585
-220
238
212
-651
-1744
-2240
-1962
-1537
-1568
-1883
-2409
-3045
-3571
-3467
-2947
-2710
-3046
-3599
-4124
-4384
-4050
-3381
-3065
-3244
-3552
-3753
-3670
-3254
-2552
-2106
-2121
-2451
-2731
-2674
-1958
-689
188
-42
-673
-858
-311
836
1970
2303
1785
1187
1167
1842
2709
3332
3156
2509
2124
2182
2605
3175
3797
4081
3669
2810
2436
2885
3732
4152
3873
3044
2142
1923
2460
3137
3339
2926
2277
1707
1451
1561
1991
2380
2215
1384
317
-294
-145
446
596
-173
-1423
-2202
-2310
-1963
-1661
-1704
-2201
-3091
-3874
-4009
-3524
-2988
-3040
-3728
-4533
-5027
-4730
-4052
-3687
-3631
-3964
-4504
-4517
-3831
-3053
-2730
-2645
-2718
-3059
-2985
-2266
-1282
-544
-358
-507
-768
-741
-39
988
1771
1950
1527
1086
1361
2329
3169
3300
2914
2500
2337
2593
3031
3492
4051
4034
3243
2504
2581
3263
3857
4110
3765
2784
2038
2364
3096
3418
3220
2731
2210
1775
1605
1736
2050
2353
2205
1254
-15
-532
-9
533
416
-386
-1643
-2593
-2676
-2044
-1505
-1687
-2576
-3661
-4335
-4014
-3135
-2738
-3140
-4084
-4888
-4905
-4167
-3475
-3378
-3805
-4213
-4218
-3791
-3139
-2652
-2284
-2165
-2455
-2708
-2404
-1528
-449
272
195
-444
-885
-319
846
1769
2078
1709
1160
1180
1946
2866
3302
3124
2580
2124
2111
2548
3252
3841
3943
3279
2431
2228
2814
3632
4042
3750
2897
2190
2361
3132
3617
3526
3101
2466
1885
1853
2158
2387
2511
2334
1575
516
192
638
967
803
96
-949
-1817
-1964
-1623
-1475
-1841
-2560
-3294
-3684
-3665
-3345
-3198
-3665
-4320
-4672
-4637
-4381
-4151
-3999
-4095
-4429
-4571
-4293
-3841
-3409
-2990
-2785
-3060
-3290
-2743
-1908
-1289
-931
-911
-1135
-1044
-322
523
934
1003
1080
1102
1149
1532
2216
2756
2740
2420
2170
2305
2582
2876
3372
3685
3578
3012
2588
2739
3396
4044
4068
3383
2835
2843
3185
3471
3517
3365
2953
2568
2251
2007
2028
2518
2759
2176
1155
318
218
489
616
385
-426
-1511
-2142
-2162
-2009
-2013
-2374
-3021
-3704
-4080
-3952
-3658
-3541
-3614
-3978
-4497
-4696
-4428
-4029
-3726
-3790
-4029
-4132
-4024
-3509
-2738
-2227
-2381
-2763
-2641
-1944
-1136
-436
-13
-50
-395
-323
281
904
1411
1598
1360
1138
1311
1856
2428
2756
2830
2622
2214
2061
2456
3128
3631
3743
3398
2639
2097
2496
3563
4227
3987
3183
2474
2477
3161
3806
3769
3132
2509
2262
2231
2304
2438
2381
2103
1647
1077
537
386
652
757
295
-653
-1489
-1862
-1768
-1454
-1609
-2346
-3219
-3714
-3717
-3457
-3183
-3232
-3700
-4358
-4602
-4336
-3981
-3590
-3561
-3889
-4248
-4255
-3767
-3251
-2940
-2893
-2974
-2991
-2738
-2313
-1674
-994
-665
-678
-859
-888
-522
219
804
929
664
345
454
1049
1833
2324
2291
1884
1578
1556
2001
2895
3539
3617
3059
2249
2153
3000
3934
4116
3632
3113
2901
3076
3623
4048
4018
3724
3205
2764
2658
2842
2854
2711
2580
2066
1304
694
551
746
874
498
-445
-1491
-1998
-1851
-1704
-1866
-2564
-3451
-4039
-4035
-3639
-3456
-3598
-4180
-4923
-5200
-4718
-4044
-3726
-3948
-4443
-4620
-4242
-3529
-3013
-3074
-3236
-3175
-2784
-2267
-1779
-1281
-877
-606
-517
-468
-260
233
923
1394
1331
1032
1049
1432
1898
2293
2599
2686
2436
2100
2222
2934
3462
3556
3519
3459
3246
3015
3237
3757
4089
3938
3609
3364
3472
3728
3760
3679
3640
3449
3135
2681
2383
2312
2369
2424
2030
1278
595
297
253
213
-80
-722
-1410
-1760
-1945
-2132
-2282
-2466
-2945
-3629
-4056
-4030
-3703
-3560
-4016
-4555
-4645
-4381
-4068
-3821
-3851
-4231
-4241
-3721
-3352
-3307
-3160
-3058
-2972
-2773
-2495
-2158
-1872
-1515
-1101
-912
-855
-651
-216
265
583
630
660
763
902
1242
1656
1904
1923
1942
2007
2200
2477
2860
3255
3456
3407
3171
3087
3295
3652
3838
3836
3795
3817
3687
3435
3393
3656
3965
3890
3362
2711
2349
2427
2734
2761
2162
1218
561
205
149
190
-78
-697
-1479
-2083
-2384
-2460
-2468
-2566
-3097
-3772
-4082
-4048
-3902
-3941
-4277
-4655
-4866
-4783
-4410
-4093
-4120
-4269
-4279
-4121
-3823
-3441
-3101
-3001
-2966
-2800
-2491
-2214
-1893
-1321
-845
-743
-795
-502
-25
340
733
1071
1150
1064
1307
1795
2179
2501
2619
2433
2240
2390
2869
3388
3811
3997
3843
3530
3435
3849
4303
4436
4471
4361
4095
3836
3827
4135
4290
4132
3784
3362
2976
2740
2735
2732
2582
2112
1337
599
224
194
131
-311
-1033
-1751
-2200
-2398
-2481
-2591
-2877
-3376
-4006
-4288
-4128
-3872
-3873
-4178
-4613
-4811
-4549
-4122
-3872
-3898
-4104
-4192
-3864
-3456
-3228
-3031
-2803
-2718
-2679
-2422
-2065
-1715
-1289
-893
-802
-763
-532
-260
143
685
961
790
616
810
1326
1951
2391
2320
1905
1695
2029
2688
3247
3507
3554
3398
3120
3025
3367
3992
4366
4168
3778
3484
3449
3724
4003
3909
3589
3331
3051
2763
2519
2489
2521
2410
1979
1200
415
-9
-47
109
-85
-907
-1788
-2337
-2588
-2524
-2320
-2619
-3549
-4356
-4472
-4209
-3860
-3703
-4198
-4972
-5174
-4687
-4227
-4095
-4263
-4488
-4456
-4155
-3858
-3635
-3383
-3168
-3027
-2967
-2749
-2435
-1933
-1368
-1043
-995
-955
-695
-260
460
1091
1192
934
949
1296
1854
2404
2732
2759
2598
2623
2946
3445
3815
4074
4300
4276
4211
4185
4310
4646
4937
5021
4807
4382
4200
4153
4151
4256
4355
4117
3468
2929
2679
2624
2527
2428
2032
1328
506
-129
-317
-237
-299
-866
-1726
-2547
-2921
-2805
-2694
-2929
-3477
-4162
-4596
-4515
-4170
-4066
-4423
-4818
-4862
-4699
-4683
-4591
-4424
-4303
-4219
-4062
-3807
-3694
-3520
-3202
-2822
-2551
-2500
-2452
-2231
-1711
-1003
-607
-682
-836
-597
-66
587
1071
1192
1198
1136
1424
2072
2593
2753
2735
2688
2541
2629
3132
3802
4188
4152
3943
3673
3641
4057
4643
4806
4444
3944
3710
3633
3745
4075
4167
3759
3052
2500
2210
2117
2332
2424
1923
886
-33
-327
-226
-79
-192
-854
-1933
-2687
-2752
-2404
-2311
-2716
-3375
-4094
-4430
-4259
-3843
-3808
-4237
-4613
-4740
-4812
-4753
-4359
-4078
-4192
-4391
-4289
-4039
-3793
-3458
-3234
-3229
-3189
-2929
-2601
-2208
-1582
-1033
-983
-1168
-1098
-584
74
735
1191
1119
785
768
1463
2379
2863
2857
2730
2649
2645
2958
3564
4098
4360
4315
4113
3946
4204
4761
5099
5069
4828
4501
4179
4152
4376
4437
4213
3865
3431
2988
2683
2570
2606
2443
1917
1243
579
167
-63
-149
-310
-833
-1650
-2332
-2572
-2575
-2614
-2915
-3442
-3944
-4230
-4265
-4267
-4338
-4467
-4549
-4638
-4607
-4580
-4526
-4513
-4406
-4248
-4113
-3962
-3814
-3563
-3382
-3163
-2984
-2680
-2490
-2400
-2048
-1430
-845
-616
-521
-363
-52
483
1028
1240
1214
1227
1505
2017
2377
2654
2773
2816
2870
3031
3365
3559
3789
4120
4435
4407
4150
4084
4242
4404
4533
4443
3990
3605
3507
3681
3717
3602
3370
2984
2533
2189
2130
2130
1979
1580
998
213
-416
-614
-610
-716
-1139
-1783
-2465
-2923
-2918
-2749
-2853
-3145
-3514
-3995
-4387
-4441
-4277
-4246
-4482
-4791
-4975
-4922
-4605
-4341
-4234
-4224
-4266
-4211
-4019
-3756
-3322
-2941
-2797
-2779
-2680
-2411
-1979
-1339
-792
-649
-733
-555
17
700
1169
1416
1572
1690
1831
2157
2483
2757
2984
3092
3211
3278
3415
3753
4206
4433
4479
4356
4206
4226
4404
4696
4697
4493
4148
3769
3582
3663
3812
3677
3214
2833
2622
2470
2332
2163
1928
1608
1110
449
-104
-478
-705
-869
-1146
-1712
-2338
-2713
-2825
-2930
-2963
-3174
-3688
-4173
-4383
-4341
-4284
-4356
-4577
-4857
-5048
-4945
-4693
-4535
-4438
-4351
-4133
-3878
-3738
-3474
-2966
-2537
-2410
-2280
-2166
-2033
-1741
-1131
-478
-158
-40
163
427
922
1663
2205
2278
2194
2347
2665
2970
3198
3420
3483
3425
3434
3609
3758
3881
4057
4241
4418
4499
4443
4295
4242
4267
4249
4019
3554
3160
3004
2982
2983
2868
2571
2182
1851
1680
1510
1187
913
669
226
-435
-980
-1214
-1389
-1498
-1747
-2358
-3030
-3395
-3344
-3252
-3394
-3815
-4249
-4500
-4588
-4526
-4526
-4751
-5038
-5131
-5114
-4957
-4622
-4328
-4320
-4388
-4256
-3896
-3455
-3066
-2754
-2658
-2608
-2447
-2036
-1615
-1249
-835
-421
-122
91
416
892
1344
1855
2273
2403
2440
2534
2812
3062
3250
3362
3415
3389
3508
3780
4029
4209
4309
4360
4374
4421
4421
4493
4454
4281
3977
3669
3531
3619
3654
3305
2814
2473
2373
2389
2381
2139
1639
1105
813
796
608
-16
-675
-1207
-1625
-1967
-2110
-2214
-2544
-3062
-3458
-3621
-3736
-3820
-4023
-4375
-4784
-4938
-4852
-4850
-4979
-5049
-5050
-5021
-4886
-4546
-4281
-4195
-3941
-3515
-3153
-2962
-2670
-2287
-2028
-1831
-1537
-1203
-926
-536
64
677
1049
1211
1481
1893
2468
2975
3119
3063
3092
3291
3583
3742
3842
4004
4062
4014
4014
4114
4229
4361
4494
4455
4262
4276
4446
4322
3965
3701
3503
3280
3048
2866
2729
2483
2266
2078
1843
1675
1510
1187
665
135
-154
-358
-608
-998
-1438
-1921
-2419
-2714
-2797
-2964
-3376
-3823
-4102
-4260
-4380
-4443
-4526
-4871
-5256
-5349
-5339
-5356
-5363
-5271
-5111
-4917
-4703
-4449
-4134
-3709
-3352
-3222
-3125
-2868
-2435
-2032
-1665
-1348
-1052
-827
-485
56
618
1028
1304
1618
1900
2222
2593
2967
3226
3321
3352
3440
3563
3654
3815
4017
4196
4230
4070
3987
4245
4564
4576
4221
3880
3803
3898
4026
4030
3846
3438
3031
2914
3000
2997
2698
2246
1875
1626
1517
1353
1093
677
229
-243
-583
-798
-1073
-1422
-1868
-2312
-2726
-3045
-3207
-3362
-3489
-3853
-4382
-4712
-4844
-4947
-4981
-5096
-5224
-5297
-5254
-4998
-4712
-4442
-4311
-4198
-3976
-3616
-3334
-3081
-2807
-2498
-2298
-1999
-1607
-1264
-978
-619
-111
360
752
1063
1458
1949
2413
2732
2960
3083
3105
3173
3444
3703
3794
3878
3984
4129
4395
4581
4513
4464
4551
4604
4447
4309
4310
4203
3876
3609
3523
3503
3359
3163
2970
2759
2639
2397
2198
1936
1559
1160
827
631
331
-197
-734
-1162
-1463
-1654
-1829
-1981
-2273
-2786
-3294
-3585
-3653
-3677
-3926
-4331
-4644
-4781
-4815
-4877
-5020
-5274
-5472
-5390
-5106
-4749
-4459
-4367
-4298
-4017
-3681
-3480
-3269
-3046
-2788
-2557
-2297
-1876
-1482
-1105
-723
-354
71
475
837
1200
1606
1939
2175
2364
2531
2690
2890
3159
3373
3476
3477
3521
3648
3849
4096
4311
4343
4285
4173
4098
4089
4096
4008
3780
3438
3200
3134
3219
3401
3315
3021
2666
2379
2254
2148
2018
1709
1186
667
336
218
33
-376
-854
-1249
-1555
-1804
-2003
-2116
-2323
-2636
-2942
-3212
-3377
-3572
-3791
-4028
-4334
-4509
-4612
-4704
-4712
-4683
-4600
-4515
-4416
-4247
-4031
-3909
-3776
-3666
-3423
-3081
-2752
-2469
-2281
-2052
-1680
-1218
-868
-578
-283
91
495
816
1194
1599
1878
2069
2370
2665
2804
2908
3009
3280
3675
4016
4090
4067
4147
4262
4396
4473
4484
4363
4138
4039
4047
4056
4020
3942
3818
3524
3144
2954
3041
3094
2806
2292
1798
1415
1156
1045
811
370
-128
-643
-948
-1056
-1137
-1327
-1625
-1966
-2314
-2658
-2950
-3154
-3365
-3556
-3741
-4030
-4346
-4539
-4511
-4339
-4161
-4237
-4499
-4588
-4406
-4200
-3964
-3802
-3776
-3836
-3788
-3527
-3164
-2897
-2809
-2741
-2509
-2008
-1468
-1082
-797
-455
-197
16
269
563
801
917
1185
1427
1649
1924
2232
2569
2853
3039
3236
3428
3611
3856
4014
4048
3924
3896
4027
4106
4058
3941
3692
3529
3569
3706
3779
3648
3426
3201
2954
2759
2546
2339
1980
1545
1283
1030
682
304
49
-161
-395
-646
-856
-1145
-1484
-1690
-1850
-2061
-2325
-2669
-3037
-3335
-3488
-3477
-3539
-3728
-3943
-4031
-3957
-3790
-3593
-3517
-3602
-3692
-3684
-3610
-3496
-3348
-3207
-3187
-3154
-3019
-2729
-2342
-2038
-1805
-1571
-1297
-968
-593
-262
15
190
416
729
989
1151
1294
1548
1828
2051
2288
2568
2884
3289
3625
3755
3768
3832
3953
4033
4031
4016
3962
3839
3719
3706
3729
3706
3561
3425
3281
3083
2940
2909
2783
2426
2059
1748
1570
1388
1068
637
205
21
-82
-314
-577
-766
-937
-1245
-1554
-1727
-1850
-2056
-2413
-2660
-2795
-2934
-3047
-3179
-3431
-3638
-3635
-3512
-3517
-3605
-3544
-3500
-3571
-3603
-3456
-3326
-3282
-3217
-3098
-2999
-2998
-2878
-2659
-2392
-2166
-1992
-1785
-1616
-1330
-966
-665
-451
-257
-23
228
431
696
924
1033
1271
1606
1868
2014
2239
2525
2683
2789
2970
3167
3251
3365
3494
3588
3517
3424
3396
3340
3292
3285
3338
3228
2930
2751
2692
2575
2523
2442
2152
1788
1496
1389
1318
1118
761
336
13
-114
-129
-232
-545
-943
-1129
-1267
-1418
-1545
-1707
-1952
-2229
-2403
-2510
-2680
-2764
-2749
-2842
-3030
-3144
-3123
-3068
-3057
-3060
-2948
-2868
-2801
-2760
-2689
-2614
-2512
-2395
-2369
-2282
-2089
-1825
-1640
-1486
-1251
-1003
-819
-612
-324
-26
169
324
546
748
983
1251
1559
1864
1963
1974
2059
2316
2594
2804
2934
3011
3096
3117
3178
3167
3161
3167
3076
2982
2884
2766
2675
2631
2619
2519
2336
2282
2219
2075
1830
1593
1367
1147
943
724
500
331
202
-6
-281
-588
-810
-943
-1044
-1123
-1278
-1498
-1706
-1901
-2003
-2171
-2350
-2452
-2460
-2628
-2904
-3033
-3007
-2869
-2818
-2856
-2937
-2916
-2823
-2696
-2610
-2602
-2694
-2676
-2398
-2102
-1938
-1898
-1837
-1681
-1430
-1166
-931
-832
-789
-664
-363
-9
233
320
379
555
768
998
1253
1417
1437
1534
1792
2050
2170
2175
2154
2245
2281
2290
2309
2341
2396
2407
2441
2443
2346
2153
2132
2166
2187
2100
1887
1720
1595
1536
1500
1338
1186
1089
1010
900
732
661
547
319
99
-41
-173
-307
-465
-621
-848
-1093
-1234
-1274
-1357
-1597
-1771
-1831
-1766
-1834
-2007
-2099
-2117
-2177
-2273
-2382
-2484
-2496
-2428
-2374
-2280
-2199
-2186
-2051
-1840
-1607
-1477
-1419
-1318
-1157
-1002
-814
-597
-438
-338
-247
-88
100
380
628
762
895
1069
1280
1429
1568
1657
1802
1852
1815
1842
1860
1900
1933
1981
1991
1920
1897
1953
2030
2097
2098
1967
1765
1645
1657
1607
1479
1362
1190
1041
940
832
806
768
695
623
536
423
221
96
-35
-195
-403
-509
-560
-673
-836
-1057
-1230
-1308
-1327
-1353
-1474
-1591
-1603
-1634
-1690
-1735
-1781
-1889
-2022
-2154
-2196
-2188
-2156
-2026
-1903
-1893
-1885
-1751
-1571
-1438
-1331
-1282
-1178
-1092
-936
-731
-562
-436
-299
-140
-97
73
296
421
529
655
802
983
1127
1288
1372
1340
1341
1411
1435
1404
1419
1475
1470
1409
1385
1459
1515
1459
1421
1338
1251
1138
1067
1067
1039
946
870
796
752
686
616
540
445
340
194
97
92
93
62
-45
-152
-193
-262
-367
-506
-591
-659
-797
-849
-768
-756
-908
-1043
-1092
-1109
-1170
-1269
-1354
-1366
-1351
-1379
-1401
-1426
-1299
-1179
-1153
-1197
-1222
-1125
-1034
-903
-684
-617
-666
-651
-502
-280
-145
-15
82
138
208
347
572
774
839
865
891
1015
1146
1172
1164
1212
1331
1434
1467
1415
1358
1378
1400
1384
1346
1252
1108
1046
1067
1090
1069
992
891
789
757
772
694
549
392
248
211
142
93
-1
-176
-208
-157
-203
-314
-406
-400
-361
-422
-492
-634
-788
-888
-936
-1021
-1069
-1126
-1163
-1235
-1231
-1108
-1007
-1027
-1132
-1149
-1106
-1001
-919
-931
-1008
-1059
-1054
-923
-839
-826
-897
-903
-822
-690
-479
-343
-337
-257
-152
-11
127
168
199
183
165
278
488
631
650
635
662
670
749
919
1068
1144
1100
1109
1157
1189
1158
1099
1046
991
923
837
753
713
737
744
662
508
398
282
282
294
123
-59
-127
-99
-77
-169
-257
-282
-345
-449
-539
-570
-579
-608
-641
-637
-618
-559
-611
-722
-775
-740
-661
-645
-722
-749
-723
-739
-717
-689
-623
-617
-611
-614
-615
-641
-646
-561
-430
-312
-257
-246
-212
-137
-92
-32
8
91
87
107
277
484
565
533
545
676
839
891
923
970
1037
1086
1108
1140
1118
1075
1022
1027
1006
1029
1034
1009
946
881
896
919
892
758
652
563
469
367
237
99
44
43
20
-59
-169
-194
-185
-270
-379
-457
-476
-438
-505
-602
-696
-778
-778
-719
-701
-696
-740
-825
-849
-752
-680
-695
-767
-855
-892
-863
-856
-859
-901
-963
-961
-893
-804
-709
-591
-576
-525
-506
-465
-406
-323
-333
-361
-369
-300
-184
-99
2
83
212
349
432
436
513
628
733
743
712
739
737
732
724
759
801
811
749
680
749
897
980
958
945
897
844
790
692
556
429
314
223
196
112
76
6
-48
-40
0
-64
-115
-169
-229
-271
-326
-367
-514
-645
-690
-716
-721
-715
-747
-743
-742
-680
-592
-578
-558
-557
-542
-497
-475
-571
-692
-793
-811
-664
-546
-547
-549
-475
-376
-313
-262
-140
-150
-184
-175
-112
-29
23
63
32
7
11
98
205
283
329
435
529
582
626
714
824
886
895
852
798
759
820
913
957
928
951
963
950
936
949
936
815
752
708
733
725
611
556
534
435
330
273
195
134
49
-50
-116
-164
-163
-206
-272
-325
-394
-450
-539
-578
-600
-588
-626
-664
-643
-660
-664
-664
-637
-686
-791
-839
-794
-717
-621
-595
-623
-595
-526
-475
-447
-487
-504
-522
-471
-427
-398
-404
-391
-313
-242
-204
-131
-51
-47
-29
27
103
110
86
3
21
44
55
38
64
136
182
301
371
411
485
502
545
572
590
570
477
457
467
486
453
437
440
448
487
518
567
584
604
554
484
407
298
207
74
-23
-108
-216
-308
-299
-282
-275
-290
-273
-262
-259
-310
-394
-349
-355
-482
-624
-741
-782
-796
-766
-672
-714
-726
-701
-529
-351
-291
-250
-245
-244
-191
-238
-313
-286
-273
-257
-264
-273
-217
-126
-93
-68
29
130
188
232
367
424
341
256
214
206
152
75
158
238
237
242
341
465
578
673
662
687
706
701
682
605
546
543
534
575
681
709
677
646
712
717
709
651
611
605
527
457
379
318
196
88
44
19
-7
-32
-81
-100
-111
-52
-57
-160
-209
-283
-384
-468
-504
-593
-656
-650
-526
-469
-470
-489
-502
-445
-448
-413
-435
-485
-509
-507
-489
-503
-491
-411
-383
-348
-315
-261
-259
-243
-175
-133
-124
-127
-108
-118
-125
-172
-147
-171
-166
-180
-139
-66
21
127
106
118
95
93
99
32
25
51
81
72
29
77
171
259
298
320
374
413
423
457
425
363
320
252
186
107
61
46
52
48
-8
-68
-79
-57
12
97
46
-44
-57
-96
-152
-244
-310
-424
-448
-459
-396
-344
-363
-321
-286
-240
-204
-176
-156
-149
-145
-144
-179
-162
-161
-186
-195
-213
-232
-168
-133
-118
-106
-67
-5
6
9
19
41
34
-40
-91
-72
-61
6
38
29
18
38
122
243
326
321
290
303
275
334
442
548
612
547
543
566
590
567
556
590
649
629
642
641
618
621
561
528
452
396
347
309
261
225
165
65
71
84
70
84
45
-69
-195
-243
-235
-222
-198
-210
-198
-181
-188
-227
-255
-255
-255
-252
-276
-273
-234
-224
-297
-325
-274
-226
-226
-284
-319
-296
-330
-328
-284
-323
-374
-347
-302
-288
-367
-444
-480
-420
-391
-393
-368
-322
-306
-327
-261
-131
-92
-53
-45
-50
14
22
24
9
68
133
202
232
223
247
285
304
261
267
282
287
283
263
244
156
62
41
43
5
-25
-19
-39
-131
-207
-152
-127
-123
-120
-101
-45
-84
-161
-171
-138
-155
-193
-193
-159
-104
-74
-54
-54
-73
-37
61
68
10
-44
-57
-14
21
18
-6
-2
-46
-83
-132
-178
-180
-172
-117
-54
-32
-90
-126
-172
-115
-26
-11
-66
-111
-151
-140
-93
-12
22
47
124
228
309
291
315
368
404
399
451
468
507
551
516
470
465
503
509
513
527
562
533
504
425
396
367
276
230
155
124
95
-2
-63
-79
-77
-50
-12
-13
-19
-17
-2
27
-34
-66
-97
-64
-60
-150
-216
-227
-192
-201
-200
-153
-98
-116
-101
-59
-82
-115
-139
-169
-216
-263
-334
-396
-441
-426
-394
-375
-336
-330
-325
-300
-283
-255
-268
-323
-353
-286
-221
-214
-233
-255
-223
-199
-90
14
63
99
112
188
249
303
315
279
216
245
261
198
185
172
182
167
171
202
176
163
157
178
140
86
-9
-53
-64
-118
-108
-148
-160
-184
-156
-121
-114
-150
-189
-196
-169
-149
-131
-160
-227
-208
-159
-161
-189
-216
-194
-159
-152
-126
-83
-80
-66
-106
-136
-74
-67
-86
-122
-153
-182
-173
-131
-94
-48
-49
-26
-19
-38
-66
-48
-21
-16
-18
-21
11
40
83
140
182
188
236
270
279
299
313
384
420
400
388
360
355
354
347
395
431
408
462
505
489
538
550
522
457
415
391
328
264
177
137
126
99
89
87
95
97
84
93
106
110
46
-24
-76
-107
-207
-279
-296
-308
-299
-323
-300
-275
-339
-345
-274
-233
-218
-252
-337
-376
-393
-423
-419
-473
-540
-576
-554
-516
-505
-446
-394
-343
-328
-300
-239
-185
-158
-171
-200
-212
-160
-96
-94
-84
-10
82
152
166
207
279
341
397
405
412
467
405
363
382
363
372
342
323
368
450
468
493
455
386
357
328
296
245
175
128
114
15
5
37
75
96
85
76
63
17
-45
-100
-124
-138
-139
-156
-212
-262
-318
-320
-364
-398
-399
-390
-372
-360
-362
-362
-412
-472
-489
-522
-560
-567
-578
-626
-647
-619
-589
-520
-472
-462
-405
-355
-337
-337
-360
-365
-304
-239
-219
-205
-169
-90
-71
-27
59
176
276
340
440
483
488
517
551
565
555
547
585
553
529
548
584
637
683
682
697
697
699
678
674
634
604
546
476
457
427
442
414
311
283
304
359
374
322
306
256
219
180
175
147
104
92
21
-50
-63
-78
-102
-149
-194
-220
-267
-301
-298
-288
-292
-367
-447
-503
-521
-529
-522
-559
-658
-700
-728
-670
-610
-613
-629
-632
-594
-559
-549
-495
-416
-362
-373
-348
-331
-254
-162
-118
-71
-102
-135
-54
28
110
219
260
314
300
336
397
429
455
424
452
440
427
453
467
402
319
313
331
350
343
367
382
326
318
331
334
271
216
203
147
81
8
-37
-37
-28
-11
11
0
-18
-43
-73
-76
-102
-122
-180
-242
-293
-342
-383
-403
-418
-467
-446
-467
-422
-374
-417
-470
-476
-438
-463
-479
-486
-510
-533
-537
-530
-535
-493
-440
-390
-338
-315
-202
-146
-182
-137
-87
-22
-33
-56
-19
13
73
172
248
270
317
329
383
420
446
447
436
428
419
436
447
440
445
504
524
537
548
515
523
542
553
582
571
537
555
539
498
447
381
352
324
295
288
316
303
295
266
224
209
151
103
98
73
19
-46
-107
-140
-168
-200
-202
-244
-259
-277
-295
-295
-303
-328
-366
-366
-391
-408
-468
-477
-485
-517
-486
-483
-458
-426
-405
-376
-369
-327
-311
-309
-286
-281
-300
-311
-279
-218
-178
-133
-85
-13
20
59
74
121
166
147
153
88
88
106
124
132
138
147
178
210
254
348
373
374
362
340
333
291
273
222
149
84
91
125
97
61
99
145
139
109
145
156
89
60
48
43
-21
-134
-191
-217
-209
-225
-236
-239
-240
-254
-225
-212
-213
-226
-228
-236
-234
-266
-302
-353
-395
-359
-311
-312
-326
-314
-323
-283
-216
-163
-119
-129
-159
-163
-130
-141
-178
-200
-172
-139
-118
-46
2
21
56
89
132
159
228
242
181
197
194
219
256
245
267
300
290
299
333
379
396
388
385
394
417
410
416
414
427
397
364
346
371
347
352
348
347
349
316
258
253
200
113
72
61
37
-1
11
-7
-23
-64
-74
-110
-111
-131
-173
-196
-212
-196
-246
-273
-301
-298
-286
-282
-309
-298
-295
-312
-286
-235
-220
-251
-242
-246
-226
-220
-249
-260
-267
-252
-225
-197
-163
-118
-128
-129
-76
-15
10
-23
-9
-8
-15
-32
-22
-48
-70
-46
-4
74
101
119
137
192
217
228
259
225
145
131
125
113
115
135
164
171
179
198
222
217
189
146
77
65
59
46
29
-51
-83
-113
-138
-146
-139
-113
-110
-103
-116
-85
-92
-101
-122
-135
-153
-173
-179
-186
-190
-180
-182
-163
-102
-75
-66
-82
-94
-106
-125
-111
-110
-124
-113
-142
-173
-156
-103
-88
-71
-63
-41
-6
41
58
60
49
19
19
-20
11
20
27
59
73
88
133
191
210
250
287
288
259
268
306
308
279
265
235
216
187
208
235
247
252
235
235
230
224
193
143
147
132
61
0
-23
-31
-61
-96
-80
-59
-66
-39
-55
-54
-27
-76
-115
-102
-96
-162
-144
-145
-164
-151
-153
-149
-138
-129
-129
-146
-131
-84
-112
-81
-88
-121
-128
-134
-177
-177
-199
-213
-155
-110
-85
-62
-50
-42
-38
-33
-23
-39
-42
-50
-19
-7
-2
26
32
89
163
213
195
176
221
243
263
249
230
205
202
210
235
257
214
193
192
230
253
238
217
152
93
41
2
-23
-89
-151
-192
-179
-175
-174
-160
-143
-122
-138
-117
-146
-221
-227
-286
-338
-352
-381
-383
-341
-305
-264
-258
-219
-196
-203
-161
-177
-160
-177
-197
-180
-162
-118
-116
-115
-111
-119
-83
-86
-83
-48
-21
1
22
59
55
38
0
-37
5
11
-10
-34
4
37
65
138
135
162
190
236
278
260
250
270
263
244
267
286
265
262
294
318
354
347
351
374
347
327
316
255
179
171
166
159
123
82
53
33
39
33
10
-28
-36
-66
-68
-112
-137
-126
-164
-196
-188
-157
-146
-180
-171
-124
-139
-111
-85
-53
-59
-76
-63
-49
-54
-112
-150
-165
-176
-167
-138
-132
-101
-32
-10
-7
-28
-39
-33
-79
-95
-61
-98
-126
-99
-32
-2
15
33
57
103
153
193
228
263
245
236
195
211
215
212
233
219
267
260
264
281
265
276
253
221
156
140
106
74
28
-11
-12
-27
-95
-162
-189
-221
-238
-261
-283
-276
-284
-279
-290
-318
-352
-367
-347
-341
-347
-365
-389
-367
-364
-363
-305
-267
-263
-246
-258
-282
-235
-207
-172
-160
-114
-95
-132
-121
-113
-114
-88
-69
-53
-43
-46
-27
-30
-59
-35
-10
2
13
51
79
74
84
100
124
167
206
200
193
179
159
172
184
200
209
226
287
324
355
363
372
366
343
314
329
324
295
270
240
233
215
194
201
187
176
172
172
136
106
117
82
33
-21
-43
-43
-99
-129
-107
-86
-97
-90
-76
-43
-56
-53
-21
-25
-23
-61
-58
-74
-82
-103
-118
-123
-132
-99
-51
-48
-34
-29
-3
14
65
41
7
-39
-70
-60
-91
-91
-110
-71
-81
-69
-38
-1
6
51
65
63
67
75
67
55
71
62
66
76
93
111
126
157
138
182
167
111
158
130
113
100
110
53
31
22
-27
-26
-29
-33
-33
-63
-107
-96
-91
-116
-154
-204
-209
-234
-225
-219
-263
-301
-298
-310
-317
-317
-296
-262
-298
-297
-299
-289
-308
-315
-312
-310
-287
-292
-293
-259
-238
-271
-229
-192
-192
-162
-148
-106
-62
-53
-57
-71
-34
-13
23
67
104
109
127
161
180
184
168
189
204
222
195
212
228
257
290
278
303
295
327
376
382
374
326
350
307
296
285
280
252
229
237
251
255
265
232
214
191
210
232
207
186
121
94
49
16
1
-24
-47
-46
-49
-62
-74
-62
-27
-59
-80
-76
-97
-101
-129
-144
-140
-194
-192
-193
-182
-174
-179
-139
-109
-87
-85
-73
-54
-44
-74
-94
-108
-108
-114
-117
-110
-109
-64
-20
-26
-5
30
57
54
40
80
81
47
66
64
70
45
47
63
35
83
81
124
122
161
189
174
174
146
139
94
106
91
89
55
56
74
39
68
31
0
-20
-55
-60
-56
-49
-80
-122
-127
-172
-196
-200
-219
-240
-257
-251
-245
-219
-205
-226
-273
-263
-277
-296
-318
-334
-336
-335
-326
-309
-288
-247
-216
-208
-164
-161
-153
-153
-152
-136
-131
-94
-74
-56
-14
11
50
60
70
76
61
102
111
108
89
130
150
183
180
204
265
234
257
277
305
295
293
286
287
262
283
291
264
261
241
251
252
247
233
204
195
177
138
177
163
157
153
105
39
56
61
18
-10
-31
-50
-73
-85
-97
-125
-93
-93
-88
-77
-120
-164
-168
-153
-191
-186
-210
-184
-164
-160
-151
-153
-162
-152
-152
-154
-138
-134
-130
-104
-65
-52
-22
-19
5
-39
-14
-1
27
39
26
45
38
58
90
107
129
155
179
215
215
218
224
233
218
233
267
246
249
244
191
198
218
204
191
165
193
206
208
183
177
180
162
137
101
68
26
-12
-44
-58
-91
-133
-126
-123
-131
-143
-190
-186
-187
-194
-182
-212
-268
-294
-343
-348
-324
-352
-380
-408
-388
-386
-411
-395
-370
-337
-338
-317
-277
-261
-282
-298
-294
-266
-273
-280
-232
-203
-203
-166
-99
-73
-49
-12
32
73
84
90
111
123
135
171
176
174
177
172
175
149
183
224
228
222
257
249
270
255
249
275
256
258
242
230
210
184
198
214
207
208
254
222
192
161
107
116
98
83
71
63
53
50
36
-6
15
-13
-63
-75
-73
-73
-63
-74
-86
-99
-100
-92
-110
-115
-134
-143
-165
-182
-165
-183
-184
-174
-168
-147
-112
-104
-120
-76
-75
-46
-2
0
-11
3
20
-3
11
-1
5
22
44
79
80
121
143
154
166
200
242
228
230
199
204
230
228
244
220
181
180
176
182
163
148
168
179
180
192
194
181
149
164
158
108
73
94
76
35
15
16
-8
-35
-20
-33
-53
-97
-102
-116
-115
-115
-140
-160
-169
-188
-212
-252
-295
-322
-337
-340
-338
-350
-364
-353
-400
-392
-395
-362
-339
-342
-305
-298
-331
-335
-295
-256
-248
-248
-194
-192
-171
-151
-126
-86
-39
-4
14
58
63
75
114
135
143
144
137
132
124
119
128
107
108
129
150
143
151
194
197
179
130
133
149
176
164
170
158
124
134
109
111
114
104
83
114
125
129
113
118
135
96
63
58
54
56
69
41
10
-11
-45
-72
-93
-104
-125
-117
-120
-137
-98
-70
-79
-103
-111
-96
-116
-103
-84
-93
-108
-84
-70
-78
-43
-51
-11
29
14
21
87
128
133
142
126
123
131
135
162
182
172
168
192
183
182
172
152
181
167
154
175
182
174
154
153
159
132
158
150
136
170
152
143
147
151
162
137
136
122
123
105
97
84
79
97
46
15
4
-20
-37
-70
-94
-138
-131
-109
-156
-148
-169
-191
-210
-219
-228
-223
-252
-304
-300
-343
-324
-333
-312
-305
-307
-298
-298
-272
-261
-238
-241
-279
-276
-259
-253
-240
-225
-198
-206
-161
-123
-133
-123
-117
-127
-124
-135
-115
-69
-50
-49
-40
-27
-16
-11
25
59
61
89
127
126
132
167
208
218
218
233
232
236
212
183
186
204
203
215
222
226
223
197
211
190
152
156
104
106
111
75
40
15
27
24
-23
-47
-61
-79
-69
-47
-35
-2
-48
-77
-52
-64
-55
-75
-115
-108
-79
-52
-43
-47
-31
-18
4
2
8
32
30
-10
-9
1
17
16
14
15
-10
5
-12
14
43
70
61
81
101
96
83
56
88
121
97
78
73
65
128
141
143
136
107
131
156
193
183
190
177
190
187
194
150
135
119
75
88
92
95
97
95
78
72
86
62
20
6
-31
-55
-72
-87
-106
-140
-159
-163
-174
-159
-185
-187
-169
-197
-198
-222
-218
-212
-217
-224
-223
-207
-223
-253
-254
-256
-226
-236
-247
-216
-201
-177
-153
-142
-151
-168
-151
-120
-128
-143
-148
-122
-110
-92
-77
-49
-65
-80
-59
-34
-37
-38
-23
22
57
78
96
84
88
64
91
82
117
138
145
169
194
208
186
215
200
218
227
224
217
192
182
172
171
148
157
161
149
140
129
112
72
50
10
13
3
-13
-10
-21
-52
-51
-36
-52
-73
-76
-46
-42
-83
-113
-115
-118
-132
-131
-106
-117
-118
-103
-101
-99
-120
-103
-103
-94
-62
-49
-30
-28
-34
-20
-28
-37
3
25
27
14
21
31
39
50
75
94
66
87
128
131
145
138
154
160
160
148
167
162
142
124
152
151
123
127
125
114
121
143
156
149
136
118
132
91
92
103
94
91
61
50
33
43
55
33
29
23
-25
-23
-32
-14
-33
-63
-86
-92
-107
-133
-151
-144
-176
-184
-162
-173
-152
-164
-173
-148
-166
-171
-181
-200
-197
-186
-212
-233
-232
-217
-209
-189
-179
-193
-169
-160
-143
-132
-104
-128
-126
-103
-67
-59
-76
-85
-92
-63
-66
-52
-52
-40
-22
5
58
74
69
98
120
130
118
116
127
113
111
116
134
141
129
114
153
153
148
175
196
173
160
156
139
105
103
92
48
29
31
43
22
40
3
12
-12
-34
-16
-27
-36
-45
-20
-37
-72
-97
-80
-96
-108
-95
-99
-77
-60
-88
-96
-118
-104
-85
-89
-95
-84
-78
-91
-90
-88
-66
-76
-57
-39
-44
-27
-22
14
37
49
12
25
46
66
69
86
78
67
96
89
136
182
214
207
227
240
255
256
236
265
246
233
221
214
215
198
197
213
181
137
123
148
165
135
129
145
153
120
117
67
16
17
-10
-36
-65
-84
-79
-109
-110
-101
-84
-82
-85
-61
-73
-98
-99
-93
-133
-144
-137
-159
-195
-204
-184
-193
-186
-164
-143
-158
-126
-128
-127
-143
-114
-129
-163
-170
-214
-211
-219
-217
-221
-190
-152
-155
-141
-133
-112
-105
-131
-127
-86
-54
-76
-79
-62
-73
-71
-29
18
42
46
58
64
65
50
47
86
63
71
88
87
93
60
27
22
28
58
88
85
97
70
55
52
-1
31
58
63
44
7
17
15
12
-2
19
8
-5
-23
-18
-27
-66
-34
-30
-47
-76
-72
-73
-102
-103
-89
-80
-57
-64
-48
-66
-68
-38
-17
-18
-16
-8
1
-5
-12
23
-7
-11
30
55
72
68
57
53
62
86
102
111
129
149
163
158
162
167
185
182
187
185
196
212
215
206
214
219
198
226
213
209
207
205
211
187
187
209
206
205
178
173
132
112
123
89
74
66
60
62
52
19
27
-3
-30
-32
-35
-42
-81
-98
-98
-113
-145
-165
-185
-193
-208
-202
-192
-194
-191
-189
-209
-191
-174
-197
-216
-226
-226
-267
-241
-236
-212
-199
-192
-184
-186
-182
-171
-150
-156
-148
-164
-153
-132
-140
-133
-119
-114
-111
-88
-66
-73
-45
-32
-18
-11
-15
-8
-3
10
29
26
13
-17
1
40
23
40
59
73
90
90
96
86
91
90
73
59
42
30
36
47
18
29
37
43
63
64
84
85
98
79
80
84
75
53
38
28
-7
11
16
-15
1
7
0
2
-2
-6
-4
-4
5
12
22
13
-2
8
17
-6
-25
8
12
23
30
45
50
19
4
9
38
26
12
13
21
27
48
46
23
49
55
85
81
91
77
72
76
75
67
68
67
64
69
65
63
50
72
91
97
106
98
97
98
106
117
103
90
63
55
39
26
10
0
24
2
12
21
12
-11
-11
13
-16
-8
-12
-30
-59
-64
-61
-76
-84
-95
-94
-75
-68
-73
-87
-74
-71
-77
-79
-88
-88
-101
-79
-57
-75
-70
-56
-74
-92
-97
-86
-81
-85
-88
-63
-71
-84
-91
-51
-55
-53
-40
-42
-51
-68
-48
-53
-28
-19
-38
-39
-21
-13
-19
-6
-13
-42
-24
-8
-18
-13
13
9
0
0
19
-12
-25
8
4
1
10
24
12
2
-3
-5
4
1
-12
-17
-24
-17
-33
-21
-18
-4
3
-2
-8
-13
-6
-21
-14
-30
-31
-15
-39
-10
2
-8
-11
-3
25
26
17
12
30
22
18
33
23
16
30
36
39
34
44
43
73
76
74
70
69
82
83
84
75
63
52
64
62
59
77
99
110
107
95
110
110
95
84
99
99
75
89
91
71
78
77
84
91
85
71
56
61
45
38
54
42
15
10
0
-11
-9
-18
-35
-34
-22
-19
-11
-20
-16
-11
-25
-40
-37
-48
-65
-73
-71
-61
-65
-71
-62
-81
-83
-69
-68
-68
-53
-57
-85
-61
-45
-60
-53
-52
-61
-58
-74
-62
-75
-71
-73
-84
-66
-66
-54
-49
-56
-61
-67
-58
-67
-53
-40
-43
-36
-42
-21
-24
-30
-27
-31
0
16
5
-4
16
1
6
13
-1
10
7
8
0
6
2
8
-5
9
16
-9
-16
-17
-22
-34
-21
-13
-6
-16
-30
-28
-28
-26
-13
-29
-40
-35
-40
-41
-38
-33
-17
-13
-25
-10
-2
4
3
-1
-4
2
14
18
38
30
10
23
33
17
5
19
35
31
36
57
52
45
32
23
28
34
37
37
48
51
65
73
65
64
69
64
94
99
81
84
79
84
96
88
85
88
86
69
79
70
66
65
52
53
86
93
97
94
53
46
39
47
40
18
1
-13
-10
5
2
10
18
16
31
10
2
1
-28
-28
-41
-52
-55
-43
-49
-42
-30
-29
-41
-51
-37
-43
-42
-44
-43
-49
-53
-81
-81
-58
-53
-64
-68
-56
-70
-83
-73
-65
-57
-52
-55
-61
-68
-58
-44
-79
-81
-77
-68
-50
-48
-46
-53
-43
-32
-26
-15
-9
-6
-3
-3
1
2
-1
0
-14
-14
-12
-10
-11
2
15
5
0
-4
-11
-10
9
11
2
12
7
-1
7
3
-6
-8
-8
-18
-6
7
-8
3
-15
-29
-13
2
12
16
11
4
-2
3
9
1
-6
-6
3
10
2
1
12
11
-4
-1
6
1
14
28
19
24
16
7
17
19
10
7
0
3
15
10
10
5
11
17
20
29
29
35
38
49
58
59
42
35
52
54
39
35
52
53
48
43
43
55
48
52
47
40
40
28
35
41
34
31
40
34
39
29
7
9
16
13
6
5
5
1
9
6
17
25
20
5
-8
13
7
-6
-4
-5
-9
7
-4
-8
-15
-19
-25
-35
-27
-23
-29
-38
-26
-40
-42
-45
-55
-42
-38
-37
-44
-59
-39
-35
-39
-30
-45
-39
-43
-56
-36
-25
-31
-37
-35
-26
-45
-33
-15
-7
-1
-6
-4
-7
-10
-13
-8
-6
-16
-22
-17
-16
0
-2
-4
-5
6
10
32
28
22
27
3
5
4
7
4
-2
-6
-12
-21
-14
-12
-3
-4
-10
-3
-3
-16
-33
-32
-29
-24
-20
-19
-26
-37
-32
-24
-19
-21
-19
-27
-17
-20
-27
-16
-28
-36
-18
-17
-10
-15
-3
-2
-4
0
4
21
12
23
22
16
22
19
22
23
28
22
36
46
37
41
29
29
37
29
28
24
27
42
37
43
47
45
47
41
52
52
36
32
44
43
47
50
48
44
44
44
39
34
31
34
25
20
24
23
20
14
11
30
24
22
40
27
29
23
19
20
4
3
-1
-16
-9
-13
-15
-24
-36
-18
-27
-11
4
7
2
-2
-1
-6
-2
-13
-7
-13
-16
-13
-22
-18
-23
-40
-33
-29
-38
-29
-23
-25
-17
-28
-39
-32
-36
-33
-41
-39
-35
-30
-40
-40
-38
-37
-44
-43
-32
-32
-25
-35
-25
-27
-24
-28
-11
-11
-30
-23
-18
-15
-24
-25
-28
-31
-24
-21
-9
-13
-11
-4
-14
-9
-12
-6
-13
-29
-23
-12
-16
-21
-12
-12
-13
-3
-7
-11
-11
-19
-17
-3
-12
-13
-11
-3
0
3
8
7
-6
-9
-4
1
3
-2
-6
-11
3
5
19
17
10
16
20
14
21
25
20
16
14
27
21
24
27
29
35
45
53
54
45
31
34
37
34
33
36
40
42
47
53
42
53
51
41
46
44
35
34
24
36
43
48
47
37
39
45
49
46
48
48
48
46
30
29
23
21
17
13
19
15
2
-3
-4
-9
-7
-7
-6
-9
-12
-10
-9
-24
-25
-33
-30
-32
-32
-34
-43
-38
-49
-39
-47
-47
-31
-41
-48
-45
-56
-52
-50
-48
-42
-46
-36
-27
-26
-18
-19
-26
-28
-17
-13
-18
-22
-29
-31
-38
-38
-33
-27
-27
-26
-21
-15
-12
-9
-6
-17
-16
-19
-11
-11
-18
-11
-8
-10
-10
-16
-14
-8
2
3
11
13
7
1
4
6
1
0
0
4
-9
-5
-4
-3
1
-2
-5
2
3
-7
-6
4
1
-11
-5
-4
-9
-5
-4
-4
-7
-11
-2
-5
-1
6
9
10
6
-3
2
17
11
3
12
3
4
17
17
8
12
17
23
27
35
26
28
26
32
38
37
28
20
15
21
25
18
25
17
12
29
36
34
27
28
33
31
36
35
32
27
28
21
26
29
29
31
30
35
33
29
24
23
28
22
14
20
23
14
7
14
11
13
9
8
11
8
3
2
-4
-3
-4
-17
-15
-18
-17
-22
-28
-19
-16
-19
-36
-39
-28
-35
-31
-25
-38
-35
-33
-36
-30
-24
-19
-28
-26
-18
-32
-28
-32
-34
-22
-29
-23
-31
-27
-30
-19
-15
-16
-9
-11
-12
-9
-10
-13
-17
-17
-14
-18
-16
-30
-21
-14
-21
-13
-18
-19
-22
-18
-13
-14
-16
-9
-9
-9
-8
-9
-9
-8
-10
-11
-12
-13
-9
-7
-7
-9
-3
-1
0
-3
-5
-2
3
2
6
16
14
12
10
10
7
-6
-2
1
2
-6
-6
-12
-11
-14
-15
-13
-14
1
-2
-7
-2
3
11
13
12
16
14
21
23
29
18
14
16
14
12
13
17
23
25
25
33
34
38
35
27
26
29
31
35
39
39
35
44
43
44
52
47
45
39
43
37
25
23
35
35
32
30
24
27
14
19
18
18
18
14
15
15
16
8
5
-3
-1
-1
-9
-16
-13
-20
-23
-21
-9
-4
-16
-17
-7
-2
-8
2
-1
-7
-12
-16
-23
-18
-25
-29
-22
-18
-16
-12
-18
-21
-18
-14
-14
-13
-18
-24
-30
-36
-30
-31
-23
-27
-22
-22
-20
-18
-12
-10
-20
-19
-25
-16
-18
-17
-7
-12
-6
-9
-7
-5
-2
-8
-11
-9
-7
-1
-3
-8
-15
-16
-12
-16
-24
-31
-21
-17
-11
-15
-20
-32
-43
-32
-24
-8
-13
-32
-42
-51
-47
-41
-29
-26
-24
-29
-27
-32
-33
-26
-20
-10
-10
-14
-16
-21
-17
-18
-6
2
4
-7
0
15
18
26
30
17
19
17
9
12
16
8
6
22
37
40
42
41
42
47
39
39
42
53
54
50
51
45
43
46
41
38
50
57
51
48
50
52
59
57
52
40
44
34
29
31
22
15
28
31
37
32
35
41
34
35
30
30
19
22
14
10
11
11
6
0
0
1
-5
-1
1
1
2
-5
-2
-12
-21
-26
-28
-26
-36
-26
-20
-23
-17
-24
-31
-34
-35
-35
-31
-28
-18
-24
-23
-27
-31
-38
-44
-41
-32
-30
-30
-34
-27
-23
-28
-27
-30
-30
-32
-32
-30
-34
-25
-29
-32
-32
-31
-29
-25
-15
-21
-23
-18
-18
-12
-12
-9
-6
-9
-17
-20
-16
-22
-22
-13
-13
-18
-21
-20
-20
-16
-18
-20
-24
-31
-21
-7
-1
2
7
9
2
-5
-8
-12
-13
-18
-11
-4
-4
-3
-6
4
-7
-4
3
8
7
15
15
14
12
16
25
15
16
17
17
12
14
18
14
13
23
27
23
20
26
36
32
38
35
32
37
30
38
33
31
30
24
33
35
36
38
40
34
35
28
26
38
40
37
36
37
37
33
33
37
37
35
32
26
17
7
9
5
9
9
5
4
-14
-11
-2
3
6
3
14
11
-7
-10
-12
-14
-21
-22
-19
-25
-18
-13
-12
-8
-16
-15
-9
-17
-14
-12
-11
-17
-27
-27
-30
-27
-20
-10
-21
-21
-20
-14
-20
-28
-22
-31
-32
-29
-29
-21
-15
-26
-25
-21
-17
-14
-17
-16
-11
-9
-11
-9
-12
-10
-12
-13
-12
-6
-6
-11
-13
-14
-17
-20
-23
-22
-19
-20
-14
-15
-14
-19
-21
-18
-15
-1
-3
0
4
-4
-4
-6
-2
-2
-12
-5
-12
-12
-13
-9
-2
-3
0
-7
-6
-5
-3
-6
-6
0
6
3
5
1
-7
-5
3
7
11
18
8
11
9
7
7
0
1
9
19
19
18
22
20
13
12
18
21
23
25
30
29
25
29
30
24
28
24
23
25
31
29
30
18
24
38
27
35
38
35
33
33
29
27
25
26
24
26
27
24
22
22
24
15
6
5
2
4
1
-3
-2
-5
-8
-10
-7
-3
-4
-11
-7
-9
-14
-16
-12
-16
-24
-22
-16
-18
-24
-19
-18
-22
-23
-17
-23
-21
-14
-16
-11
-11
-9
-8
-10
-17
-12
-4
-12
-13
-7
-5
-9
-14
-14
-10
-10
-9
-7
-5
-6
-10
-4
-4
-10
-15
-17
-10
-8
0
-3
-10
-8
-6
-12
-16
-14
-15
-12
-15
-12
-6
-2
-9
-3
3
-3
-3
-2
0
0
-10
-8
-6
-12
-13
-11
-8
-14
-11
-15
-17
-20
-19
-16
-16
-15
-15
-11
-17
-20
-13
-18
-17
-13
-19
-19
-22
-18
-18
-18
-17
-15
-13
-10
-4
-6
2
1
6
10
6
5
3
11
7
12
15
16
17
17
17
11
16
18
19
21
20
16
14
22
23
21
28
29
29
25
25
20
21
24
22
18
23
25
24
33
40
37
33
29
24
25
21
21
25
26
22
29
24
25
22
19
18
17
27
19
17
15
15
19
11
7
9
7
4
-2
5
8
-2
4
5
-2
-4
-4
1
2
-1
6
6
3
5
2
-2
-5
-10
-12
-16
-12
-18
-23
-16
-18
-24
-21
-20
-20
-22
-21
-15
-14
-14
-15
-12
-12
-15
-11
-12
-17
-21
-6
-6
-12
-9
-8
-6
-7
-8
-10
-8
-9
-17
-22
-17
-13
-15
-15
-19
-20
-23
-26
-21
-23
-19
-24
-29
-25
-33
-35
-34
-37
-29
-26
-34
-39
-30
-33
-40
-33
-27
-18
-21
-22
-19
-22
-25
-18
-21
-18
-19
-14
-11
-10
3
0
-2
7
9
8
8
8
13
15
22
19
18
15
18
16
19
24
27
32
19
21
26
26
28
26
23
21
13
14
21
19
15
20
26
30
28
28
28
17
15
12
14
17
20
22
23
25
28
26
23
23
23
32
32
34
35
26
21
23
26
30
23
23
22
21
23
25
21
15
13
8
12
17
13
8
7
6
4
5
5
-5
-16
-17
-16
-10
-5
-8
-11
-11
-15
-11
-10
-15
-20
-19
-14
-17
-14
-14
-17
-18
-15
-11
-18
-21
-17
-20
-17
-23
-19
-13
-18
-21
-23
-18
-16
-17
-14
-16
-13
-10
-9
-7
-7
-5
-8
-6
-11
-13
-6
-16
-12
-4
1
0
-5
-7
-8
-11
-8
-4
-8
-15
-18
-15
-5
-10
-7
-4
-10
-11
-12
-13
-20
-22
-19
-13
-10
-10
-12
-16
-15
-12
-7
-11
-7
-2
-2
-8
-8
-9
-8
-10
-15
-16
-15
-12
-13
-14
-15
-13
-8
-2
2
7
3
-1
-1
4
16
8
2
8
17
13
13
14
16
17
12
23
28
26
26
26
24
22
23
28
31
32
29
26
18
23
25
15
15
19
23
18
18
14
11
7
10
15
22
21
9
9
15
15
14
12
9
0
-1
-2
-4
-4
-5
-3
-4
-3
-3
-3
-5
-1
-2
-6
-8
-1
3
3
8
2
4
3
-1
-7
-10
-1
4
2
7
3
4
2
7
10
13
12
7
13
14
7
1
3
-2
-7
-2
3
5
-2
-2
-5
-7
-5
-6
-7
-14
-11
-13
-12
-9
-12
-14
-14
-15
-16
-12
-14
-11
-16
-18
-14
-18
-18
-8
-7
-20
-15
-15
-11
-16
-12
-13
-14
-15
-10
-9
-14
-14
-8
-9
-12
-10
-13
-15
-14
-5
-7
-9
-8
-11
-10
-14
-21
-16
-12
-10
-10
-5
-3
-6
-10
-11
-10
-8
-8
-9
-7
-9
-9
-8
-6
-5
0
-2
-2
-1
-1
0
2
-2
-1
4
7
8
14
16
12
16
14
10
6
11
13
11
14
12
9
8
10
11
16
18
13
12
12
13
15
13
12
17
18
17
15
