-29
-22
-30
-43
-36
-30
-47
-48
-40
-27
-21
-33
-42
-57
-33
-12
7
31
37
36
34
25
27
31
37
41
37
52
58
42
45
44
49
51
40
27
9
27
25
43
42
31
40
47
46
38
52
65
64
46
42
53
50
35
10
23
33
45
49
45
48
44
37
49
47
28
24
8
-14
-2
18
31
46
60
77
89
91
74
42
38
44
30
37
32
46
49
59
65
40
23
5
-11
-3
-6
15
36
38
19
13
17
15
-14
-23
-16
-18
-11
-31
-45
-48
-44
-35
-40
-41
-35
-38
-58
-58
-52
-54
-47
-46
-29
-19
-23
-62
-110
-120
-101
-77
-56
-40
-41
-42
-41
-44
-41
-46
-56
-53
-49
-45
-35
-31
-39
-36
-17
-22
-33
-55
-53
-33
-9
16
-1
-5
-11
-54
-70
-74
-80
-54
-26
5
18
19
14
-6
-26
-30
-27
-20
4
9
-7
-11
2
7
5
-2
-20
-4
19
18
37
33
20
11
6
25
41
51
64
61
57
43
37
25
13
20
43
61
66
45
38
22
3
9
21
49
48
41
45
36
32
28
15
24
34
34
24
21
8
5
7
3
-3
-5
1
12
4
-6
-6
-7
-2
-12
-25
-39
-57
-52
-29
-24
-8
-6
-12
0
7
6
8
-1
-8
-20
-9
-3
22
42
15
15
20
31
44
65
52
29
16
9
18
33
34
42
54
45
27
3
-1
21
24
29
27
32
40
16
5
-3
-3
-1
-13
-4
11
10
14
-4
-13
-22
-24
-5
-15
-30
-28
-30
-39
-41
-44
-38
-30
-20
-18
-3
7
-6
-9
-6
2
-4
-30
-28
-17
-17
-10
-19
-17
-12
-8
-14
-10
2
-3
-19
-44
-57
-59
-56
-57
-43
-52
-44
-9
-6
-14
-11
-12
-23
-20
-16
-3
-11
-32
-23
-15
4
18
0
-8
-18
-27
-32
-46
-39
-24
-31
-42
-51
-31
-14
-4
5
16
26
30
37
21
13
12
20
17
6
3
5
21
34
53
56
55
36
26
13
2
-3
-9
9
25
22
3
-11
-15
-1
7
12
24
23
18
8
-17
-19
-27
-12
16
12
20
9
-1
-12
-11
-6
-1
-8
5
-11
-13
-19
-18
0
20
43
44
51
58
53
30
34
29
7
0
-10
-21
-5
20
61
73
61
45
19
7
21
35
47
42
38
29
16
-1
-8
-1
20
26
23
42
39
18
-13
-19
19
34
39
37
31
18
13
9
20
41
37
14
-9
-28
-30
-43
-35
-26
-20
-10
-8
-1
-7
8
8
5
-10
-26
-34
-44
-51
-46
-24
-17
-22
-25
-24
-33
-48
-54
-48
-45
-32
-40
-43
-62
-80
-81
-79
-57
-38
-34
-37
-24
-20
-13
-10
-2
5
-19
-32
-34
-41
-45
-48
-36
-25
-35
-33
-22
-25
-21
-27
-25
-26
-24
-31
-21
1
7
8
9
7
-2
-6
-2
1
0
15
13
8
0
-15
-9
2
7
18
24
29
45
47
35
18
13
22
27
27
21
17
21
23
34
43
36
35
42
50
38
35
38
34
17
-1
4
10
18
20
17
15
19
18
15
9
5
-3
4
26
15
-3
0
12
22
39
41
42
39
34
47
52
52
32
30
14
7
8
18
25
36
40
35
28
8
-1
-16
-2
11
13
10
19
29
29
26
25
36
37
26
48
47
38
20
0
8
10
8
6
3
-5
-15
-4
-5
-20
-25
-31
-24
-34
-35
-38
-34
-35
-42
-49
-38
-32
-39
-55
-53
-38
-19
-17
-25
-28
-24
-42
-51
-47
-47
-51
-54
-54
-58
-68
-64
-49
-52
-40
-38
-30
-44
-35
-24
-21
-12
-20
-28
-26
-19
-31
-32
-37
-31
-20
-31
-27
-23
-10
-9
-21
-13
-23
-28
-21
-36
-32
-12
-14
1
4
7
13
11
11
6
-1
-5
-9
-9
1
10
24
20
9
16
13
4
10
14
23
24
14
3
16
22
36
19
28
39
43
53
48
40
40
33
18
21
8
16
14
12
10
13
13
11
21
16
20
37
46
44
21
6
9
15
10
5
31
27
39
61
54
52
41
33
35
49
47
34
40
40
38
34
28
26
34
23
33
34
31
43
40
31
18
16
8
25
34
35
44
32
33
32
12
15
28
34
30
21
16
-4
-19
-18
-9
-8
-11
-14
-7
3
-9
-24
-27
-32
-30
-43
-46
-38
-23
-23
-15
-22
-27
-28
-42
-33
-37
-30
-16
-30
-43
-65
-79
-84
-78
-64
-66
-53
-47
-64
-74
-70
-54
-56
-56
-44
-33
-39
-61
-69
-80
-71
-71
-65
-58
-58
-64
-76
-72
-73
-56
-50
-47
-28
-22
-19
-6
-5
-14
-34
-32
-10
-18
-17
-14
-14
-3
-13
5
26
41
52
33
48
49
28
11
16
20
29
46
40
55
43
27
27
25
22
25
31
31
26
22
39
60
62
60
62
67
63
50
57
46
39
23
18
30
27
16
5
21
37
62
67
55
47
26
7
1
5
9
19
20
23
42
54
63
61
60
45
52
44
29
14
-4
4
28
38
29
36
28
15
8
4
17
8
1
7
5
33
37
25
21
25
24
9
8
5
8
3
-22
-17
-9
-1
-4
-12
-22
-19
-22
-28
-40
-46
-32
-33
-45
-57
-45
-41
-52
-67
-60
-41
-25
-15
-9
-3
-20
-20
-30
-22
-28
-31
-20
-25
-20
-30
-30
-37
-38
-30
-25
-27
-27
-34
-39
-38
-35
-29
-30
-30
-21
-20
-31
-27
-26
-40
-32
-28
-34
-11
-12
-32
-36
-32
-37
-41
-44
-36
-30
-34
-42
-38
-42
-47
-46
-37
-26
-30
-10
-16
-17
-2
5
11
14
21
15
8
14
22
16
4
5
-3
-5
1
14
18
19
25
23
35
34
30
36
53
62
58
55
52
44
49
53
38
44
38
40
35
34
41
40
33
19
25
26
15
6
1
16
22
25
29
37
46
41
49
40
41
42
30
32
32
33
38
43
43
45
35
29
20
2
10
22
23
36
38
35
42
29
23
11
21
12
2
1
10
14
9
8
6
8
18
6
-5
-2
-4
-12
-26
-33
-30
-22
-17
-24
-33
-38
-37
-51
-58
-48
-48
-51
-63
-74
-51
-54
-50
-36
-35
-21
-20
-20
-25
-27
-27
-25
-39
-37
-20
-26
-25
-31
-30
-20
-15
-30
-28
-24
-33
-33
-38
-27
-26
-37
-36
-28
-28
-16
-11
-9
-5
-9
-4
-3
-19
-16
-1
-1
2
-23
-32
-30
-28
-15
-20
-14
-4
-13
-11
-19
-26
-21
-27
-24
-13
-13
-10
-6
10
4
-2
5
4
-10
-24
-18
-18
-11
-1
-2
-2
-6
3
-2
7
14
17
28
25
37
35
33
40
50
53
47
38
42
50
42
32
28
30
32
42
50
63
67
71
52
44
29
40
47
49
55
51
49
30
20
18
35
51
37
36
43
36
40
38
38
52
47
22
15
20
33
43
48
30
8
-3
-7
-22
-28
1
14
24
21
16
14
7
-3
-18
-8
-3
-6
-5
-8
-3
-4
-29
-40
-37
-22
-17
-19
-33
-22
-9
-21
-19
-36
-30
-25
-28
-38
-39
-30
-21
-29
-38
-34
-28
-19
-21
-14
-19
-26
-21
-26
-33
-42
-39
-36
-51
-49
-47
-55
-53
-63
-61
-51
-47
-47
-51
-42
-38
-34
-43
-34
-8
-14
-23
-26
-20
-6
-2
-1
-5
-11
-17
-29
-36
-30
-20
-28
-13
-24
-18
-18
-23
-12
-11
7
21
22
-4
-3
-10
-14
-6
3
13
22
17
-6
2
8
10
5
-4
-3
1
13
18
12
22
22
21
16
21
25
24
30
27
29
30
25
21
38
42
41
45
59
67
64
69
62
56
46
40
33
30
19
9
22
29
30
25
29
37
45
30
34
40
31
15
1
16
7
17
23
23
34
31
27
12
0
4
1
3
4
11
15
5
7
6
1
-1
2
3
-1
0
1
-8
-7
-8
0
-9
-4
3
1
9
0
3
13
2
-16
-25
-30
-25
-30
-24
-26
-17
-11
-19
-6
-2
-6
-2
-1
-5
-15
-11
-18
-25
-31
-26
-18
-11
-14
-18
-13
-4
3
-2
-8
-7
-10
-28
-29
-18
-15
-20
-26
-18
-14
-22
-34
-30
-23
-13
-23
-25
-31
-37
-31
-31
-27
-27
-11
-7
-6
-15
-22
-29
-35
-37
-29
-26
-29
-30
-42
-46
-37
-23
-27
-24
-13
-8
-11
-16
-15
7
4
-10
-14
-22
-6
-2
-4
-1
10
13
12
8
7
6
8
10
-2
0
10
20
20
17
23
35
34
29
25
36
34
26
29
36
34
33
39
33
27
23
-2
3
17
16
16
4
4
9
17
13
1
-1
1
6
-1
10
18
19
17
18
7
1
14
16
30
15
9
20
17
2
-4
9
14
16
16
25
26
7
-6
-2
1
14
16
10
19
8
13
12
13
19
16
17
19
29
21
26
28
27
34
32
26
34
41
32
40
33
31
30
23
32
24
4
1
2
5
-4
-9
-2
-11
-6
-15
-21
-16
-27
-17
-15
-23
-39
-36
-35
-36
-47
-49
-36
-37
-42
-53
-52
-46
-51
-47
-34
-30
-28
-38
-29
-30
-30
-29
-27
-25
-8
-17
-16
-5
-19
-19
-18
-16
-15
-13
-13
-20
-17
-25
-7
-4
-9
-17
-22
-23
-27
-32
-27
-14
-16
-11
-21
-15
-24
-29
-18
-11
-10
-2
-8
-2
0
2
1
-7
1
-7
-12
-13
-12
-10
-10
-11
-11
0
3
6
12
7
-4
1
9
12
17
3
15
22
26
37
36
35
30
31
27
27
26
27
30
36
32
29
29
27
27
32
46
51
40
29
19
25
20
23
35
30
36
33
41
45
34
31
28
29
26
16
6
6
3
8
11
21
26
27
25
17
28
25
7
9
20
6
0
5
9
8
10
9
7
3
1
3
-5
-4
-5
-6
-13
-20
-7
-15
-23
-15
-15
-17
-18
-18
-26
-36
-39
-48
-44
-38
-29
-28
-34
-28
-29
-31
-22
-22
-27
-31
-36
-37
-24
-39
-41
-38
-40
-37
-46
-36
-37
-23
-19
-20
-22
-17
-20
-21
-9
-12
-11
-18
-9
-3
-10
-15
-20
-13
3
-15
-16
-15
-14
-2
3
12
11
2
12
23
13
27
18
10
11
25
28
21
28
20
22
32
39
30
34
45
47
25
4
-2
8
2
-16
-25
-19
-12
-6
-18
-20
-14
6
14
5
0
2
16
16
11
-13
-15
-17
-8
-16
-16
8
22
20
18
19
30
42
32
23
31
41
39
21
3
-1
-15
-19
-18
-14
-9
-16
-10
-4
-1
16
31
27
12
12
21
24
24
14
0
-14
-17
-21
-6
1
11
6
12
20
16
23
35
42
35
41
41
32
24
2
1
-5
8
17
24
20
29
24
11
11
10
19
12
6
0
-1
7
5
-18
-35
-45
-36
-25
-12
-34
-46
-37
-31
-33
-42
-31
-25
-21
-40
-49
-38
-32
-42
-64
-63
-58
-34
-35
-42
-44
-44
-28
-28
-16
-18
-8
7
6
11
4
-5
-1
-12
-24
-8
6
3
-1
3
14
11
1
11
19
16
16
13
8
16
9
14
15
16
16
21
16
10
0
11
2
-2
14
8
18
14
18
18
26
22
20
19
9
-3
3
4
-2
3
-4
-12
-16
-19
-17
-14
-22
-19
-9
5
-14
-29
-21
-29
-34
-34
-28
-29
-6
-11
-18
-20
-13
3
-5
-4
-7
2
-1
11
12
14
35
38
36
27
26
37
40
37
39
45
49
45
38
51
66
69
55
44
56
60
48
32
21
21
34
33
20
21
20
14
13
4
8
9
15
13
5
1
-2
-6
-19
-23
-13
-12
-28
-25
-18
-8
-2
-13
-14
-11
-15
-16
-23
-32
-19
-29
-34
-41
-46
-50
-58
-54
-55
-64
-66
-60
-69
-74
-74
-65
-56
-59
-50
-51
-57
-46
-44
-26
-10
-16
-20
-23
-16
-16
-26
-21
-12
2
15
2
9
27
39
50
56
64
69
79
85
100
115
114
115
110
94
96
90
85
81
79
75
71
56
38
37
34
35
33
28
38
38
8
-17
-38
-41
-51
-69
-76
-75
-93
-109
-117
-129
-123
-126
-117
-124
-119
-137
-148
-137
-134
-129
-140
-143
-149
-144
-124
-110
-107
-106
-79
-69
-56
-30
-15
10
17
24
26
26
35
29
13
11
25
34
38
42
54
88
124
137
156
173
190
206
200
207
217
225
236
230
217
214
214
207
198
205
210
217
209
194
201
199
180
142
113
85
43
-16
-64
-85
-122
-166
-206
-214
-216
-226
-236
-230
-206
-203
-193
-177
-186
-202
-192
-208
-227
-235
-236
-229
-215
-224
-207
-193
-184
-145
-114
-70
-12
15
30
32
53
66
61
47
48
53
33
12
5
-11
-11
0
-17
4
19
40
51
58
60
73
94
104
109
115
116
129
131
143
172
175
184
175
179
195
204
200
182
207
195
179
155
142
167
181
171
151
145
129
122
79
34
-18
-65
-92
-143
-196
-233
-239
-268
-281
-293
-309
-280
-288
-316
-321
-307
-308
-312
-331
-336
-323
-318
-337
-327
-291
-255
-232
-213
-152
-110
-55
-2
28
93
109
134
163
132
117
106
82
52
16
8
3
11
29
29
69
115
137
157
168
161
159
153
144
156
118
75
74
83
82
68
79
131
176
216
258
309
354
370
379
372
384
368
355
322
264
255
240
228
233
209
208
234
240
221
200
168
133
59
-25
-97
-180
-248
-341
-397
-435
-456
-484
-497
-488
-497
-489
-464
-427
-413
-396
-390
-372
-386
-405
-407
-398
-405
-372
-308
-257
-198
-124
-32
51
142
212
288
349
369
359
337
317
270
202
138
92
79
57
26
24
33
73
124
119
117
133
169
170
128
74
49
27
-12
-58
-83
-60
-18
7
25
72
148
209
267
311
376
412
411
378
338
334
299
253
205
182
185
200
173
157
198
211
184
117
38
-5
-37
-149
-271
-368
-425
-476
-581
-689
-745
-745
-733
-782
-808
-761
-715
-657
-655
-666
-618
-576
-568
-575
-579
-535
-484
-438
-383
-306
-201
-77
49
163
280
379
488
543
534
522
512
466
391
311
252
231
219
215
192
244
317
384
428
428
433
479
488
408
328
272
267
203
124
75
96
165
219
271
304
403
520
617
663
698
778
805
771
726
648
536
456
373
317
257
261
277
281
321
312
307
265
170
115
62
-62
-198
-347
-508
-651
-824
-972
-1030
-1092
-1149
-1217
-1219
-1179
-1130
-1106
-1102
-1070
-971
-886
-887
-868
-849
-797
-772
-741
-649
-520
-362
-218
-102
95
302
480
542
518
571
622
626
506
385
336
341
293
211
162
179
280
355
349
362
420
480
513
437
351
294
232
128
-33
-133
-184
-170
-113
-69
14
141
291
410
524
696
811
850
865
801
740
664
541
385
338
343
326
272
268
327
416
459
383
322
301
304
137
-99
-298
-424
-542
-781
-1047
-1216
-1256
-1302
-1400
-1508
-1477
-1303
-1212
-1206
-1280
-1214
-1054
-998
-1060
-1104
-1004
-956
-932
-869
-771
-581
-332
-109
88
451
871
1138
1176
1220
1345
1465
1346
982
701
587
577
390
184
98
277
531
591
577
659
947
1199
1129
898
768
741
626
285
-157
-373
-371
-464
-601
-631
-456
-93
222
472
703
1004
1316
1402
1352
1294
1228
1075
746
487
392
358
250
111
104
212
377
450
455
398
463
522
416
137
-142
-289
-609
-1080
-1473
-1723
-1930
-2099
-2334
-2492
-2430
-2211
-2014
-1959
-1893
-1626
-1326
-1223
-1230
-1157
-940
-869
-857
-778
-693
-534
-380
-302
-186
38
399
573
589
725
988
1241
1267
1175
1178
1281
1310
1251
1090
994
1060
1148
1060
830
812
960
889
619
442
418
434
373
223
211
227
329
418
355
369
456
515
454
354
432
511
522
417
379
503
612
727
765
798
934
1142
1256
1199
1021
956
930
704
332
24
-285
-548
-854
-1173
-1483
-1829
-1977
-2072
-2252
-2362
-2405
-2493
-2519
-2559
-2559
-2563
-2575
-2431
-2425
-2386
-2403
-2340
-2201
-2079
-1819
-1425
-1048
-592
-103
342
709
869
1139
1390
1392
1346
1301
1205
1156
1109
1058
1083
1199
1531
1727
1806
2024
2217
2471
2492
2413
2398
2252
1958
1679
1411
1019
701
471
226
101
90
163
157
254
505
694
876
895
912
890
783
769
609
392
248
178
71
117
244
524
725
838
1049
1288
1471
1421
1310
1158
1042
821
387
-130
-426
-716
-1133
-1652
-2087
-2274
-2333
-2546
-2842
-3034
-3014
-2889
-2968
-3266
-3448
-3359
-3264
-3247
-3381
-3407
-3253
-2962
-2705
-2435
-2007
-1444
-789
-296
61
457
951
1270
1302
1260
1364
1504
1419
1320
1260
1440
1632
1656
1816
1966
2177
2450
2522
2519
2459
2415
2356
2062
1640
1303
1083
869
591
336
244
258
265
246
267
429
643
690
669
627
630
642
526
517
627
585
529
661
926
1103
1030
985
1123
1261
1276
1002
652
516
438
194
-270
-619
-699
-820
-1269
-1785
-2112
-2186
-2335
-2664
-3028
-3222
-3205
-3237
-3509
-3817
-3803
-3629
-3580
-3646
-3611
-3224
-2890
-2709
-2394
-1920
-1457
-917
-429
171
816
1243
1527
1600
1778
1939
1756
1453
1158
1118
1358
1303
1283
1638
2145
2716
2813
2839
3272
3661
3864
3595
2981
2725
2534
2122
1282
399
133
104
-214
-509
-642
-401
59
324
717
1103
1503
1993
2097
2055
2105
1968
1709
1360
1029
973
542
18
-107
-117
-76
-239
-220
13
149
366
416
231
158
124
-210
-887
-1588
-1957
-2281
-3051
-3727
-4096
-4252
-4424
-4516
-4465
-4263
-3862
-3399
-3019
-2777
-2340
-1881
-1555
-1347
-1037
-708
-619
-645
-549
-405
-386
-470
-629
-595
-445
-195
81
248
511
1133
1613
1906
2162
2487
2900
3117
3168
3103
3066
2976
2803
2597
2269
2022
1955
1863
1674
1476
1493
1422
1393
1420
1333
1412
1289
1246
1217
1064
938
862
778
679
597
691
952
1016
879
800
821
798
728
495
304
37
-161
-331
-743
-1111
-1256
-1339
-1616
-2075
-2454
-2514
-2700
-2959
-3407
-3765
-3823
-3808
-3872
-4149
-4325
-4129
-3768
-3722
-3662
-3359
-2985
-2518
-2219
-1721
-1207
-749
-108
486
863
1131
1314
1509
1548
1163
907
536
155
206
235
266
390
862
1642
2110
2381
2972
3633
4139
4339
4110
3943
3811
3563
3058
2259
1645
1463
1257
983
726
734
1093
1336
1682
2160
2415
2771
3086
3064
3011
2917
2724
2336
1699
1294
1030
407
-199
-414
-469
-634
-856
-841
-735
-663
-530
-531
-632
-739
-876
-1253
-1934
-2434
-2684
-3077
-3877
-4525
-4879
-5101
-5279
-5450
-5451
-5205
-4689
-4169
-3761
-3365
-2604
-1966
-1584
-1183
-722
-88
448
702
764
788
928
1012
683
162
-233
-412
-494
-688
-851
-473
140
706
1083
1285
1928
2763
3329
3486
3279
3244
3395
3213
2608
1903
1474
1557
1348
1010
948
1089
1571
1909
2108
2504
3058
3573
3865
3691
3752
3799
3604
3089
2411
2212
2047
1438
713
251
82
49
-293
-624
-809
-782
-680
-921
-1280
-1365
-1425
-1805
-2402
-3076
-3356
-3671
-4348
-5068
-5504
-5547
-5563
-5793
-5922
-5747
-5161
-4512
-4303
-3941
-3243
-2422
-1848
-1569
-1120
-371
480
936
1064
1366
1821
2100
2070
1625
1293
1167
1040
671
133
103
643
1034
1131
1322
1849
2634
3181
3338
3373
3586
3899
3795
3238
2694
2321
2171
1766
1131
962
1051
1231
1411
1535
1975
2681
3184
3532
3727
4036
4506
4468
4085
3777
3656
3478
2733
1827
1348
968
565
71
-509
-754
-799
-738
-934
-1310
-1313
-1213
-1564
-2293
-2849
-3162
-3543
-4413
-5346
-5920
-6250
-6464
-6933
-7359
-7167
-6572
-5960
-5642
-5213
-4205
-3158
-2534
-2059
-1403
-523
301
688
972
1370
1780
2149
2073
1704
1471
1387
1180
728
483
601
870
1129
1420
1667
2211
2752
3145
3426
3537
3646
3631
3400
3030
2576
2131
1716
1212
949
877
823
834
1092
1405
1880
2461
2976
3559
4052
4414
4759
4867
4825
4760
4561
4147
3441
2674
2105
1596
955
243
-358
-725
-904
-1112
-1506
-1753
-1707
-1734
-2071
-2641
-3103
-3384
-3760
-4499
-5413
-6078
-6518
-6884
-7351
-7860
-7921
-7534
-7085
-6752
-6207
-5226
-4086
-3200
-2543
-1761
-661
511
1282
1593
1808
2253
2761
2736
2170
1623
1365
1276
1003
678
671
1092
1730
2228
2552
3011
3647
4309
4634
4539
4507
4392
4158
3736
3019
2428
1948
1501
1052
740
817
1078
1262
1524
2068
2911
3591
4097
4638
5113
5407
5499
5479
5447
5117
4599
3958
3129
2498
2037
1293
401
-130
-237
-372
-921
-1302
-1337
-1422
-1699
-2337
-2942
-3365
-3772
-4303
-5355
-6411
-6858
-7129
-7713
-8419
-8648
-8320
-7971
-7760
-7247
-6490
-5465
-4403
-3614
-2837
-1842
-470
540
747
974
1560
2167
2145
1383
949
733
572
499
129
61
739
1590
2249
2401
2835
3924
4811
5053
4992
4903
4964
4699
4039
3339
2602
2202
1800
1186
1023
1129
1389
1616
1751
2350
3241
3906
4329
4670
5100
5552
5636
5601
5313
4931
4689
4080
3281
2654
2059
1414
646
228
125
-211
-600
-743
-899
-1063
-1516
-2191
-2733
-3304
-3797
-4558
-5730
-6678
-7248
-7696
-8341
-8952
-9100
-8886
-8647
-8241
-7631
-6837
-5926
-5057
-3891
-2678
-1761
-1043
-460
59
575
881
858
550
229
368
541
315
299
660
1173
1811
2481
3120
3799
4382
4916
5262
5411
5498
5389
5035
4564
4235
3990
3442
2795
2474
2435
2526
2574
2654
2964
3460
3951
4382
4615
4911
5323
5570
5718
5830
5858
5561
4932
4438
4228
3700
2662
1811
1302
1091
723
164
-272
-575
-639
-816
-1506
-2269
-2741
-3181
-3854
-4975
-5915
-6523
-7269
-8101
-8767
-9102
-9133
-9168
-9136
-8743
-8102
-7251
-6424
-5779
-4810
-3610
-2641
-1991
-1673
-1214
-663
-516
-571
-762
-859
-685
-557
-386
-76
361
1000
1617
2299
3301
4231
4720
5001
5370
5742
5737
5335
4936
4633
4426
4175
3705
3239
3014
3042
3176
3187
3394
3733
4138
4463
4668
5059
5440
5645
5794
5992
6087
5923
5478
5113
4667
4036
3350
2585
1958
1439
951
526
193
-133
-437
-815
-1328
-1814
-2200
-2732
-3574
-4583
-5379
-6066
-6920
-7903
-8715
-9166
-9351
-9490
-9465
-9232
-8813
-8125
-7281
-6452
-5463
-4507
-3756
-3021
-2461
-1857
-1439
-1574
-1666
-1684
-1615
-1334
-1457
-1369
-715
-18
885
1532
2126
3137
4144
4965
5464
5705
6171
6379
6180
6005
5569
5282
4999
4347
4072
4013
3889
3921
3774
3953
4492
4823
5117
5413
5562
6005
6397
6582
6523
6103
5928
5683
5114
4409
3479
2799
2237
1685
1217
671
318
228
18
-314
-636
-921
-1198
-1798
-2516
-3189
-4018
-4932
-5927
-6932
-7768
-8470
-8889
-9302
-9576
-9419
-8987
-8302
-7624
-6915
-5850
-4902
-4143
-3432
-3036
-2706
-2649
-2820
-3015
-3427
-3718
-3717
-3819
-3537
-2951
-2215
-1241
-272
957
2308
3414
4351
5025
5534
6099
6185
6040
5754
5351
5242
4913
4417
4260
4282
4333
4518
4763
5189
5571
5764
6182
6533
6778
7057
7256
7261
7007
6530
6138
5594
4703
3900
3097
2191
1588
1185
756
480
403
534
480
104
-120
-361
-775
-1325
-2172
-2933
-3766
-4722
-5617
-6672
-7628
-8235
-8588
-8990
-9232
-8943
-8408
-7873
-7201
-6289
-5444
-4745
-4206
-3724
-3397
-3417
-3640
-3984
-4458
-4875
-5123
-5415
-5618
-5487
-4827
-3912
-3037
-1876
-480
856
1970
2995
4008
4717
5112
5330
5394
5351
5320
5117
4763
4651
4733
4992
5082
5220
5771
6319
6720
7078
7459
7833
8081
8268
8392
8168
7896
7502
6749
6000
5123
4169
3216
2259
1492
1010
531
270
102
36
38
-189
-326
-515
-1013
-1593
-2299
-3210
-4037
-4925
-5962
-6994
-7846
-8278
-8568
-8855
-8747
-8293
-7585
-6888
-6228
-5188
-4224
-3694
-3152
-2735
-2651
-2757
-3235
-3780
-4439
-5205
-5665
-6246
-6563
-6177
-5713
-4921
-4028
-2925
-1377
-46
1072
2156
2963
3669
4079
4125
4035
3785
3650
3545
3221
3250
3571
3818
4229
4807
5664
6497
7045
7679
8390
8927
9286
9493
9526
9205
8688
8201
7440
6377
5339
4366
3350
2396
1709
1016
517
300
158
41
-252
-479
-473
-866
-1489
-2180
-3074
-3955
-4986
-6006
-7145
-8215
-8782
-9113
-9547
-9491
-9001
-8309
-7451
-6441
-5134
-3916
-3062
-2352
-1809
-1629
-1801
-2350
-3065
-3936
-4789
-5413
-6139
-6636
-6703
-6335
-5730
-5075
-3933
-2451
-1216
-64
1060
2001
2766
3065
3131
3106
2947
2759
2392
1920
1787
1914
2238
2554
2918
3957
5103
5922
6822
7735
8624
9337
9854
10214
10164
9867
9488
8828
7918
6883
5744
4666
3656
2832
2183
1725
1422
1238
1157
927
667
540
265
-395
-1112
-1943
-2906
-3942
-5130
-6433
-7731
-8625
-9138
-9590
-9911
-9644
-8854
-7908
-6986
-5853
-4475
-3159
-2222
-1505
-1049
-958
-1178
-1682
-2476
-3456
-4250
-4992
-5730
-6260
-6162
-5773
-5137
-4167
-3065
-1753
-477
640
1622
2346
2831
3131
3070
2922
2652
2265
1865
1347
1200
1354
1441
1654
2245
3237
4144
4934
5847
6901
7768
8646
9380
9702
9750
9573
9346
8771
7820
6736
5737
4698
3706
2861
2203
1779
1451
1308
1169
920
925
903
491
-147
-878
-1740
-2687
-3889
-5246
-6623
-7809
-8678
-9341
-9883
-10070
-9674
-8815
-7919
-6977
-5659
-4207
-3174
-2287
-1492
-1140
-1232
-1605
-2118
-2953
-3860
-4591
-5387
-6013
-6165
-6070
-5522
-4811
-3931
-2658
-1348
-220
871
1792
2447
2812
2935
2871
2499
2097
1751
1148
677
602
751
928
1375
2190
3061
3898
4717
5770
6797
7769
8699
9193
9320
9278
9224
9045
8154
6933
6121
5286
4322
3504
2827
2630
2522
2406
2396
2257
2273
2443
2195
1541
845
21
-955
-2195
-3685
-5109
-6436
-7605
-8560
-9347
-9605
-9420
-8871
-8192
-7112
-5549
-4125
-3127
-2243
-1286
-600
-765
-1333
-2058
-2859
-3643
-4811
-5845
-6464
-6686
-6301
-5832
-5278
-4102
-2578
-1062
162
1260
2363
3054
3236
3327
3009
2604
2171
1407
780
463
315
299
141
614
1600
2411
3186
4047
5149
6475
7553
8267
8669
8778
8950
8877
8240
7061
5978
5069
3948
2916
2167
1766
1665
1582
1647
1863
2191
2542
2807
2676
2377
1934
1125
-22
-1353
-2700
-4246
-5741
-6889
-7907
-8777
-9079
-8888
-8429
-7750
-6709
-5280
-3864
-2802
-1870
-1088
-675
-829
-1216
-1961
-2989
-4065
-5066
-5980
-6878
-7364
-7216
-6678
-5858
-4779
-3566
-2087
-629
816
2019
2705
3182
3582
3500
3154
2688
2135
1413
752
457
308
159
449
1117
1736
2414
3311
4413
5504
6626
7512
8167
8493
8486
8637
8201
6957
5804
4793
3683
2577
1474
969
841
625
686
812
1092
1760
2353
2490
2397
2179
2022
1359
93
-1184
-2508
-3903
-5247
-6423
-7248
-7895
-8009
-7599
-7081
-6126
-4738
-3432
-2382
-1384
-394
165
-227
-851
-1454
-2360
-3539
-4916
-6071
-6783
-7340
-7472
-7174
-6539
-5464
-4093
-2604
-1206
206
1579
2513
2953
3425
3645
3433
3095
2536
2049
1694
1309
1017
935
1165
1706
2220
2672
3564
4550
5739
6812
7290
7836
8266
8237
8121
7346
6078
4983
3856
2729
1565
620
305
-39
-291
-142
39
422
1047
1479
1676
1662
1380
995
186
-814
-1979
-3204
-4318
-5379
-6289
-6695
-6741
-6635
-6245
-5523
-4546
-3320
-2183
-1455
-728
-194
-91
-511
-1288
-2144
-3070
-4174
-5098
-6108
-6787
-7060
-7024
-6494
-5875
-5150
-4060
-2777
-1409
-121
713
1496
2100
2543
2923
2823
2579
2367
2054
1974
1942
1838
2026
2370
2659
3084
3568
4206
5068
5931
6618
7025
7314
7591
7627
7289
6220
5118
4238
3174
1900
702
28
-339
-752
-974
-1135
-1162
-597
-28
143
91
19
64
-121
-791
-1676
-2692
-3521
-4271
-5167
-5598
-5877
-5868
-5384
-4793
-3870
-2570
-1378
-459
237
739
1279
1015
251
-550
-1509
-2310
-3266
-4483
-5349
-5897
-6092
-5758
-5307
-4906
-4097
-3043
-1823
-743
40
746
1303
1817
2184
2143
1970
1987
1982
1902
1875
1804
2055
2477
2784
3254
3687
4364
5106
6135
6870
7016
7202
7475
7456
7173
6274
5172
4287
3118
1964
701
-42
-310
-978
-1468
-1682
-1757
-1331
-1024
-1075
-864
-835
-896
-1017
-1599
-2351
-3227
-3889
-4544
-5477
-5891
-5815
-5777
-5480
-4783
-3599
-2401
-1436
-401
657
1492
1953
1723
1362
585
-376
-1256
-2546
-3628
-4637
-5277
-5541
-5731
-5348
-4748
-4123
-3060
-1943
-835
254
696
1230
1871
1991
2046
1761
1332
1382
1237
1099
1029
1121
1809
2435
2770
3447
4292
5138
6337
7129
7386
7554
7614
7699
7352
6111
4898
3836
2563
1387
82
-722
-998
-1452
-1793
-1762
-1763
-1377
-996
-972
-891
-1043
-1128
-1393
-2152
-3033
-3813
-4687
-5353
-6107
-6663
-6501
-6155
-5497
-4665
-3643
-2209
-761
232
1191
1771
2077
2026
1491
645
-531
-1697
-2686
-3653
-4522
-5043
-5345
-5119
-4652
-3967
-3165
-2348
-1254
-215
642
1325
1612
1961
2246
2096
1950
1758
1638
1609
1617
1767
2136
2608
3135
3666
4122
4835
5691
6661
7286
7345
7523
7756
7601
7014
5843
4626
3666
2640
1460
113
-610
-878
-1316
-1807
-2089
-2124
-1806
-1574
-1808
-1870
-1787
-1938
-2267
-2803
-3585
-4289
-4874
-5325
-5918
-6287
-6065
-5745
-5090
-4240
-3151
-1742
-617
248
1065
1688
1922
1633
1100
372
-629
-1687
-2697
-3722
-4428
-4851
-4947
-4673
-4350
-3699
-2929
-2063
-1028
-68
718
1226
1527
2071
2345
2143
1846
1712
1808
1857
1790
1868
2241
2893
3547
4034
4676
5395
6434
7402
7745
7836
7871
7894
7554
6414
5120
3990
2803
1580
171
-888
-1176
-1537
-2001
-2387
-2527
-2255
-1983
-1925
-2266
-2605
-2647
-2969
-3542
-4181
-5089
-5726
-6014
-6545
-6925
-6852
-6607
-5844
-4851
-3737
-2532
-1247
-135
945
1810
2265
2204
1599
1086
339
-781
-1971
-3192
-4263
-4861
-5254
-5267
-4841
-4456
-3764
-2697
-1576
-426
454
1140
1747
2310
2746
2825
2419
2034
1856
1863
2079
2142
2128
2670
3447
3970
4537
5292
6221
7426
8247
8486
8696
8721
8472
7902
6710
5252
3888
2598
1205
-352
-1243
-1484
-1979
-2504
-2715
-2517
-2046
-1784
-1834
-1865
-2052
-2298
-2741
-3507
-4427
-5409
-6103
-6685
-7271
-7487
-7068
-6669
-5857
-4741
-3351
-1710
-312
720
1771
2418
2839
2627
1772
955
-151
-1221
-2365
-3668
-4619
-5173
-5557
-5211
-4779
-4506
-3882
-2849
-1614
-558
167
650
1328
2017
2423
2583
2450
2198
2247
2476
2541
2581
2833
3286
3777
4295
4991
5796
6905
7811
8166
8522
8859
8853
8449
7319
5933
4737
3457
1980
169
-1159
-1582
-2139
-2858
-3469
-3668
-3275
-2878
-2873
-3095
-3136
-3188
-3471
-3854
-4411
-5318
-6030
-6412
-6890
-7177
-7032
-6705
-5988
-5100
-3844
-2173
-675
369
1391
2280
2980
3051
2567
1983
959
84
-831
-2317
-3495
-4332
-5069
-5079
-4884
-4963
-4685
-4034
-3012
-1807
-1169
-670
-179
627
1401
1620
1759
1921
1807
2051
2551
2754
3156
3691
4065
4586
5264
6222
7392
8139
8441
8749
9306
9608
9111
7907
6657
5491
4221
2706
657
-714
-1211
-1964
-2815
-3568
-3982
-3709
-3360
-3500
-3704
-3930
-3893
-4086
-4522
-5077
-5962
-6620
-6947
-7405
-7425
-7038
-6747
-6034
-4905
-3454
-1920
-464
672
1680
2664
3509
3629
3291
2754
2074
1343
433
-727
-1991
-3015
-3795
-4107
-3881
-3991
-4243
-3831
-3003
-2238
-1589
-1231
-818
-210
466
859
909
997
996
1230
1618
1972
2288
2904
3423
3891
4690
5776
7112
8104
8524
9056
9770
10178
9869
8702
7502
6456
5162
3603
1632
38
-732
-1500
-2505
-3412
-3906
-3733
-3484
-3670
-3773
-3950
-4058
-4332
-4746
-5405
-6188
-7014
-7598
-8053
-8119
-7872
-7640
-6917
-5914
-4374
-2577
-1209
22
1293
2411
3262
3366
3278
2862
2129
1319
355
-778
-1805
-2767
-3573
-3794
-3573
-3450
-3408
-3256
-2626
-1731
-1112
-953
-851
-473
-48
174
175
117
36
291
719
1168
1593
2247
2885
3468
4391
5511
6841
7756
8154
8737
9521
10018
9763
8641
7508
6500
5373
4111
2317
940
204
-634
-1488
-2279
-2759
-2635
-2596
-2864
-3018
-3384
-3709
-4101
-4785
-5381
-6275
-7042
-7606
-8197
-8246
-7895
-7608
-7093
-5765
-3991
-2302
-881
313
1614
2917
3489
3299
3011
2312
1604
767
-405
-1328
-2239
-2861
-3429
-3820
-3429
-2954
-2738
-2227
-1684
-990
-312
-272
-284
-231
-240
-9
-108
-342
-282
-103
399
981
1658
2633
3392
4172
5491
6934
8167
8878
9185
9612
9980
9964
9099
7708
6511
5264
3968
2427
884
162
-355
-1085
-1728
-2023
-1896
-1858
-2060
-2264
-2763
-3343
-3931
-4759
-5697
-6625
-7491
-8210
-8864
-9099
-8555
-7892
-7050
-6015
-4479
-2603
-773
646
1819
2682
3288
3577
3163
2482
1569
642
-55
-1033
-1932
-2571
-3036
-3049
-2731
-2534
-2365
-2035
-1428
-989
-851
-670
-711
-842
-901
-1127
-1288
-1119
-1210
-982
-538
-37
992
2030
2824
3806
4812
6351
7955
8653
9200
9579
9892
10177
9596
8273
7062
5850
4493
3176
1581
552
-62
-853
-1404
-2098
-2418
-2402
-2469
-2814
-3114
-3689
-4219
-4964
-5826
-6672
-7497
-8175
-8719
-8991
-8799
-8285
-7400
-6221
-4971
-3337
-1506
270
1651
2830
3556
4127
4365
4030
3323
2435
1572
717
-275
-1188
-1978
-2444
-2305
-2202
-2101
-1837
-1594
-1120
-792
-672
-694
-754
-1059
-1347
-1536
-1712
-1903
-2183
-1919
-1382
-599
342
1230
2194
3467
4982
6654
8166
8995
9606
10400
10865
10766
9841
8568
7273
5879
4406
2834
1326
474
-317
-1143
-1709
-2055
-2145
-2141
-2439
-2725
-3041
-3633
-4411
-5324
-6355
-7413
-8322
-9001
-9658
-9955
-9546
-8947
-7895
-6620
-4948
-3109
-1159
540
2125
3404
4312
4675
4701
4378
3570
2725
1881
786
-284
-1078
-1664
-1808
-1674
-1515
-1290
-1002
-546
-54
106
46
-209
-454
-836
-1456
-1990
-2280
-2698
-2886
-2687
-2172
-1480
-472
581
1721
3186
5118
7014
8285
9179
9974
10747
11164
10701
9579
8301
6986
5596
3965
2257
1051
285
-435
-1223
-1933
-1911
-1788
-1973
-2266
-2538
-2925
-3477
-4481
-5555
-6733
-7944
-9037
-9944
-10612
-10734
-10455
-9712
-8643
-6970
-4853
-2836
-1015
827
2672
3975
4810
4929
4780
4304
3565
2615
1521
483
-395
-949
-1326
-1384
-989
-556
-92
375
911
1327
1415
1171
804
39
-639
-1242
-2094
-2904
-3513
-3797
-3558
-3104
-2407
-1212
-123
1208
3095
5218
7069
8411
9417
10417
11046
11226
10768
9506
8046
6778
5380
3837
2298
1306
686
30
-711
-1083
-988
-923
-1218
-1559
-2012
-2631
-3461
-4603
-5865
-7261
-8399
-9500
-10468
-10961
-10905
-10588
-9706
-8519
-6779
-4715
-2853
-1038
775
2290
3525
4137
4261
4064
3674
3144
2445
1486
678
158
-279
-357
-208
106
493
889
1382
1860
2044
2065
1771
1286
702
-64
-831
-1570
-2328
-2904
-3221
-3255
-2799
-2030
-1182
-315
886
2551
4442
6297
7495
8485
9384
10109
10551
10137
9037
7981
6796
5528
4071
2548
1700
989
201
-541
-1035
-1068
-938
-1299
-1741
-2214
-2713
-3361
-4577
-5775
-7001
-8172
-9098
-10101
-10755
-10737
-10493
-9826
-8719
-7249
-5367
-3608
-2041
-387
1162
2281
2838
2935
2849
2685
2258
1731
931
83
-224
-430
-561
-231
83
420
1115
1550
1888
2207
2163
1990
1581
1001
344
-402
-1034
-1745
-2447
-2604
-2544
-2222
-1453
-585
222
1507
3051
4765
6554
7672
8490
9382
10145
10475
9791
8653
7639
6347
5153
3692
2210
1540
996
268
-335
-716
-700
-537
-779
-1297
-1792
-2265
-3051
-4246
-5511
-6982
-8204
-9120
-10068
-10606
-10616
-10250
-9429
-8219
-6578
-4767
-3008
-1321
279
1718
2773
3065
3012
2817
2397
1918
1143
211
-505
-721
-879
-885
-443
51
694
1470
2125
2615
2874
2812
2510
2036
1335
375
-550
-1296
-2157
-2805
-2960
-2993
-2343
-1304
-403
613
1986
3581
5432
7184
8211
8879
9568
10184
10383
9648
8308
7003
5801
4660
3164
1712
1109
663
154
-270
-660
-694
-457
-644
-1196
-1779
-2431
-3275
-4404
-5711
-7322
-8596
-9456
-10320
-10854
-10842
-10437
-9489
-8118
-6560
-4773
-2827
-1157
323
1838
2802
3033
2978
2498
1911
1378
435
-463
-1145
-1485
-1512
-1502
-1008
-358
377
1348
1891
2238
2727
2605
2218
1766
855
-64
-806
-1705
-2526
-3151
-3471
-3153
-2535
-1616
-630
382
1809
3486
5286
7174
8354
9086
9880
10406
10632
10158
8715
7388
6291
5125
3784
2396
1658
1275
792
320
-86
-153
40
-73
-603
-1258
-2095
-2924
-4048
-5581
-7173
-8447
-9384
-10302
-10950
-10920
-10371
-9489
-8234
-6704
-4861
-2914
-1162
272
1652
2593
2961
2984
2524
1965
1461
666
-260
-956
-1225
-1467
-1521
-991
-282
403
1225
1749
2159
2602
2688
2488
1979
1071
222
-388
-1234
-2088
-2800
-3204
-3077
-2490
-1565
-640
267
1632
3247
4993
6935
8247
8934
9699
10298
10676
10391
9047
7720
6545
5373
4153
2749
1832
1419
1005
675
245
52
308
348
-107
-814
-1636
-2504
-3686
-5102
-6668
-8121
-9152
-10038
-10838
-10936
-10561
-9826
-8665
-7323
-5541
-3546
-1768
-510
707
1820
2295
2276
1994
1439
886
180
-699
-1377
-1872
-2045
-2103
-1755
-939
-217
638
1207
1491
1991
2305
2144
1732
917
142
-450
-1146
-1858
-2636
-3006
-2797
-2342
-1509
-541
344
1620
3078
4632
6533
8014
8682
9378
9966
10342
10175
8958
7607
6445
5365
4261
2857
1858
1548
1177
802
391
78
282
405
-13
-741
-1602
-2368
-3423
-4743
-6245
-7671
-8571
-9330
-10081
-10344
-10044
-9303
-8325
-7083
-5366
-3482
-1767
-585
573
1655
2170
2215
1826
1314
838
222
-580
-1381
-1915
-2016
-2136
-1853
-1156
-578
172
758
1065
1495
1737
1677
1344
593
22
-376
-981
-1664
-2209
-2371
-2184
-1694
-854
126
976
2046
3484
4873
6659
8055
8780
9465
9970
10417
10440
9369
7933
6773
5678
4601
3235
2106
1693
1338
901
411
28
167
347
35
-793
-1700
-2397
-3335
-4639
-6149
-7450
-8353
-9032
-9667
-9963
-9633
-8884
-7863
-6712
-5123
-3334
-1533
-284
674
1661
2243
2241
1871
1197
530
-23
-902
-1666
-2241
-2509
-2610
-2397
-1779
-1249
-591
4
190
521
941
789
421
-160
-826
-1270
-1689
-2275
-2761
-2944
-2646
-2037
-1220
-238
681
1785
3282
4750
6361
8041
8827
9393
10004
10347
10430
9618
8116
6842
5830
4777
3490
2188
1658
1345
940
451
-111
-107
185
-85
-906
-1800
-2646
-3446
-4538
-6059
-7492
-8327
-8931
-9534
-9930
-9668
-8879
-7900
-6669
-5150
-3344
-1378
-22
950
2031
2718
2885
2652
1860
1102
540
-269
-1148
-1921
-2292
-2406
-2377
-1919
-1409
-802
-145
87
376
764
723
371
-192
-1019
-1497
-1984
-2628
-3123
-3382
-3084
-2485
-1639
-558
514
1599
3036
4586
6255
7947
8909
9569
10163
10507
10736
10103
8636
7304
6182
5167
4068
2731
1993
1779
1446
1040
475
340
605
359
-351
-1282
-2328
-3150
-4239
-5670
-7096
-8132
-8806
-9323
-9756
-9632
-8879
-7992
-6899
-5377
-3536
-1606
-155
845
1880
2621
2920
2755
2093
1359
771
51
-787
-1634
-2055
-2087
-2161
-1870
-1389
-887
-196
166
254
518
507
279
-213
-1117
-1743
-2117
-2684
-3176
-3494
-3521
-2977
-2229
-1190
-110
830
2202
3787
5439
7161
8271
8962
9655
10025
10317
9982
8614
7372
6180
5097
4068
2806
1985
1666
1354
1009
539
383
600
439
-209
-1068
-2058
-2865
-3901
-5338
-6794
-7918
-8724
-9260
-9772
-9821
-9090
-8199
-7178
-5795
-4035
-2093
-567
400
1510
2402
2833
2845
2140
1446
1010
290
-570
-1428
-2003
-2061
-2102
-1947
-1547
-1061
-338
109
224
599
691
640
337
-502
-1242
-1633
-2159
-2764
-3227
-3370
-2888
-2163
-1386
-394
486
1863
3632
5244
6955
8127
8880
9697
10116
10280
9970
8589
7180
6040
4868
3704
2439
1586
1251
932
558
345
348
592
606
116
-546
-1380
-2112
-3053
-4553
-6126
-7315
-8185
-8880
-9429
-9549
-9091
-8236
-7087
-5499
-3751
-1844
-156
1125
2301
3281
3616
3492
2852
2008
1348
379
-629
-1542
-2235
-2558
-2770
-2567
-2009
-1388
-596
123
465
1004
1352
1235
897
115
-628
-1261
-1955
-2674
-3234
-3473
-3107
-2485
-1608
-557
398
1880
3668
5521
7371
8507
9194
9895
10321
10351
9583
8089
6539
5057
3726
2381
1094
408
-3
-200
-454
-501
-74
419
443
-5
-616
-1253
-2054
-3279
-4880
-6521
-7664
-8518
-9341
-9921
-9978
-9488
-8341
-7055
-5301
-2957
-953
622
2062
3235
4217
4404
3658
2749
1710
689
-299
-1573
-2535
-2962
-3198
-3183
-2960
-2296
-1120
-95
638
986
1318
1803
1551
893
-132
-1216
-1725
-2360
-3416
-3782
-3830
-3470
-2537
-1560
-256
1218
2870
5010
6985
8318
9424
10105
10671
10753
9969
8815
7230
5369
3876
2406
962
369
-62
-381
-560
-580
87
648
691
580
33
-662
-1424
-2724
-4234
-5980
-7511
-8452
-9448
-10239
-10174
-9827
-8881
-7481
-5665
-3342
-1206
437
2084
3513
4546
4968
4388
3544
2632
1694
665
-704
-1851
-2408
-2686
-2803
-2562
-2072
-1086
-6
715
1330
1621
1918
1983
1382
503
-298
-1140
-1918
-2844
-3527
-3511
-3417
-2891
-1886
-770
708
2399
4234
6388
7889
9015
10010
10501
10786
10382
9195
7839
6142
4535
3035
1478
430
0
-455
-754
-887
-658
-56
176
5
-294
-932
-1651
-2642
-4100
-5689
-7206
-8451
-9454
-10408
-10688
-10274
-9598
-8480
-6817
-4630
-2369
-570
1038
2630
3896
4643
4502
3866
2965
2155
1284
-22
-1377
-2152
-2570
-2714
-2702
-2383
-1645
-634
392
946
1366
1730
1835
1610
721
-300
-984
-1937
-2974
-3747
-4087
-3912
-3534
-2868
-1756
-369
1486
3601
5689
7375
8709
9979
10905
11183
10704
9777
8528
6805
5305
3627
1961
1026
292
-267
-588
-822
-354
247
309
307
65
-283
-932
-2127
-3511
-5256
-6857
-8154
-9537
-10591
-10876
-10799
-10167
-9164
-7584
-5100
-2930
-1052
758
2449
4012
4867
4810
4274
3369
2565
1730
311
-897
-1764
-2353
-2490
-2396
-1984
-1092
-180
663
1463
2029
2528
2571
2095
1243
248
-505
-1495
-2900
-3777
-4195
-4249
-3812
-3250
-2403
-900
951
3283
5543
7071
8592
9995
10977
11318
10753
9832
8606
6862
5380
3776
2125
1312
623
-27
-297
-333
12
597
714
653
381
-58
-687
-1841
-3287
-5089
-6825
-8187
-9565
-10746
-11092
-11139
-10639
-9491
-7904
-5724
-3234
-1307
457
2131
3508
4467
4520
3877
3021
2009
1162
97
-1027
-1705
-2323
-2429
-1926
-1485
-728
257
989
1830
2451
2752
2792
2223
1194
238
-653
-1703
-3034
-4104
-4538
-4708
-4432
-3768
-3027
-1560
413
2623
4994
6792
8161
9606
10647
11053
10476
9400
8277
6714
5268
3671
2098
1309
742
164
-97
-128
321
1025
1174
1023
606
183
-571
-1822
-3252
-5098
-6796
-8215
-9764
-10897
-11324
-11360
-10814
-9828
-7994
-5694
-3620
-1656
51
1775
3327
3969
3990
3639
2801
2021
1095
-152
-962
-1586
-2060
-2183
-1968
-1165
-33
1020
1660
2229
3050
3820
3747
2961
1927
954
124
-1065
-2594
-3735
-4329
-4692
-4511
-4046
-3329
-1920
-26
2265
4503
6367
8065
9416
10428
11021
10736
9823
8549
6963
5629
3970
2442
1660
965
397
144
209
803
1393
1608
1719
1413
979
271
-879
-2317
-4176
-6025
-7530
-9223
-10513
-11062
-11386
-10893
-9942
-8346
-6153
-3995
-2046
-53
1643
3146
3987
3898
3477
2742
1866
814
-502
-1535
-2022
-2557
-2668
-2262
-1533
-327
837
1775
2514
3160
3854
4068
3412
2332
1228
160
-1044
-2707
-4041
-4746
-5257
-5253
-4789
-4148
-2827
-935
1285
3648
5615
7402
8980
10049
10627
10458
9629
8450
6817
5444
3891
2230
1438
932
389
168
266
826
1642
2039
2051
1833
1422
755
-352
-1894
-3853
-5601
-7230
-8886
-10459
-11259
-11495
-11284
-10404
-8754
-6668
-4367
-2347
-627
1332
3021
3923
3947
3376
2570
1788
768
-616
-1733
-2426
-2815
-2876
-2551
-1812
-544
870
1962
2845
3612
4414
4658
4178
3068
1844
756
-567
-2186
-3686
-4661
-5217
-5364
-5129
-4541
-3443
-1712
437
2774
4935
6817
8446
9672
10357
10459
9828
8688
7124
5704
4183
2562
1561
1034
684
476
474
1131
1974
2593
2747
2628
2288
1684
740
-633
-2656
-4626
-6365
-8141
-9758
-10892
-11413
-11206
-10539
-9309
-7214
-4807
-2681
-745
1018
2621
3970
4206
3829
2875
1822
926
-278
-1627
-2417
-2993
-3030
-2597
-2015
-669
758
1925
3061
3856
4777
5227
4762
3875
2615
1394
133
-1714
-3308
-4390
-5254
-5403
-5342
-5065
-4106
-2600
-574
1865
3907
5829
7602
8854
9763
10032
9471
8470
6957
5554
4198
2488
1338
881
489
458
401
776
1829
2605
2898
2844
2480
1958
1265
-27
-1870
-3852
-5637
-7370
-9283
-10563
-11240
-11485
-10858
-9835
-8221
-5830
-3642
-1720
349
1831
3166
3835
3496
2810
1762
607
-529
-1799
-2614
-3238
-3627
-3162
-2445
-1243
343
1446
2568
3720
4706
5406
5187
4250
3135
2002
720
-788
-2615
-3883
-4907
-5278
-5102
-4889
-4301
-3066
-1420
807
3215
5113
6707
7868
8893
9670
9523
8449
7037
5617
4334
2863
1532
908
587
511
643
812
1591
2723
3340
3288
3086
2605
2194
1172
-637
-2670
-4523
-6299
-8054
-9697
-10730
-11141
-10920
-10255
-8875
-6663
-4046
-1982
-206
1586
3169
4308
4244
3346
2178
1102
-122
-1535
-2828
-3631
-3766
-3573
-3152
-2207
-584
1219
2590
3702
4709
5643
5999
5437
4087
2718
1510
102
-1702
-3379
-4577
-5090
-5196
-5110
-4422
-3198
-1620
404
2775
4862
6664
7922
8667
9213
9401
8787
7332
5563
3939
2536
1299
296
-172
-123
122
343
1101
2092
3115
3621
3581
2945
2373
1596
258
-1735
-4054
-5973
-7746
-9314
-10599
-11312
-11244
-10589
-9336
-7205
-4927
-2670
-569
1207
2859
4238
4564
4057
2817
1528
309
-1049
-2445
-3735
-4544
-4554
-4217
-3305
-1875
-279
1331
2822
3949
4989
5713
5558
4639
3297
1924
514
-1005
-2886
-4477
-5368
-5495
-5381
-4818
-3811
-2518
-670
1530
3898
6181
7725
8553
9239
9719
9695
8543
6767
4943
3209
2061
859
-322
-561
-315
-17
442
1119
2220
3272
3588
3320
2789
2332
1367
-247
-2428
-4737
-6678
-8198
-9866
-11067
-11409
-11110
-10223
-8646
-6575
-4070
-1644
316
2106
3747
4907
5047
4242
2921
1710
499
-978
-2718
-4113
-4362
-4279
-3919
-2972
-1633
187
1895
3238
4290
5207
5686
5334
4311
2912
1451
149
-1449
-3332
-4714
-5293
-5456
-5174
-4387
-3324
-1781
319
2455
5025
7181
8486
9267
9820
10258
10004
8646
6669
4505
2993
2017
460
-564
-716
-583
-25
526
1216
2351
3183
3382
3135
2583
1980
767
-1027
-3383
-5805
-7386
-8878
-10666
-11462
-11601
-11165
-9822
-8169
-5927
-3213
-889
1123
2974
4514
5394
5167
4130
2699
1382
156
-1524
-3371
-4383
-4578
-4490
-3916
-2946
-1513
510
2198
3473
4551
5256
5438
4927
3644
2067
595
-944
-2768
-4550
-5675
-6137
-6053
-5432
-4472
-3157
-1149
1048
3445
6055
7925
9146
9918
10157
10354
9805
8005
5894
3900
2536
1304
-141
-837
-931
-451
222
678
1507
2700
3309
3529
3093
2264
1578
100
-2013
-4477
-6687
-8313
-9847
-11219
-11775
-11719
-10836
-9342
-7456
-4875
-2231
22
1994
3657
5035
5683
5172
3763
2291
1054
-440
-2261
-3736
-4561
-4548
-4126
-3520
-2404
-623
1438
3097
4222
4952
5512
5573
4629
2995
1440
-133
-1755
-3550
-5055
-5867
-6134
-5689
-4885
-3657
-1932
149
2393
4690
7017
8812
9826
10175
10115
10234
9520
7431
5318
3485
2173
1257
-20
-664
-378
322
1095
1514
2301
3225
3786
3816
3021
2000
1021
-643
-2815
-5159
-7352
-8881
-10129
-11294
-11737
-11291
-10113
-8592
-6616
-3933
-1272
883
2664
4007
5245
5712
4802
3276
1641
245
-1159
-2852
-4327
-4851
-4570
-4026
-3418
-2187
-307
1726
3400
4201
4674
5148
4888
3791
2051
117
-1372
-2907
-4604
-5852
-6451
-6396
-5710
-4704
-3097
-1139
1085
3231
5267
7498
9300
10123
10110
9877
9688
8934
6967
4788
2887
1744
815
-316
-650
-292
559
1378
1790
2360
3308
3878
3598
2555
1247
72
-1460
-3689
-6220
-8275
-9574
-10543
-11392
-11671
-10998
-9656
-7810
-5671
-3284
-621
1502
2971
4318
5147
5244
4494
2783
1015
-311
-1680
-3057
-4373
-4897
-4464
-3854
-2934
-1643
-74
1997
3437
4074
4571
4463
4049
3074
1204
-645
-2117
-3528
-4737
-5853
-6357
-5897
-5004
-3667
-1989
-165
1959
4045
5901
8034
9576
10209
10312
10000
9655
9005
7206
5080
3396
2162
1376
528
1
439
1268
1851
2242
2632
3404
3969
3630
2604
1112
-102
-1623
-3809
-6154
-8228
-9537
-10326
-10994
-11220
-10496
-9206
-7506
-5637
-3236
-710
1478
2999
3957
4709
5142
4523
2999
1255
-203
-1272
-2703
-3984
-4564
-4405
-3721
-2989
-1819
-246
1487
2905
3602
3749
3846
3597
2579
841
-1127
-2551
-3707
-5038
-6079
-6493
-6145
-5107
-3862
-2225
-310
1650
3740
5501
7160
8974
9886
9937
9609
9181
8795
7611
5520
3708
2399
1612
1073
266
208
958
1711
2106
2189
2580
3305
3420
2395
818
-540
-1779
-3528
-5747
-7935
-9279
-9839
-10374
-10805
-10410
-9174
-7599
-5904
-3901
-1507
932
2656
3431
4108
4649
4650
3663
1923
264
-824
-1811
-2998
-4012
-4088
-3638
-2952
-2042
-1160
394
1850
2542
2717
2692
2560
2105
777
-1037
-2499
-3466
-4365
-5376
-5998
-5888
-4956
-3708
-2310
-755
1123
3093
4706
6174
7862
9283
9922
9817
9384
9139
8670
7281
5366
3699
2690
2253
1452
613
706
1450
2038
1975
1943
2427
3012
2579
1159
-306
-1439
-2563
-4381
-6613
-8324
-9000
-9347
-9812
-10171
-9338
-7894
-6499
-5084
-3215
-755
1757
3055
3597
4154
4651
4701
3532
1636
241
-585
-1655
-2910
-3792
-3681
-2998
-2359
-1663
-858
419
1578
2008
2009
1830
1562
906
-454
-2080
-3171
-4075
-4829
-5629
-5851
-5090
-3883
-2740
-1381
274
2252
4163
5536
6769
8324
9495
10000
9707
9107
8929
8430
6866
4950
3481
2832
2386
1171
575
911
1467
1904
1647
1403
1980
2223
1420
-41
-1582
-2492
-3503
-5393
-7296
-8453
-8839
-9005
-9580
-9529
-8447
-7210
-5774
-4413
-2583
-69
1712
2517
3050
3678
4543
4336
2881
1471
490
-223
-1336
-2675
-3291
-3257
-2958
-2527
-2388
-1567
-402
302
481
301
352
455
-230
-1544
-2727
-3379
-3796
-4583
-5045
-5006
-4238
-3080
-2062
-881
743
2578
4111
5436
6714
8481
9859
10103
9799
9584
9570
9029
7414
5444
4238
3419
2558
1370
578
809
1283
1286
953
927
1376
1601
703
-611
-1632
-2270
-3210
-4889
-6596
-7589
-7876
-8342
-8934
-8879
-8175
-6901
-5720
-4635
-2705
-306
1442
2456
3145
4005
5014
4782
3670
2410
1429
725
-583
-2111
-2969
-3286
-3184
-3075
-3074
-2451
-1512
-795
-413
-379
-55
91
-446
-1421
-2477
-2992
-3199
-3865
-4462
-4349
-3683
-2572
-1668
-810
711
2508
4046
5348
6720
8360
9759
10293
10139
9935
9933
9496
7740
5698
4437
3496
2528
1046
-62
125
587
644
368
108
504
870
292
-741
-1775
-2284
-3005
-4475
-6017
-6968
-7441
-7844
-8465
-8733
-7982
-6877
-5945
-4860
-2995
-713
1118
2271
3125
4284
5259
5089
4081
2809
1910
900
-634
-2281
-3432
-3887
-3853
-4175
-4319
-3811
-2971
-2061
-1665
-1442
-889
-577
-876
-1671
-2381
-2498
-2869
-3467
-3929
-3908
-3152
-2284
-1624
-609
779
2371
3991
5290
6665
8582
10008
10616
10611
10456
10441
9775
8026
6076
4597
3507
2298
644
-300
-282
-12
67
-468
-550
203
569
151
-684
-1448
-1833
-2431
-3892
-5462
-6410
-6868
-7463
-8282
-8545
-7989
-7007
-6040
-5095
-3332
-925
1024
2430
3637
4645
5673
5838
4897
3758
2694
1435
-229
-2145
-3527
-4201
-4774
-5098
-5242
-4857
-3893
-3048
-2302
-1568
-1039
-446
-367
-1011
-1354
-1568
-2055
-2696
-3327
-3338
-2800
-2268
-1687
-781
445
2173
3801
5253
6792
8555
10273
11125
11167
10987
10843
10156
8525
6388
4610
3168
1890
281
-906
-1142
-911
-817
-972
-957
-433
342
365
-206
-765
-1239
-1863
-3031
-4544
-5692
-6401
-7147
-8133
-8695
-8270
-7507
-6629
-5639
-3924
-1429
907
2662
3907
5035
6230
6645
5921
4586
2982
1428
-502
-2697
-4541
-5704
-6272
-6605
-6881
-6425
-5270
-3866
-2721
-1945
-1156
-245
11
-236
-702
-1251
-1795
-2442
-3096
-3472
-3287
-2795
-2122
-1337
-143
1736
3696
5348
6826
8730
10636
11636
11829
11471
10930
10200
8718
6324
4238
2593
1173
-362
-1792
-2171
-1639
-1266
-1395
-1324
-492
598
935
543
-117
-594
-966
-2174
-3997
-5456
-6348
-7156
-8230
-9073
-8795
-7820
-6863
-5833
-3912
-1358
1140
2962
4134
5207
6618
7113
6093
4457
2729
1394
-470
-2918
-4994
-6136
-6670
-7083
-7373
-6946
-5694
-4218
-2918
-2182
-1253
-130
527
344
-188
-550
-839
-1393
-2247
-2743
-2628
-2026
-1417
-726
429
2236
4144
5742
7031
8590
10643
11824
11823
11419
10855
10350
9117
6731
4537
2850
1348
-123
-1683
-2444
-2070
-1737
-1662
-1712
-1208
69
714
344
-170
-574
-823
-1614
-3318
-4854
-5722
-6519
-7466
-8443
-8486
-7715
-6748
-5729
-4366
-2020
616
2566
3775
4994
6172
6789
6179
4559
2872
1234
-709
-2981
-5323
-6726
-7369
-7902
-8114
-7868
-6793
-5162
-3930
-3000
-1862
-744
81
235
-76
-426
-663
-1097
-1806
-2401
-2307
-1741
-1136
-450
537
2242
4210
5802
7124
8809
10611
11780
12009
11534
10940
10422
9209
6824
4477
2653
1201
-173
-1776
-2620
-2393
-1986
-1816
-1797
-1287
-99
546
446
-60
-605
-808
-1582
-3207
-4677
-5669
-6501
-7381
-8434
-8459
-7695
-6763
-5698
-4229
-1829
813
2750
3926
5019
6191
6825
6114
4366
2477
819
-1102
-3466
-5694
-7132
-7673
-8049
-8393
-8094
-7011
-5396
-3961
-3071
-2047
-841
54
332
22
-291
-450
-810
-1411
-1836
-1803
-1103
-494
118
1216
2838
4732
6286
7412
8902
10728
11807
11942
11429
10853
10372
9107
6825
4501
2718
1345
-183
-1818
-2624
-2431
-2030
-1980
-2110
-1625
-392
391
168
-425
-831
-890
-1539
-3118
-4621
-5506
-6147
-7010
-7877
-7967
-7255
-6213
-5158
-3758
-1588
936
2774
4007
5035
5928
6507
5793
4153
2443
878
-958
-3192
-5466
-6768
-7486
-7986
-8195
-8084
-7105
-5588
-4343
-3330
-2264
-1147
-129
183
82
-1
-118
-274
-752
-1132
-821
-327
227
958
1854
3322
4959
6219
7435
8831
10362
11431
11635
11227
10778
10317
9160
7024
4842
3069
1521
-29
-1711
-2687
-2732
-2595
-2765
-2923
-2481
-1434
-741
-763
-1140
-1378
-1359
-1918
-3221
-4499
-5382
-5988
-6705
-7586
-7704
-7059
-6304
-5326
-4040
-1964
403
2036
3241
4146
5117
5740
5009
3598
2112
551
-1174
-3339
-5427
-6684
-7559
-8042
-8446
-8383
-7394
-6095
-4981
-3999
-2975
-1714
-588
-252
-81
90
325
373
111
-6
282
816
1365
1893
2689
3936
5241
6394
7486
8881
10402
11243
11401
11230
11012
10617
9344
7239
5234
3618
2172
377
-1445
-2335
-2491
-2577
-2994
-3317
-2815
-1698
-1091
-1305
-1596
-1595
-1441
-1854
-3046
-4166
-4766
-5243
-6109
-6813
-6833
-6311
-5493
-4691
-3474
-1470
587
2016
3103
4055
4970
5398
4739
3387
2046
722
-948
-3101
-5068
-6371
-7348
-8006
-8363
-8373
-7521
-6386
-5389
-4268
-3075
-1799
-641
-102
209
677
1002
1114
900
775
1085
1551
1994
2379
2995
4023
5247
6354
7499
8933
10156
10988
11337
11204
11137
10635
9061
7014
5101
3396
1750
-267
-2066
-2928
-3240
-3534
-4060
-4133
-3445
-2488
-1970
-1995
-2154
-1815
-1740
-2356
-3370
-4323
-4821
-5419
-6339
-6986
-6925
-6442
-5729
-4985
-3478
-1323
578
1909
2944
4028
5145
5268
4360
3049
1667
345
-1446
-3617
-5462
-6741
-7518
-8089
-8520
-8254
-7320
-6229
-5233
-4245
-2959
-1523
-467
0
380
958
1377
1358
1119
1076
1410
1957
2224
2577
3231
4242
5458
6500
7728
9135
10271
10982
11272
11292
11275
10426
8561
6617
4789
3130
1271
-963
-2456
-3175
-3502
-3888
-4443
-4325
-3368
-2397
-2030
-2031
-1916
-1522
-1643
-2357
-3376
-4047
-4531
-5337
-6191
-6576
-6438
-5779
-5121
-4311
-2660
-471
1243
2383
3482
4563
5451
5385
4299
2875
1602
62
-1845
-3956
-5696
-6843
-7583
-8127
-8430
-8039
-6877
-5703
-4733
-3546
-2174
-802
158
514
845
1370
1659
1537
1230
1219
1637
2145
2461
2737
3470
4645
5876
7219
8634
9760
10648
11245
11436
11478
10931
9447
7495
5556
3721
1912
-170
-2046
-3200
-3729
-4024
-4558
-4568
-3900
-3099
-2508
-2283
-2265
-2002
-1808
-2356
-3233
-4022
-4548
-5113
-5990
-6649
-6628
-6177
-5484
-4597
-3328
-1459
264
1647
2956
3917
4787
5000
4404
3365
2127
696
-1026
-3032
-4791
-6213
-7353
-7871
-8221
-8014
-7253
-6449
-5400
-4239
-2931
-1559
-650
-84
432
1008
1494
1341
1020
1107
1293
1705
2183
2451
3023
4058
5114
6456
7972
9235
10190
10917
11258
11559
11402
10044
8145
6275
4598
2802
549
-1473
-2750
-3490
-3943
-4560
-4769
-4201
-3541
-3044
-2715
-2394
-1962
-1800
-2301
-3078
-3692
-4142
-4834
-5786
-6503
-6578
-6216
-5765
-5174
-3967
-2113
-195
1275
2709
4067
5074
5532
5048
4143
3224
1839
57
-2075
-3878
-5059
-6285
-7143
-7632
-7606
-6805
-5942
-5218
-4049
-2758
-1403
-332
60
542
1077
1529
1461
929
889
1194
1415
1737
2202
2785
3795
4856
5979
7488
9152
10267
10881
11316
11583
11732
10785
8785
6708
4907
3317
1220
-1078
-2591
-3406
-3881
-4342
-4877
-4507
-3540
-2993
-2773
-2646
-2268
-1892
-2228
-3224
-4086
-4525
-5007
-5970
-6907
-7076
-6781
-6200
-5641
-4849
-3073
-878
840
2117
3271
4425
5242
5126
4216
3114
2042
571
-1289
-3222
-4730
-5702
-6492
-7082
-7366
-6897
-5890
-5000
-4171
-3013
-1780
-627
111
307
653
1062
1140
810
513
524
954
1321
1637
2083
2951
4302
5527
6893
8492
9826
10715
11323
11542
11512
10888
9250
7240
5303
3615
1733
-404
-2138
-3187
-3814
-4312
-4731
-4628
-3847
-3115
-2869
-2774
-2504
-2180
-2226
-2958
-4042
-4726
-5183
-5960
-6829
-7315
-7268
-6679
-6036
-5175
-3662
-1635
204
1657
2966
4128
4967
5062
4467
3481
2458
1165
-454
-2148
-3530
-4716
-5647
-6080
-6289
-5848
-5055
-4398
-3562
-2507
-1339
-292
232
418
645
1035
1289
864
546
587
796
1290
1629
1994
2837
4034
5237
6727
8339
9544
10432
11109
11443
11543
11004
9420
7625
5800
4074
2164
86
-1486
-2650
-3331
-3790
-4384
-4282
-3555
-2956
-2685
-2678
-2596
-2177
-2241
-3023
-3996
-4763
-5296
-6059
-6897
-7228
-7234
-6821
-6213
-5467
-3869
-1864
-179
1352
2637
3803
4823
4995
4228
3303
2412
1234
-334
-2091
-3358
-4446
-5341
-5872
-6091
-5638
-4678
-4107
-3521
-2385
-1303
-350
116
-50
107
473
417
62
-442
-487
-177
205
813
1371
2264
3677
4971
6552
8246
9510
10481
11081
11296
11485
11003
9350
7496
5667
3975
2120
97
-1429
-2390
-3033
-3588
-4028
-3897
-3200
-2685
-2426
-2389
-2468
-2278
-2552
-3442
-4354
-5187
-5917
-6736
-7552
-7879
-7697
-7176
-6572
-5580
-3888
-1868
-153
1346
2668
3780
4595
4760
4219
3370
2487
1217
-275
-1743
-3065
-4068
-4807
-5197
-5145
-4559
-3835
-3191
-2501
-1534
-546
129
413
293
296
357
81
-393
-790
-939
-674
-218
300
1085
2100
3487
4934
6494
8284
9649
10531
11083
11417
11598
10990
9336
7521
5762
4041
2179
218
-1200
-2136
-2712
-3145
-3469
-3332
-2660
-2146
-1904
-1911
-1969
-2029
-2481
-3347
-4404
-5330
-6172
-7209
-8077
-8293
-8079
-7526
-6939
-5909
-4080
-1911
68
1450
2777
4099
4889
5079
4487
3403
2408
1148
-474
-2006
-3270
-4099
-4617
-4868
-4731
-4072
-3014
-2158
-1499
-668
285
820
908
559
88
-89
-452
-1136
-1622
-1791
-1467
-861
-192
632
1780
3360
5139
6962
8603
9842
10713
11431
11745
11486
10479
8956
7025
5182
3478
1566
-37
-1319
-2280
-2716
-2967
-3040
-2634
-2062
-1670
-1579
-1708
-1924
-2351
-3168
-4233
-5468
-6491
-7415
-8495
-9152
-9288
-8921
-8111
-7044
-5649
-3878
-1867
110
1706
2918
3858
4330
4344
3855
2848
1711
478
-991
-2262
-3285
-4149
-4466
-4309
-3851
-3071
-2184
-1316
-463
337
969
1133
975
654
119
-351
-1052
-1805
-2188
-2378
-2130
-1483
-646
433
1701
3326
5334
7289
8854
9959
10766
11521
11929
11445
10208
8615
6891
5198
3358
1352
-18
-915
-1698
-2152
-2411
-2263
-1644
-1210
-1125
-1062
-1071
-1196
-1892
-3014
-4263
-5445
-6551
-7766
-8846
-9348
-9372
-9062
-8250
-7103
-5414
-3265
-1294
519
2080
3440
4497
4695
4378
3699
2763
1613
124
-1362
-2351
-3137
-3786
-3984
-3891
-3138
-2035
-1106
-249
618
1498
1976
1868
1397
723
101
-620
-1645
-2622
-2949
-3056
-2796
-2193
-1376
-56
1582
3348
5286
7340
8901
10032
10759
11299
11639
11170
9843
8101
6356
4785
2970
1059
-177
-1084
-1622
-1987
-2241
-1935
-1225
-868
-776
-884
-1170
-1453
-2207
-3492
-4864
-6088
-7156
-8361
-9447
-9789
-9761
-9230
-8281
-7166
-5491
-3436
-1534
176
1722
2947
3810
4094
3785
3269
2565
1509
186
-1185
-2226
-2981
-3537
-3694
-3442
-2796
-1811
-929
-169
791
1659
2126
2088
1596
1052
470
-388
-1522
-2530
-3034
-3169
-2985
-2522
-1729
-574
1131
2886
4844
6949
8581
9797
10699
11337
11593
10993
9698
8148
6419
4823
2981
1249
29
-985
-1578
-1872
-2018
-1729
-1096
-678
-529
-568
-731
-1132
-2021
-3219
-4659
-5939
-7166
-8532
-9499
-9838
-9808
-9306
-8384
-7200
-5331
-3273
-1448
267
1775
3056
3854
3997
3673
3117
2392
1344
-39
-1202
-2012
-2637
-3015
-3146
-2877
-2071
-1067
-276
517
1416
2223
2586
2362
1912
1304
634
-271
-1475
-2335
-2807
-2946
-2780
-2368
-1604
-273
1396
3248
5189
6978
8582
9776
10699
11326
11200
10410
9272
7747
6143
4506
2761
1333
256
-697
-1351
-1671
-1665
-1320
-1007
-838
-770
-888
-1115
-1748
-2807
-3914
-5196
-6545
-7777
-8900
-9563
-9643
-9546
-9137
-8136
-6698
-4879
-3061
-1473
109
1634
2633
3156
3214
2916
2506
1754
676
-531
-1484
-2026
-2417
-2698
-2616
-2215
-1514
-613
205
1096
1882
2374
2566
2308
1840
1219
295
-782
-1833
-2570
-2927
-3143
-3071
-2528
-1555
11
1949
3721
5502
7219
8730
10024
10770
10877
10436
9534
8342
6907
5173
3597
2213
1020
53
-859
-1345
-1316
-1188
-1004
-822
-681
-602
-908
-1567
-2391
-3550
-4750
-6044
-7593
-8707
-9335
-9662
-9669
-9390
-8542
-6933
-5319
-3724
-2036
-517
1056
2243
2822
2993
2878
2598
2039
1113
64
-782
-1450
-1841
-2055
-1981
-1533
-1031
-293
576
1389
2185
2732
2833
2780
2419
1900
1139
-17
-1040
-1889
-2504
-2892
-3094
-2885
-2086
-857
952
2806
4413
6155
7685
9145
10205
10367
10118
9465
8382
7247
5665
4093
2882
1612
618
-251
-855
-904
-804
-713
-595
-555
-552
-692
-1208
-2105
-3188
-4336
-5634
-7005
-8151
-8884
-9266
-9516
-9364
-8575
-7303
-5732
-4314
-2891
-1289
213
1520
2295
2506
2564
2355
1853
1175
268
-577
-1239
-1667
-1876
-1882
-1487
-987
-381
465
1420
2259
2808
2983
2937
2814
2386
1559
476
-502
-1351
-2106
-2712
-3089
-3009
-2470
-1345
208
1742
3413
5023
6634
8117
9046
9342
9284
8793
7896
6829
5404
4121
2863
1549
607
-96
-542
-710
-788
-763
-626
-534
-549
-798
-1304
-2087
-3118
-4240
-5577
-6854
-7824
-8725
-9288
-9463
-9282
-8456
-7354
-6148
-4657
-3197
-1683
-182
928
1825
2304
2373
2167
1649
983
385
-423
-1064
-1415
-1652
-1418
-1023
-555
113
1009
1858
2701
3275
3497
3484
3273
2899
2200
1342
412
-503
-1304
-1939
-2393
-2521
-2194
-1301
-13
1276
2791
4307
5913
7403
8294
8679
8679
8349
7682
6597
5187
4118
3016
1784
771
-69
-428
-487
-628
-645
-540
-349
-243
-516
-1007
-1684
-2567
-3612
-4953
-6366
-7314
-8134
-8810
-9138
-9101
-8385
-7301
-6167
-4803
-3360
-1833
-411
672
1412
1944
2083
1883
1393
758
311
-367
-986
-1349
-1480
-1289
-853
-511
102
1090
2046
2835
3340
3596
3680
3643
3199
2459
1711
946
121
-718
-1424
-1993
-2185
-1892
-1156
-277
947
2293
3548
4980
6226
6966
7451
7440
7062
6603
5694
4646
3655
2625
1644
706
-35
-352
-533
-547
-533
-619
-495
-486
-777
-1243
-1929
-2705
-3590
-4715
-5833
-6881
-7684
-8295
-8700
-8550
-7942
-7177
-6084
-4828
-3615
-2179
-875
174
959
1388
1566
1501
1185
644
113
-371
-839
-1211
-1285
-999
-746
-448
255
1093
2008
2853
3307
3611
3859
3824
3510
2941
2230
1446
683
-80
-876
-1479
-1764
-1709
-1152
-271
557
1655
2843
4169
5479
6206
6609
6770
6626
6288
5488
4478
3585
2628
1678
796
30
-361
-458
-558
-597
-562
-432
-444
-536
-863
-1468
-1991
-2723
-3802
-4899
-5892
-6789
-7493
-8058
-8230
-7907
-7307
-6460
-5394
-4161
-2821
-1441
-287
603
1231
1569
1641
1337
980
588
44
-488
-910
-1160
-1018
-767
-451
224
994
1951
2860
3432
3835
4150
4262
4113
3652
3054
2332
1528
755
-30
-668
-1129
-1217
-889
-285
526
1454
2409
3544
4716
5530
6002
6157
6015
5761
5156
4305
3492
2647
1749
904
77
-446
-645
-837
-923
-973
-939
-836
-823
-1085
-1573
-2031
-2628
-3577
-4568
-5482
-6333
-7091
-7736
-8056
-7889
-7490
-6855
-5983
-4931
-3602
-2266
-1101
-150
531
1109
1402
1259
1025
676
202
-223
-629
-957
-947
-758
-519
-40
621
1469
2358
3000
3515
3880
4073
4130
3799
3305
2701
1967
1183
365
-376
-799
-1088
-1111
-707
-27
753
1691
2556
3590
4713
5279
5617
5636
5506
5212
4454
3627
2861
1909
1159
408
-426
-684
-814
-913
-899
-937
-823
-576
-665
-985
-1337
-1812
-2459
-3484
-4516
-5335
-6219
-6947
-7535
-7811
-7499
-6986
-6357
-5406
-4373
-3114
-1722
-668
126
839
1382
1566
1510
1194
797
386
-73
-507
-846
-829
-550
-227
235
1028
1897
2725
3428
3801
4131
4382
4346
4001
3359
2689
1991
1156
368
-276
-756
-1042
-1121
-727
49
905
1735
2647
3648
4704
5500
5793
5793
5680
5308
4658
3731
2708
1922
1226
405
-339
-849
-1053
-1023
-1126
-1124
-1020
-908
-739
-891
-1239
-1685
-2329
-3239
-4291
-5197
-6000
-6765
-7432
-7830
-7810
-7357
-6665
-5863
-4908
-3701
-2314
-1134
-182
573
1074
1517
1569
1290
1011
538
99
-212
-558
-615
-508
-332
74
729
1504
2193
2758
3234
3635
3900
4008
3685
3053
2551
1929
1159
475
-154
-704
-910
-957
-810
-335
363
1405
2453
3327
4234
4973
5528
5779
5467
5037
4501
3644
2814
1926
1040
518
-12
-596
-941
-1105
-925
-681
-617
-561
-524
-471
-705
-1368
-2087
-2951
-3914
-4766
-5775
-6616
-7027
-7382
-7499
-7152
-6493
-5490
-4352
-3403
-2391
-1300
-302
427
756
902
836
702
380
-122
-524
-746
-907
-968
-761
-458
49
673
1199
1781
2445
2914
3144
3270
3188
2886
2549
1965
1171
576
218
-276
-677
-703
-531
-103
463
990
1596
2423
3255
4016
4662
5087
5265
5454
5486
5223
4747
4202
3531
2856
2250
1672
1163
769
487
291
316
280
211
205
56
-205
-504
-997
-1699
-2405
-3257
-4134
-4870
-5503
-6078
-6520
-6634
-6519
-6125
-5576
-4944
-4162
-3269
-2387
-1651
-980
-430
-143
59
80
7
-122
-303
-561
-819
-838
-867
-881
-782
-720
-510
-49
226
433
732
1033
1149
1240
1140
979
878
667
430
211
64
-22
108
316
631
1031
1532
2161
2794
3448
3976
4343
4671
4886
4997
5006
4762
4422
4238
3933
3553
3189
2749
2342
2097
1734
1360
1093
678
350
-17
-467
-965
-1387
-1873
-2352
-2810
-3192
-3519
-3817
-4064
-4255
-4315
-4237
-4169
-4193
-4071
-3848
-3602
-3325
-3123
-3010
-2721
-2369
-2127
-1895
-1783
-1549
-1292
-1103
-914
-814
-799
-832
-970
-1167
-1294
-1474
-1628
-1751
-1876
-1793
-1600
-1483
-1225
-886
-441
76
477
902
1373
1811
2221
2479
2636
2912
3119
3206
3373
3524
3708
3921
4059
4275
4524
4762
4966
5123
5139
5235
5142
4857
4594
4202
3770
3246
2629
1981
1421
838
277
-143
-623
-958
-1181
-1316
-1417
-1528
-1617
-1707
-1779
-1809
-1850
-1977
-2087
-2251
-2416
-2468
-2580
-2726
-2764
-2774
-2627
-2457
-2375
-2343
-2256
-2073
-2034
-2016
-2084
-2256
-2439
-2724
-3098
-3387
-3630
-3914
-4111
-4228
-4277
-4201
-4001
-3793
-3510
-3048
-2522
-2038
-1451
-866
-320
255
808
1202
1635
2099
2422
2860
3242
3464
3712
4041
4237
4441
4733
4920
5046
5231
5221
5129
5155
5032
4793
4547
4135
3604
3160
2622
2038
1561
1137
748
483
294
122
66
112
68
36
107
88
17
-73
-251
-430
-656
-913
-1233
-1449
-1543
-1657
-1614
-1650
-1635
-1503
-1412
-1378
-1446
-1473
-1620
-1947
-2304
-2772
-3354
-3932
-4449
-5022
-5501
-5824
-6084
-6167
-6055
-5852
-5461
-5004
-4468
-3778
-3113
-2423
-1805
-1263
-773
-309
96
390
654
887
1143
1384
1744
2154
2525
2979
3484
4034
4548
4968
5286
5499
5619
5601
5519
5228
4851
4415
3877
3422
2835
2340
1970
1712
1466
1387
1476
1543
1676
1865
2013
2120
2165
2139
2049
1895
1653
1283
978
672
353
84
-104
-249
-325
-320
-295
-224
-135
-201
-357
-562
-952
-1365
-1819
-2533
-3261
-3908
-4599
-5175
-5678
-6139
-6450
-6494
-6438
-6240
-5896
-5490
-4925
-4347
-3704
-3132
-2668
-2156
-1746
-1439
-1049
-824
-672
-443
-240
-17
333
607
975
1443
1865
2332
2726
3039
3329
3577
3738
3787
3715
3565
3285
2909
2557
2230
1854
1637
1494
1388
1382
1474
1651
1885
2086
2255
2477
2616
2729
2725
2701
2746
2704
2585
2225
1834
1573
1356
1194
1133
1017
1023
1033
878
861
839
841
681
217
-400
-1183
-2030
-2730
-3311
-3817
-4492
-5115
-5510
-5754
-5764
-5594
-5309
-4887
-4537
-4286
-4026
-3732
-3303
-2915
-2534
-2204
-2024
-1936
-1675
-1451
-1227
-873
-639
-293
-2
280
608
966
1346
1679
1951
2104
2204
2255
2288
2266
2220
2136
1905
1607
1399
1263
1173
1150
1167
1247
1418
1503
1598
1802
1998
2232
2451
2492
2478
2516
2468
2379
2375
2355
2314
2307
2244
2218
2317
2417
2440
2386
2266
2011
1761
1407
871
283
-211
-788
-1413
-2072
-2625
-3051
-3431
-3706
-3952
-4075
-4109
-4118
-4009
-3819
-3687
-3511
-3239
-3014
-2758
-2485
-2332
-2165
-1880
-1560
-1322
-1100
-903
-674
-257
21
196
487
748
1019
1195
1293
1325
1357
1396
1386
1303
1200
1086
954
788
668
562
525
494
528
603
644
671
698
769
807
948
1032
1059
1163
1275
1447
1571
1669
1792
1941
2048
2150
2295
2444
2487
2434
2372
2192
2044
1841
1531
1123
690
334
-73
-628
-1153
-1597
-2011
-2414
-2798
-3114
-3259
-3300
-3364
-3345
-3365
-3203
-2938
-2808
-2712
-2563
-2369
-2214
-2054
-1961
-1856
-1613
-1331
-1163
-919
-635
-448
-306
-144
51
200
359
413
488
592
684
726
629
579
544
538
379
256
199
190
309
338
352
447
559
703
876
947
1030
1144
1211
1365
1421
1501
1714
1828
2007
2263
2403
2599
2800
2896
3003
3034
2958
2814
2656
2378
2094
1739
1274
819
338
-141
-612
-1101
-1486
-1835
-2118
-2298
-2464
-2521
-2543
-2560
-2485
-2376
-2333
-2267
-2212
-2171
-2037
-1930
-1783
-1642
-1528
-1316
-1046
-795
-593
-372
-98
69
159
251
341
488
608
623
583
474
330
169
16
-82
-186
-320
-489
-598
-644
-678
-686
-687
-690
-596
-525
-385
-260
-121
119
364
611
851
1031
1194
1437
1693
1970
2213
2451
2613
2772
2820
2852
2888
2795
2627
2383
2108
1759
1404
1072
726
363
-8
-416
-823
-1153
-1502
-1827
-2050
-2227
-2350
-2433
-2471
-2478
-2377
-2287
-2207
-2006
-1751
-1528
-1373
-1145
-791
-475
-184
-24
83
217
326
383
423
430
413
409
399
343
318
294
188
116
51
-126
-283
-461
-708
-809
-992
-1225
-1368
-1564
-1682
-1753
-1702
-1614
-1472
-1255
-1099
-880
-614
-297
11
388
735
1075
1446
1756
2003
2156
2356
2519
2551
2532
2470
2447
2398
2224
2062
1915
1762
1587
1346
1087
796
470
148
-183
-536
-841
-1101
-1355
-1527
-1618
-1596
-1589
-1507
-1414
-1274
-1018
-819
-631
-345
-63
146
322
472
587
701
815
840
821
763
769
726
664
601
491
416
317
268
171
67
-123
-228
-353
-552
-749
-1055
-1251
-1451
-1711
-1889
-2034
-2116
-2068
-2059
-1964
-1727
-1504
-1203
-797
-478
-89
274
582
896
1188
1433
1566
1616
1603
1596
1480
1381
1317
1266
1141
958
895
853
788
694
558
425
273
48
-158
-364
-503
-671
-816
-962
-1073
-1112
-1166
-1111
-1052
-885
-579
-296
51
422
734
990
1227
1400
1518
1530
1481
1344
1207
1030
850
737
594
446
340
268
169
95
30
-90
-229
-364
-479
-678
-975
-1198
-1433
-1631
-1782
-2000
-2159
-2249
-2208
-2116
-1929
-1709
-1458
-1078
-730
-426
-114
207
492
708
879
969
991
947
861
708
542
450
334
185
67
18
-2
-56
-71
-96
-178
-279
-399
-510
-609
-698
-786
-830
-911
-950
-922
-935
-835
-645
-431
-125
219
617
1015
1406
1792
2116
2410
2637
2727
2701
2616
2461
2276
2034
1745
1488
1312
1084
903
842
713
658
608
516
361
177
-22
-250
-525
-826
-1065
-1265
-1469
-1701
-1807
-1844
-1855
-1761
-1629
-1402
-1147
-933
-690
-467
-214
7
200
268
279
273
240
158
-29
-176
-341
-560
-749
-914
-1019
-1036
-1021
-1073
-1052
-1029
-1044
-1037
-1063
-1079
-1090
-1135
-1205
-1272
-1278
-1183
-1078
-888
-648
-344
33
403
841
1260
1682
2115
2460
2664
2751
2881
2947
2919
2803
2614
2389
2174
2009
1691
1427
1239
1115
1000
812
687
527
372
209
4
-153
-363
-588
-809
-1026
-1203
-1349
-1433
-1494
-1549
-1562
-1507
-1418
-1196
-973
-825
-591
-408
-226
-95
-50
-35
-93
-205
-323
-519
-717
-915
-1069
-1210
-1353
-1540
-1638
-1665
-1761
-1809
-1874
-1935
-1901
-1933
-1937
-1928
-1860
-1769
-1690
-1565
-1431
-1217
-959
-631
-315
57
511
947
1370
1746
2110
2446
2666
2834
2917
3005
3033
2957
2844
2697
2610
2520
2358
2170
2024
1923
1810
1653
1438
1249
1082
905
698
480
314
119
-79
-284
-431
-543
-627
-710
-719
-688
-628
-564
-414
-257
-119
39
118
186
224
167
132
16
-145
-320
-555
-734
-941
-1138
-1294
-1414
-1569
-1698
-1767
-1823
-1921
-1971
-1979
-2037
-2094
-2147
-2162
-2202
-2177
-2160
-2103
-1928
-1727
-1491
-1162
-797
-406
24
463
858
1219
1608
1891
2148
2317
2361
2436
2479
2458
2379
2307
2233
2127
2019
1854
1707
1645
1568
1467
1311
1172
1005
805
631
423
242
87
-63
-267
-408
-544
-620
-618
-656
-684
-596
-570
-488
-333
-252
-123
-16
21
2
-61
-70
-124
-231
-336
-485
-635
-749
-903
-1048
-1190
-1363
-1427
-1523
-1681
-1847
-1940
-1998
-2033
-2132
-2136
-2103
-2079
-2035
-1980
-1844
-1634
-1360
-1150
-869
-595
-282
79
390
727
991
1216
1455
1628
1703
1766
1840
1906
1924
1988
2029
2035
2036
2000
1907
1877
1812
1646
1530
1368
1179
1029
870
678
512
363
265
126
69
37
-35
-8
4
31
88
99
114
185
254
241
259
293
284
232
126
53
-35
-138
-271
-443
-574
-699
-785
-863
-1040
-1170
-1228
-1316
-1488
-1581
-1643
-1754
-1853
-2005
-2015
-2035
-1993
-1913
-1857
-1713
-1501
-1289
-1056
-778
-506
-190
98
392
682
898
1068
1232
1339
1436
1460
1509
1487
1474
1467
1432
1479
1404
1426
1438
1417
1367
1309
1246
1148
1042
880
753
667
532
369
239
122
75
54
4
-32
-11
40
127
181
229
302
341
403
420
378
326
247
176
54
-80
-239
-368
-523
-659
-834
-948
-1056
-1197
-1333
-1430
-1515
-1605
-1741
-1840
-1882
-1961
-2021
-2070
-2020
-1960
-1890
-1800
-1664
-1452
-1244
-957
-710
-444
-181
51
308
524
716
890
1005
1080
1146
1221
1237
1230
1215
1214
1272
1287
1298
1305
1308
1258
1237
1221
1140
1061
929
775
653
531
437
374
296
251
194
194
248
267
333
384
451
556
640
710
706
715
664
611
547
469
387
219
26
-72
-191
-337
-503
-663
-799
-916
-1013
-1177
-1302
-1394
-1469
-1581
-1666
-1705
-1736
-1772
-1748
-1722
-1676
-1621
-1477
-1377
-1239
-1060
-852
-593
-369
-113
82
282
457
653
742
821
887
954
964
1001
1041
1035
997
1039
1106
1092
1088
1041
1046
1021
969
861
766
668
580
464
337
259
195
220
200
135
194
273
380
478
565
658
745
824
793
787
788
784
757
673
525
392
307
178
62
-50
-185
-274
-417
-497
-637
-763
-827
-927
-1017
-1110
-1220
-1313
-1354
-1448
-1481
-1473
-1477
-1467
-1417
-1346
-1244
-1090
-875
-748
-566
-323
-148
-2
119
180
251
314
311
338
327
325
344
387
414
407
405
461
517
517
479
491
452
380
270
161
138
39
-70
-159
-187
-225
-237
-204
-160
-48
49
222
378
471
629
715
793
861
891
954
968
893
805
669
540
399
262
128
64
-3
-81
-170
-242
-304
-322
-391
-476
-521
-585
-648
-730
-788
-887
-897
-940
-959
-974
-897
-733
-640
-510
-345
-200
-61
126
216
352
437
449
493
479
455
429
364
245
178
118
71
82
54
72
64
93
127
79
36
12
-2
-74
-187
-262
-341
-434
-537
-570
-545
-493
-377
-274
-115
42
205
352
486
638
719
818
880
888
902
840
723
659
557
442
342
279
224
196
156
93
54
-12
-35
-33
-95
-159
-230
-238
-279
-372
-396
-445
-438
-415
-376
-309
-235
-100
58
191
305
459
578
650
657
661
666
618
566
439
336
271
166
69
-13
-25
-48
-79
-76
-122
-108
-133
-182
-252
-358
-430
-547
-637
-736
-846
-916
-959
-971
-923
-834
-767
-648
-482
-322
-203
-72
98
220
301
348
338
312
255
203
92
-45
-152
-250
-320
-402
-427
-480
-490
-436
-429
-448
-452
-404
-418
-393
-408
-401
-434
-426
-459
-476
-390
-336
-204
-91
64
262
461
632
746
879
1024
1110
1143
1157
1148
1081
965
863
765
623
537
448
345
301
274
258
259
211
167
150
161
120
6
-148
-258
-322
-406
-473
-516
-525
-520
-513
-459
-370
-255
-119
17
172
326
437
512
566
588
559
461
364
269
76
-107
-230
-351
-421
-485
-589
-644
-651
-636
-548
-468
-468
-476
-449
-471
-439
-466
-510
-501
-481
-460
-442
-342
-221
-73
98
257
454
623
786
925
1002
1095
1150
1157
1143
1045
994
892
743
642
540
415
307
207
151
157
109
63
54
61
57
-35
-84
-182
-275
-367
-506
-611
-711
-739
-763
-713
-701
-594
-426
-277
-156
-3
134
215
314
339
338
294
238
97
-74
-218
-375
-515
-613
-698
-775
-803
-825
-821
-830
-802
-728
-723
-698
-685
-661
-638
-574
-593
-585
-529
-493
-461
-404
-336
-211
-46
96
227
417
566
684
804
940
982
965
944
896
802
746
670
593
505
428
353
297
278
281
282
308
351
337
342
312
298
226
189
133
52
2
-69
-131
-129
-123
-74
-6
90
150
230
305
365
407
446
451
427
332
242
132
-34
-194
-334
-441
-578
-688
-715
-773
-780
-722
-765
-743
-703
-660
-594
-552
-522
-458
-426
-421
-377
-386
-339
-314
-277
-183
-104
31
164
303
435
525
591
703
765
764
741
700
655
581
457
337
304
237
209
188
173
155
173
192
232
278
349
354
298
334
296
259
196
135
107
86
74
85
108
129
218
262
312
320
407
446
438
384
290
248
153
48
-110
-224
-345
-468
-561
-677
-750
-804
-804
-796
-789
-770
-734
-687
-644
-650
-600
-536
-518
-509
-517
-525
-471
-426
-362
-288
-270
-228
-186
-49
13
100
138
136
192
189
153
116
28
-60
-138
-220
-255
-279
-304
-292
-292
-276
-223
-138
-79
-45
24
159
253
269
305
307
350
337
358
367
349
383
400
483
572
615
684
753
752
749
772
744
710
626
493
387
210
72
-105
-262
-392
-501
-563
-607
-587
-618
-575
-527
-489
-458
-406
-308
-263
-225
-213
-184
-166
-137
-173
-146
-135
-84
-5
68
131
244
315
371
461
473
492
460
422
353
243
130
5
-91
-185
-313
-378
-425
-390
-350
-321
-251
-141
-73
33
110
190
285
345
396
442
471
455
494
492
517
522
554
640
669
701
725
727
748
791
770
686
632
580
467
322
133
-67
-234
-381
-514
-661
-721
-735
-708
-737
-709
-623
-545
-508
-453
-403
-322
-284
-245
-237
-265
-271
-291
-318
-314
-301
-280
-242
-180
-127
-119
-69
2
33
-8
-39
-85
-157
-248
-372
-501
-614
-744
-883
-952
-975
-986
-961
-924
-824
-675
-547
-422
-287
-132
-15
95
210
270
362
391
352
349
392
416
419
491
542
576
644
719
803
807
824
806
810
725
631
476
331
184
23
-108
-231
-320
-458
-460
-464
-437
-342
-277
-205
-116
-36
48
110
148
146
211
202
178
171
95
133
112
132
119
133
214
256
306
292
332
371
350
286
164
70
-40
-185
-308
-444
-571
-644
-699
-731
-708
-670
-581
-547
-404
-249
-104
59
142
254
289
336
376
429
486
463
487
471
496
514
530
530
568
625
661
681
680
640
604
566
445
392
295
179
76
-27
-132
-211
-269
-313
-311
-327
-277
-210
-147
-90
-40
25
119
160
144
173
165
104
66
46
-3
-19
-25
-106
-113
-120
-128
-142
-175
-177
-200
-268
-340
-422
-480
-565
-694
-763
-836
-927
-944
-939
-962
-959
-902
-878
-800
-662
-556
-443
-306
-167
-67
11
108
205
205
252
262
252
264
272
280
302
282
289
311
332
333
322
305
267
244
175
123
84
14
-59
-103
-165
-156
-181
-162
-142
-73
-30
28
129
225
290
372
409
449
483
475
482
461
435
375
352
283
218
194
149
167
149
122
142
79
46
24
-77
-137
-218
-321
-387
-443
-508
-562
-575
-598
-574
-508
-467
-407
-334
-214
-98
36
112
221
317
399
450
444
505
450
408
403
374
340
338
314
256
272
252
224
204
162
88
47
24
-22
-34
-114
-184
-188
-248
-259
-234
-257
-215
-169
-107
-17
81
154
235
290
334
455
447
472
497
492
452
415
370
298
249
198
160
117
77
53
44
-37
-79
-137
-213
-257
-332
-409
-501
-557
-581
-593
-632
-670
-725
-710
-677
-609
-519
-436
-348
-249
-157
-37
46
116
214
237
226
307
303
253
229
178
180
109
80
45
27
6
-15
-39
-82
-137
-180
-185
-253
-272
-300
-339
-363
-397
-402
-434
-436
-379
-316
-255
-138
-74
35
178
200
315
349
399
472
473
470
460
451
458
393
340
284
275
238
212
206
143
98
59
37
-29
-97
-146
-186
-246
-290
-358
-367
-405
-407
-399
-401
-316
-281
-225
-150
-49
31
108
218
303
357
381
407
431
446
421
346
310
274
242
201
119
82
54
6
-53
-97
-92
-125
-165
-205
-260
-306
-289
-291
-332
-402
-370
-348
-358
-313
-267
-165
-83
-5
91
202
267
334
378
393
430
478
512
518
497
488
481
410
368
292
266
234
174
163
154
102
98
69
6
-53
-102
-99
-140
-157
-247
-230
-245
-224
-231
-265
-207
-136
-45
-31
15
104
198
237
239
243
223
232
197
178
157
132
92
57
-13
-112
-185
-197
-232
-304
-371
-444
-413
-455
-504
-521
-523
-551
-543
-522
-516
-446
-419
-386
-356
-294
-176
-151
-66
-1
40
116
200
229
231
280
330
334
322
312
281
282
204
185
163
84
52
-14
-29
-68
-112
-160
-184
-215
-247
-270
-277
-290
-290
-321
-312
-284
-243
-166
-138
-84
4
68
155
176
221
303
319
346
386
390
411
458
414
397
358
324
294
227
159
106
30
6
-90
-155
-192
-238
-244
-325
-336
-315
-318
-309
-327
-276
-262
-234
-186
-145
-78
-17
80
93
120
203
256
305
351
398
456
439
422
398
394
374
312
272
303
325
281
212
142
116
90
37
-20
-101
-133
-139
-182
-150
-165
-186
-150
-201
-188
-134
-67
2
-7
-20
38
109
151
178
230
286
336
366
350
355
325
286
242
209
157
110
62
2
-39
-81
-152
-228
-282
-336
-374
-464
-495
-502
-519
-479
-506
-536
-478
-420
-435
-397
-345
-301
-205
-191
-179
-98
-48
6
34
66
101
165
201
206
186
187
180
166
148
134
132
89
57
-26
-70
-101
-79
-137
-220
-217
-208
-248
-287
-258
-269
-211
-224
-204
-160
-91
-43
-38
15
46
163
201
209
219
281
341
344
366
360
337
359
347
299
264
222
180
115
69
28
18
-54
-118
-176
-213
-232
-252
-279
-315
-323
-278
-264
-259
-230
-162
-129
-128
-111
-35
-28
-34
15
0
80
140
145
132
160
189
194
170
169
218
185
183
146
166
172
153
78
21
34
18
30
-28
-42
-71
-60
-78
-116
-115
-85
-26
-24
-41
-12
49
104
146
157
178
225
220
262
261
279
310
310
320
286
295
311
284
215
182
188
134
88
19
8
-42
-73
-126
-171
-174
-171
-198
-227
-234
-234
-177
-214
-223
-192
-125
-90
-109
-87
-71
-26
-52
-52
-46
-50
-65
-88
-61
-25
-15
-36
-53
-35
-63
-64
-64
-98
-103
-109
-164
-192
-195
-208
-225
-250
-253
-274
-235
-227
-240
-256
-228
-188
-180
-139
-106
-26
-15
-1
4
68
127
147
153
146
166
164
213
177
165
201
180
202
163
174
205
186
163
130
112
77
96
57
37
58
54
61
43
41
79
112
116
118
134
123
133
128
136
135
170
132
77
60
23
-27
-57
-81
-101
-93
-117
-111
-146
-194
-206
-174
-183
-245
-221
-269
-286
-284
-333
-325
-338
-328
-349
-342
-296
-274
-270
-270
-203
-123
-111
-130
-73
-2
8
-21
-32
-21
34
53
22
37
60
74
59
42
48
70
72
70
81
131
158
116
112
123
121
114
127
151
170
183
253
307
292
366
411
406
454
465
514
550
539
509
506
482
451
444
397
390
356
322
266
203
170
106
41
11
-27
-21
-65
-118
-164
-224
-239
-248
-307
-340
-325
-319
-323
-371
-317
-290
-290
-294
-297
-297
-252
-257
-257
-236
-230
-180
-161
-143
-127
-76
-69
-66
-36
-63
-13
-49
-109
-98
-130
-113
-158
-179
-159
-114
-107
-106
-133
-104
-56
-25
-33
-61
-29
-5
50
42
67
153
196
208
243
287
287
254
280
249
240
239
244
263
226
201
149
104
49
8
-26
-85
-122
-202
-260
-286
-303
-370
-371
-373
-392
-355
-373
-394
-372
-364
-424
-438
-406
-326
-311
-362
-321
-288
-263
-251
-214
-149
-98
-79
-79
-6
23
35
40
78
97
113
129
86
86
91
72
78
111
140
129
143
170
203
168
191
231
239
279
251
266
308
299
328
357
385
426
424
451
491
514
525
530
506
520
504
492
473
446
403
366
346
325
301
204
187
121
76
44
9
-8
-44
-82
-153
-166
-162
-171
-193
-242
-265
-268
-258
-253
-268
-293
-290
-313
-266
-269
-282
-233
-233
-229
-208
-204
-205
-202
-197
-179
-194
-232
-208
-186
-217
-254
-234
-195
-208
-167
-174
-137
-124
-130
-92
-62
0
6
33
43
53
89
141
159
127
158
188
192
197
191
235
242
224
266
263
230
209
179
113
93
85
29
9
-62
-102
-142
-174
-217
-260
-284
-277
-315
-326
-321
-286
-306
-310
-268
-257
-245
-254
-253
-261
-239
-209
-195
-231
-227
-189
-166
-137
-145
-132
-110
-92
-81
-62
-83
-80
-91
-103
-117
-114
-126
-123
-105
-123
-103
-129
-119
-74
-64
-22
9
36
103
127
141
201
276
312
332
373
413
417
452
448
456
478
507
530
502
528
535
540
531
490
482
490
412
347
333
298
253
236
180
143
111
47
38
27
-6
-9
-23
-7
-14
-41
-40
-54
-77
-81
-83
-95
-110
-116
-114
-98
-77
-67
-47
-46
-51
-74
-96
-103
-76
-113
-126
-146
-172
-195
-225
-249
-264
-290
-294
-309
-310
-277
-286
-247
-237
-231
-223
-198
-143
-126
-133
-64
-49
-2
-11
-10
28
58
75
77
92
108
160
118
155
144
149
183
142
139
109
79
88
71
38
2
-36
-36
-39
-87
-102
-121
-154
-137
-137
-135
-198
-202
-179
-179
-153
-117
-102
-97
-68
-55
-35
-53
-19
-17
-53
-70
-67
-95
-140
-136
-145
-139
-130
-119
-118
-138
-151
-135
-150
-176
-179
-182
-202
-217
-200
-203
-167
-152
-137
-113
-92
-38
-11
-6
32
78
123
136
187
192
183
239
255
251
277
295
289
262
262
283
286
252
243
234
230
264
224
205
210
190
207
137
96
74
69
56
52
41
40
105
112
114
112
136
149
183
154
141
155
126
148
120
121
117
66
51
63
65
72
45
8
40
-2
-15
-37
-72
-74
-76
-99
-115
-127
-161
-126
-141
-151
-139
-151
-183
-200
-183
-156
-124
-80
-87
-25
-20
10
30
58
78
62
90
40
21
-8
-9
-8
-24
-30
-28
-4
33
-25
-36
-30
-15
-7
-36
-63
-58
-52
-67
-87
-92
-82
-87
-69
-87
-59
-41
-32
-39
-35
19
15
22
8
49
79
77
93
73
81
99
64
-11
-56
-43
-77
-84
-118
-139
-122
-123
-171
-188
-161
-227
-229
-244
-252
-219
-202
-235
-217
-208
-216
-182
-186
-121
-121
-106
-126
-138
-72
-51
-46
-74
-48
7
30
47
39
49
57
17
6
1
-18
-32
-26
-63
-71
-75
-66
-31
-27
-3
-29
23
40
26
39
82
107
131
117
149
190
173
196
230
227
225
244
267
258
267
307
301
315
299
297
287
237
248
240
207
180
148
116
103
74
15
31
12
42
41
34
11
-1
-2
8
21
27
7
38
28
35
84
75
90
46
61
60
90
102
89
85
80
72
65
29
8
-4
29
-9
-41
-15
-29
-16
-88
-131
-177
-171
-199
-189
-198
-206
-192
-157
-149
-158
-138
-117
-105
-59
-32
-31
11
23
6
-32
-41
9
7
4
-26
-13
18
8
20
-23
-2
-34
-45
-59
-80
-79
-101
-94
-99
-89
-102
-144
-154
-161
-151
-146
-165
-143
-156
-175
-148
-116
-92
-59
-28
9
-10
18
8
16
8
-3
24
16
18
33
19
-24
-33
-49
-47
-51
-52
-87
-93
-136
-142
-164
-173
-180
-160
-152
-184
-192
-198
-181
-178
-188
-193
-176
-149
-100
-61
-30
-27
-5
59
71
92
136
161
155
159
185
180
183
180
186
198
171
188
178
135
144
124
154
156
110
94
143
193
138
130
157
150
157
148
158
186
214
203
176
197
210
196
218
218
207
219
242
218
222
230
186
212
211
191
160
145
114
71
50
28
18
-38
-43
-61
-122
-131
-160
-173
-157
-153
-162
-110
-117
-126
-148
-158
-155
-163
-153
-150
-118
-125
-92
-81
-63
-62
-31
2
12
12
22
23
13
-8
-17
-23
-59
-24
-44
-57
-65
-52
-31
-62
-99
-87
-58
-80
-108
-110
-92
-87
-84
-73
-67
-26
20
15
-5
-29
-15
2
-34
-14
22
6
17
35
29
34
43
18
9
18
-43
-78
-107
-140
-121
-105
-120
-142
-161
-152
-197
-237
-237
-236
-243
-231
-223
-251
-198
-206
-210
-206
-221
-123
-86
-106
-88
-112
-83
-64
-43
-40
-20
43
70
91
115
140
103
97
95
71
110
102
127
100
113
118
146
151
128
148
153
162
125
127
106
143
120
118
140
175
203
181
233
227
238
213
205
206
207
238
220
202
203
222
185
152
147
169
166
123
118
74
88
67
-8
-24
-48
-29
-26
-38
-43
-20
-15
-49
-86
-130
-138
-134
-132
-130
-145
-118
-96
-113
-113
-127
-87
-91
-74
-33
-63
-65
-52
-35
-63
-84
-78
-74
-87
-69
-53
-39
-77
-58
-31
-63
-25
6
26
17
41
73
56
27
62
17
12
21
19
27
53
66
51
77
64
109
88
81
107
117
96
62
47
59
41
26
2
25
53
8
-24
-13
-19
-41
-35
-82
-96
-71
-38
-52
-81
-68
-68
-113
-165
-144
-109
-103
-126
-144
-96
-111
-129
-126
-123
-127
-130
-125
-148
-132
-141
-153
-190
-195
-187
-166
-167
-220
-186
-168
-165
-161
-124
-149
-142
-103
-96
-79
-62
-45
-31
-57
-20
18
30
54
32
53
64
59
74
72
53
96
102
107
125
136
143
160
120
116
150
188
178
147
162
144
181
152
131
144
175
168
173
162
154
166
150
168
130
179
195
177
155
122
108
128
129
79
75
63
62
43
22
0
-13
-31
-29
-50
-67
-44
-70
-84
-85
-64
-79
-92
-96
-137
-137
-142
-107
-75
-55
-44
-72
-76
-44
-27
4
-7
26
79
67
108
103
118
129
116
92
84
99
118
100
71
97
154
141
108
94
91
106
127
125
111
99
82
58
46
49
69
72
27
2
1
48
82
7
-11
-15
-28
0
-26
-61
-40
-21
-41
-76
-115
-142
-151
-173
-213
-210
-203
-200
-205
-255
-252
-276
-274
-242
-292
-281
-275
-266
-272
-258
-279
-280
-266
-254
-209
-195
-209
-197
-186
-212
-186
-161
-136
-124
-108
-71
-60
-35
-48
-46
-69
-71
-24
-27
5
28
24
29
24
47
31
65
51
32
77
74
110
108
80
104
107
104
160
192
229
225
233
251
235
242
199
159
182
198
179
189
164
179
205
194
159
155
155
98
86
111
105
69
81
86
77
58
41
82
55
28
39
22
-1
-3
19
-17
8
27
31
45
40
53
35
47
32
51
52
33
15
18
-6
-10
4
-28
-34
-16
20
1
22
12
7
7
-27
-41
-15
-19
-27
-45
-5
25
43
40
66
33
34
49
45
80
33
19
21
39
59
47
47
31
46
67
16
26
0
-4
-13
-36
-24
-15
-5
-29
-56
-72
-80
-58
-107
-134
-125
-94
-115
-138
-113
-107
-117
-108
-121
-135
-84
-60
-73
-102
-118
-108
-98
-101
-123
-134
-156
-97
-78
-121
-129
-156
-137
-110
-104
-133
-136
-129
-155
-180
-196
-192
-186
-183
-176
-193
-143
-101
-96
-94
-87
-62
-79
-53
-59
-36
5
5
30
23
59
106
103
106
106
106
120
148
147
121
90
113
120
93
109
122
159
136
110
116
94
82
77
89
110
94
122
140
127
148
149
167
163
152
140
170
169
113
118
124
141
120
115
96
115
119
122
124
94
39
20
20
-6
-9
-24
-27
-45
-32
-12
-54
-57
-67
-92
-77
-125
-161
-151
-118
-107
-119
-86
-55
-37
-30
-23
-26
-9
12
11
13
9
21
38
49
51
57
76
64
81
61
38
65
52
79
80
92
68
56
62
38
48
23
33
11
15
24
17
24
24
26
18
40
25
22
43
58
71
78
23
29
64
20
-14
-7
-13
-39
-49
-97
-99
-110
-133
-142
-157
-181
-171
-180
-185
-196
-184
-212
-234
-224
-236
-225
-239
-235
-246
-236
-244
-204
-177
-176
-159
-130
-140
-131
-109
-98
-68
-76
-50
-40
-10
40
42
56
30
17
51
46
67
68
36
23
19
9
29
22
30
51
42
85
92
66
111
125
78
81
113
103
108
78
80
95
117
138
154
149
141
132
133
150
153
132
126
119
114
91
107
87
80
87
59
64
30
18
25
29
34
24
11
26
48
11
30
29
-6
28
29
-1
50
55
47
31
32
68
66
62
72
76
43
56
41
21
-4
-19
-45
-38
-46
-46
-30
-47
-32
-60
-72
-82
-93
-112
-102
-83
-72
-62
-42
-11
-46
-21
-14
25
7
4
52
54
85
87
99
102
69
82
116
119
131
136
156
142
114
80
76
36
3
11
-11
2
-7
-35
-34
-38
-52
-68
-83
-76
-73
-93
-103
-113
-144
-162
-161
-138
-109
-133
-116
-130
-122
-103
-136
-164
-136
-146
-160
-129
-153
-170
-133
-113
-121
-135
-159
-119
-130
-156
-151
-169
-129
-152
-156
-120
-136
-95
-92
-68
-66
-89
-109
-76
-74
-79
-74
-38
16
51
73
88
107
117
103
85
106
100
122
97
88
73
86
90
85
127
115
134
125
134
93
85
107
86
76
72
78
122
93
110
122
97
123
116
97
77
64
85
84
110
83
86
112
137
116
82
105
91
79
33
43
60
82
53
53
51
20
20
47
57
13
7
-3
3
-28
-22
-22
-14
9
-4
20
19
22
30
34
42
34
31
33
35
42
35
49
46
55
36
72
60
70
55
34
36
39
38
26
45
19
9
-11
-6
-7
2
1
-30
-34
-35
-44
-63
-71
-85
-101
-89
-71
-63
-76
-84
-82
-91
-101
-96
-93
-102
-128
-139
-136
-129
-119
-135
-143
-148
-164
-151
-152
-148
-152
-149
-160
-145
-154
-160
-146
-141
-154
-163
-139
-101
-117
-143
-144
-126
-118
-108
-88
-81
-64
-58
-45
-19
-15
-7
11
48
37
72
78
87
100
74
75
90
91
85
81
79
104
109
124
120
96
75
103
106
78
95
109
92
79
81
63
111
106
97
119
109
118
115
88
100
85
67
83
67
65
68
59
68
68
83
76
30
48
30
-5
-1
11
27
-9
-26
-18
-6
-11
-30
-34
-38
-35
-48
-62
-77
-47
-37
-30
-21
-52
-22
-9
14
26
29
45
66
57
41
37
19
27
44
45
37
43
48
54
36
22
33
38
44
17
18
29
8
18
16
28
33
19
41
59
58
36
23
44
20
18
13
24
47
30
32
10
-8
4
4
29
30
21
15
3
-3
-32
-40
-38
-37
-42
-66
-83
-66
-81
-105
-112
-113
-112
-103
-94
-104
-92
-77
-98
-103
-117
-114
-106
-111
-94
-97
-85
-84
-92
-87
-92
-68
-74
-62
-59
-57
-67
-74
-74
-71
-81
-81
-68
-77
-78
-84
-73
-80
-75
-78
-45
-32
-32
-24
-11
22
10
24
30
60
71
62
80
85
91
90
84
80
103
101
105
116
100
107
101
68
70
45
48
71
77
73
69
63
47
34
40
37
12
14
-2
-4
-19
-27
-26
-38
-28
2
-7
0
9
16
22
25
45
40
38
27
22
61
55
53
41
22
33
21
25
26
25
27
33
8
4
11
29
13
1
-17
-28
-1
-7
-26
-29
-24
-13
-3
-2
16
-1
15
25
31
40
48
62
63
51
45
78
83
68
39
32
39
51
38
21
24
50
47
35
31
33
47
21
37
30
22
4
-17
-20
-17
-30
-25
-23
-44
-50
-24
-14
-19
-26
-21
-47
-45
-32
-29
-31
-57
-52
-51
-54
-72
-76
-65
-58
-61
-87
-77
-70
-72
-92
-98
-88
-88
-66
-76
-71
-68
-57
-60
-67
-81
-85
-90
-74
-81
-86
-74
-45
-32
-42
-28
-24
-20
-3
-4
-8
1
3
26
24
13
32
46
43
32
13
18
41
28
10
15
13
30
20
38
52
44
69
32
38
30
17
22
22
13
15
32
30
18
17
23
28
5
8
16
19
9
7
16
13
11
9
25
6
11
19
43
24
-3
-7
-5
-16
-34
-16
-10
-7
-11
2
19
7
-1
0
5
15
23
16
16
30
30
49
51
47
56
61
77
58
42
51
26
2
10
23
41
38
47
49
40
40
52
64
60
50
39
31
25
23
20
19
27
32
45
50
40
26
29
11
11
-4
9
19
7
11
3
-8
1
25
-6
-8
-12
-8
-27
-39
-48
-58
-50
-50
-38
-54
-56
-41
-43
-66
-73
-66
-64
-68
-77
-77
-77
-58
-49
-64
-61
-56
-80
-43
-52
-64
-66
-82
-63
-75
-62
-56
-41
-29
-43
-33
-19
-16
-29
-19
-13
-20
6
-1
-17
-8
2
5
12
14
21
-7
-15
5
-6
3
-2
4
20
17
7
25
23
31
32
21
20
19
23
12
6
17
19
22
21
36
28
24
26
17
20
18
17
19
5
9
7
-2
7
15
27
29
12
11
6
-11
-9
-8
-18
2
3
18
20
8
18
28
34
23
36
16
17
16
13
20
9
33
25
28
27
26
26
34
32
8
9
25
11
4
24
36
32
28
47
44
30
28
31
15
11
17
9
8
19
22
31
26
25
29
33
27
1
6
6
7
12
-3
0
2
12
11
14
3
2
-1
-3
-8
-17
-13
-20
-19
-18
-20
-7
-6
-16
-25
-9
-19
-22
-12
-22
-29
-34
-32
-37
-19
-25
-40
-32
-21
-27
-20
-26
-46
-45
-53
-40
-24
-31
-46
-21
-17
-21
-19
-17
-24
-34
-30
-29
-51
-55
-40
-49
-31
-41
-39
-19
-24
-37
-34
-41
-44
-30
-43
-36
-29
-44
-30
-23
-32
-38
-27
-33
-33
-41
-26
-30
-35
-27
-29
-24
-24
-11
6
11
5
12
8
12
0
-9
-1
7
25
10
19
28
39
41
35
38
42
49
35
31
25
37
40
46
61
64
67
82
86
82
73
61
77
67
45
57
53
62
67
64
67
68
74
67
58
50
60
61
55
51
32
50
48
43
36
27
26
30
27
19
21
8
-10
-7
-4
-7
-6
-5
2
-14
-14
-10
-10
-19
-34
-30
-29
-23
-30
-37
-28
-41
-45
-36
-42
-50
-45
-38
-20
-30
-14
-22
-19
-20
-34
-24
-30
-38
-42
-39
-35
-16
-31
-15
-11
-24
-14
-24
-14
-18
-29
-21
-18
-13
-4
-7
1
-8
-9
-1
-4
-1
3
2
-2
-9
-9
-8
-5
13
9
26
23
11
0
1
-9
-24
-29
-24
-36
-49
-36
-28
-25
-30
-29
-32
-26
-45
-42
-40
-45
-58
-53
-50
-49
-41
-36
-24
-27
-33
-32
-21
-27
-35
-40
-33
-23
-16
-17
-19
-16
-8
-6
4
5
-5
3
-2
-4
-16
-11
1
3
-7
7
13
20
27
27
35
25
23
26
23
13
8
13
38
38
47
65
62
62
60
50
51
59
46
44
42
53
58
56
50
45
45
43
42
24
22
19
-1
18
7
4
21
23
21
13
23
29
32
24
29
16
10
13
15
12
14
12
24
33
23
32
31
42
33
27
25
24
32
26
18
29
34
36
35
34
17
18
11
9
6
9
14
2
4
1
11
17
10
8
10
2
-2
-21
-23
-33
-34
-31
-24
-21
-20
-19
-19
-12
-22
-31
-35
-35
-27
-42
-45
-44
-49
-50
-44
-37
-40
-34
-43
-45
-49
-53
-52
-49
-46
-54
-37
-22
-31
-28
-33
-31
-37
-48
-43
-43
-46
-41
-39
-40
-38
-37
-31
-39
-40
-38
-35
-27
-38
-45
-45
-34
-34
-37
-39
-34
-22
-16
-18
-22
-20
-15
-13
-11
-9
-13
-5
-12
-12
-5
-5
4
-7
-4
7
-1
7
6
8
13
6
11
18
30
35
24
33
29
34
29
22
29
26
26
20
25
30
39
36
35
27
23
34
26
27
35
49
43
31
36
31
47
40
47
54
34
51
46
37
34
31
40
38
37
41
44
46
38
30
31
31
26
23
19
10
15
19
10
19
9
17
31
27
19
17
15
5
5
14
20
23
28
27
22
33
39
27
24
17
16
11
0
7
18
12
14
12
10
16
4
-5
7
-1
-10
-6
-12
-14
-16
-14
-16
-16
-10
-13
-19
-21
-30
-25
-30
-39
-36
-41
-37
-35
-40
-33
-28
-34
-37
-43
-46
-52
-64
-78
-67
-56
-59
-38
-37
-34
-36
-37
-31
-42
-45
-41
-36
-36
-26
-32
-32
-23
-27
-33
-25
-22
-14
-12
-20
-27
-33
-33
-42
-37
-35
-26
-24
-21
-22
-18
-22
-34
-31
-32
-35
-25
-18
-17
-9
-9
-14
-13
-4
6
10
2
11
9
8
9
6
19
21
37
35
38
47
47
45
30
31
35
26
32
37
37
45
48
43
35
45
37
45
38
30
28
28
22
22
26
26
29
27
39
42
47
38
38
31
19
17
18
24
26
32
32
39
40
35
35
22
14
16
18
15
10
9
10
5
10
12
13
9
11
9
3
-6
-7
-14
-21
-24
-25
-10
-13
-16
-18
-8
-10
-10
-14
-11
-8
-17
-14
-13
-11
-18
-23
-10
-9
-5
-3
-13
-12
-13
-7
-6
4
2
-11
-11
-9
-17
-16
-10
-4
-8
-14
-10
-18
-19
-25
-21
-17
-5
9
12
9
-6
1
-7
-14
-13
-15
-5
2
8
8
9
6
3
1
-1
2
-3
4
-8
-13
-17
-19
-19
-25
-27
-25
-21
-24
-24
-40
-40
-55
-53
-42
-39
-32
-24
-18
-12
-23
-15
-18
-21
-25
-27
-19
-9
-12
-25
-24
-12
-1
8
11
12
9
3
2
-2
-8
-10
-10
5
6
1
17
22
26
21
20
16
22
22
17
8
10
25
33
24
30
44
53
51
41
41
34
32
21
27
30
32
29
36
46
40
45
39
38
31
35
25
17
17
15
7
13
15
8
10
10
8
9
3
-1
-7
-12
-7
-7
-7
0
3
4
3
-2
-1
-4
-19
-22
-15
-15
-11
-14
-15
-12
-10
-1
-2
1
0
-3
-17
-18
-21
-23
-27
-18
-9
-9
2
-8
-5
-4
-7
-14
-19
-5
-9
-10
-12
-4
0
5
2
-3
7
7
8
6
2
-2
-8
-18
-11
-11
-5
-8
-8
-9
-12
-7
-12
-9
-24
-29
-29
-26
-32
-37
-31
-32
-25
-17
-18
-14
-16
-16
-23
-24
-30
-24
-14
-23
-12
-10
-9
-8
-20
-28
-27
-15
-16
-26
-22
-21
-17
-9
-11
-9
-11
-4
0
0
-5
-3
-3
-7
-6
2
2
8
17
13
6
9
10
14
20
13
14
21
24
24
23
27
32
35
35
36
43
46
44
25
27
27
29
29
33
36
37
40
38
35
31
30
31
31
32
36
34
34
31
31
28
32
34
36
30
20
18
31
22
11
10
15
18
12
23
20
19
15
16
7
3
8
1
2
-7
-7
-4
-15
-1
-9
-14
-7
-8
-7
-10
-19
-26
-18
-19
-13
-18
-13
-8
-14
-11
-22
-17
-21
-38
-35
-38
-27
-26
-27
-28
-27
-22
-26
-24
-31
-29
-33
-29
-39
-43
-39
-39
-34
-36
-30
-29
-26
-32
-49
-40
-39
-39
-31
-31
-24
-18
-6
-16
-12
-9
-10
-3
-3
-8
-4
-9
-15
-7
-1
5
15
11
6
4
-1
-2
-6
1
-5
1
-1
7
-1
-8
-5
-3
-1
-12
-11
-10
-6
-18
-20
-10
-8
-4
-11
-13
-9
-6
0
4
5
3
6
12
5
-3
-3
5
7
12
12
17
18
23
28
28
37
30
28
24
18
12
15
21
24
26
27
34
37
33
28
19
18
17
7
6
17
29
30
27
24
25
18
21
13
15
28
16
17
17
15
20
25
28
19
23
29
20
19
17
15
15
15
18
23
23
23
21
19
18
20
14
11
16
6
9
12
13
13
8
15
12
11
9
1
1
0
-9
-11
-12
-13
-15
-10
-10
-6
-10
-13
-18
-21
-22
-24
-20
-23
-22
-22
-21
-22
-15
-19
-14
-16
-23
-19
-23
-28
-28
-24
-25
-21
-19
-12
-16
-20
-17
-20
-15
-15
-18
-22
-22
-18
-10
-18
-24
-30
-28
-24
-30
-29
-26
-24
-30
-32
-36
-37
-32
-26
-22
-26
-19
-12
-20
-23
-20
-24
-32
-35
-28
-36
-32
-30
-29
-19
-13
-19
-15
-8
-13
-12
-13
-13
-21
-25
-14
-7
1
6
1
13
13
16
10
7
4
9
16
12
18
19
32
32
36
39
40
37
31
37
31
32
27
31
42
40
35
38
50
50
49
45
46
45
38
37
36
30
28
31
23
23
22
21
21
25
21
14
17
20
16
19
19
14
16
17
15
12
12
16
19
13
14
10
14
18
3
1
4
4
-3
-3
-2
0
-4
-1
-3
-13
-11
-14
-14
-19
-16
-14
-5
-11
-12
-11
-13
-6
-9
-13
-16
-17
-15
-15
-17
-22
-19
-13
-9
-12
-15
-12
-5
-7
-11
-4
-5
-4
-2
-5
-7
-11
-5
-8
-14
-13
-9
-5
-12
-13
-24
-20
-7
-11
-2
-13
-10
-9
-8
-7
-10
-15
-16
-13
-12
-17
-6
-4
-9
-11
-21
-13
-16
-18
-20
-21
-18
-15
-21
-18
-16
-19
-16
-20
-27
-25
-24
-21
-20
-22
-19
-16
-10
-15
-14
-12
-11
-12
-13
-7
-11
-4
-4
-7
-4
-1
4
7
11
5
9
20
20
9
6
11
13
10
15
19
22
21
26
24
23
25
21
22
28
22
24
32
28
23
28
25
25
29
24
23
15
14
13
11
13
12
21
22
18
17
10
14
7
-3
2
1
3
3
9
2
2
-6
0
8
0
0
3
-4
-2
-3
-5
-3
2
10
11
12
11
12
9
11
8
11
9
0
-8
-4
-5
5
6
-4
3
-7
-2
-6
-9
-1
-1
2
-4
-2
0
-1
-4
-1
-4
-7
-8
-2
4
-7
-8
-3
2
1
-1
-2
-2
-6
-7
-7
0
3
0
0
-1
-5
-8
3
2
-2
-2
-2
-6
-9
-15
-11
-9
-10
-11
-14
-9
-19
-20
-20
-21
-22
-18
-19
-22
-14
-21
-19
-19
-30
-30
-29
-27
-30
-31
-27
-27
-24
-20
-18
-14
-11
-17
-17
-17
-19
-13
-18
-7
-6
-6
-1
2
4
0
3
4
10
1
3
12
11
18
16
17
27
26
25
18
9
5
11
15
7
8
15
16
14
11
12
12
16
17
16
16
16
16
15
16
15
19
23
16
9
12
16
13
13
16
11
22
19
19
21
14
10
15
13
11
13
13
19
11
5
5
14
12
6
7
6
15
11
11
14
7
2
5
0
2
9
2
2
-2
0
2
5
2
1
-3
0
-7
-11
-11
-10
-9
-4
-3
-4
3
-3
-13
-16
-16
-17
-5
-6
-6
-8
-14
-9
-9
-3
-2
0
-3
-6
-6
-11
-11
-14
-14
-13
-13
-15
-13
-7
-4
-8
-17
-19
-11
-14
-18
-3
-5
-11
-11
-15
-12
-16
-16
-18
-14
-17
-21
-11
-9
-9
-16
-13
-11
-12
-13
-11
-17
-18
-22
-20
-15
-24
-21
-17
-12
-14
-15
-10
-10
-9
-11
-14
-13
-9
-6
-7
-3
-4
-9
0
1
3
-5
-6
-1
1
2
3
7
6
9
8
17
13
12
15
16
20
20
24
17
15
13
16
16
12
15
22
23
22
26
24
34
34
28
22
21
16
17
20
25
25
28
32
31
30
28
29
30
24
24
23
18
17
22
23
21
20
19
15
13
14
8
7
3
6
8
3
7
7
6
7
5
5
2
4
3
-2
-6
-4
0
-5
-5
-9
-6
-4
-1
0
-4
-7
-10
-11
-12
-7
-10
-13
-12
-11
-17
-20
-20
-23
-26
-26
-24
-24
-16
-17
-23
-18
-17
-13
-20
-21
-25
-26
-32
-27
-23
-21
-18
-20
-17
-18
-23
-26
-23
-24
-28
-14
-13
-15
-18
-21
-15
-15
-13
-14
-8
-8
-10
-10
-17
-19
-5
-8
-13
-11
-15
-5
-4
-9
-5
-6
0
3
-2
-7
-5
-5
-12
-12
-10
-3
2
-3
-6
1
4
4
1
-3
-3
-4
-2
-6
-7
-4
-1
4
8
4
8
9
11
7
14
24
19
15
18
24
24
23
28
27
22
28
21
20
20
19
28
30
33
29
32
33
31
26
17
13
17
19
19
20
17
20
17
7
5
11
11
16
8
11
12
14
22
11
14
17
19
15
12
4
-2
-3
-5
-6
-7
2
6
6
4
9
9
8
12
9
3
4
10
5
-4
-8
-10
-8
-5
-9
-5
-7
-2
-7
-11
-9
0
4
-4
-9
-11
-12
-8
-8
-17
-12
-11
-13
-10
-21
-25
-17
-18
-15
-15
-11
-7
-5
-8
-11
-11
-8
0
-5
-7
-4
-2
-3
-8
-9
-7
-4
-7
-2
-7
-7
-2
-5
-5
-12
-10
-8
-14
-16
-14
-11
-9
-10
-13
-18
-23
-22
-29
-27
-26
-29
-23
-22
-27
-31
-28
-20
-26
-25
-28
-27
-18
-23
-21
-20
-19
-12
-13
-20
-14
-5
1
-2
-8
-7
-7
-3
2
9
9
8
16
22
19
18
17
17
22
26
27
25
31
29
31
30
31
28
23
24
20
24
24
22
21
17
20
16
16
16
16
11
14
19
15
22
11
5
8
10
8
4
4
2
4
2
7
9
10
8
3
2
4
7
6
2
-5
4
13
9
7
6
14
14
14
14
8
12
5
7
8
11
11
10
12
7
8
7
10
14
14
6
7
9
10
2
-1
-1
-4
-3
-4
3
0
-5
-13
-9
-10
-10
-4
-5
-5
0
-2
-4
0
1
-2
-4
-3
-3
-8
-2
-3
-12
-12
-5
1
-6
-7
-5
-8
-6
-8
-11
-9
-12
-14
-15
-13
-15
-15
-18
-25
-20
-20
-22
-22
-30
-29
-27
-24
-25
-29
-32
-29
-24
-27
-24
-16
-20
-20
-24
-26
-25
-27
-24
-25
-23
-19
-15
-17
-13
-13
-21
-20
-17
-17
-18
-17
-12
-7
-10
-4
-1
1
6
8
7
7
7
7
5
2
4
14
20
23
17
21
23
24
27
19
20
27
31
25
25
21
23
28
27
22
21
23
25
16
11
12
15
22
25
20
26
28
24
23
22
21
18
24
22
16
16
11
16
20
19
18
12
16
14
11
5
10
13
6
2
7
15
12
5
6
2
4
6
5
3
1
2
7
7
4
1
1
3
2
-9
-3
-2
3
6
-2
-1
3
6
0
-3
-11
-9
-2
-7
-7
-8
-4
1
-3
-14
-15
-14
-10
-11
-16
-13
-9
-1
-2
0
-3
-1
1
-4
-11
-12
-11
-10
-13
-15
-15
-8
-10
-11
-8
-13
-16
-21
-25
-26
-26
-22
-19
-22
-20
-18
-22
-21
-26
-30
-31
-32
-27
-35
-31
-28
-26
-24
-21
-21
-24
-28
-29
-25
-27
-26
-24
-22
-18
-16
-14
-9
-6
-10
-6
-4
-5
-9
-2
2
-2
-2
8
7
15
12
11
15
8
14
13
11
16
20
22
25
32
34
31
28
27
25
24
20
20
18
21
26
27
27
29
30
28
25
22
20
16
17
18
20
23
25
20
14
22
23
19
13
13
17
12
11
9
17
10
8
11
5
11
11
0
1
1
8
6
5
7
4
3
2
1
-4
-2
-2
-1
0
3
-1
-2
0
3
0
-5
-6
-7
2
3
3
6
11
6
4
1
3
5
-1
-1
-4
-3
1
-1
-2
-6
-6
2
-5
-13
-13
-14
-14
-18
-18
-13
-5
-6
-7
-10
-9
-10
-14
-20
-24
-26
-31
-24
-21
-23
-23
-16
-15
-15
-19
-22
-19
-19
-21
-28
-21
-21
-18
-16
-18
-19
-17
-15
-16
-18
-15
-16
-14
-8
-7
-13
-6
-8
-7
-7
-5
-7
-4
0
-4
-5
-3
3
0
-1
-3
2
-1
-7
3
2
6
11
14
8
3
8
17
12
9
9
10
9
7
14
20
18
18
14
19
18
20
22
19
12
11
14
15
18
11
13
10
13
17
13
7
4
5
9
9
10
11
7
10
9
2
5
2
3
1
7
12
17
14
11
12
8
8
6
7
9
2
-6
-8
-4
0
-1
-2
0
2
-3
-3
-2
-5
-5
-2
2
11
11
7
10
6
4
3
2
5
6
2
2
2
3
4
11
10
12
10
10
9
1
2
7
7
4
0
0
3
3
-2
-6
-4
-3
-5
-4
-5
-7
-8
-7
-6
-5
-8
-10
-12
-11
-15
-9
-7
-7
-17
-20
-15
-12
-14
-23
-14
-8
-10
-19
-22
-22
-18
-17
-18
-17
-12
-7
-12
-15
-21
-14
-15
-21
-21
-15
-12
-18
-15
-22
-24
-19
-19
-19
-14
-14
-13
-11
-11
-6
-12
-11
-11
-7
-10
-7
-7
-12
-8
-9
-7
-4
0
-1
-3
2
-2
2
3
-2
1
6
11
13
13
15
16
16
12
9
12
17
14
13
14
21
24
18
28
22
23
30
31
32
26
27
25
19
20
18
20
28
26
24
26
27
23
18
15
13
12
12
8
7
6
11
17
16
10
14
13
8
8
0
0
0
0
4
3
6
6
3
-1
-1
8
2
2
4
-2
2
9
9
2
1
4
2
9
4
-2
-6
-2
1
1
-1
6
1
-6
-6
-11
-9
-10
-15
-16
-13
-13
-7
-13
-12
-15
-19
-14
-13
-16
-17
-22
-20
-20
-20
-21
-21
-16
-24
-24
-19
-19
-19
-20
-24
-19
-8
-10
-13
-17
-18
-16
-16
-18
-18
-12
-8
-10
-8
-3
0
-3
-13
-16
-15
-7
-6
-9
-8
-5
-1
4
0
-6
-3
-2
-7
-9
-4
-5
-6
-10
-11
-4
-4
3
4
0
-3
-5
-1
-3
0
3
5
10
12
4
1
6
3
2
3
4
8
12
12
9
14
18
18
16
14
12
13
15
9
10
15
17
11
12
9
12
13
15
10
14
13
13
19
16
15
10
16
18
14
8
9
13
12
12
7
12
19
15
15
13
14
20
23
14
10
14
16
16
16
10
6
13
10
2
-1
0
4
2
7
7
6
9
8
1
-6
-4
-1
1
2
0
-1
0
1
4
-5
-5
-4
-8
-8
-15
-10
-15
-15
-9
-8
-5
-2
-3
-7
-7
-12
-10
-9
-16
-15
-11
-6
-4
-9
-9
-6
-13
-10
-15
-18
-15
-14
-8
-8
-9
-9
-8
-15
-18
-13
-13
-15
-16
-19
-13
-18
-21
-19
-19
-21
-27
-29
-28
-25
-29
-29
-29
-18
-20
-23
-16
-18
-17
-20
-22
-22
-19
-19
-18
-11
-11
-9
-10
-12
-11
-5
-7
1
-1
1
1
3
7
11
15
14
15
12
13
16
16
14
19
21
25
30
29
25
26
24
20
28
27
29
25
27
24
26
26
25
22
18
18
18
16
8
8
9
12
10
12
14
17
18
13
10
5
6
12
10
8
6
5
11
4
-1
1
3
2
-3
1
1
6
8
9
4
3
0
3
3
2
2
0
-1
-6
-5
-1
3
2
5
3
-2
-1
-10
-3
4
5
11
9
9
8
2
3
3
-1
1
2
4
6
7
-2
0
3
-1
3
-1
4
1
0
-5
-3
-5
-10
-4
-5
-4
-6
-3
-6
-8
-7
-5
-4
-8
-15
-14
-11
-10
-10
-15
-13
-17
-24
-23
-18
-19
-21
-23
-19
-19
-19
-19
-22
-23
-21
-19
-18
-16
-21
-24
-21
-14
-17
-9
-8
-14
-12
-11
-15
-16
-14
-15
-14
-11
-9
-3
-4
-3
-3
-5
-4
-8
-5
-6
-11
-8
-7
-8
-5
1
0
-1
-3
-6
-4
-2
0
1
-1
0
2
6
7
4
4
11
8
4
4
9
9
9
7
15
21
19
23
24
25
20
25
23
20
22
23
22
18
16
22
27
23
14
18
17
21
19
16
15
13
14
14
12
4
7
10
13
15
11
15
12
13
12
8
8
10
4
4
0
3
5
5
7
4
7
7
3
1
3
1
-3
-1
3
5
7
10
10
9
9
3
2
-2
-2
-4
-3
-3
0
6
3
9
6
6
7
5
2
-5
-3
-6
-10
-12
-6
-1
-4
0
-2
-3
-5
-7
-11
-18
-18
-18
-15
-14
-14
-12
-11
-16
-19
-22
-19
-15
-21
-20
-21
-20
-17
-21
-23
-19
-16
-13
-8
-16
-17
-14
-15
-18
-21
-22
-23
-19
-15
-13
-20
-21
-19
-17
-15
-13
-11
-14
-15
-11
-15
-13
-9
-13
-9
-10
-2
3
0
-4
-9
-7
-2
0
-3
-1
1
-1
2
4
5
11
3
7
7
5
8
10
8
10
11
11
17
15
20
17
15
21
22
19
17
11
12
10
6
6
7
8
15
12
13
18
17
22
17
13
8
10
13
7
8
6
7
6
8
8
12
7
7
7
9
8
6
10
12
12
7
9
9
9
7
2
5
9
10
14
15
12
11
10
15
12
9
8
6
11
6
8
8
8
13
9
6
7
8
12
18
13
18
16
13
9
7
8
8
1
-7
-10
-11
-1
-4
-8
-2
-4
2
-3
-4
-3
-6
-12
-12
-8
-8
-15
-23
-19
-21
-25
-20
-21
-22
-22
-28
-33
-27
-22
-23
-21
-23
-20
-18
-12
-14
-16
-18
-21
-26
-27
-28
-22
-17
-18
-18
-14
-12
-14
-17
-19
-17
-15
-12
-12
-13
-12
-6
-8
-5
-6
-7
-3
-1
-2
-9
-14
-9
-2
-3
-5
1
5
5
5
-3
3
1
3
8
10
7
6
6
6
4
-1
4
3
8
7
10
17
17
18
15
12
10
12
15
14
13
16
17
20
23
21
29
30
28
24
22
21
16
13
11
10
8
19
18
13
17
15
10
7
3
9
9
12
13
10
13
10
6
5
11
2
-2
0
-7
-5
-1
5
0
0
3
4
4
-4
-7
-4
-1
8
5
1
1
1
4
3
0
2
-2
2
1
-2
6
8
4
5
9
5
7
1
-3
-2
-2
4
5
0
-4
-4
-2
-7
-8
-9
-12
-12
-16
-11
-9
-12
-12
-16
-15
-13
-12
-15
-21
-21
-23
-18
-17
-13
-9
-5
-12
-12
-16
-23
-18
-15
-14
-11
-7
-3
-1
-5
-6
-9
-10
-7
-14
-15
-13
-13
-7
-6
-4
-2
0
-2
-4
-4
-11
-9
-5
-3
-7
-6
-1
0
0
-5
-6
-7
-10
-9
-12
-11
-9
-5
-2
2
0
2
-2
-5
-4
-2
0
-1
4
4
6
3
7
9
7
10
10
12
17
14
14
20
21
20
20
15
19
17
21
19
18
22
23
23
19
20
17
13
9
13
8
9
14
14
11
11
8
8
7
7
5
-2
-1
-1
-2
3
8
6
11
16
12
7
1
0
1
4
5
4
9
6
6
8
3
-2
2
5
7
3
7
8
4
3
7
10
9
8
-2
1
1
-7
-8
-5
-4
-6
-6
-3
-2
-2
-3
-9
-9
-11
-8
-11
-13
-7
-11
-12
-12
-17
-18
-13
-12
-15
-15
-15
-18
-22
-20
-17
-14
-12
-15
-19
-17
-16
-16
-13
-11
-9
-11
-4
-3
-8
-11
-17
-18
-15
-12
-8
-5
-5
-4
-8
-5
-4
-4
-2
-6
0
0
10
8
-2
0
6
9
10
5
-4
-3
-7
-6
-2
-1
4
-1
0
5
-1
4
-4
-5
-5
-5
3
-1
6
6
1
-3
0
2
-5
0
-1
-4
-3
2
2
-2
-7
-4
-6
0
3
1
0
-3
4
6
1
6
7
11
14
8
14
16
10
9
8
9
13
8
6
10
16
11
12
9
8
10
7
14
13
16
16
12
10
13
10
9
10
11
5
5
7
6
10
9
11
13
14
14
9
8
4
10
14
12
15
13
9
9
5
4
7
8
3
12
15
17
14
10
11
7
5
10
9
5
-1
-3
1
5
9
3
7
1
-3
