SAMPLES:	22843
BITSPERSAMPLE:	16
CHANNELS:	1
SAMPLERATE:	16000
NORMALIZED:	FALSE
15
21
17
26
34
41
47
37
32
40
36
31
21
25
34
40
45
35
29
33
32
24
24
18
17
16
22
29
27
20
14
15
15
6
3
5
16
6
-7
-7
2
4
-1
-14
-16
-19
-15
-12
-18
-19
-11
8
3
-12
-32
-19
-15
-20
-31
-36
-22
-12
-5
-4
-8
-17
-19
-15
-22
-27
-22
-17
-13
-12
-9
-14
-13
-11
-4
-7
-20
-21
-35
-23
-15
-13
-8
-5
-1
-6
-8
-15
-12
-4
-5
-11
-11
-6
-8
-8
-14
-10
-8
-10
-6
-19
-15
-1
19
-10
-29
-8
-2
-2
-7
-19
-18
3
12
1
-16
-3
9
13
2
-8
-7
8
7
0
1
9
15
15
-3
-2
10
12
6
-6
-4
6
27
30
22
20
12
-2
1
4
-1
-8
-9
-9
8
18
12
7
4
20
12
-2
-12
-12
-5
5
3
-4
0
4
8
7
2
-4
2
0
-1
-9
-1
10
11
9
3
3
6
2
-3
3
8
11
5
4
-7
-12
-4
35
55
41
21
1
13
25
-2
-55
-49
10
60
54
15
22
41
40
12
-29
-22
-7
11
-13
-40
-13
36
64
38
2
-8
20
16
-17
-51
-44
-9
-2
-8
-18
-11
11
14
-1
-6
8
19
8
-20
-45
-45
-36
-14
-4
-11
5
23
29
24
11
1
1
-5
-7
-25
-20
8
20
20
11
16
33
32
6
-9
-2
9
17
-1
-13
-20
-14
-2
-7
-12
-11
16
32
17
-4
-7
-11
-14
-41
-52
-37
-18
-2
1
0
0
-1
-4
-15
-36
-37
-30
-19
-15
-21
-24
-8
-3
-9
-17
-22
-18
-1
5
-13
-23
-22
-7
-14
-22
-23
-22
-11
-13
-6
-3
4
11
5
-13
-11
-12
-21
-21
-26
-15
-1
9
7
-9
-4
2
-2
2
-10
-2
0
1
-4
-3
7
17
13
4
10
10
20
13
-8
-11
6
7
12
12
16
25
35
33
26
20
15
23
13
6
6
12
17
31
35
38
44
44
33
30
34
32
30
25
30
21
28
31
27
29
30
30
17
14
19
26
27
17
3
2
17
15
7
4
3
3
15
7
-9
-5
-4
-8
-14
-13
-13
-7
-9
-12
-11
-19
-5
-10
-14
-23
-29
-30
-23
-18
-23
-15
-7
0
-13
-22
-28
-23
-20
-19
-24
-24
-18
-12
-9
-9
-14
-3
1
-7
-14
-18
-14
-21
-20
-24
-21
-16
-16
1
-3
-18
-15
-6
-9
-21
-23
-25
-19
-16
-18
-10
-13
-12
-3
2
-5
-20
-11
-10
-18
-20
-18
-19
-14
-4
2
1
7
0
-4
-6
-9
-1
2
-3
-4
3
2
1
3
6
7
3
6
5
6
8
5
2
7
13
20
12
2
9
14
14
14
4
-1
1
4
-3
7
13
20
23
13
4
12
11
5
-3
-2
15
17
8
-1
8
13
13
6
-3
1
15
24
20
11
12
16
17
10
13
19
21
15
14
13
9
18
30
21
9
17
16
23
17
11
13
13
16
17
9
2
1
8
18
14
10
12
16
12
5
3
3
5
6
3
5
4
-11
-9
-2
2
0
-12
-11
-13
-7
-7
-17
-15
-10
-3
-8
-20
-26
-23
-13
-13
-17
-16
-8
-2
-4
-23
-23
-17
-15
-14
-11
-12
-12
-13
-19
-25
-23
-15
-13
-14
-16
-22
-9
-8
-15
-20
-27
-27
-24
-17
-11
-18
-20
-10
-14
-20
-22
-18
-14
-17
-22
-13
-8
-8
-8
-6
2
1
-12
-18
-12
-2
-7
-2
-6
-13
6
9
10
12
3
9
5
-1
0
2
10
5
8
-1
-2
10
12
7
2
12
14
3
17
18
18
21
15
10
11
16
13
21
17
12
16
25
28
21
18
15
17
17
7
12
19
10
15
17
8
10
7
17
20
15
12
8
7
2
1
4
9
2
5
11
16
8
0
-2
0
0
1
0
-8
-4
4
5
0
-2
-1
1
5
0
0
4
0
-4
-1
-5
-3
6
8
3
9
13
9
15
17
8
6
6
7
-1
0
11
14
11
8
6
12
12
1
-4
-6
-12
-9
-6
-8
-7
-7
-14
-17
-16
-19
-14
-18
-26
-29
-37
-36
-26
-25
-17
-15
-22
-18
-18
-19
-21
-18
-23
-25
-31
-18
-20
-16
-11
-11
-7
-10
-5
-9
-6
-8
-19
-13
-4
-5
-12
-5
2
0
-4
-1
-4
-5
-4
-5
-3
-11
-4
-3
-4
-8
-3
-3
-5
1
-3
5
9
-1
-8
0
0
-4
0
-6
3
14
9
11
10
8
9
14
11
4
12
11
8
10
25
29
26
27
24
18
15
23
24
16
20
25
33
26
24
25
29
31
36
25
18
13
15
24
16
14
6
-1
7
4
-1
0
-2
3
6
8
1
1
-2
-15
-17
-19
-12
-8
-20
-14
-16
-12
-5
-13
-22
-27
-20
-18
-23
-18
-15
-9
-5
-11
-8
-1
2
-1
-4
1
0
-3
-6
-9
-8
-1
8
13
8
7
4
2
-3
2
10
8
8
13
13
12
1
-2
-5
-2
7
4
-3
2
4
10
9
7
4
-2
-1
3
-4
-9
-10
-10
-8
-4
-6
-1
0
-7
-9
-9
-13
-13
-2
-8
-8
-4
-3
-6
-6
-9
-5
-2
-8
-9
-15
-18
-19
-16
-14
-11
-9
-6
-5
-5
-7
-3
-5
-9
-9
-18
-16
-19
-13
-5
-9
-10
-5
-3
0
5
-1
-7
-7
-10
-1
0
-1
2
4
9
10
7
5
7
13
15
8
6
9
13
14
12
15
23
20
14
11
19
13
3
-3
3
7
8
19
17
9
2
-1
4
4
1
4
-3
-1
7
6
1
-1
0
-1
2
1
-7
-7
-3
-6
-2
-3
-7
-2
-5
-7
-8
-9
-6
-9
-2
1
4
5
7
6
1
-2
-7
0
2
2
2
6
11
11
7
5
9
13
12
10
8
11
12
19
14
11
17
11
3
8
14
26
11
4
9
13
15
17
14
18
9
8
7
2
4
6
5
-5
-1
1
6
1
-2
1
2
-3
-10
-7
-7
-10
-13
-8
-15
-15
-14
-19
-14
-8
-11
-18
-18
-20
-20
-19
-21
-19
-21
-16
-12
-15
-14
-20
-13
-20
-17
-13
-16
-10
-15
-15
-14
-9
-11
-15
-12
-12
-15
-15
-10
-3
-8
-18
-22
-15
-9
-4
-13
-10
-5
-5
-3
-5
-11
-16
-19
-19
-11
-3
-4
4
2
4
4
-3
-2
-3
7
1
2
5
2
10
16
17
14
19
14
12
23
16
13
15
14
11
16
22
19
24
26
26
27
21
14
15
17
16
27
19
13
16
14
14
10
11
7
9
3
6
8
5
2
2
5
6
6
6
2
4
8
-1
-2
2
-1
2
2
2
2
-5
1
2
3
4
3
-3
5
6
6
7
2
0
3
0
2
0
-1
2
3
12
14
11
7
4
-5
-3
-5
-2
1
8
11
0
4
4
5
8
4
-3
-6
-5
-5
-11
-12
-7
0
-8
-11
-10
-9
1
-5
-11
-13
-21
-15
-23
-17
-16
-23
-17
-21
-19
-20
-23
-19
-8
-14
-20
-22
-25
-22
-20
-22
-26
-21
-19
-12
-12
-26
-18
-18
-15
-7
-17
-17
-15
-15
-17
-7
-2
-1
4
1
4
4
1
-2
-3
0
0
1
1
-2
3
2
0
3
8
7
3
8
6
7
10
15
8
4
10
8
12
11
15
13
15
17
15
17
21
19
17
12
11
15
21
26
30
29
19
23
22
22
16
16
20
18
14
11
14
12
18
12
7
9
8
4
2
1
-5
0
-7
1
2
1
-6
-5
-2
-5
-3
-10
-4
-6
-9
-5
-4
1
-8
-12
-7
-2
-6
-9
-1
-1
0
-4
-8
-2
1
2
3
3
5
2
4
-1
-1
6
0
1
7
6
11
8
-1
1
9
12
11
13
12
7
7
6
7
7
2
4
-2
-3
2
-4
-1
-2
2
4
-4
-6
-7
-10
-16
-18
-16
-13
-17
-13
-16
-19
-15
-16
-18
-17
-17
-19
-26
-21
-20
-15
-14
-8
-15
-20
-13
-17
-14
-16
-9
-15
-15
-14
-16
-15
-14
-8
-11
-8
-14
-13
-9
-1
-9
-15
-14
-12
-7
-8
-5
2
-3
-7
-16
-12
-6
-6
-2
-3
2
1
2
9
6
4
11
7
1
5
4
12
7
3
6
5
14
17
17
18
16
15
11
15
23
23
20
17
18
24
25
21
22
27
25
25
22
17
22
18
16
18
18
25
22
22
16
20
23
13
14
12
13
14
10
7
4
7
6
-2
0
0
-1
9
4
-2
-2
-5
-3
-6
-5
-8
-9
-3
-11
-13
-9
-10
-9
-7
-11
-12
-9
-12
-1
1
-4
-15
-14
-8
-6
-3
-5
-8
-5
1
-8
1
3
0
2
0
-7
-4
1
0
-9
-5
-1
-1
3
-2
-2
-3
-2
-1
-1
-4
-8
-7
-3
0
-1
-1
-1
5
1
-7
-6
-9
-7
-10
-9
-8
-8
-13
-11
-5
-10
-16
-16
-17
-14
-10
-13
-11
-12
-11
-11
-4
-8
-10
-8
-14
-17
-12
-12
-15
-13
-14
-8
-15
-10
-14
-9
-7
-8
-8
-9
-14
-16
-14
-12
-9
-10
-1
-2
-3
-5
-3
2
-7
-6
-1
-5
4
6
5
10
9
5
9
14
10
12
15
15
13
10
17
15
12
21
17
16
17
13
13
10
15
16
17
12
17
19
14
13
10
8
13
19
21
23
20
17
11
15
17
11
14
16
17
17
18
19
16
18
15
12
13
16
17
17
18
10
9
6
17
9
7
17
16
10
4
6
6
3
7
8
0
0
-1
-3
-3
0
0
-5
-5
-6
-6
-7
-14
-14
-17
-17
-9
-13
-14
-12
-15
-17
-15
-20
-14
-12
-21
-21
-23
-18
-25
-26
-23
-15
-15
-24
-18
-16
-25
-31
-27
-21
-22
-19
-17
-17
-15
-15
-12
-19
-16
-11
-12
-14
-14
-13
-19
-21
-19
-17
-12
-6
-5
-7
-6
0
-1
5
-1
-3
3
1
-2
-6
1
0
0
2
-5
-2
-3
-2
3
-4
-3
1
-2
2
12
13
6
5
9
4
4
3
6
11
11
11
10
3
6
10
6
8
8
11
7
5
6
10
13
8
10
8
7
11
10
6
4
9
7
15
14
11
9
5
3
5
12
12
12
16
13
13
15
9
7
8
8
8
8
6
14
16
9
13
6
0
8
10
10
6
9
10
4
9
13
12
13
14
10
12
13
18
14
11
6
5
12
6
12
14
9
10
8
9
5
6
8
0
1
13
16
9
11
9
11
14
8
-2
-5
-1
-4
-3
-2
-5
-7
-8
-14
-7
1
-4
-5
-8
-17
-16
-20
-19
-17
-21
-15
-18
-21
-17
-15
-15
-23
-20
-19
-21
-20
-26
-29
-28
-25
-30
-30
-24
-17
-19
-23
-21
-22
-27
-29
-26
-24
-28
-29
-28
-26
-26
-22
-20
-16
-13
-23
-18
-19
-27
-29
-21
-16
-16
-12
-9
-6
-9
-10
-9
-5
-9
-9
-11
-6
-3
-1
1
-2
5
4
7
6
5
7
10
6
10
16
14
22
20
19
19
20
17
23
23
29
31
27
29
25
31
33
26
29
36
41
35
33
39
44
41
37
36
37
40
34
36
34
33
31
31
33
24
30
26
22
13
17
20
15
17
10
9
12
5
5
0
-1
-2
-7
-4
-6
-14
-13
-12
-14
-17
-18
-27
-23
-21
-26
-20
-27
-23
-27
-22
-16
-15
-13
-14
-14
-18
-18
-13
-9
-7
-12
-13
-8
-6
-6
-7
-8
-6
7
0
0
4
3
9
12
8
4
-1
-3
-1
1
0
3
2
1
-2
3
-3
-7
-6
-4
-1
-7
-7
-6
-7
-11
-12
-14
-12
-12
-24
-22
-23
-24
-22
-22
-29
-31
-26
-20
-19
-22
-30
-26
-22
-29
-29
-26
-25
-27
-22
-18
-16
-18
-20
-20
-17
-17
-16
-19
-17
-13
-14
-17
-10
-13
-14
-10
-10
2
-1
4
6
11
9
6
9
11
9
8
15
16
19
21
23
25
30
30
28
31
31
33
37
35
31
38
33
33
35
33
37
30
23
24
33
32
33
30
30
33
35
35
30
25
23
28
24
22
25
21
20
18
17
19
19
16
9
10
10
11
10
0
-1
3
-4
-7
-3
-2
-3
-11
-6
-10
-14
-13
-11
-18
-5
-13
-19
-20
-21
-11
-24
-21
-19
-14
-17
-15
-17
-19
-18
-22
-21
-28
-23
-14
-15
-12
-15
-18
-11
-13
-18
-13
-12
-17
-24
-17
-13
-19
-13
-13
-10
-12
-10
-18
-17
-14
-13
-15
-13
-10
-11
-7
-5
-5
-13
-13
-7
-4
-8
-11
-7
-2
1
-1
-6
1
2
-6
-3
-3
-3
2
-4
0
-2
-6
0
-1
0
1
2
-1
0
0
-3
-1
-2
-3
3
2
5
3
0
1
8
4
-3
4
4
4
2
6
3
3
2
8
4
0
2
7
2
-2
6
7
3
2
1
1
0
2
-1
2
13
10
2
6
5
2
7
11
7
7
8
8
9
6
9
11
9
14
8
11
12
8
10
13
14
12
14
15
17
16
12
13
17
17
18
18
21
21
13
9
17
22
17
17
16
15
18
22
14
12
10
12
7
9
9
-2
8
1
-1
-1
0
-6
-5
-1
-6
-3
-4
-5
-6
-6
-2
-4
-7
-7
-6
-4
-4
-5
-9
-6
-5
-10
-10
-10
-8
-9
-7
0
-3
-8
-8
-6
-5
-6
-7
-8
-11
-15
-14
-15
-15
-17
-15
-12
-15
-17
-22
-24
-25
-25
-26
-25
-29
-26
-28
-28
-22
-27
-30
-28
-28
-28
-31
-28
-34
-33
-28
-25
-24
-23
-22
-19
-14
-16
-20
-14
-5
-11
-10
-8
0
-4
-4
6
5
10
9
15
19
13
17
15
17
22
28
29
29
26
23
26
31
25
24
34
32
27
23
24
26
23
26
23
31
33
27
23
16
21
21
15
11
8
14
16
13
8
5
6
4
1
-1
-2
0
-5
-6
-1
0
5
2
-1
-4
-4
-5
-6
-7
-8
-7
-6
-6
-4
0
4
10
8
7
15
15
9
6
7
14
12
4
9
7
9
7
7
6
-4
2
5
1
9
7
-2
3
1
4
9
2
-6
-11
-10
-12
-11
-14
-8
-7
-14
-18
-21
-19
-16
-18
-18
-10
-11
-6
-6
-6
0
-3
0
-3
2
6
2
-5
-9
-8
-4
4
6
9
6
5
9
8
5
11
14
13
12
8
2
-4
-6
-13
-16
-12
-18
-33
-30
-22
-36
-36
-38
-44
-48
-46
-32
-35
-31
-33
-41
-46
-36
-28
-21
-20
-22
-19
-21
-17
-23
-22
-20
-22
-18
-8
-3
-3
-6
-6
1
-4
-1
2
2
4
3
12
16
27
26
25
32
44
40
33
35
48
46
47
54
46
35
33
27
23
29
27
29
18
16
24
24
20
5
6
10
10
9
8
7
11
10
5
13
14
10
8
3
16
21
19
13
15
17
26
38
33
38
35
32
37
32
27
29
24
20
8
10
20
16
10
8
4
-10
-16
-12
-8
5
7
-3
5
8
2
-5
-21
-25
-12
-4
-18
-9
0
0
10
14
15
6
10
7
2
-3
2
1
-7
-7
-1
-7
-2
-8
-21
-16
-20
-25
-28
-28
-41
-53
-62
-64
-67
-71
-71
-76
-87
-94
-92
-100
-107
-105
-103
-104
-108
-110
-99
-96
-98
-94
-93
-81
-82
-86
-73
-78
-77
-82
-86
-88
-71
-53
-47
-31
-11
9
28
54
85
99
117
141
164
179
187
211
237
260
279
279
282
287
294
284
284
268
257
250
242
234
211
186
141
105
75
38
-3
-33
-81
-125
-168
-204
-240
-284
-319
-348
-375
-402
-423
-432
-430
-439
-447
-438
-412
-366
-325
-281
-219
-177
-116
-51
-1
45
78
102
121
126
139
121
96
68
27
4
-24
-17
-3
-3
18
60
99
124
174
227
262
304
340
370
387
419
447
473
496
513
528
527
557
587
619
598
588
603
585
578
522
443
354
276
189
80
-39
-165
-286
-419
-521
-616
-706
-808
-890
-942
-997
-1035
-1071
-1097
-1098
-1087
-1057
-1005
-932
-848
-722
-572
-423
-252
-89
127
387
570
674
741
802
810
740
631
483
287
196
117
-82
-286
-376
-427
-507
-526
-476
-486
-527
-519
-475
-487
-493
-430
-385
-380
-240
25
198
275
455
683
844
1002
1159
1253
1224
1224
1277
1270
1130
1019
941
894
878
910
910
785
761
837
884
802
633
518
424
327
154
-88
-306
-572
-848
-1091
-1297
-1502
-1768
-2035
-2155
-2175
-2184
-2157
-2092
-2050
-1882
-1569
-1241
-1002
-813
-550
-231
74
271
410
505
588
701
932
1147
1209
1118
1070
1113
1131
1012
806
526
322
294
240
15
-285
-441
-504
-585
-537
-462
-576
-706
-628
-508
-470
-452
-387
-327
-260
57
473
632
662
929
1234
1417
1513
1621
1600
1416
1330
1398
1294
967
764
714
718
862
1117
1216
1204
1340
1652
1902
1852
1675
1497
1329
1215
989
557
2
-493
-884
-1196
-1501
-1831
-2286
-2728
-2978
-3013
-3140
-3363
-3508
-3514
-3410
-3138
-2778
-2554
-2429
-2194
-1743
-1231
-857
-651
-446
-182
124
514
803
994
1253
1431
1568
1714
1764
1576
1283
979
710
520
419
194
-247
-500
-459
-424
-502
-585
-620
-676
-580
-393
-409
-615
-700
-538
-370
-261
-9
389
622
825
1242
1632
1870
2028
2175
2196
2110
2135
2033
1722
1308
1136
1241
1339
1422
1598
1842
2045
2410
2680
2663
2500
2377
2292
2183
2004
1529
882
348
-152
-671
-1282
-1772
-2327
-3067
-3696
-4113
-4443
-4900
-5310
-5485
-5547
-5463
-5042
-4615
-4306
-3837
-3109
-2370
-1668
-1025
-460
8
642
1297
1816
2066
2107
2250
2328
2282
2299
2074
1670
1253
1023
950
684
349
125
-138
-260
-291
-297
-337
-637
-737
-759
-756
-773
-797
-869
-838
-537
-178
176
516
795
1150
1527
1916
2249
2463
2584
2672
2705
2738
2707
2439
2320
2284
2338
2448
2806
3159
3360
3458
3696
3947
3883
3709
3430
3030
2768
2520
1977
1128
459
-38
-785
-1612
-2207
-2789
-3579
-4300
-4794
-5249
-5796
-6141
-6291
-6416
-6312
-5869
-5370
-4843
-4218
-3614
-2878
-1940
-1210
-723
-295
269
987
1608
1966
2251
2307
2265
2333
2203
1736
1227
598
30
-202
-463
-890
-1417
-1799
-1814
-1781
-1735
-1551
-1571
-1651
-1500
-1217
-1077
-1132
-1045
-933
-731
-305
293
977
1369
1911
2700
3505
4005
4327
4637
4743
4647
4628
4468
4078
3599
3227
3013
2934
3083
3286
3332
3223
3374
3696
3820
3540
3157
2755
2630
2465
1855
926
110
-531
-1293
-2119
-2856
-3752
-4767
-5577
-6088
-6451
-6852
-7107
-7080
-7003
-6560
-5786
-5071
-4422
-3883
-3250
-2393
-1523
-984
-633
-413
-1
645
1275
1489
1658
1908
2126
2259
2182
2051
1737
1139
803
778
429
-154
-694
-1086
-1331
-1366
-1191
-1345
-1512
-1377
-996
-756
-531
-132
32
64
610
1538
2099
2291
2614
3124
3584
4069
4353
4304
4068
3933
3833
3563
3116
2826
2533
2193
2085
2407
2936
3206
3262
3461
3910
4364
4519
4188
3658
3339
3234
2839
2001
1017
251
-475
-1318
-2222
-2962
-3888
-4815
-5577
-6114
-6512
-6783
-7005
-7192
-7181
-6788
-6084
-5572
-5158
-4611
-3975
-3208
-2332
-1931
-1668
-1406
-798
101
688
984
1283
1685
2099
2547
2445
2222
1823
1312
1106
789
216
-373
-866
-1318
-1382
-1150
-1085
-1198
-1139
-826
-468
-198
192
404
278
337
916
1475
1642
1695
1957
2259
2831
3286
3422
3470
3510
3646
3767
3698
3440
3257
3074
2965
2919
3199
3596
3712
3561
3721
4156
4297
4118
3695
3222
2895
2897
2683
1909
915
281
-294
-1089
-1973
-2885
-3892
-4833
-5642
-6269
-6746
-7278
-7671
-7823
-7745
-7218
-6544
-5984
-5373
-4573
-3767
-2858
-1949
-1492
-1199
-825
-76
690
1060
1140
1428
1823
2167
2227
2127
1910
1503
1490
1388
998
610
287
-109
-364
-226
27
-223
-461
-246
148
189
241
500
601
438
737
1418
1654
1739
2184
2642
3034
3647
4091
4242
4093
4279
4433
4224
3719
3416
3215
2735
2364
2399
2794
3137
3336
3550
3894
4299
4568
4401
3902
3425
3241
3076
2596
1637
641
97
-572
-1405
-2285
-3120
-3906
-4737
-5591
-6219
-6720
-7197
-7715
-8034
-8043
-7693
-7249
-6886
-6362
-5776
-5098
-4191
-3333
-2845
-2333
-1652
-683
158
748
1075
1442
1904
2292
2390
2287
1976
1744
1643
1220
645
279
-92
-647
-774
-523
-443
-530
-335
13
272
482
627
859
821
570
839
1229
1421
1605
1855
1946
2510
3322
3708
3972
4290
4563
4790
4824
4723
4570
4308
3939
3662
3658
3921
4206
4024
3707
3851
4232
4148
3621
3068
2682
2413
2309
1821
879
97
-447
-1039
-1805
-2673
-3536
-4366
-5383
-6305
-6864
-7440
-8159
-8721
-8798
-8480
-7850
-7231
-6659
-5993
-5057
-3901
-2653
-1778
-1235
-600
267
1124
1696
2075
2208
2512
2961
3071
2931
2654
2374
2242
1798
1335
1122
807
185
-242
-191
-21
-131
-352
-378
-234
-147
-94
37
15
-142
29
385
745
1213
1742
2117
2632
3433
4056
4508
4790
4978
5258
5377
5112
4759
4248
3775
3424
3120
3028
3149
3292
3363
3358
3498
3801
3888
3538
3038
2668
2598
2549
1877
765
-44
-533
-1201
-2134
-3166
-3977
-4785
-5779
-6706
-7199
-7725
-8369
-8700
-8754
-8539
-7937
-7317
-6799
-6110
-5270
-4286
-3158
-2428
-1921
-1182
-295
516
1216
1617
2001
2618
2934
2850
2682
2400
2302
2044
1206
434
218
-58
-734
-1192
-1186
-1014
-1003
-999
-738
-466
-339
-210
97
201
303
745
1122
1429
1915
2559
2992
3565
4067
4670
5190
5400
5473
5468
5430
5307
5124
4713
4440
4250
4041
4271
4649
4726
4597
4425
4533
4646
4117
3348
2722
2207
1919
1399
501
-389
-1049
-1732
-2430
-3065
-3871
-4728
-5638
-6560
-7104
-7555
-8247
-8797
-9007
-8990
-8513
-7783
-7162
-6414
-5458
-4543
-3308
-2093
-1398
-650
338
1204
1979
2550
2793
3082
3145
2869
2519
2189
1773
1392
782
51
-324
-618
-1200
-1642
-1545
-1322
-1121
-1038
-796
-578
-365
-93
303
528
673
1177
1660
2087
2642
3343
3829
4119
4597
5280
5770
5870
5884
5926
5830
5554
5332
4959
4382
4037
3829
3928
4212
4237
4166
3941
3989
4267
3906
2967
2250
1903
1718
1223
229
-742
-1475
-2092
-2718
-3398
-4140
-4949
-5760
-6649
-7255
-7543
-8093
-8805
-9113
-8993
-8461
-7731
-7081
-6394
-5589
-4683
-3491
-2281
-1600
-921
91
987
1611
2118
2246
2318
2299
1893
1461
1242
933
505
43
-434
-764
-984
-1336
-1589
-1518
-1373
-1189
-1059
-847
-705
-398
104
281
596
1235
1851
2297
2738
3363
4031
4654
4860
5148
5680
5968
6023
5915
5699
5621
5514
5174
4765
4472
4303
4266
4464
4898
5080
4987
4794
4640
4687
4302
3253
2312
1763
1492
938
-130
-1289
-2022
-2535
-3199
-3746
-4305
-5061
-5824
-6534
-7142
-7536
-8026
-8716
-9148
-9135
-8661
-7891
-7380
-6823
-5925
-4841
-3596
-2144
-1147
-483
490
1586
2246
2622
2588
2439
2349
1894
1478
1053
334
-320
-805
-1222
-1383
-1428
-1713
-2022
-1754
-1322
-1001
-894
-791
-485
-168
140
633
1028
1334
1817
2506
3184
3735
4370
4945
5393
5771
6162
6558
6708
6384
6069
6082
6098
5742
5314
5031
4838
5037
5552
5842
5843
5505
5401
5581
5351
4415
3228
2253
1786
1431
321
-1053
-2031
-2860
-3799
-4508
-4980
-5617
-6649
-7584
-8090
-8190
-8487
-9091
-9459
-9606
-9218
-8277
-7510
-6916
-5977
-5028
-3920
-2503
-1337
-483
233
1170
2109
2801
3090
3120
2920
2192
1463
1304
871
-79
-937
-1541
-1696
-1745
-2159
-2610
-2605
-2202
-1917
-1789
-1752
-1735
-1500
-1167
-864
-563
-7
537
1219
2054
2952
3797
4680
5349
5904
6553
7063
7273
7123
6587
6292
6169
5848
5220
4673
4351
4147
4569
5212
5396
5299
5294
5566
5861
5470
4511
3624
2944
2471
1813
536
-833
-1898
-3128
-4229
-4953
-5598
-6471
-7522
-8386
-8594
-8549
-8899
-9383
-9393
-9144
-8441
-7424
-6676
-5986
-4926
-3784
-2498
-1222
-439
298
1038
1694
2314
2808
2746
2539
2256
1776
1411
1157
674
-99
-647
-977
-950
-975
-1502
-2031
-2106
-1910
-1799
-1875
-2115
-2109
-1862
-1410
-886
-390
231
1066
1956
2929
4062
4821
5435
5871
6335
6894
7037
6758
6459
6138
5613
5419
5186
4711
4328
4149
4448
5359
5925
5979
5996
6118
6554
6609
5676
4550
3574
2751
2151
1062
-426
-1731
-2894
-3980
-4829
-5472
-6139
-6969
-7982
-8736
-8627
-8552
-9085
-9590
-9604
-9159
-8161
-7365
-6858
-6070
-5060
-3903
-2453
-1133
-316
592
1611
2491
3327
3795
3629
3191
2596
2009
1599
894
-192
-1200
-1952
-2351
-2254
-2492
-3182
-3382
-2970
-2569
-2340
-2457
-2695
-2549
-2193
-1800
-1255
-787
-350
565
1600
2657
3942
4748
5200
5932
6660
7249
7561
7187
6617
6215
6038
5847
5482
4815
4255
4141
4697
5686
6153
6114
5965
6303
6924
6804
5577
4450
3666
3034
2337
1083
-408
-1755
-3103
-4262
-4955
-5560
-6657
-7754
-8680
-9016
-8776
-8892
-9446
-9755
-9602
-8802
-7603
-6843
-6314
-5466
-4222
-2738
-1099
-192
324
1060
1961
2727
3468
3594
3248
2781
2229
1849
1452
658
-532
-1431
-1835
-1806
-1759
-2210
-2875
-3064
-2721
-2212
-1976
-2289
-2603
-2208
-1682
-1237
-774
-190
433
1247
2418
3689
4655
5296
5756
6282
7028
7453
7387
6930
6298
5970
6001
5827
5329
4768
4248
4158
5127
6141
6159
5944
5977
6542
7120
6537
5207
4075
3318
2763
1892
442
-1221
-2551
-3856
-4922
-5497
-6230
-7328
-8437
-9314
-9321
-9084
-9298
-9756
-9915
-9565
-8457
-7279
-6665
-6038
-5290
-4230
-2555
-1036
-419
167
921
1779
2687
3242
3343
3206
2583
2051
1915
1601
765
-437
-1515
-1965
-1927
-2073
-2613
-3315
-3522
-3121
-2598
-2584
-2842
-2909
-2381
-1642
-1198
-605
58
706
1578
2804
4064
4941
5538
5866
6377
7105
7355
7174
6708
6074
5819
5731
5505
5114
4497
4028
4335
5535
6277
6204
5984
6173
6765
7067
6116
4789
4074
3597
2986
1935
519
-717
-2083
-3538
-4493
-5062
-6003
-7351
-8645
-9440
-9290
-9344
-9877
-10234
-10224
-9584
-8272
-7146
-6334
-5554
-4615
-3240
-1438
-259
314
951
1682
2450
3307
3669
3436
3080
2326
1843
1868
1308
74
-911
-1660
-1705
-1447
-1700
-2261
-2577
-2522
-2192
-1827
-2089
-2576
-2626
-2379
-2052
-1523
-1082
-568
110
1109
2537
4046
5025
5632
6402
7379
8120
8263
8004
7410
6662
6121
5836
5250
4278
3425
3026
3542
4599
5105
5236
5288
5700
6662
7087
6172
5034
4438
4028
3455
2039
269
-1127
-2681
-4343
-5374
-6139
-7357
-8731
-10073
-10459
-10079
-10072
-10416
-10387
-10036
-9024
-7487
-6300
-5467
-4760
-3747
-2128
-631
-38
446
912
1365
1718
2191
2417
2165
1662
1106
1142
1491
1143
226
-659
-1092
-741
-552
-1191
-2089
-2686
-2660
-2301
-2353
-2894
-3186
-2909
-2377
-1762
-899
-122
450
1240
2477
4074
5209
5747
6027
6529
7326
7790
7682
7201
6441
5902
5775
5492
4946
4210
3593
3429
4198
5212
5621
5671
5384
5846
6860
6765
5566
4404
3738
3469
2867
1436
-219
-1639
-3112
-4357
-5150
-5975
-7105
-8472
-9640
-9891
-9605
-9674
-10175
-10363
-10007
-8864
-7402
-6375
-5759
-4927
-3633
-2012
-613
120
702
1277
2029
2723
3400
3501
3073
2493
2105
1945
1598
830
-247
-1094
-1287
-1019
-1027
-1591
-2343
-2509
-2041
-1570
-1635
-2242
-2438
-2174
-1696
-1138
-618
-212
239
1122
2486
3968
4734
5209
5697
6491
7331
7729
7539
7008
6287
5868
5904
5667
4930
4019
3568
4168
5225
5558
5454
5339
5651
6387
6615
5647
4504
3899
3554
2864
1636
196
-1126
-2586
-4181
-5176
-5762
-6846
-8430
-9923
-10373
-9995
-10149
-10638
-10806
-10438
-9268
-7850
-6614
-5589
-4643
-3605
-1804
-172
563
1215
1838
2476
3179
3691
3688
3386
2662
1959
1761
1603
730
-247
-883
-1341
-1134
-959
-1387
-1989
-2429
-2093
-1623
-1841
-2552
-2957
-2868
-2576
-2141
-1667
-1217
-793
154
1738
3418
4407
4981
5648
6580
7461
7868
7677
7250
6505
5905
5907
5726
4917
4065
3498
3684
4836
5539
5452
5377
5624
6298
6814
6122
4814
4198
4028
3381
2160
699
-687
-2255
-3993
-5209
-5911
-7020
-8552
-10031
-10572
-10232
-10292
-10713
-10739
-10489
-9559
-7916
-6562
-5598
-4589
-3563
-1958
-77
947
1568
2286
2616
3089
3924
4026
3646
2922
2157
2184
2438
1759
607
-407
-1027
-824
-455
-819
-1631
-2308
-2301
-1933
-1849
-2446
-3075
-3142
-2872
-2442
-1597
-890
-661
-44
1342
3071
4592
5257
5555
6229
7084
7684
7756
7321
6479
5924
5641
5578
5225
4513
3899
3944
4842
5809
6174
5943
5941
6331
6759
6342
5249
4340
3968
3241
1978
831
-342
-1832
-3530
-4863
-5492
-6157
-7589
-9283
-10231
-10186
-10216
-10720
-11028
-10833
-10264
-9126
-7833
-6539
-5401
-4412
-3080
-1095
326
1087
1862
2411
2869
3605
4048
3874
3435
2719
2234
2322
1890
830
-109
-830
-1056
-881
-929
-1474
-1929
-1953
-1677
-1463
-1766
-2282
-2443
-2580
-2681
-2343
-1789
-1726
-1627
-605
978
2499
3573
4179
5054
6322
7354
7705
7660
7417
6862
6672
6504
5985
5190
4405
4012
4521
5324
5559
5421
5341
5775
6658
6832
5833
4785
4394
4252
3470
2104
755
-607
-2290
-3799
-4842
-5721
-7054
-8747
-10159
-10463
-10388
-10839
-11302
-11309
-10923
-9714
-8266
-6976
-5781
-4752
-3473
-1574
272
1054
1613
2281
2971
3789
4217
3855
3403
2997
2503
2345
2178
1551
740
62
-279
-55
157
-413
-1169
-1351
-1164
-931
-1248
-2134
-2625
-2649
-2685
-2488
-1835
-1633
-1514
-515
1099
2627
3779
4303
5010
6145
6954
7474
7510
6992
6352
6248
6207
5849
5144
4404
4151
4681
5574
6251
6379
5935
6087
7021
7374
6395
4889
4116
4010
3269
1904
520
-791
-2449
-4057
-5084
-5630
-6912
-8627
-9968
-10516
-10485
-10675
-11168
-11309
-10970
-10225
-8812
-7403
-6535
-5602
-4188
-2608
-806
639
1392
1996
2589
3198
4133
4328
3548
2951
2762
2521
2492
2092
1111
242
-371
-380
117
-252
-1339
-1727
-1552
-1524
-1654
-2176
-2652
-2803
-2795
-2532
-1828
-1352
-1295
-761
428
2021
3350
4070
4455
5254
6242
7052
7295
7009
6474
6197
6301
6260
5833
5075
4713
4580
5276
6272
6574
6324
5951
6328
7013
6759
5383
4114
3652
3310
2417
1098
-296
-1692
-3119
-4396
-5032
-5797
-7325
-8871
-10007
-10193
-10168
-10581
-11081
-11145
-10812
-9704
-8205
-7134
-6296
-5203
-3777
-2000
-254
623
1322
2169
2858
3710
4397
4266
3809
3355
2936
2920
2783
1884
831
1
-590
-298
-15
-673
-1550
-1610
-1166
-797
-1124
-1782
-1883
-1914
-2136
-1876
-1263
-1162
-1155
-453
764
2240
3256
3789
4674
5592
6553
7467
7712
7256
6790
6597
6601
6283
5418
4666
4313
4432
5201
5895
5719
5314
5583
6502
6755
5719
4626
4346
4121
3289
2065
843
-339
-2047
-3708
-4651
-5322
-6803
-8552
-9916
-10750
-10745
-10836
-11399
-11437
-11147
-10173
-8467
-7121
-6182
-5013
-3645
-2092
-306
735
1214
1736
2172
2729
3338
3243
2875
2583
2179
1843
1952
1745
976
281
-36
287
788
285
-555
-865
-773
-745
-1197
-1951
-2414
-2680
-2765
-2469
-2060
-1576
-1325
-661
675
2046
3291
4271
4911
5564
6498
7331
7403
6850
6118
5840
5878
5465
4830
4256
3759
3628
4593
5745
5978
5653
5591
6571
7478
6932
5621
4724
4303
3906
2972
1697
211
-1460
-3017
-4159
-4902
-5884
-7491
-9010
-10076
-10303
-10138
-10574
-11131
-11232
-10691
-9371
-7894
-6961
-6156
-5026
-3730
-1890
-263
368
812
1381
2051
2949
3458
3132
2723
2437
2169
2443
2694
1987
974
398
364
820
918
70
-733
-947
-688
-497
-761
-1580
-2119
-1988
-1756
-1523
-1031
-801
-642
166
1413
2915
4016
4237
4636
5628
6674
7152
7126
6572
5861
5750
5799
5664
5004
3983
3445
3967
5156
5877
5845
5467
5529
6394
7034
6375
4981
4110
3761
3483
2537
963
-471
-1988
-3510
-4439
-4896
-6146
-7878
-9358
-10152
-9992
-10114
-10757
-11168
-11170
-10603
-9068
-7553
-6640
-5873
-4867
-3092
-1061
-81
180
704
1297
2000
2809
2800
2390
1978
1577
1527
1761
1526
839
267
-143
242
874
557
-323
-872
-725
-107
-55
-806
-1471
-1654
-1627
-1256
-910
-760
-679
-265
878
2281
3387
3860
4201
4771
5694
6571
6901
6582
5707
5325
5603
5713
5297
4270
3527
3661
4450
5450
5869
5562
5193
5771
6947
7057
5740
4374
3718
3718
3346
1995
442
-1050
-2640
-3840
-4366
-5214
-6841
-8445
-9644
-9819
-9579
-9911
-10500
-10879
-10872
-9755
-8086
-7098
-6558
-5941
-4660
-2642
-862
-384
-111
569
1446
2470
3020
2888
2712
2446
2222
2384
2489
2089
1396
671
456
1002
1329
654
-390
-808
-276
287
-102
-1112
-1640
-1407
-1253
-1100
-805
-801
-630
214
1253
2563
3322
3557
4156
4764
5510
6387
6617
5993
5344
5260
5551
5612
4882
3957
3635
3707
4249
5362
5630
5120
4830
5476
6696
6583
5195
4075
3397
3315
3252
2080
335
-1276
-2496
-2910
-3657
-5071
-6430
-7582
-8736
-9417
-9354
-9627
-10244
-10839
-10775
-9557
-8095
-7405
-6930
-6188
-4854
-3009
-1472
-988
-851
-292
696
1565
1875
1796
1881
1924
1763
1917
2312
1935
1096
525
618
1061
1142
541
-265
-566
-279
146
-223
-1117
-1517
-1151
-690
-574
-741
-763
-401
106
955
1917
2518
2962
3473
4344
5453
6212
6419
6200
5916
5943
6254
6196
5541
4621
3895
3884
4430
5131
5208
4892
4756
5316
6267
6411
5348
3942
3265
3484
3611
2408
576
-1088
-2072
-2575
-3747
-5018
-6208
-7569
-8712
-9276
-9280
-9581
-10231
-10821
-10516
-9457
-8119
-7185
-6605
-5978
-4777
-3091
-1790
-1390
-1382
-633
516
1149
1423
1710
1848
1789
1773
2002
2243
2030
1608
1321
1230
1258
1391
1027
31
-342
-143
217
-109
-1100
-1386
-1096
-926
-761
-839
-647
25
819
1828
2558
3099
4034
4911
5219
5735
6283
6524
6259
5713
5411
5560
5265
4461
3833
3502
3545
3934
4507
4981
5074
5095
5624
6306
6320
5545
4509
3743
3398
3100
2101
335
-1519
-2542
-3040
-4197
-5510
-6599
-7588
-8249
-8926
-9122
-9028
-9595
-10261
-9828
-9098
-8226
-7467
-6990
-6251
-5137
-4084
-2937
-1976
-1929
-1441
-295
467
1051
1237
1228
1726
2235
2317
2438
2376
1823
1714
1759
1422
1219
709
-191
-567
-616
-485
-561
-1335
-1730
-1286
-712
-536
-659
-340
385
963
1582
2175
2702
3183
3760
4427
4927
5364
5648
5645
5423
5252
5462
5490
4886
4275
4108
4211
4097
4049
4742
5299
5171
4821
5059
5735
5463
4206
3153
2638
2682
2201
827
-954
-2061
-2446
-2980
-4253
-5694
-6387
-6703
-7528
-8443
-8528
-8758
-9324
-9598
-9304
-8735
-8072
-7653
-7005
-6128
-5331
-4293
-2973
-2500
-2182
-1270
-160
690
940
1062
1828
2583
2516
2508
2772
2683
2468
2214
1880
1620
1227
695
232
-267
-562
-278
-494
-910
-789
-103
243
-70
-129
571
1326
1437
1352
1774
2318
2903
3500
3833
4229
4631
5139
5607
5665
5593
5814
5620
5125
4909
4885
4585
3953
3696
4345
4807
4330
3883
4149
4518
4418
3721
2935
2399
2029
1776
1094
-400
-1665
-2136
-2851
-4084
-5127
-5765
-6241
-7296
-8592
-8871
-8717
-9056
-9422
-9529
-9360
-8410
-7439
-6840
-6331
-5853
-4966
-3317
-2573
-2470
-1599
-528
307
1075
1672
2362
2868
2710
2484
2821
2893
2606
2384
1860
1184
912
693
166
-593
-1089
-613
-437
-559
-671
-493
-269
-353
-137
612
989
689
962
1795
2391
2910
3303
3685
4201
4585
5156
5660
5521
5118
5317
5389
5164
4809
4418
4057
3803
3697
4397
4816
4230
3849
4181
4809
4681
3701
2528
1795
1589
1374
587
-864
-2231
-2780
-3037
-4029
-5228
-5755
-6148
-7160
-8139
-8099
-7831
-8262
-9026
-9247
-8584
-7471
-7078
-6850
-6484
-6079
-4787
-3177
-2707
-2574
-1889
-817
485
1529
1797
2431
3164
3319
3605
3860
3551
3214
2841
2001
1483
1156
502
-244
-1154
-1649
-790
-329
-874
-1008
-474
274
814
1109
1421
1707
1578
1772
2560
2768
2661
2863
3250
3538
3873
4347
4893
4804
4612
5020
5415
5481
5031
4737
4609
4263
4021
4474
4669
3903
3368
3754
4075
3829
2791
1627
1256
1080
849
337
-1038
-2159
-2268
-2357
-3240
-4319
-4805
-5274
-6073
-7190
-7408
-7299
-8237
-9316
-9392
-9033
-8520
-8264
-8074
-7588
-6878
-5736
-4144
-3189
-2828
-2011
-490
930
1669
2177
2755
3269
3407
3436
3685
3455
2801
2183
1532
1024
615
218
-502
-1355
-1393
-561
-210
-556
-718
-35
676
687
836
1171
1293
1127
1289
1887
2188
2294
2454
2907
3236
3604
4447
5179
5297
5239
5610
6069
5951
5483
5349
5022
4423
3992
4186
4434
3939
3238
3171
3312
3240
2767
1815
925
657
1017
832
-237
-1418
-1777
-1578
-2334
-3571
-4060
-4630
-5608
-6792
-7324
-7349
-8019
-9065
-9427
-9288
-8849
-8362
-7887
-7580
-7224
-6102
-4361
-3065
-2710
-2098
-783
588
1549
2115
2659
3273
3476
3539
3805
3738
3231
2719
2107
1528
1150
760
54
-792
-1304
-698
-100
-363
-595
-163
566
937
1142
1284
1385
1186
1259
1777
2003
2032
2142
2604
3134
3516
4305
5236
5474
5215
5608
6133
6292
5850
5281
5006
4548
3784
3733
4184
3660
2800
2415
2583
2938
2601
1392
452
56
474
1026
80
-1346
-1667
-1467
-1785
-2927
-3776
-4137
-4788
-6267
-7124
-7057
-7718
-8861
-9534
-9740
-9392
-8702
-8419
-8088
-7720
-6891
-4946
-3184
-2834
-2413
-1097
323
1398
1859
2230
2884
3106
3187
3525
3614
3079
2536
1831
1175
831
597
181
-638
-1343
-863
-39
-46
-416
-330
514
1120
1349
1423
1479
1332
1344
1747
2063
2050
2100
2405
2915
3364
4036
4971
5278
5029
5372
6105
6398
6017
5382
5035
4661
3966
3541
3730
3528
2721
2318
2501
2643
2603
1919
920
287
464
1208
1066
-303
-1375
-1048
-709
-1687
-2964
-3589
-4114
-5158
-6425
-7015
-7354
-8294
-9330
-9626
-9400
-9104
-8625
-8160
-7871
-7059
-5582
-3895
-3022
-2762
-1852
-97
1362
1891
2335
3216
3846
4070
4017
3892
3629
3097
2535
1566
522
49
-89
-767
-1856
-1877
-811
-287
-480
-558
352
1301
1540
1666
1646
1531
1764
2047
2108
1791
1868
2726
3357
3248
3549
4735
5482
5392
5566
5903
6192
6132
5658
5373
4816
3863
3401
3400
2973
2480
2358
2030
1672
1665
1755
1409
319
-45
875
1216
195
-875
-1045
-998
-1966
-3176
-3605
-4243
-5461
-6734
-7314
-7731
-8488
-9157
-9361
-9417
-9424
-8642
-7450
-7050
-6772
-5587
-3842
-2561
-2084
-1566
-377
837
1513
2179
2651
2699
2986
3367
3195
2797
2335
2125
1480
313
-129
119
-424
-1577
-2027
-1172
-431
-583
-606
-142
672
1202
1810
2216
2188
2225
2595
3053
2991
2844
3153
3624
3445
3292
4087
4861
4863
4530
4649
5197
5517
5368
5025
4568
3975
3500
3511
3527
2884
2299
2010
1866
1881
1692
1013
59
-498
-54
828
418
-939
-1387
-1150
-1317
-2222
-3009
-3689
-4479
-5628
-6530
-6757
-7397
-8437
-9067
-9156
-9036
-8355
-7755
-7413
-7008
-6158
-4508
-2766
-2022
-1741
-768
689
1838
2510
2862
3035
3305
3683
3549
3228
2611
1952
1459
505
-225
-441
-865
-1607
-2087
-1577
-566
-221
-218
165
1068
2054
2586
2680
2512
2448
2546
2508
2234
1885
1940
2233
2417
2652
3257
4251
4953
5005
5343
6087
6608
6581
6053
5419
4765
4072
3251
2724
2250
1616
1019
592
485
742
572
-264
-708
-322
655
1142
318
-481
-378
-249
-928
-2108
-2990
-3755
-4684
-6009
-6968
-7475
-8125
-8996
-9344
-9264
-8857
-7998
-7298
-6810
-6081
-4819
-3338
-2139
-1791
-1380
21
1226
1722
1963
2125
2502
2874
2704
2326
2017
1837
1669
824
-121
-633
-653
-903
-1536
-1562
-939
-316
-73
49
644
1435
1892
2061
1849
1777
2122
2160
1799
1538
1820
2422
2912
2828
3190
4391
5230
5627
5881
6153
6392
6533
6144
5333
4543
3574
2837
2244
1701
1457
1353
754
445
863
1386
1171
269
-41
767
1601
1132
111
-424
-588
-1076
-1985
-2924
-3747
-4614
-5740
-6733
-7151
-7372
-7902
-8370
-8575
-8427
-7474
-6596
-6298
-6052
-5240
-3993
-2538
-1793
-1686
-1132
-58
894
1603
1974
2096
2530
2806
2565
2306
2067
1490
745
-279
-916
-831
-992
-1740
-2182
-1834
-903
-10
206
439
1404
2309
2794
2955
2861
2800
2628
2411
2414
2498
2493
2668
2850
3007
3651
4708
5291
5224
5282
5691
6200
6076
5195
4501
3852
2977
2313
2170
1805
1171
537
277
682
1124
774
-54
-525
-181
982
1287
132
-841
-766
-528
-1195
-2404
-3323
-3924
-4837
-6062
-6420
-6505
-7234
-8162
-8386
-8121
-7509
-6843
-6470
-6077
-5510
-4476
-2940
-2035
-2253
-1955
-540
606
1258
1488
1658
2204
2430
2097
1823
1567
903
226
-551
-1305
-1494
-1491
-1974
-2460
-2167
-1025
76
412
406
1184
2266
2741
2657
2299
2409
2467
2135
2154
2267
2266
2566
2903
3262
3902
4702
5328
5690
5660
5735
6144
6163
5434
4532
3715
3100
2551
2122
1777
1451
942
511
943
1525
1369
523
84
410
1215
1397
565
-304
-609
-598
-1061
-2132
-3092
-3902
-4708
-5702
-6367
-6540
-6984
-7740
-8027
-7729
-7072
-6390
-6028
-5772
-5311
-4414
-3122
-2018
-1855
-2058
-1205
20
603
888
983
1231
1718
1816
1690
1606
1032
430
-12
-754
-1143
-1158
-1690
-2175
-2083
-1196
-137
288
266
885
2081
2669
2890
2896
2790
2699
2607
2524
2567
2472
2410
2794
3124
3439
4148
4927
5245
5257
5559
6044
6244
5610
4694
4217
3541
2706
2002
1625
1285
690
256
329
712
781
181
-527
-530
304
1153
755
-280
-534
-256
-296
-1389
-2440
-2882
-3447
-4662
-5707
-5910
-6191
-6889
-7550
-7712
-7510
-6925
-6356
-5986
-5739
-5324
-4127
-2747
-2203
-2395
-1919
-783
56
419
440
690
1009
1126
896
893
753
336
-87
-605
-1046
-952
-834
-1285
-1565
-1104
-27
738
712
753
1738
2491
2604
2536
2535
2388
2196
1978
1871
1974
2102
2274
2596
2843
3492
4686
5250
5247
5351
5725
6097
5837
4943
4222
3502
2507
1747
1644
1518
961
196
-50
513
1071
953
402
-51
437
1813
2229
1194
285
245
608
47
-1137
-1882
-2493
-3557
-4926
-5351
-5446
-6049
-7107
-7640
-7553
-7064
-6588
-6209
-6084
-5879
-4927
-3360
-2389
-2667
-2616
-1291
-27
372
463
790
1218
1295
1004
905
973
476
-26
-538
-1202
-1251
-840
-1044
-1599
-1527
-398
728
1002
707
1293
2314
2571
2411
2260
2127
2010
2000
1891
2067
2328
2584
3041
3218
3571
4651
5538
5518
5266
5290
5595
5744
4928
3793
3010
2356
1654
1486
1403
1087
657
382
798
1439
1487
769
147
197
1223
1793
1034
69
-303
-116
-315
-1297
-2141
-2770
-3768
-4851
-5250
-5391
-5959
-6927
-7500
-7481
-6998
-6624
-6238
-6173
-6186
-5405
-3978
-3004
-3043
-3123
-2496
-1229
-396
-106
84
331
617
965
1010
973
689
245
-212
-778
-1025
-820
-1117
-1894
-1946
-998
70
507
396
868
2134
2823
3131
3210
2952
2846
2827
2708
2492
2332
2151
2299
2562
2623
3568
4540
4712
4696
5066
5658
6019
5503
4577
4015
3325
2449
1861
1673
1210
710
248
330
1011
1355
887
226
94
1119
2405
2328
1276
898
1407
1612
693
-457
-1156
-1794
-2973
-4140
-4611
-5183
-6318
-7405
-7766
-7755
-7429
-7164
-7024
-7009
-6505
-5338
-3946
-3416
-3653
-3217
-1678
-500
-112
27
210
718
1168
976
722
518
251
19
-525
-1062
-1057
-1019
-1462
-1675
-931
299
1193
1320
1357
2341
3159
3253
2991
2536
2215
2024
1771
1517
1349
1144
1421
1968
2233
2911
4078
4853
5198
5261
5586
6124
5919
4906
4126
3471
2498
1653
1255
1080
633
63
-169
474
1248
1238
809
631
1152
2376
3156
2644
1704
1560
1825
1354
-30
-1079
-1734
-2748
-4217
-5275
-5655
-6223
-7422
-8116
-8003
-7755
-7370
-7095
-6994
-6734
-6017
-4852
-3696
-3647
-3972
-3080
-1681
-1150
-1075
-887
-337
381
698
700
973
914
636
374
-189
-463
-233
-345
-868
-1025
-342
667
1137
881
1300
2599
3217
3044
2736
2584
2542
2191
1791
1725
1643
1564
1879
2193
2277
3112
4153
4617
4564
4577
5287
5945
5287
4199
3729
3185
2251
1581
1425
1376
1015
364
613
1550
1934
1471
1053
1061
1957
3249
3374
2394
1707
1972
2249
1497
192
-622
-1191
-2447
-3906
-4610
-5043
-6214
-7572
-8146
-8241
-8078
-7963
-7842
-7692
-7299
-6517
-5089
-4198
-4405
-3918
-2412
-1152
-498
-214
251
974
1261
953
903
1008
728
232
-393
-970
-960
-612
-903
-1052
-599
619
1665
1815
1753
2678
3616
3572
2976
2505
2519
2217
1498
1069
1010
1023
1230
1513
1702
2330
3371
4165
4571
4506
4848
5608
5611
4598
3869
3384
2663
1782
1101
1153
1230
715
383
833
1579
1888
1594
1110
1414
2655
3572
3226
2409
2166
2450
2246
910
-197
-846
-1712
-3253
-4631
-5203
-5739
-7001
-8053
-8449
-8610
-8307
-8094
-8054
-7968
-7525
-6361
-4743
-4366
-4677
-3735
-2207
-1312
-760
-380
189
1147
1310
1115
1581
1424
990
502
-335
-647
-230
-107
-656
-916
-269
1178
2131
1839
1985
3095
3564
3360
2915
2569
2276
1507
793
806
613
357
661
827
1101
2225
3447
4266
4378
4260
5088
5953
5509
4521
4055
3520
2720
1895
1533
1745
1363
676
850
1698
2420
2401
1915
1664
2592
4007
4501
3623
2666
2650
3031
2276
805
-200
-1130
-2278
-3950
-4970
-5290
-6428
-7970
-8583
-8767
-8670
-8291
-8273
-8303
-7913
-7214
-5623
-4330
-4684
-4559
-2882
-1330
-557
-152
115
864
1389
1043
1147
1381
742
455
-80
-711
-443
-61
-278
-604
-564
646
2245
2272
1723
2346
3175
3294
2745
2090
1898
1475
576
393
492
245
478
846
1071
1816
2999
4031
4603
4411
4687
5782
6126
5020
4171
3811
3183
2309
1413
1391
1616
1073
804
1444
2053
2482
2468
2146
2223
3082
4257
4424
3289
2465
2741
2821
1530
-101
-947
-1616
-3001
-4694
-5382
-5887
-7136
-8305
-8677
-8928
-8836
-8568
-8385
-8124
-7904
-7042
-5377
-4662
-5025
-4324
-2599
-1381
-872
-550
194
1166
1252
1077
1519
1493
1035
651
19
-387
-123
239
171
-337
-340
1096
2213
1958
1804
2562
3114
2925
2312
2049
1909
1090
338
429
405
330
564
865
1309
2065
3187
4318
4695
4425
5099
6072
5763
4804
4233
3794
3049
2111
1707
2065
1788
1011
1044
1705
2271
2623
2420
2098
2588
3735
4692
4299
3005
2664
3116
2597
1062
-118
-930
-1987
-3661
-4994
-5363
-6170
-7719
-8576
-8793
-8986
-8709
-8493
-8361
-8140
-7817
-6517
-4923
-4808
-4802
-3606
-2086
-1201
-670
-179
639
1405
1381
1529
1823
1438
1129
703
-101
-60
415
546
213
-347
228
1750
2144
1670
1897
2505
2778
2504
1941
1663
1219
345
4
153
-28
51
540
851
1389
2499
3794
4742
4871
4924
5798
6327
5724
4893
4341
3590
2680
1795
1346
1451
1173
853
1098
1565
2339
2932
2786
2564
3108
4255
4956
4184
2936
2854
2863
1880
380
-637
-1521
-2715
-4278
-5375
-5662
-6570
-7822
-8440
-8858
-9036
-8610
-8475
-8470
-8393
-8016
-6797
-5729
-5545
-5288
-4083
-2735
-1876
-1041
-426
317
864
1134
1428
1742
1740
1686
1171
505
520
798
903
222
-304
475
1533
1724
1519
1748
2320
2623
2502
2196
2000
1365
777
671
443
86
247
555
798
1356
2348
3640
4469
4617
5025
6026
6487
6045
5381
4807
4112
3098
2010
1235
819
924
1107
995
965
1623
2819
3446
3116
3001
4009
5376
5360
4362
3916
3681
3030
1660
276
-492
-1504
-2932
-4387
-5437
-6241
-7044
-7984
-8883
-9397
-9320
-8841
-8599
-8643
-8439
-7659
-6628
-5771
-5292
-4572
-3393
-2423
-1474
-640
37
659
1164
1241
1164
1350
1308
1006
421
-18
405
1067
695
281
647
1410
2372
2574
2299
2418
2701
2598
2211
1673
1019
724
435
6
104
476
967
1456
1756
2570
3806
4813
5235
5291
5469
5936
5918
5171
4151
3312
2568
1728
828
337
808
1157
1127
1181
1632
2835
3883
3638
3076
3537
4613
5203
4407
3087
2533
2374
1551
-5
-1157
-1965
-2850
-4145
-5425
-5895
-6398
-7439
-8405
-9033
-9350
-9111
-8990
-9132
-9139
-8815
-7889
-6585
-6016
-5595
-4384
-2778
-1552
-751
-129
763
1575
1672
1572
1689
1495
988
518
-108
-32
301
347
254
198
841
2098
2759
2607
2610
3037
3510
3343
2526
1905
1675
1290
799
663
805
1144
1553
1831
2433
3417
4425
5110
5268
5305
5594
5925
5476
4486
3577
3004
2342
1327
506
590
1081
1167
923
1168
2382
3679
3860
3325
3327
4214
5338
5238
3973
3140
2928
2595
1400
-173
-1118
-1777
-2861
-4402
-5421
-6048
-6859
-7994
-8999
-9584
-9524
-9435
-9489
-9488
-9468
-8646
-7202
-6197
-5689
-4966
-3471
-1841
-1007
-457
399
1272
1640
1539
1396
1460
1218
691
214
75
308
854
1003
688
1110
2100
3020
3188
2765
2850
3431
3443
2590
1873
1428
976
448
86
233
681
1036
1454
2168
2947
4035
5024
5296
5210
5369
5795
5798
4700
3425
2792
2222
1222
283
-33
293
659
635
968
1934
3057
4063
4115
3750
4244
5192
5715
4954
3429
2657
2603
1801
80
-1143
-1724
-2639
-3915
-5282
-6051
-6477
-7432
-8554
-9145
-9758
-9974
-9737
-9764
-9974
-9545
-8516
-7297
-6456
-5992
-4720
-3015
-2061
-1404
-385
561
1311
1672
1745
2032
2189
1898
1766
1505
1187
1406
1842
1779
1643
1868
2587
3163
2791
2681
3190
3316
2935
2290
1890
1537
889
327
486
722
599
973
1556
2116
2948
3861
4519
4942
4850
5099
5678
5154
4057
3335
2780
1951
1054
310
52
329
560
1210
2074
2489
3234
4491
4931
4818
4861
5306
5941
5208
3820
3286
2936
1789
216
-924
-1487
-2298
-3700
-5134
-6018
-6756
-7496
-8158
-9183
-10193
-10394
-10182
-9920
-9899
-9832
-8857
-7585
-6738
-5792
-4436
-3300
-2333
-1325
-237
840
1421
1743
2066
2222
2259
2511
2606
2199
1798
1978
2701
2779
2279
2134
2724
3104
3045
2912
2735
2682
2381
1982
1753
1288
800
636
644
610
919
1523
1975
2302
2705
3423
4187
4330
4053
4095
4092
3700
3322
2753
2012
1490
1025
732
378
193
971
2086
2491
2601
3281
4492
5192
4800
4212
4595
5158
4776
3813
2834
2417
1927
664
-723
-1462
-1989
-2948
-4335
-5893
-6713
-7095
-8083
-9380
-10352
-10922
-10639
-10372
-10593
-10465
-9740
-8678
-7321
-6173
-5331
-4095
-2683
-1568
-458
597
1550
2389
2591
2473
2676
2967
3046
2611
1928
2036
2642
2908
2562
2177
2488
3313
3593
3318
3103
3265
3311
3029
2530
2064
2009
1606
1231
1175
1225
1648
1977
1967
2019
2534
3288
3674
3522
3146
3338
3700
3578
3017
2450
2166
2068
1729
1313
1375
1975
2672
2919
2999
3407
4446
5214
4912
4133
3955
4610
4850
4032
2993
2551
2088
1103
-204
-1223
-1730
-2637
-4224
-5839
-6813
-7402
-8356
-9736
-10884
-11345
-11085
-10670
-10510
-10377
-9702
-8582
-7097
-5813
-4879
-3821
-2500
-1407
-439
679
1521
2116
2406
2442
2789
3330
3366
3068
2587
2289
2911
3511
3104
2574
2553
3123
3567
3353
2908
2977
3159
2823
2431
2277
2003
1689
1116
758
1029
1324
1364
1284
1264
1700
2427
2865
2868
2674
2779
3239
3490
3075
2713
2678
2536
2288
1929
1642
2161
2812
2850
2768
2953
3741
4663
4468
3478
3226
3796
4263
3903
2845
2054
1847
1228
-26
-1186
-1965
-2888
-4228
-5953
-7163
-7744
-8630
-9937
-11019
-11529
-11371
-10881
-10571
-10373
-9768
-8620
-7078
-5602
-4709
-3805
-2448
-1074
-23
924
1863
2653
2961
3071
3407
3882
3929
3502
2871
2724
3148
3566
3328
2717
2397
2924
3700
3613
3266
3171
3395
3401
3067
2783
2591
2165
1432
1017
1100
1197
1082
929
794
1117
1871
2480
2765
2588
2681
3383
3943
3801
3346
3287
3383
3175
2691
2407
2557
2905
3049
2917
2983
3425
4016
4094
3446
3021
3425
4135
3975
2988
2106
1932
1598
341
-1181
-2063
-2775
-4064
-5835
-7254
-8107
-8910
-9930
-11001
-11598
-11698
-11286
-10757
-10398
-10008
-8998
-7510
-6065
-5030
-3982
-2529
-1096
-130
819
1853
2835
3428
3503
3607
3981
4115
3885
3414
2819
2657
3018
3153
2675
2130
2320
3130
3492
3210
3095
3380
3428
3085
2822
2575
2233
1557
906
568
487
654
593
400
290
762
1772
2524
2621
2624
3274
4076
4417
4135
3976
3935
3642
3278
2999
2952
3123
3143
2945
2759
2856
3489
3892
3231
2380
2546
3430
3744
2939
1851
1373
1155
238
-1093
-2091
-3052
-4300
-5830
-7402
-8357
-8940
-9907
-10964
-11645
-11712
-11053
-10295
-10013
-9729
-8651
-7199
-5563
-4304
-3420
-2297
-987
71
1115
2122
2744
3252
3540
3498
3680
3945
3810
3261
2599
2477
3073
3442
2913
2391
2433
3140
3670
3541
3266
3262
3481
3522
3176
2675
2238
1777
1257
906
802
931
880
547
404
993
1954
2605
2757
2653
3202
4173
4763
4665
4147
4007
4111
3952
3510
3110
3207
3213
2890
2637
2622
3015
3328
2718
1902
1912
2730
3288
2653
1530
974
984
573
-767
-2051
-2915
-3947
-5294
-6840
-7985
-8669
-9646
-10868
-11652
-11762
-11275
-10618
-10259
-9927
-8898
-7408
-5822
-4654
-3915
-2700
-915
446
1174
1878
2691
3447
3777
3473
3404
3613
3590
3408
2884
2394
2574
2964
2821
2537
2605
3301
4023
3897
3424
3693
4013
3562
2922
2189
1536
1447
1071
406
-30
-111
147
597
525
556
1646
2698
2994
3228
3888
4645
5000
4688
4417
4638
4372
3650
3233
2744
2542
2780
2639
2074
1595
1947
2878
2791
1809
1452
2396
3157
2659
1745
1290
1009
198
-1166
-2058
-2858
-4126
-5609
-7121
-8240
-8990
-9599
-10495
-11374
-11958
-11388
-10183
-9593
-9406
-8558
-7121
-5533
-4125
-3170
-2019
-859
-30
991
2079
2723
3014
3281
3214
3122
3418
3616
3497
2763
2097
2632
3604
3551
2957
2844
3524
4284
4358
4198
4085
4005
3879
3600
3266
2635
2178
1672
1204
775
786
1186
1155
634
692
1798
2807
3185
3024
3371
4056
4629
4774
4592
4356
3884
3540
3285
2819
2559
2689
2521
1767
1279
1697
2546
2151
955
797
1836
2848
2442
1520
916
617
163
-777
-1822
-2795
-3949
-5383
-6862
-7951
-8702
-9469
-10494
-11487
-11898
-11337
-10467
-9949
-9650
-8884
-7432
-5680
-4236
-3307
-2300
-1028
91
1064
1857
2309
2732
3134
3134
3038
3186
3239
3138
2602
2184
2640
3603
3697
3223
3080
3738
4775
4921
4557
4321
4452
4335
3916
3392
2583
1922
1321
853
457
314
438
576
568
675
1598
2684
3274
3254
3444
4293
4969
4991
4378
3994
3711
3249
2720
2041
1772
1676
1442
1128
867
1132
1767
1869
1169
947
1835
2852
2667
1615
986
873
483
-724
-1997
-2935
-3963
-5418
-6936
-8041
-8842
-9626
-10507
-11206
-11617
-11246
-10360
-9643
-9264
-8580
-7218
-5505
-4149
-3337
-2358
-1044
136
965
1677
2290
2790
3080
3152
3081
3180
3329
3426
3169
2810
3094
3858
4089
3720
3496
4042
4805
4773
4406
4170
4155
4009
3566
3021
2515
2058
1621
1309
924
701
916
1126
1037
1145
1817
2693
3316
3221
3281
3937
4373
4405
4007
3670
3489
3180
2753
2223
2105
2018
1819
1373
1025
1384
2008
2008
1248
821
1316
2252
2206
1283
610
250
-189
-1059
-2105
-2908
-3773
-5076
-6699
-7785
-8493
-9213
-10097
-11018
-11511
-11161
-10386
-9696
-9220
-8699
-7577
-5821
-4294
-3394
-2375
-1047
190
1133
1892
2539
3178
3410
3261
3164
3431
3632
3606
3199
2585
2645
3395
3781
3586
3314
3607
4410
4635
4204
3847
3906
3812
3253
2637
2038
1640
1178
607
209
226
601
877
1004
1064
1642
2583
3444
3648
3649
4026
4506
4652
4264
3655
3382
2928
2244
1616
1405
1571
1439
983
576
911
1633
1832
1262
825
1186
2126
2476
1798
1014
570
170
-684
-1772
-2712
-3649
-4904
-6590
-7822
-8333
-8882
-9866
-10843
-11433
-11191
-10225
-9385
-9007
-8543
-7538
-5870
-4121
-3125
-2512
-1454
-205
836
1616
2189
2660
2966
2881
2891
3307
3676
3642
3158
2813
3114
3983
4299
3913
3408
3665
4535
4939
4662
4056
3915
4011
3838
3384
2857
2375
1894
1435
1253
1187
1315
1515
1411
1377
1935
2760
3312
3288
3140
3469
4051
4256
3834
3306
2913
2556
2210
1585
1278
1413
1390
1007
597
724
1322
1614
1014
546
860
1751
2108
1551
707
348
220
-446
-1454
-2406
-3355
-4422
-5867
-7263
-8114
-8707
-9585
-10543
-11252
-11260
-10486
-9725
-9419
-9061
-7999
-6494
-4830
-3752
-2947
-1890
-684
445
1344
2092
2612
2959
3059
3025
3274
3431
3427
3109
2711
2828
3534
4022
3819
3418
3555
4445
4990
4902
4507
4216
4232
4059
3622
2933
2351
1780
1209
948
731
776
957
913
829
1398
2280
2983
3273
3181
3465
4054
4270
4012
3528
3009
2480
2007
1359
816
655
526
337
152
128
675
1316
1171
834
1077
1889
2634
2480
1662
1174
951
373
-672
-1855
-2830
-3883
-5330
-6873
-7832
-8527
-9308
-10208
-10862
-11006
-10539
-9732
-9178
-8779
-8076
-6969
-5478
-4325
-3634
-2809
-1532
-139
733
1353
2107
2849
3366
3427
3393
3651
3899
3940
3705
3522
3687
4098
4122
3833
3715
4260
4753
4779
4443
4212
4366
4106
3628
3171
2571
2051
1819
1510
1038
814
993
1413
1532
1421
1951
2954
3417
3241
3466
3901
4058
3755
3312
2951
2500
1893
1341
883
348
257
614
520
94
121
936
1555
1120
668
1244
2333
2381
1728
1230
900
145
-930
-1767
-2531
-3635
-5078
-6357
-7477
-8424
-8955
-9516
-10275
-11061
-11062
-10079
-9152
-9033
-8837
-7707
-6334
-5052
-4062
-3121
-2027
-1013
-125
1017
1959
2293
2677
3138
3220
3322
3786
4090
3759
3144
3196
4055
4428
3923
3512
3918
4561
4828
4868
4665
4556
4354
4139
4071
3544
2791
2188
1758
1227
774
952
1111
791
401
879
1972
2705
2638
2708
3197
3591
3912
3721
3323
2811
2212
1775
1276
444
-56
62
-27
-430
-534
168
1165
1235
678
1044
2256
2965
2735
2055
1531
1263
627
-287
-1370
-2404
-3634
-4914
-6146
-7516
-8223
-8821
-9703
-10558
-11019
-10550
-9717
-9350
-9309
-8540
-7222
-5958
-4813
-3855
-2863
-1865
-839
266
1418
2014
2410
3030
3453
3579
3830
4160
4148
3701
3442
3962
4738
4682
4073
3970
4633
5246
5352
5182
4956
4875
4650
4453
3941
3063
2273
1640
1143
686
503
524
497
220
303
1204
2108
2448
2470
2737
3290
3780
3748
3445
3027
2405
2009
1534
821
-71
-597
-403
-316
-547
-384
375
1135
1253
1206
1722
2535
3052
2819
2199
1909
1526
700
-486
-1852
-2959
-4027
-5260
-6750
-8042
-8707
-9376
-10125
-10690
-10870
-10613
-10186
-9849
-9367
-8440
-7520
-6531
-5314
-4263
-3341
-2134
-959
74
1045
1749
2433
3115
3556
3697
4005
4120
3838
3671
3648
3837
4128
4185
3996
4173
4602
5100
5429
5263
5096
5115
4859
4424
3915
3283
2495
1538
745
491
477
138
-78
54
359
953
1666
2276
2707
2877
3188
3843
3992
3661
3204
2821
2355
1552
789
226
-6
-205
-337
-199
13
540
1285
1508
1572
2091
2878
3473
3100
2191
1833
1524
495
-991
-2185
-3183
-4388
-5859
-7316
-8117
-8842
-9816
-10333
-10470
-10764
-10544
-9853
-9289
-8691
-7907
-6906
-5479
-4294
-3632
-2646
-1398
-384
515
1388
2048
2597
3092
3422
3564
3674
3678
3777
3752
3458
3757
4360
4531
4384
4449
5044
5547
5587
5398
5325
5254
4879
4323
3772
3138
2200
1316
930
590
157
-85
-106
-27
303
904
1661
2397
2593
2751
3400
3874
3747
3437
3038
2599
2105
1229
382
-133
-543
-683
-610
-677
-444
381
1146
1298
1385
1955
2852
3258
2808
2169
1873
1350
220
-1090
-2306
-3436
-4663
-6027
-7415
-8447
-9191
-9846
-10378
-10817
-11069
-10631
-9842
-9252
-8738
-7869
-6726
-5319
-4107
-3094
-1950
-886
104
998
1909
2570
2884
3265
3467
3600
3777
3843
3827
3611
3649
4002
4509
4701
4559
4637
5135
5585
5645
5514
5290
4967
4386
3779
3160
2390
1358
349
-102
-279
-545
-690
-533
-252
227
997
1899
2638
2824
3078
3752
4271
4061
3465
3007
2463
1620
699
113
-301
-576
-705
-684
-338
288
1043
1574
1707
1871
2626
3488
3579
2810
2096
1643
968
-245
-1766
-2855
-3966
-5508
-6914
-7893
-8613
-9407
-10193
-10585
-10761
-10634
-9999
-9208
-8703
-8171
-7211
-5874
-4535
-3646
-2754
-1668
-548
281
1217
2257
2808
3058
3385
3791
4233
4318
4176
4075
3901
3974
4514
5028
4973
4668
4890
5485
5763
5687
5263
5028
4675
4047
3573
3073
2247
1159
365
59
-77
-214
-360
-348
-104
409
1237
2179
2488
2460
2903
3560
3862
3549
2994
2569
1957
1105
408
47
-185
-483
-695
-623
-188
479
1137
1336
1303
1646
2555
3291
2935
1993
1492
1227
540
-875
-2222
-3130
-4398
-5869
-7181
-8098
-8688
-9496
-10402
-10828
-10774
-10391
-9733
-9194
-8891
-8142
-6894
-5421
-4119
-3428
-2659
-1352
-131
780
1654
2234
2588
2901
3231
3566
3758
3650
3502
3560
3619
3889
4461
4735
4560
4556
5110
5870
5932
5471
5168
5055
4630
3946
3235
2499
1568
636
108
35
-314
-702
-632
-348
13
674
1559
2282
2648
2797
3475
4219
4056
3503
3149
2688
2026
1162
520
113
-202
-444
-462
-203
135
750
1466
1686
1752
2292
3253
3589
2839
2032
1743
1343
197
-1392
-2406
-3324
-4802
-6408
-7602
-8293
-9032
-9895
-10501
-10758
-10748
-10217
-9484
-8922
-8462
-7648
-6274
-4762
-3760
-2958
-1919
-847
-20
848
1886
2514
2692
3001
3416
3845
4065
3929
3922
3992
4142
4675
5259
5326
5060
5130
5665
6065
5929
5482
5227
4901
4249
3489
2829
2059
1132
311
-206
-344
-342
-439
-334
-49
387
1226
2028
2541
2714
2853
3304
3676
3449
2958
2405
1745
1084
405
-41
-230
-431
-614
-567
-277
300
1069
1367
1278
1444
2171
2996
3022
2074
1257
927
275
-1031
-2288
-3215
-4367
-5773
-7283
-8098
-8346
-9118
-10236
-10732
-10734
-10439
-9709
-9104
-8661
-8048
-7179
-5702
-4171
-3385
-2783
-1698
-545
526
1577
2297
2643
2852
3115
3613
4155
4173
3821
3746
3901
4266
4849
5161
4962
4644
5057
5763
6092
5741
5073
4831
4582
4003
3301
2736
1984
839
261
235
242
69
-273
-187
288
929
1674
2424
2599
2509
2868
3585
3828
3215
2385
1846
1464
790
164
-111
-287
-546
-705
-370
268
811
1230
1403
1579
2101
2993
3463
2951
2004
1510
1315
540
-900
-2126
-3083
-4337
-5850
-7091
-7670
-8243
-9417
-10388
-10494
-10270
-9962
-9499
-9010
-8574
-7797
-6534
-4935
-3749
-3226
-2522
-1205
-52
819
1544
1949
2324
2614
2911
3418
3695
3468
3378
3622
3999
4454
4852
4888
4713
4793
5505
6162
6135
5400
4954
4957
4656
4031
3168
2370
1465
584
286
259
49
-350
-497
-214
437
1094
1688
2251
2348
2392
2968
3512
3252
2555
1934
1539
1191
610
8
-259
-460
-599
-384
128
571
1010
1097
1194
1655
2229
2877
2826
2007
1357
1087
642
-488
-1845
-2959
-3963
-5179
-6609
-7616
-8167
-9101
-10152
-10567
-10692
-10446
-10035
-9577
-8902
-8223
-7302
-5834
-4348
-3466
-2836
-1844
-711
392
1239
1762
2195
2533
2886
3399
3755
3681
3561
3732
4064
4425
4964
5330
5285
5072
5311
6034
6328
5916
5264
4984
4846
4324
3523
2752
1945
967
363
343
353
-29
-318
-153
362
993
1608
2155
2466
2513
2789
3519
3741
3179
2356
1784
1525
1069
434
178
43
-205
-205
159
752
1241
1487
1448
1674
2237
2834
3179
2660
1778
1300
981
203
-1006
-2345
-3516
-4628
-5954
-7096
-7840
-8558
-9719
-10432
-10553
-10431
-10022
-9607
-9166
-8525
-7748
-6579
-5035
-4045
-3520
-2650
-1358
-212
732
1388
1724
2157
2458
2817
3395
3554
3488
3475
3718
4126
4698
5064
5091
5062
5158
5680
6241
6155
5475
5048
4782
4543
4126
3336
2455
1584
858
582
460
206
-196
-299
-81
410
1109
1547
1824
1888
1986
2582
3208
2988
2392
1831
1339
1156
696
265
29
-275
-284
-41
351
733
1011
1143
1240
1700
2355
2869
2831
2059
1489
1359
855
-217
-1522
-2755
-3887
-5048
-6358
-7435
-8253
-9408
-10380
-10731
-10791
-10540
-10135
-9825
-9258
-8438
-7431
-5965
-4694
-4012
-3170
-1750
-421
631
1432
1900
2454
2827
2932
3316
3623
3589
3599
3725
4005
4427
4778
5014
5223
5386
5858
6440
6559
6046
5512
5194
4822
4365
3401
2320
1565
892
397
170
9
-158
-126
55
384
1089
1622
2025
2287
2468
2694
3127
3171
2646
2094
1478
1206
966
435
-93
-204
-10
198
366
694
1289
1707
1742
1903
2386
2990
3184
2649
1945
1531
901
14
-893
-2067
-3386
-4517
-5612
-6788
-7692
-8547
-9368
-9860
-10339
-10532
-10061
-9572
-9331
-8826
-8031
-6932
-5567
-4540
-3704
-2698
-1672
-581
552
1327
1737
2240
2830
3278
3641
3857
3978
4011
4118
4384
4885
5240
5207
5100
5291
5711
5977
6055
5732
5338
5003
4724
4315
3536
2591
1702
1127
714
277
-26
-286
-505
-452
-60
453
928
1320
1494
1814
2346
2742
2752
2456
1900
1454
1278
901
402
70
-101
-119
-103
-40
437
957
907
804
1247
1910
2401
2490
1984
1381
984
511
-257
-1255
-2543
-3759
-4795
-5996
-7140
-8085
-9095
-9989
-10566
-10850
-10562
-10094
-9776
-9337
-8562
-7503
-6160
-4808
-3826
-2954
-1876
-715
555
1541
2067
2358
2727
3018
3335
3678
3768
3730
3724
4032
4600
5153
5348
5512
5731
6232
6737
6920
6751
6252
5717
5222
4801
4146
3173
2114
1239
735
488
251
-15
-249
-246
-14
591
1294
1701
1906
1933
2284
2825
2944
2670
2155
1518
1143
844
452
9
-392
-596
-484
-184
136
639
999
1100
1360
1867
2494
2882
2501
1790
1362
1009
244
-798
-2033
-3308
-4393
-5448
-6606
-7540
-8424
-9483
-10089
-10369
-10445
-10149
-9790
-9507
-8947
-8164
-7146
-5900
-4754
-3898
-2924
-1679
-601
494
1335
1815
2227
2737
3220
3658
3967
3930
3988
4242
4550
4866
5232
5490
5579
5822
6194
6481
6551
6224
5760
5472
5091
4554
3924
3162
2146
1284
846
512
132
-349
-593
-462
-208
141
741
1282
1407
1607
2170
2599
2656
2365
1885
1578
1176
643
354
138
-271
-576
-437
-136
209
533
736
892
1148
1531
2119
2402
1949
1342
1016
676
-178
-1408
-2563
-3656
-4822
-6084
-7127
-7917
-8906
-9952
-10483
-10543
-10427
-10183
-9771
-9235
-8564
-7632
-6389
-4955
-3939
-3166
-2146
-948
154
1011
1761
2167
2469
2923
3361
3789
3883
3800
3991
4373
4792
5243
5600
5830
5885
6157
6630
6839
6738
6338
5849
5413
4976
4328
3491
2558
1602
978
732
452
114
-177
-157
50
396
863
1270
1614
1752
1930
2368
2644
2416
2017
1605
1238
876
439
39
-425
-679
-550
-333
-92
206
561
945
1224
1483
1944
2450
2348
1789
1466
1077
459
-395
-1609
-2703
-3711
-4792
-5880
-6868
-7860
-8832
-9523
-9940
-10228
-10287
-10127
-9777
-9301
-8672
-7750
-6681
-5597
-4715
-3863
-2634
-1143
76
1006
1819
2494
3114
3671
3938
4045
4145
4241
4493
4819
5044
5104
5207
5294
5481
6009
6292
6358
6175
5799
5518
5192
4667
3888
2938
1899
1153
814
453
-108
-598
-736
-481
-126
236
679
1122
1420
1775
2340
2714
2681
2391
2010
1732
1406
989
693
346
-152
-258
108
391
476
538
884
1383
1634
1744
2063
2325
2030
1513
1196
636
-238
-1285
-2396
-3350
-4411
-5599
-6599
-7535
-8539
-9313
-9680
-9874
-10164
-10238
-9880
-9307
-8762
-8144
-7223
-6143
-5205
-4267
-3203
-2096
-1053
-113
865
1694
2191
2765
3395
3777
3958
4102
4326
4699
4939
5046
5333
5640
5701
5812
6091
6203
6219
6115
5819
5516
5192
4660
4015
3363
2551
1876
1500
1123
570
125
-122
-142
5
202
519
936
1265
1496
1920
2300
2404
2348
2115
1714
1416
1069
712
215
-131
-227
-118
81
184
403
764
1168
1394
1609
1980
2201
2088
1776
1354
805
81
-856
-1842
-2826
-3945
-4987
-6028
-7140
-8066
-8884
-9528
-9982
-10254
-10296
-10017
-9626
-9088
-8372
-7415
-6375
-5312
-4255
-3228
-2011
-842
170
1044
1736
2241
2809
3302
3601
3801
3912
4103
4314
4487
4760
5014
5204
5393
5622
5944
6196
6267
6128
5863
5529
5051
4447
3662
2758
1841
1102
597
177
-284
-685
-648
-461
-276
83
586
1028
1363
1696
2104
2474
2551
2405
2020
1732
1348
909
598
94
-164
-120
62
338
493
685
1177
1555
1729
1994
2321
2414
2051
1501
948
309
-643
-1856
-2865
-3872
-5020
-6107
-7138
-7959
-8705
-9461
-9907
-10020
-10046
-9869
-9424
-8867
-8267
-7441
-6538
-5524
-4583
-3693
-2513
-1248
-325
475
1457
2336
2981
3429
3790
4191
4521
4645
4871
5269
5369
5356
5580
5809
6008
6052
6079
6085
5971
5665
5342
5069
4550
3725
2993
2511
2012
1423
845
433
172
84
80
149
384
601
741
1141
1565
1727
1908
2030
1995
1813
1545
1335
1067
668
29
-196
0
-17
-96
13
276
724
1164
1343
1597
1821
1889
1843
1597
1014
333
-355
-1183
-2121
-3048
-4085
-5101
-6235
-7443
-8129
-8554
-9149
-9738
-10045
-9962
-9589
-9225
-8735
-8028
-7328
-6571
-5301
-4005
-3022
-2119
-1079
7
1019
1773
2348
3124
3624
3781
4066
4406
4565
4615
4625
4799
5148
5376
5512
5596
5689
5844
5920
5902
5643
5250
4824
4382
3807
3124
2449
1769
1131
660
175
-150
-264
-432
-469
-264
141
488
914
1163
1446
1941
2223
2251
2061
1698
1280
927
619
215
-59
-60
-114
-50
61
221
564
786
854
1055
1492
1782
1647
1262
799
297
-351
-1322
-2253
-3208
-4389
-5419
-6433
-7389
-8158
-8978
-9618
-9873
-9996
-9873
-9359
-8795
-8247
-7460
-6542
-5507
-4334
-3292
-2301
-1153
-156
733
1696
2349
2762
3145
3509
3887
4270
4480
4618
4826
4951
5169
5515
5846
6063
6211
6330
6408
6451
6177
5638
5173
4646
3920
3169
2549
1949
1271
732
370
264
175
-30
-58
199
484
715
1117
1396
1564
1641
1793
1921
1800
1409
988
727
411
11
-273
-181
-107
-165
38
401
821
1158
1218
1349
1615
1847
1901
1638
1067
386
-220
-961
-1981
-3012
-3949
-4897
-5952
-6961
-7738
-8318
-9026
-9614
-9876
-9864
-9619
-9286
-8886
-8317
-7522
-6609
-5434
-4314
-3433
-2446
-1309
-105
891
1580
2158
2735
3264
3652
3989
4238
4328
4424
4613
4827
5095
5350
5541
5631
5751
6008
6219
6171
5867
5410
5088
4761
4204
3538
2913
2241
1650
1215
674
237
-50
-229
-313
-203
22
359
805
1023
1206
1620
1866
1855
1720
1395
1042
686
377
64
-224
-443
-516
-365
-170
-8
258
550
850
1071
1398
1794
1841
1524
1081
669
79
-733
-1682
-2657
-3644
-4712
-5797
-6726
-7564
-8451
-9174
-9603
-9823
-9768
-9608
-9257
-8734
-8056
-7175
-6024
-4762
-3810
-2921
-1761
-662
352
1152
1651
2106
2582
3096
3501
3822
4013
4100
4365
4751
5066
5444
5695
5918
6139
6345
6619
6742
6419
5978
5578
5121
4691
4079
3233
2456
1973
1504
1155
792
349
144
132
237
611
940
1092
1397
1621
1762
1920
1945
1730
1367
1005
606
363
158
-157
-262
-256
-203
-53
198
483
740
820
938
1257
1457
1388
1030
513
55
-528
-1365
-2289
-3166
-4183
-5172
-6058
-7068
-7867
-8601
-9331
-9695
-9779
-9778
-9543
-9058
-8636
-7964
-7014
-6037
-4946
-3930
-3141
-2120
-986
-39
872
1603
2035
2528
3016
3429
3744
3998
4129
4288
4615
4817
5086
5413
5530
5591
5727
5884
6010
5932
5651
5261
4986
4663
4234
3609
2895
2304
1788
1426
1071
753
485
319
251
404
721
867
997
1095
1216
1509
1725
1681
1481
1171
787
632
491
116
-70
-112
-118
-1
211
478
619
739
810
1088
1443
1536
1366
954
446
-25
-550
-1308
-2143
-3105
-4191
-5211
-6170
-7062
-7920
-8765
-9360
-9690
-9758
-9648
-9343
-8920
-8389
-7590
-6594
-5516
-4548
-3612
-2537
-1213
-151
765
1600
2196
2749
3145
3462
3787
3976
4155
4411
4621
4770
4912
5185
5390
5678
5951
6196
6339
6232
5977
5611
5234
4758
4235
3496
2675
2140
1673
1312
934
577
502
599
675
694
982
1174
1273
1377
1463
1548
1566
1425
1201
962
610
419
310
-15
-260
-235
-40
80
89
335
701
880
815
880
1150
1281
1138
802
315
-229
-934
-1709
-2438
-3343
-4384
-5331
-6188
-7011
-7801
-8418
-8979
-9352
-9680
-9707
-9292
-8992
-8608
-7930
-7069
-6144
-5063
-4024
-3035
-1966
-986
-33
1007
1754
2315
2953
3354
3600
3949
4189
4392
4522
4602
4769
5106
5314
5346
5482
5642
5822
6001
5930
5613
5451
5224
4904
4416
3752
3138
2621
2089
1525
1119
796
496
332
229
343
587
724
941
1142
1343
1624
1814
1761
1538
1306
1046
799
434
113
19
-75
-181
-192
27
347
554
588
715
1023
1244
1363
1282
881
408
-24
-608
-1356
-2255
-3291
-4229
-5164
-6257
-7196
-7905
-8792
-9458
-9749
-9892
-9670
-9319
-8958
-8314
-7473
-6546
-5358
-4146
-3219
-2212
-1133
-189
671
1411
1913
2389
2858
3120
3423
3767
3977
4100
4301
4603
4944
5291
5491
5681
5988
6279
6390
6454
6228
5751
5378
4961
4422
3768
3038
2396
1927
1559
1145
905
735
598
535
679
984
1166
1339
1381
1448
1653
1792
1702
1512
1209
838
620
395
146
57
-55
-77
6
192
470
702
842
894
1108
1309
1308
1118
636
30
-589
-1212
-1969
-2849
-3820
-4846
-5770
-6628
-7391
-8144
-8919
-9501
-9749
-9799
-9649
-9323
-8961
-8468
-7778
-6954
-5802
-4659
-3848
-3027
-2040
-912
155
1030
1632
2183
2713
3104
3502
3824
3980
4164
4384
4601
4921
5232
5350
5402
5515
5736
5955
6127
6004
5641
5460
5242
4897
4422
3760
3128
2642
2170
1753
1480
1141
777
697
690
786
961
1185
1245
1286
1458
1640
1750
1574
1236
983
854
586
251
140
4
-157
-202
-131
184
418
501
511
693
1086
1216
1158
843
352
-52
-497
-1212
-2060
-2983
-3969
-4944
-5868
-6694
-7466
-8212
-8936
-9526
-9717
-9629
-9355
-8917
-8415
-7797
-6906
-5804
-4646
-3593
-2801
-1945
-830
196
1012
1634
2163
2632
3010
3435
3786
4040
4209
4324
4513
4930
5356
5532
5605
5709
5861
6122
6284
6177
5835
5503
5055
4620
4246
3722
3141
2592
2136
1801
1633
1351
1051
921
842
918
1252
1404
1323
1255
1269
1418
1469
1279
1017
715
448
267
96
35
-34
-217
-251
-105
143
319
488
519
509
771
928
846
510
-77
-603
-1087
-1821
-2585
-3350
-4304
-5356
-6256
-6978
-7609
-8237
-8933
-9426
-9594
-9588
-9377
-9106
-8775
-8219
-7459
-6462
-5288
-4268
-3481
-2539
-1484
-462
491
1242
1834
2325
2758
3197
3619
3878
4059
4271
4426
4619
4982
5267
5406
5475
5617
5888
6106
6024
5775
5588
5363
5140
4798
4329
3783
3248
2779
2353
2016
1678
1355
1156
945
902
1033
1187
1280
1343
1430
1664
1881
1796
1650
1392
1151
980
769
587
454
272
117
96
191
315
396
358
262
439
664
683
456
66
-359
-812
-1338
-2000
-2719
-3610
-4617
-5554
-6387
-7164
-7862
-8569
-9135
-9412
-9472
-9341
-8935
-8535
-8052
-7356
-6451
-5409
-4238
-3222
-2216
-1195
-292
702
1552
2138
2523
2819
3040
3380
3776
3927
3974
4029
4174
4574
4951
5133
5240
5413
5566
5772
5875
5653
5436
5115
4630
4235
3868
3489
3060
2559
2036
1834
1820
1657
1525
1345
1270
1416
1586
1611
1588
1518
1494
1534
1510
1321
1077
772
543
397
357
505
471
212
69
191
334
386
276
142
155
186
72
-224
-560
-1128
-1747
-2350
-2971
-3593
-4330
-5286
-6276
-6938
-7539
-8008
-8416
-8920
-9272
-9219
-8910
-8517
-8013
-7491
-6962
-6025
-4996
-4069
-3071
-2234
-1528
-610
318
1068
1739
2208
2499
2783
3115
3427
3767
3946
3946
4106
4514
4824
4975
5044
5135
5351
5560
5761
5761
5704
5529
5202
5034
4802
4454
3925
3427
2943
2526
2250
1923
1590
1320
1158
1158
1419
1474
1416
1503
1573
1653
1730
1643
1440
1190
946
718
676
531
236
-56
-261
-238
-182
-141
-203
-242
-197
-123
-21
-125
-400
-727
-1231
-1735
-2234
-2864
-3604
-4573
-5624
-6360
-7005
-7697
-8269
-8792
-9107
-9093
-8817
-8427
-7929
-7365
-6756
-5818
-4801
-3887
-2831
-1871
-1156
-364
452
1179
1728
1951
2061
2321
2744
3108
3381
3585
3728
3994
4423
4915
5313
5415
5502
5604
5662
5650
5462
5196
4799
4317
3910
3720
3554
3144
2724
2379
2169
2227
2188
1949
1910
1898
1842
1964
1973
1743
1545
1435
1338
1216
977
683
492
274
-81
-90
75
23
-227
-259
10
220
347
216
201
209
134
20
-251
-668
-1256
-1816
-2294
-2877
-3503
-4159
-4871
-5685
-6441
-6933
-7313
-7677
-8087
-8421
-8405
-8126
-7957
-7666
-7150
-6706
-6103
-5256
-4485
-3691
-2831
-2165
-1394
-570
161
857
1543
1929
2226
2745
3150
3437
3635
3687
3876
4215
4399
4641
4887
4985
5078
5237
5299
5327
5394
5319
5185
5000
4843
4741
4460
3964
3557
3271
2971
2717
2446
2087
1830
1662
1612
1651
1587
1447
1445
1501
1481
1482
1449
1333
1131
898
857
898
694
341
103
-26
-141
-267
-501
-604
-618
-737
-768
-899
-1124
-1461
-1879
-2269
-2681
-3207
-3812
-4471
-5298
-6029
-6628
-7163
-7655
-8148
-8446
-8497
-8247
-7918
-7513
-6976
-6300
-5419
-4538
-3675
-2854
-2078
-1373
-743
-126
349
795
1206
1434
1693
2049
2408
2701
2900
3102
3476
3892
4268
4579
4783
4930
5109
5279
5306
5345
5296
5018
4835
4645
4280
4080
3795
3460
3215
2951
2708
2584
2475
2254
2172
2155
2063
2054
1987
1885
1801
1660
1402
1147
883
617
385
161
-35
-148
-277
-338
-443
-455
-421
-422
-468
-511
-496
-530
-663
-962
-1334
-1710
-2143
-2671
-3179
-3770
-4452
-5115
-5742
-6283
-6724
-7161
-7501
-7673
-7793
-7763
-7480
-7118
-6762
-6292
-5763
-5072
-4403
-3868
-3145
-2225
-1445
-805
-185
368
970
1435
1635
1853
2334
2733
3057
3368
3603
3833
4089
4379
4632
4782
4845
4980
4981
4814
4681
4585
4488
4327
4058
3865
3908
3851
3655
3519
3402
3351
3267
3129
2947
2792
2612
2408
2364
2186
1921
1786
1550
1269
1112
948
832
672
317
119
256
302
113
-23
-47
21
-6
-205
-419
-512
-704
-977
-1134
-1377
-1789
-2215
-2626
-3041
-3469
-3981
-4476
-4988
-5605
-6040
-6297
-6596
-6967
-7328
-7446
-7256
-7045
-6778
-6379
-5902
-5432
-4838
-4035
-3379
-2750
-2129
-1486
-791
-202
319
887
1280
1500
1830
2319
2686
2902
3064
3265
3652
3892
4070
4247
4367
4477
4610
4863
4999
5056
4987
4901
4867
4716
4587
4344
4065
3707
3409
3186
2926
2622
2234
2060
1994
1812
1779
1730
1571
1421
1319
1269
1256
1128
904
702
454
193
-12
-155
-425
-697
-904
-960
-923
-944
-1090
-1163
-1058
-1031
-1090
-1186
-1366
-1682
-1987
-2376
-2811
-3338
-4005
-4626
-5198
-5728
-6204
-6583
-6981
-7265
-7427
-7317
-6987
-6623
-6183
-5697
-5108
-4407
-3729
-3157
-2548
-2012
-1533
-1014
-475
-40
285
639
936
1263
1653
2057
2466
2815
3170
3662
4154
4585
4876
5080
5293
5447
5458
5395
5376
5184
4949
4809
4560
4392
4190
3874
3577
3342
3112
2938
2838
2645
2471
2347
2295
2207
2094
1892
1751
1606
1413
1203
890
514
141
-112
-311
-469
-600
-744
-803
-822
-777
-631
-501
-446
-472
-502
-552
-566
-770
-1152
-1485
-1809
-2224
-2722
-3185
-3713
-4271
-4815
-5284
-5657
-6031
-6363
-6534
-6540
-6522
-6354
-6121
-5848
-5566
-5182
-4728
-4231
-3709
-3257
-2786
-2250
-1717
-1141
-607
-165
279
713
1118
1608
2098
2467
2849
3191
3590
3958
4191
4419
4626
4775
4893
5088
5161
5123
5121
5018
4904
4876
4764
4605
4459
4199
3891
3668
3396
3055
2760
2450
2153
1965
1741
1485
1336
1160
958
858
774
595
361
170
-76
-253
-430
-673
-846
-1009
-1118
-1230
-1300
-1373
-1413
-1408
-1421
-1393
-1381
-1405
-1577
-1796
-2024
-2300
-2670
-3096
-3550
-4019
-4393
-4769
-5227
-5549
-5822
-6110
-6200
-6179
-6145
-5961
-5654
-5376
-4982
-4466
-3977
-3494
-2948
-2513
-2018
-1508
-1060
-617
-183
221
570
1021
1424
1828
2185
2503
2833
3200
3516
3851
4178
4400
4616
4860
5048
5133
5194
5192
5131
5099
5038
4897
4735
4516
4249
3948
3703
3402
3132
2883
2620
2369
2170
2042
1841
1674
1534
1367
1213
1084
941
803
604
398
177
-38
-327
-548
-673
-837
-987
-1111
-1170
-1229
-1275
-1270
-1257
-1227
-1283
-1458
-1603
-1762
-1999
-2337
-2710
-3159
-3557
-4010
-4493
-4887
-5303
-5632
-5854
-5971
-6028
-5930
-5768
-5572
-5250
-4786
-4366
-3953
-3471
-3039
-2563
-2072
-1648
-1291
-846
-497
-170
226
552
888
1270
1673
2094
2514
2903
3260
3677
3978
4198
4489
4640
4807
4990
5083
5171
5203
5124
4989
4824
4648
4401
4105
3779
3454
3172
2838
2554
2353
2114
1893
1699
1560
1440
1377
1280
1150
1004
785
544
287
27
-220
-360
-567
-816
-1003
-1131
-1280
-1414
-1534
-1634
-1744
-1805
-1864
-1936
-2013
-2231
-2388
-2580
-2794
-3004
-3211
-3507
-3872
-4237
-4503
-4726
-4925
-5071
-5232
-5220
-5147
-4966
-4721
-4458
-4132
-3777
-3378
-3023
-2662
-2343
-2038
-1718
-1438
-1103
-739
-495
-221
88
470
870
1215
1535
1960
2354
2725
3176
3545
3825
4062
4301
4513
4706
4875
4919
5036
5055
4972
4997
4940
4793
4604
4464
4273
4034
3779
3445
3194
2948
2769
2605
2474
2272
2074
1946
1734
1508
1251
926
587
262
-27
-326
-579
-928
-1279
-1503
-1701
-1829
-1956
-2090
-2138
-2088
-2073
-2075
-2050
-2033
-2061
-2121
-2257
-2393
-2533
-2758
-3021
-3256
-3550
-3818
-4063
-4311
-4494
-4615
-4680
-4693
-4665
-4603
-4509
-4293
-4029
-3746
-3487
-3188
-2902
-2630
-2300
-1945
-1613
-1303
-990
-737
-388
-12
354
734
1105
1419
1796
2241
2597
2983
3291
3538
3807
4059
4282
4482
4652
4799
4876
5000
5031
4994
4891
4740
4539
4293
4044
3771
3506
3222
2909
2663
2426
2197
1952
1742
1579
1385
1205
1020
805
587
375
105
-162
-443
-800
-1038
-1253
-1505
-1665
-1831
-1966
-2076
-2117
-2201
-2238
-2181
-2218
-2263
-2240
-2262
-2357
-2452
-2607
-2769
-2912
-3092
-3265
-3462
-3653
-3831
-3933
-4015
-4074
-4048
-4031
-3942
-3804
-3694
-3492
-3289
-3132
-2899
-2675
-2439
-2203
-1943
-1676
-1373
-1049
-783
-465
-39
357
709
1172
1593
2044
2470
2848
3250
3585
3883
4215
4547
4829
5080
5242
5323
5400
5425
5344
5235
5083
4903
4687
4519
4276
3980
3714
3398
3121
2902
2645
2370
2096
1784
1507
1254
925
626
332
15
-292
-598
-855
-1102
-1354
-1629
-1839
-2037
-2156
-2294
-2400
-2443
-2481
-2513
-2515
-2552
-2647
-2672
-2701
-2752
-2763
-2810
-2855
-2908
-3025
-3117
-3254
-3343
-3483
-3601
-3673
-3702
-3676
-3682
-3659
-3644
-3590
-3453
-3331
-3176
-2980
-2826
-2619
-2382
-2140
-1878
-1569
-1325
-1004
-628
-253
173
623
1015
1393
1825
2296
2684
3082
3513
3867
4231
4519
4751
4990
5153
5242
5333
5390
5350
5229
5125
4943
4761
4596
4339
4067
3796
3485
3168
2895
2557
2198
1867
1530
1215
905
638
321
17
-282
-599
-878
-1131
-1415
-1694
-1904
-2112
-2317
-2423
-2536
-2624
-2766
-2854
-2909
-2988
-3020
-3057
-3078
-3070
-3031
-3047
-3008
-2992
-3006
-2994
-3001
-2988
-2981
-2923
-2852
-2787
-2675
-2545
-2495
-2394
-2305
-2192
-2076
-1998
-1941
-1884
-1760
-1629
-1499
-1361
-1185
-962
-744
-514
-222
98
396
693
1011
1328
1677
1971
2228
2473
2716
2973
3257
3498
3708
3913
4044
4190
4286
4387
4444
4404
4354
4287
4182
4007
3803
3616
3419
3181
3022
2785
2541
2249
1957
1678
1353
1063
751
478
154
-137
-399
-654
-926
-1150
-1385
-1582
-1700
-1848
-2001
-2097
-2158
-2324
-2423
-2472
-2563
-2566
-2599
-2611
-2609
-2600
-2572
-2575
-2566
-2568
-2533
-2491
-2477
-2487
-2456
-2410
-2346
-2311
-2262
-2170
-2094
-2003
-1925
-1834
-1723
-1594
-1465
-1431
-1300
-1200
-1112
-984
-854
-711
-556
-350
-171
81
278
454
661
854
1126
1385
1636
1902
2136
2318
2518
2711
2854
2974
3129
3225
3301
3344
3296
3247
3167
3070
2973
2876
2795
2655
2502
2400
2299
2187
2048
1874
1689
1513
1296
1107
861
594
280
-11
-237
-497
-713
-960
-1159
-1341
-1503
-1612
-1677
-1756
-1848
-1864
-1871
-1854
-1891
-1946
-1998
-2087
-2149
-2198
-2220
-2304
-2321
-2322
-2333
-2289
-2259
-2196
-2128
-2065
-1944
-1819
-1712
-1635
-1582
-1529
-1493
-1414
-1389
-1332
-1249
-1218
-1172
-1112
-1039
-908
-720
-596
-502
-287
-49
157
393
629
832
1067
1277
1438
1685
1895
2073
2232
2421
2570
2683
2803
2830
2905
3010
3046
3016
2987
2917
2894
2847
2716
2672
2596
2506
2389
2309
2196
1996
1811
1554
1344
1122
888
659
413
164
-65
-262
-457
-652
-874
-1025
-1162
-1317
-1423
-1552
-1616
-1675
-1729
-1811
-1876
-1924
-1988
-2007
-1993
-2004
-2002
-1986
-1994
-1970
-1884
-1842
-1748
-1677
-1615
-1519
-1437
-1381
-1347
-1339
-1349
-1376
-1415
-1446
-1473
-1494
-1457
-1412
-1368
-1268
-1232
-1145
-1064
-927
-799
-633
-443
-290
-109
74
296
527
726
914
1127
1347
1554
1734
1900
2054
2180
2305
2428
2518
2618
2673
2703
2732
2684
2649
2632
2571
2504
2408
2289
2147
2005
1843
1695
1517
1338
1096
857
657
372
108
-113
-347
-566
-767
-991
-1163
-1341
-1487
-1595
-1666
-1700
-1760
-1810
-1833
-1877
-1918
-1927
-1929
-1928
-1903
-1864
-1810
-1702
-1665
-1615
-1493
-1396
-1291
-1209
-1095
-1016
-938
-873
-823
-774
-787
-789
-765
-738
-694
-674
-703
-672
-658
-617
-550
-510
-470
-397
-282
-210
-82
45
172
343
485
655
818
987
1193
1346
1570
1764
1903
2086
2289
2423
2516
2600
2649
2686
2704
2704
2711
2727
2699
2602
2463
2287
2052
1846
1669
1505
1395
1249
1062
860
630
359
75
-211
-502
-756
-944
-1122
-1283
-1437
-1616
-1752
-1871
-1946
-1947
-1915
-1889
-1821
-1789
-1821
-1838
-1862
-1924
-1903
-1855
-1827
-1768
-1688
-1589
-1462
-1345
-1211
-1107
-976
-902
-871
-814
-753
-688
-671
-647
-589
-590
-609
-617
-659
-631
-594
-569
-535
-500
-485
-439
-280
-171
-85
51
124
208
307
389
540
681
784
941
1074
1210
1328
1470
1640
1809
1921
1987
2054
2142
2212
2297
2320
2263
2237
2189
2091
1973
1875
1749
1575
1435
1330
1182
1006
810
619
484
306
110
-41
-273
-401
-578
-806
-974
-1150
-1244
-1373
-1447
-1528
-1617
-1678
-1743
-1806
-1865
-1847
-1790
-1748
-1716
-1636
-1589
-1449
-1341
-1217
-1058
-976
-851
-755
-674
-607
-582
-545
-526
-546
-548
-507
-491
-466
-467
-490
-455
-444
-418
-391
-333
-280
-203
-120
-82
-40
-18
30
66
128
207
300
407
513
645
777
937
1074
1207
1350
1508
1680
1808
1909
1969
2005
2039
2041
2016
2032
2011
1961
1896
1805
1717
1630
1566
1467
1353
1208
1074
941
757
594
453
287
107
-91
-297
-500
-652
-852
-993
-1136
-1264
-1361
-1459
-1488
-1576
-1629
-1692
-1695
-1678
-1648
-1614
-1640
-1575
-1496
-1472
-1405
-1369
-1300
-1222
-1173
-1099
-1049
-1031
-938
-849
-829
-790
-733
-691
-617
-571
-546
-548
-561
-543
-536
-531
-481
-447
-400
-364
-342
-301
-257
-214
-139
-59
2
116
187
313
460
581
730
860
983
1118
1222
1310
1420
1519
1617
1695
1727
1752
1775
1808
1815
1828
1847
1832
1781
1757
1749
1742
1642
1532
1427
1308
1151
978
780
599
424
227
23
-197
-343
-534
-705
-869
-987
-1112
-1211
-1293
-1390
-1423
-1479
-1515
-1538
-1524
-1499
-1495
-1477
-1472
-1455
-1411
-1343
-1223
-1137
-1017
-914
-836
-777
-725
-623
-580
-519
-477
-427
-367
-383
-386
-419
-456
-463
-435
-411
-395
-380
-414
-436
-416
-368
-346
-269
-196
-125
-15
55
157
265
344
435
530
653
818
946
1050
1201
1345
1462
1560
1655
1707
1779
1798
1827
1867
1857
1860
1881
1881
1898
1885
1855
1745
1574
1423
1253
1084
922
755
622
462
265
104
-98
-271
-442
-629
-777
-947
-1105
-1227
-1313
-1371
-1401
-1419
-1459
-1469
-1457
-1450
-1446
-1432
-1421
-1409
-1332
-1272
-1224
-1142
-1090
-1042
-975
-938
-911
-842
-795
-779
-766
-709
-674
-658
-668
-670
-628
-644
-590
-563
-618
-645
-624
-632
-654
-636
-592
-571
-509
-459
-374
-262
-144
-35
65
203
380
578
702
855
1022
1168
1278
1367
1440
1496
1563
1600
1641
1690
1707
1763
1768
1812
1826
1810
1710
1595
1540
1460
1364
1248
1159
973
815
649
462
263
49
-134
-338
-489
-619
-729
-798
-825
-909
-946
-974
-1013
-1058
-1092
-1123
-1167
-1136
-1091
-1046
-976
-965
-930
-875
-841
-774
-703
-653
-636
-552
-500
-437
-381
-346
-327
-302
-296
-341
-397
-426
-406
-440
-528
-557
-587
-641
-667
-691
-663
-629
-595
-518
-458
-391
-306
-228
-122
-36
121
280
421
541
656
790
918
1028
1113
1229
1382
1438
1476
1541
1631
1704
1764
1773
1739
1779
1765
1753
1679
1602
1555
1465
1346
1223
1071
904
720
516
350
162
-16
-191
-336
-422
-510
-647
-764
-889
-983
-1018
-1086
-1107
-1097
-1106
-1129
-1191
-1192
-1199
-1172
-1142
-1133
-1088
-1038
-1004
-958
-925
-867
-811
-757
-734
-723
-679
-640
-614
-623
-628
-651
-633
-664
-658
-688
-720
-773
-816
-828
-823
-802
-800
-799
-798
-734
-667
-599
-543
-432
-325
-207
-57
97
212
330
483
653
774
900
1014
1097
1191
1274
1356
1435
1504
1534
1595
1623
1703
1704
1689
1680
1681
1653
1546
1465
1383
1265
1134
993
854
754
595
441
297
129
6
-111
-240
-390
-500
-507
-558
-652
-742
-820
-854
-899
-938
-964
-980
-1003
-1021
-1030
-1024
-948
-942
-933
-887
-843
-739
-663
-652
-594
-534
-521
-499
-462
-448
-422
-399
-429
-391
-380
-373
-369
-420
-415
-437
-434
-415
-424
-401
-373
-341
-324
-247
-176
-121
-51
19
62
185
285
408
540
652
793
865
968
1006
1097
1186
1233
1279
1294
1354
1370
1386
1387
1372
1374
1368
1346
1386
1356
1290
1230
1123
1037
933
822
699
566
409
283
152
12
-144
-293
-380
-476
-597
-702
-750
-830
-874
-930
-992
-1040
-1111
-1100
-1115
-1133
-1061
-1037
-1051
-1010
-1032
-1028
-1005
-990
-947
-922
-848
-847
-828
-792
-767
-700
-655
-666
-636
-607
-635
-650
-695
-705
-692
-689
-693
-680
-634
-574
-549
-527
-496
-461
-440
-357
-276
-204
-69
78
170
237
319
392
483
563
671
755
857
946
1009
1095
1167
1228
1273
1319
1351
1379
1426
1488
1492
1476
1515
1444
1396
1339
1287
1224
1088
970
826
711
559
439
333
242
149
8
-81
-171
-262
-373
-453
-509
-576
-599
-621
-667
-719
-757
-754
-749
-747
-763
-755
-739
-774
-803
-802
-757
-743
-733
-713
-674
-600
-558
-534
-518
-501
-493
-488
-492
-477
-477
-509
-488
-490
-510
-515
-509
-502
-515
-483
-423
-387
-359
-325
-274
-219
-211
-104
24
114
209
328
424
519
601
694
778
834
873
938
1047
1088
1147
1169
1199
1208
1232
1265
1262
1252
1253
1269
1222
1173
1098
1042
965
843
726
585
477
346
249
133
22
-71
-146
-230
-356
-414
-487
-574
-647
-704
-756
-796
-800
-860
-895
-905
-908
-891
-883
-846
-866
-857
-829
-789
-810
-798
-747
-734
-691
-707
-683
-658
-668
-630
-625
-624
-611
-671
-725
-702
-724
-727
-700
-714
-676
-621
-611
-594
-565
-530
-485
-454
-401
-332
-241
-163
-73
-5
84
196
298
430
537
635
759
862
926
983
1040
1103
1160
1196
1223
1283
1308
1303
1317
1330
1349
1304
1238
1191
1180
1162
1066
997
879
784
692
613
514
432
358
268
179
101
34
-49
-100
-196
-258
-294
-310
-319
-354
-393
-441
-456
-490
-489
-485
-487
-491
-528
-538
-526
-535
-570
-533
-545
-560
-565
-595
-606
-631
-610
-635
-647
-641
-683
-664
-659
-670
-663
-667
-639
-650
-675
-667
-663
-639
-591
-580
-547
-497
-400
-336
-242
-151
-93
46
140
257
372
438
524
582
623
677
717
772
825
888
904
980
1016
1065
1092
1117
1104
1060
1071
1062
1024
969
922
856
798
695
598
518
441
329
241
149
36
-72
-180
-235
-291
-343
-403
-424
-457
-497
-525
-552
-591
-634
-646
-678
-719
-736
-719
-698
-694
-674
-659
-687
-668
-663
-676
-689
-673
-645
-632
-575
-545
-550
-540
-565
-563
-580
-568
-537
-526
-489
-447
-424
-427
-429
-414
-383
-351
-286
-246
-198
-141
-63
-12
46
125
158
248
319
383
455
515
570
628
711
755
809
850
902
925
953
955
985
961
993
1013
983
958
889
858
820
825
785
748
704
646
590
571
471
386
321
242
170
113
55
13
-75
-179
-216
-267
-325
-388
-406
-393
-362
-393
-431
-430
-401
-398
-427
-426
-439
-465
-513
-515
-486
-504
-491
-512
-469
-450
-415
-403
-429
-463
-506
-500
-504
-477
-477
-455
-418
-442
-430
-399
-416
-363
-374
-341
-285
-257
-205
-195
-157
-94
-48
11
61
143
202
247
266
292
336
380
413
436
484
531
593
617
651
681
718
737
725
711
707
708
671
642
609
608
588
580
518
483
434
366
301
227
147
77
19
-45
-107
-175
-216
-253
-309
-350
-377
-412
-450
-493
-511
-536
-548
-575
-562
-580
-629
-611
-635
-619
-606
-612
-609
-588
-556
-581
-592
-551
-553
-504
-441
-415
-381
-396
-397
-395
-375
-341
-316
-288
-295
-297
-271
-205
-182
-131
-77
-42
25
57
95
170
206
238
282
346
395
453
460
507
500
527
567
581
605
651
667
649
682
690
714
699
717
716
715
702
671
647
638
591
526
520
460
452
389
356
316
259
214
125
93
43
-4
-82
-135
-162
-190
-222
-245
-246
-268
-281
-330
-370
-376
-416
-422
-411
-423
-426
-430
-444
-471
-454
-450
-432
-421
-412
-392
-409
-377
-369
-356
-350
-301
-286
-264
-257
-278
-260
-293
-281
-265
-204
-184
-147
-116
-88
-24
-7
18
34
76
114
145
151
206
261
282
271
288
332
372
393
390
413
441
437
448
472
493
520
534
540
549
528
501
450
418
374
332
309
246
205
176
158
103
85
11
-36
-61
-106
-122
-160
-195
-247
-282
-359
-382
-425
-459
-500
-552
-542
-531
-554
-554
-559
-566
-538
-512
-484
-489
-426
-407
-400
-385
-384
-365
-363
-329
-323
-276
-235
-223
-229
-241
-195
-199
-196
-191
-187
-162
-136
-98
-89
-62
-61
-47
-51
-5
22
62
105
101
123
140
202
215
247
287
334
370
381
443
409
424
474
467
500
532
578
589
615
595
600
603
589
564
573
575
524
460
402
354
326
318
288
261
229
168
98
23
-13
0
-52
-75
-113
-135
-179
-218
-228
-292
-318
-311
-328
-353
-367
-364
-374
-361
-336
-356
-342
-326
-315
-268
-225
-189
-186
-171
-128
-121
-86
-94
-118
-93
-84
-110
-99
-109
-91
-70
-63
-55
-65
-53
-40
-37
5
27
20
18
-9
-14
8
2
2
25
25
28
43
38
49
75
86
102
117
157
184
205
217
215
242
241
275
303
323
338
333
296
286
247
205
224
225
196
168
178
140
124
89
47
22
1
-27
-53
-68
-98
-117
-151
-179
-201
-248
-301
-349
-394
-435
-453
-474
-492
-525
-480
-468
-454
-454
-434
-412
-407
-384
-397
-358
-366
-331
-295
-294
-263
-232
-181
-138
-153
-160
-104
-107
-102
-63
-2
38
19
43
27
16
21
49
97
119
106
104
124
152
193
233
242
243
279
292
334
353
326
326
338
337
348
366
374
387
410
419
487
516
504
500
483
434
438
418
383
363
345
335
310
251
216
182
145
155
149
137
118
103
57
14
0
-39
-67
-117
-134
-163
-249
-278
-301
-311
-331
-360
-343
-354
-332
-300
-254
-229
-225
-227
-240
-250
-253
-235
-243
-273
-280
-258
-249
-242
-237
-231
-234
-231
-199
-193
-172
-190
-195
-187
-177
-143
-128
-91
-74
-3
-7
-13
16
15
24
29
13
15
47
26
63
116
167
138
160
178
170
187
157
179
184
215
229
212
223
222
211
200
192
163
154
136
120
115
79
105
61
48
46
31
51
15
-17
-33
-48
-60
-81
-82
-98
-124
-149
-162
-171
-168
-186
-202
-216
-188
-177
-137
-125
-131
-127
-112
-134
-138
-150
-165
-176
-168
-159
-183
-165
-114
-95
-101
-103
-93
-95
-123
-92
-83
-96
-61
-48
-56
-23
-14
-10
12
33
74
89
109
96
116
151
152
175
191
175
201
205
209
235
231
256
241
273
327
340
348
351
345
372
380
400
396
343
302
257
221
190
173
172
163
167
140
140
107
82
78
9
1
-14
-55
-67
-94
-132
-156
-158
-177
-203
-216
-241
-264
-240
-227
-226
-228
-236
-224
-228
-214
-223
-241
-258
-237
-205
-218
-218
-216
-179
-158
-139
-123
-167
-179
-178
-173
-140
-137
-131
-149
-152
-156
-156
-143
-148
-136
-151
-116
-87
-64
-30
-20
18
45
47
58
73
70
74
85
77
79
118
154
156
182
219
220
217
227
206
245
264
238
269
285
269
232
181
178
155
116
103
89
91
55
52
17
-1
-6
-23
-53
-105
-76
-101
-144
-148
-169
-168
-156
-158
-187
-190
-166
-160
-191
-221
-234
-223
-193
-176
-159
-168
-166
-148
-160
-156
-127
-105
-119
-144
-132
-115
-114
-119
-90
-83
-43
-20
-7
12
-21
-5
7
24
64
105
137
150
150
173
178
186
210
204
196
224
224
207
220
204
194
196
205
240
262
306
287
300
308
292
328
316
290
294
301
304
311
275
266
250
234
220
186
154
134
142
133
103
121
98
56
31
36
-19
-69
-77
-119
-119
-123
-107
-149
-194
-214
-251
-300
-321
-309
-296
-290
-296
-317
-281
-307
-317
-324
-366
-340
-336
-336
-338
-339
-326
-311
-340
-359
-331
-316
-302
-286
-299
-274
-262
-277
-249
-197
-148
-133
-149
-136
-107
-103
-100
-87
-72
-39
-16
-23
5
37
82
135
135
170
201
210
255
273
296
316
325
330
304
311
286
256
258
237
243
252
230
217
195
194
164
150
151
160
174
142
139
112
64
41
34
7
-13
-4
0
-15
-56
-73
-57
-63
-105
-128
-135
-150
-138
-134
-131
-139
-141
-155
-113
-117
-103
-103
-111
-125
-176
-121
-101
-81
-78
-53
-37
-22
-20
-36
-19
-22
-40
-75
-73
-53
-45
-64
-81
-82
-47
-7
10
-1
53
68
64
79
104
159
140
140
133
146
167
190
215
237
246
273
318
323
322
318
322
285
286
297
301
319
288
298
305
308
296
237
194
178
166
133
104
82
69
49
12
-12
-62
-80
-91
-124
-132
-158
-166
-188
-247
-244
-252
-279
-270
-285
-268
-251
-223
-219
-247
-241
-245
-229
-270
-274
-259
-241
-222
-220
-214
-227
-225
-232
-220
-220
-199
-192
-208
-224
-246
-231
-227
-244
-238
-210
-202
-202
-172
-167
-141
-101
-109
-88
-97
-72
-35
-55
-30
10
3
29
50
66
99
107
138
149
167
227
223
247
256
294
302
297
308
284
315
308
331
300
300
325
276
236
225
213
171
167
132
102
96
60
72
71
58
41
-14
-27
-70
-65
-61
-84
-79
-88
-53
-39
-48
-70
-54
-74
-85
-118
-128
-97
-110
-114
-95
-87
-86
-80
-92
-98
-133
-121
-117
-128
-125
-145
-149
-169
-157
-172
-191
-177
-201
-178
-172
-143
-90
-87
-89
-51
-50
-45
-36
-42
-20
17
39
39
85
118
137
141
145
166
174
231
231
262
295
318
336
337
339
311
297
292
274
289
296
308
305
287
302
263
227
192
157
141
136
94
73
65
17
-12
-49
-52
-81
-77
-84
-98
-109
-123
-145
-186
-190
-217
-206
-218
-205
-196
-210
-239
-238
-229
-258
-243
-207
-181
-172
-188
-197
-179
-201
-197
-179
-187
-206
-207
-229
-218
-202
-190
-183
-183
-166
-190
-159
-145
-121
-110
-94
-75
-85
-71
-41
-22
7
3
8
50
64
79
93
102
110
124
152
166
205
197
200
221
227
225
206
193
197
234
260
266
275
249
242
210
176
149
122
113
79
91
75
98
65
43
37
10
30
1
-5
-48
-74
-91
-100
-124
-138
-139
-164
-185
-200
-185
-194
-175
-176
-185
-191
-173
-190
-193
-187
-196
-173
-181
-172
-141
-137
-119
-96
-101
-120
-113
-85
-53
-43
5
29
42
54
49
55
70
62
55
61
48
50
45
49
74
81
81
110
149
209
217
223
238
240
256
224
225
243
267
281
267
270
286
291
296
286
284
273
262
251
204
200
194
189
179
136
127
93
75
65
49
24
2
-24
-55
-57
-73
-108
-129
-143
-162
-192
-224
-246
-226
-235
-255
-225
-239
-254
-262
-262
-261
-275
-285
-302
-291
-293
-305
-302
-290
-265
-308
-277
-284
-279
-269
-268
-232
-214
-206
-188
-179
-176
-168
-161
-137
-138
-140
-107
-91
-99
-69
-30
15
32
59
53
92
130
129
136
128
128
134
132
157
170
184
210
208
238
247
248
264
250
265
271
264
269
264
238
261
239
212
215
216
188
142
119
112
108
87
85
53
18
48
40
14
-8
-11
-34
-102
-112
-120
-120
-144
-153
-129
-129
-84
-75
-100
-98
-110
-99
-102
-79
-69
-77
-66
-80
-82
-62
-42
-30
-35
-19
-14
-10
-1
-18
-20
-34
-35
-34
-37
-26
-16
5
-11
-5
45
33
68
51
51
74
62
85
68
92
112
92
93
90
145
137
119
115
117
131
154
161
143
175
174
176
176
168
163
151
130
104
115
94
79
56
62
55
16
12
6
-25
-15
-41
-56
-90
-105
-98
-126
-129
-172
-197
-214
-212
-222
-240
-260
-265
-245
-283
-271
-237
-267
-249
-237
-220
-212
-215
-196
-199
-201
-185
-171
-157
-169
-167
-154
-147
-147
-140
-118
-116
-80
-79
-61
-47
-27
-41
-48
-22
-40
-14
10
-18
-10
0
-21
-30
-31
-6
18
47
65
123
136
134
129
141
168
168
169
162
140
175
180
199
193
171
195
193
186
152
177
204
200
183
168
169
143
150
131
131
137
120
123
72
66
53
35
47
41
29
28
-9
-6
-20
9
7
-14
-21
-18
11
15
-1
-31
-6
-10
32
28
52
80
59
68
22
1
-11
11
0
17
14
-6
6
-7
-1
-2
-10
-4
-23
-14
-2
-23
-28
-23
-2
-12
-25
-29
5
2
-27
-18
-49
-39
-60
-53
-48
-46
14
17
20
46
39
35
27
47
36
49
55
72
88
75
76
66
70
52
57
48
12
2
1
-9
-12
-56
-88
-85
-98
-128
-153
-129
-142
-171
-168
-177
-202
-205
-228
-219
-220
-228
-222
-216
-192
-203
-199
-202
-220
-169
-141
-121
-131
-142
-106
-126
-99
-119
-127
-108
-117
-86
-53
-25
-4
-12
-16
-12
-28
-21
-44
-35
-15
16
27
34
52
69
53
44
38
9
23
26
39
34
44
64
63
57
72
102
87
70
77
70
100
102
138
147
162
185
205
236
266
275
258
262
247
243
233
217
248
194
195
189
178
171
123
100
105
98
77
85
41
49
36
29
9
-15
-22
-48
-103
-126
-105
-151
-152
-139
-125
-88
-111
-119
-125
-123
-108
-98
-100
-82
-63
-60
-71
-58
-60
-50
-36
-28
-38
-44
-33
-24
-21
-12
23
55
61
62
76
64
80
58
78
68
52
51
62
58
75
86
87
92
59
65
58
63
65
75
85
96
90
112
118
86
84
77
73
74
68
48
41
30
-6
-35
-46
-23
-2
-8
-17
-36
-47
-57
-71
-76
-114
-120
-139
-160
-152
-141
-180
-160
-186
-203
-237
-252
-250
-247
-240
-251
-231
-208
-176
-168
-136
-140
-113
-124
-148
-154
-171
-183
-177
-146
-136
-103
-76
-47
-22
-18
3
9
-28
-17
13
10
6
9
24
34
27
26
64
48
48
86
64
66
79
98
82
83
103
118
117
116
123
147
167
149
144
143
158
180
154
138
143
145
158
140
131
151
164
160
136
119
129
113
102
89
45
25
35
27
11
23
-5
-6
-40
-48
-34
-39
-53
-35
-90
-88
-104
-103
-102
-121
-109
-136
-122
-125
-125
-90
-95
-92
-87
-98
-84
-63
-46
-59
-36
-16
-16
19
45
59
92
87
61
83
89
108
100
100
119
116
129
135
109
107
119
123
133
123
122
134
128
114
104
96
78
80
60
51
70
85
60
31
12
-18
-3
0
6
-3
-14
-10
-17
-39
-48
-39
-55
-44
-45
-30
-34
-45
-54
-79
-73
-72
-101
-120
-122
-141
-138
-130
-127
-118
-108
-118
-116
-111
-141
-140
-178
-171
-159
-165
-140
-162
-137
-96
-96
-100
-85
-95
-94
-90
-97
-71
-80
-99
-116
-81
-53
-35
-32
-38
-42
-42
-24
-12
28
18
28
21
53
46
66
78
84
70
40
47
48
33
48
68
62
100
63
42
38
37
6
17
30
65
64
80
76
76
96
94
125
102
72
81
96
75
89
90
97
126
108
108
126
102
112
87
74
60
55
48
24
26
29
31
7
12
-4
1
27
7
-14
-49
-59
-63
-65
-65
-31
-13
-26
-27
-18
-18
1
-14
1
1
-1
31
0
32
4
0
50
21
38
49
37
60
74
78
96
96
43
32
32
31
26
31
16
8
-15
-11
-37
-33
-9
-36
-76
-67
-52
-59
-63
-53
-44
-67
-56
-57
-45
-67
-62
-52
-46
-33
-65
-49
-60
-48
3
-10
-8
-16
-3
-17
-36
-23
-36
-25
-5
-4
-6
-16
-43
-50
-62
-51
-58
-57
-75
-90
-97
-112
-114
-110
-122
-110
-120
-149
-140
-158
-139
-132
-143
-136
-120
-94
-65
-65
-28
7
29
-7
1
17
24
26
55
82
57
82
55
93
97
79
74
91
126
113
131
104
96
95
80
91
59
45
43
14
28
6
0
10
0
16
25
36
40
19
36
46
65
47
49
84
91
123
107
76
92
97
83
114
122
133
130
118
134
133
125
139
103
85
91
99
104
79
66
79
70
58
63
36
41
19
0
-23
-21
-76
-93
-107
-105
-73
-95
-111
-99
-85
-79
-79
-82
-76
-64
-68
-62
-81
-95
-71
-95
-86
-81
-73
-39
-61
-65
-46
-46
-25
-36
-30
-14
-18
-14
-11
-25
-5
-12
-53
-29
-40
-26
-37
-48
-33
-50
-37
-62
-65
-45
-55
-30
-15
-28
-16
-15
-25
7
15
18
19
-6
2
13
24
24
29
54
55
54
34
59
50
18
19
5
-23
-12
-30
-73
-58
-68
-62
-75
-92
-114
-141
-101
-135
-146
-152
-184
-169
-173
-164
-154
-144
-136
-102
-93
-88
-62
-62
-76
-71
-43
-41
-39
-17
12
-6
-6
36
74
81
74
77
74
71
64
79
97
123
142
148
140
134
123
124
120
113
147
136
134
117
111
114
153
156
130
129
137
128
146
127
136
151
169
159
148
145
135
150
113
115
102
94
89
87
94
102
96
95
74
84
69
44
26
17
27
7
-13
-30
-30
-38
-34
-53
-40
-44
-82
-114
-138
-136
-115
-165
-149
-158
-136
-99
-83
-80
-110
-110
-110
-114
-131
-114
-104
-121
-111
-95
-55
-42
-73
-78
-58
-37
-50
-56
-50
-17
-10
-6
8
29
55
40
23
42
51
51
56
43
27
24
31
12
5
0
-5
-2
0
15
21
41
39
1
-1
4
-23
-47
-56
-52
-29
-22
-47
-34
-33
-63
-84
-86
-70
-46
-63
-76
-84
-86
-68
-73
-93
-101
-93
-74
-56
-72
-74
-53
-77
-77
-80
-89
-99
-87
-79
-80
-83
-110
-118
-100
-80
-61
-60
-100
-63
-64
-48
-21
-29
-15
4
5
20
16
2
14
5
4
38
46
65
89
99
126
159
148
140
170
182
173
175
174
165
184
201
180
190
197
181
180
168
147
152
150
177
178
157
149
140
117
103
86
71
75
54
46
35
31
13
21
-9
-2
3
6
5
11
-31
-56
-54
-79
-83
-81
-80
-73
-77
-65
-66
-58
-74
-76
-65
-54
-55
-89
-71
-50
-49
-57
-50
-55
-52
-52
-32
-44
-57
-23
-45
-10
1
-4
-15
-8
1
-14
-15
1
-13
-49
-31
-8
-10
-18
8
3
21
12
4
10
-4
-2
5
-8
-23
-15
-13
-25
-23
5
9
-1
0
-6
-31
-8
-19
-35
-16
-25
-11
-7
-17
-17
-17
-13
-11
-30
-43
-27
-48
-56
-45
-61
-48
-75
-80
-79
-59
-62
-74
-83
-75
-78
-98
-67
-73
-88
-74
-53
-37
-41
-29
-40
-33
-18
0
22
26
31
25
30
-13
-26
-19
-7
13
34
29
36
44
68
49
40
52
48
73
69
79
95
93
84
82
71
67
65
79
82
47
68
49
35
60
55
41
27
13
16
-1
-12
5
-40
-27
-14
-10
7
-8
-20
-26
-33
-42
-39
-14
-21
-23
-21
-13
15
7
-3
-17
-6
-5
0
-2
9
17
18
30
44
36
43
38
38
32
16
37
49
73
128
112
117
112
74
72
62
67
55
55
47
35
46
22
1
-7
-17
-17
-18
-30
-12
-8
-7
-4
-24
-10
4
-30
-30
-29
-15
-15
-42
-33
-59
-65
-69
-73
-43
-43
-34
-16
-26
-29
-25
-26
-22
-8
-16
-8
-10
-13
6
-8
-7
-26
-36
-29
-35
-33
-24
-29
-35
-33
-23
-10
-21
-9
-18
-17
-17
-13
-51
-30
-37
-50
-34
-41
-25
-27
-16
-10
-16
-9
-27
-34
-51
-42
-35
-50
-29
-46
-45
-46
-46
-37
-33
-17
-21
-41
-30
-22
-34
-43
-66
-45
-27
-42
-33
-40
-33
-20
-20
2
-3
0
-1
11
9
3
18
18
31
42
51
43
38
34
20
35
22
39
33
33
49
47
32
43
40
35
43
40
53
62
62
35
35
20
11
9
4
12
25
34
46
46
50
55
40
58
64
63
51
44
54
38
66
57
56
66
59
61
55
45
57
58
51
44
57
80
55
63
45
55
37
36
47
30
24
-4
4
-5
-2
4
11
6
-12
-6
-10
-15
-51
-61
-67
-56
-61
-49
-45
-57
-74
-83
-73
-61
-55
-58
-51
-57
-42
-52
-48
-20
-51
-52
-50
-67
-45
-61
-37
-35
-38
-23
-15
-8
-12
-3
-24
-30
-50
-39
-40
-61
-48
-47
-20
-31
-36
-16
-20
-23
-29
-26
-31
-29
-34
-45
-22
-11
-12
-15
-17
-6
-5
-25
-49
-51
-38
-3
-3
2
23
24
10
3
6
5
6
1
-1
9
15
25
16
8
-5
-2
16
16
16
7
15
4
0
9
14
16
20
6
17
36
30
4
2
11
14
5
3
2
-1
13
24
33
28
33
36
48
53
39
53
46
57
57
65
67
64
67
60
52
49
40
27
35
17
9
11
31
43
35
45
43
28
24
26
21
30
18
29
53
30
18
22
19
10
4
9
26
31
32
43
41
43
38
37
32
20
24
19
-4
-3
-20
-29
-27
-28
-36
-33
-29
-54
-49
-55
-56
-61
-76
-58
-67
-70
-79
-93
-80
-88
-89
-81
-73
-68
-58
-69
-63
-61
-56
-41
-38
-29
-29
-28
-31
-29
-51
-40
-41
-29
-30
-32
-9
-5
4
3
-9
-24
-18
-1
16
25
27
25
8
0
3
3
11
3
4
22
26
17
14
18
8
7
-6
-10
-8
-16
-17
-18
-13
-23
-4
4
11
8
-6
15
-7
1
1
9
11
1
13
-4
6
6
11
12
12
10
8
21
6
7
-3
-2
7
-6
-2
0
-10
-18
-16
-13
-3
-2
7
1
9
22
9
23
39
44
44
43
42
37
40
28
19
23
21
29
33
28
34
43
49
58
68
63
83
77
56
60
66
43
34
31
22
32
34
36
28
24
13
19
18
17
16
15
3
12
20
21
30
20
10
15
14
3
-8
-10
-10
1
-7
-16
-3
-4
-3
-5
-14
-28
-9
-3
-15
-14
-24
-16
-10
-19
-10
-39
-44
-33
-38
-37
-23
-17
-26
-20
-18
-32
-38
-36
-35
-46
-42
-44
-53
-31
-37
-27
-34
-44
-36
-51
-53
-50
-44
-60
-66
-53
-55
-38
-25
-28
-19
-30
-28
-38
-47
-47
-41
-44
-49
-43
-41
-43
-39
-45
-43
-40
-49
-49
-43
-35
-19
-7
-7
7
16
13
20
12
-1
2
2
4
3
19
24
25
34
36
39
30
33
24
32
42
52
51
45
44
43
49
49
52
54
39
36
43
47
39
36
28
24
33
18
22
18
24
37
29
26
22
14
5
5
10
7
2
17
14
14
9
13
8
-14
-9
-16
-1
8
15
24
17
22
12
12
7
6
15
19
33
36
24
20
15
12
8
7
2
-3
9
6
7
5
2
7
-5
-6
-8
-1
-1
1
10
12
18
20
11
11
4
-5
5
13
27
33
41
46
40
36
27
10
13
24
24
28
19
17
17
6
-5
-8
-14
-16
-16
-25
-32
-31
-26
-39
-52
-56
-71
-62
-61
-84
-90
-82
-82
-76
-70
-75
-72
-66
-67
-67
-60
-52
-48
-47
-36
-34
-25
-35
-21
-16
-12
0
-11
0
6
3
6
0
10
12
14
15
12
34
31
40
27
28
18
16
16
20
18
14
14
11
19
19
12
12
10
11
1
8
6
-4
8
9
14
2
-11
-14
-32
-17
-21
-23
-16
-12
-6
-10
-12
-20
-8
-9
-11
-8
-4
-5
3
7
3
4
9
9
8
2
8
10
10
9
13
16
8
5
15
15
13
18
27
28
23
25
10
4
14
15
17
19
15
19
17
19
5
13
8
11
12
21
36
29
31
35
38
40
46
36
41
38
38
33
29
38
33
43
27
28
30
25
21
28
19
23
28
13
14
15
6
-1
5
3
-5
-22
-26
-17
-13
-10
-11
-17
-18
-29
-36
-38
-37
-36
-30
-21
-21
-31
-24
-31
-39
-41
-48
-47
-44
-32
-37
-32
-33
-37
-30
-34
-39
-26
-19
-16
-18
-11
-11
-7
2
2
1
2
1
3
1
-4
-4
-2
-2
3
9
20
7
4
20
21
17
14
13
-13
-11
-10
0
-3
-5
2
-6
-10
-20
-24
-24
-27
-27
-27
-26
-23
-32
-32
-32
-27
-26
-25
-33
-32
-32
-38
-24
-24
-12
-9
-11
-11
-7
-1
5
-1
-8
-1
12
8
22
20
18
10
14
15
20
21
18
14
5
13
19
37
39
35
26
29
19
20
24
24
13
4
2
8
22
24
32
26
22
27
33
28
37
33
22
26
28
35
30
33
28
21
19
21
17
20
25
37
36
37
28
20
23
20
21
15
13
1
-3
-10
-12
-13
-24
-10
-8
-4
1
5
11
-2
2
1
-1
4
6
-4
-11
2
-4
-10
-16
-15
-7
-12
-12
-10
-12
-20
-18
-23
-21
-15
-13
-15
-26
-26
-21
-25
-30
-25
-32
-21
-24
-31
-25
-25
-20
-23
-26
-27
-22
-34
-34
-36
-30
-28
-28
-23
-23
-16
-18
-12
-10
-7
-5
-7
-8
-4
-1
-2
6
3
1
15
5
4
0
4
-2
-1
-4
-10
-2
2
9
3
8
8
4
6
12
7
3
-8
-3
0
-8
6
1
9
16
5
7
7
5
-1
1
2
3
1
7
-3
-5
-2
2
0
0
5
4
6
3
8
8
8
7
-6
3
8
5
9
16
19
14
12
10
8
2
5
2
11
14
8
15
8
9
18
18
20
17
24
28
21
19
13
14
16
11
7
12
15
16
22
30
30
36
33
22
19
12
12
12
12
13
17
21
19
20
17
10
3
-5
-6
-2
-3
-8
-7
-4
-13
-14
-12
-7
2
-1
1
-4
-7
-4
-6
-1
-13
-13
-15
-19
-19
-19
-18
-29
-26
-25
-26
-20
-23
-34
-28
-24
-28
-28
-25
-21
-16
-22
-23
-24
-26
-18
-28
-21
-18
-20
-22
-31
-32
-26
-27
-20
-22
-22
-13
-8
-5
-9
-10
-10
1
4
7
3
4
1
-1
-1
-3
1
4
-7
-7
-2
-5
-4
-4
-3
-3
2
3
4
8
3
10
7
-2
7
9
13
16
12
6
0
5
8
1
12
8
14
24
23
27
22
23
12
11
15
19
24
22
13
10
10
13
15
13
13
18
20
17
15
8
5
-4
1
-1
2
-3
-2
-1
5
14
10
5
7
9
8
9
9
14
13
21
14
18
22
22
17
16
12
16
14
20
17
17
20
9
15
12
21
16
11
11
7
7
4
-1
-6
-2
1
1
-5
-3
-8
-4
-3
-13
-11
-13
-19
-27
-26
-24
-24
-25
-23
-20
-18
-15
-8
-10
-13
-13
-16
-11
-11
-7
-4
2
-6
-6
-11
-10
-7
-12
-8
-2
-6
-15
-8
-13
-9
-5
-15
-22
-27
-30
-25
-22
-24
-20
-18
-25
-30
-25
-16
-15
-26
-25
-24
-32
-35
-34
-27
-18
-19
-22
-17
-12
-8
-9
1
4
4
3
6
7
3
2
10
13
14
13
19
20
20
17
14
24
20
23
22
36
42
37
29
23
22
21
21
14
7
6
13
14
9
19
27
21
14
6
3
-4
-5
-2
-2
3
5
4
2
5
7
8
1
0
-5
-5
-3
1
1
-3
0
-2
-2
4
8
2
2
-6
-14
-11
-12
-8
-2
2
9
11
4
-5
-5
8
9
1
1
1
-1
0
1
7
15
12
15
9
19
18
24
23
14
15
17
15
8
25
25
24
22
17
14
12
8
6
9
9
17
13
7
12
10
10
10
5
8
2
0
1
-7
-4
-13
-13
-16
-15
-11
-18
-19
-20
-20
-18
-20
-26
-25
-30
-27
-29
-30
-27
-19
-21
-27
-31
-39
-35
-30
-32
-24
-25
-23
-32
-33
-28
-34
-28
-28
-32
-30
-30
-18
-14
-6
-6
-3
-2
-15
-7
-5
2
4
-2
1
7
4
1
4
0
2
-2
5
8
13
23
19
25
30
34
34
30
29
22
20
17
23
21
23
24
15
18
12
15
9
-3
5
2
0
4
6
-6
-5
-4
-13
-18
-21
-13
-16
-10
-7
-9
-4
-9
-15
-15
-16
-17
-9
-2
0
5
12
12
10
11
12
15
10
-1
4
6
8
11
17
16
14
10
10
23
20
19
26
14
8
11
10
17
3
2
12
7
13
14
19
20
10
16
13
12
13
16
17
15
18
17
9
9
11
16
9
8
10
5
10
2
8
13
13
10
7
4
3
3
0
-6
-12
1
4
2
-6
-4
-5
-9
-16
-23
-16
-11
-15
-15
-17
-12
-14
-22
-18
-22
-17
-24
-28
-35
-31
-22
-33
-35
-32
-33
-31
-33
-28
-24
-20
-11
-12
-16
-15
-11
-8
-12
-7
-8
-12
-4
-1
-4
-1
0
-11
-10
-3
1
10
5
6
6
10
12
0
0
-5
-3
-2
6
-1
5
5
-3
5
5
6
-1
-8
-4
3
6
7
0
3
0
-1
0
-5
-6
0
-1
-3
1
9
10
9
1
2
7
3
6
3
1
0
-1
6
7
4
8
12
11
9
9
7
3
-2
-6
-8
-5
-1
-4
1
4
7
6
2
9
3
2
2
3
11
11
12
9
11
9
8
7
12
16
20
19
17
21
21
24
24
26
23
26
27
19
23
25
19
17
15
13
15
20
16
14
10
17
17
14
7
4
4
3
4
-2
1
-5
-7
-4
-8
-3
-4
-8
-17
-25
-16
-19
-23
-28
-37
-26
-28
-32
-29
-25
-29
-26
-23
-25
-18
-23
-19
-13
-9
-7
-9
-10
-12
-10
-10
-13
-14
-16
-17
-10
-6
-5
-4
0
6
3
3
-1
-1
-10
-13
-12
-10
-8
-10
-11
-10
-10
-6
-8
-8
-6
-6
-7
-10
-11
-17
-19
-21
-18
-14
-7
-11
-6
1
2
6
6
4
4
5
9
16
9
15
15
15
11
13
16
17
17
16
15
10
13
13
13
16
16
13
8
4
10
8
4
8
8
9
10
10
6
1
-6
-8
-3
-5
0
-1
-3
-4
2
5
1
7
2
5
5
11
11
8
12
11
19
25
22
24
22
19
23
21
20
18
15
12
11
14
15
15
17
22
25
23
20
15
14
9
5
12
4
0
-1
-2
-7
-9
-11
-12
-15
-20
-19
-17
-14
-7
-10
-14
-13
-13
-14
-17
-17
-19
-24
-27
-23
-20
-24
-21
-23
-19
-18
-21
-18
-17
-17
-15
-17
-23
-20
-22
-17
-28
-26
-26
-23
-20
-20
-12
-11
-11
-13
-10
-17
-11
-12
-14
-8
0
5
2
-2
1
6
1
6
6
5
3
3
10
13
18
13
13
15
15
12
13
16
14
16
12
11
17
19
12
6
9
8
12
7
5
6
9
9
7
11
6
8
12
12
14
13
5
-1
-7
-9
-8
-9
-11
-16
-14
-7
-11
-6
-7
-1
0
-4
-2
-5
2
-3
1
3
7
2
0
-1
-2
1
7
10
9
13
7
15
14
12
19
20
17
14
16
14
13
9
11
12
12
10
9
0
-3
2
1
9
12
13
14
16
7
3
0
2
0
-11
-3
2
-4
-2
-2
-5
1
3
6
0
3
-5
-12
-8
-13
-8
-11
-22
-18
-17
-15
-9
-8
-8
-8
-10
-8
-8
-9
-3
-15
-19
-19
-18
-16
-14
-6
-5
-9
-10
-7
-10
-13
-7
-4
0
0
-1
3
-5
-6
0
-3
1
-2
-4
-1
-2
-4
2
0
-2
0
-6
-2
2
7
7
0
1
5
5
7
5
3
0
5
7
1
2
7
8
7
12
11
12
9
6
9
5
8
9
5
3
2
-1
1
2
2
5
3
4
6
-2
-9
-11
-17
-19
-20
-17
-11
-10
-15
-5
-9
-20
-11
-14
-12
-13
-19
-21
-21
-14
-13
-14
-10
-7
-13
-4
-5
-6
-1
2
5
4
7
7
7
8
7
8
10
13
16
16
17
19
18
18
24
20
17
18
13
11
9
11
14
13
13
18
28
24
15
17
17
11
12
17
16
15
9
3
3
0
-5
-3
-3
-5
3
4
4
1
1
0
-1
4
6
6
10
4
2
4
4
3
-2
-5
-7
-2
-2
3
3
4
2
1
0
-5
2
1
-4
-7
-2
-1
0
-7
-8
-6
-10
-9
-11
-8
-9
-13
-12
-9
-7
-3
-4
-7
-5
-6
-9
-9
-5
-4
5
6
5
1
3
2
0
-4
0
-12
-12
-2
-2
2
0
-4
-7
-15
-11
-8
-16
-20
-22
-19
-14
-16
-9
-6
-15
-17
-19
-19
-23
-25
-22
-25
-22
-21
-18
-14
-16
-23
-18
-14
-13
-15
-17
-18
-13
-8
-8
-6
-4
-5
-6
-4
-9
-2
-1
2
6
10
10
16
15
8
10
10
19
16
14
15
20
19
14
23
29
27
29
27
28
28
25
22
17
17
18
16
21
19
17
22
21
18
15
17
17
9
6
5
6
10
6
9
16
12
9
13
8
9
0
1
7
8
12
10
11
15
10
6
8
5
4
5
3
2
1
-1
-8
-10
-15
-9
0
-12
-8
-5
-7
-1
0
-4
-2
-4
-8
-9
-6
-4
-10
-8
-13
-13
-10
-11
-12
-18
-18
-17
-20
-10
-9
-8
-3
-4
-4
-12
-7
-1
-3
-5
-7
-2
2
-7
-4
-6
-8
-6
-6
-3
-4
-6
-6
-4
-5
-2
-3
1
-2
-8
-3
-5
-10
-12
-12
-8
-9
-11
-5
-4
-8
-13
-9
-13
-9
-6
-12
-13
-13
-8
-8
-4
-3
-7
-11
-6
-6
-8
-6
-2
-3
-6
-1
0
3
8
6
6
12
13
11
8
4
-2
-3
-3
2
10
13
9
10
12
11
9
9
6
7
7
9
10
9
3
-2
0
0
3
5
8
10
12
10
7
6
6
2
0
3
7
11
12
12
14
12
7
3
2
-5
-8
-7
-7
4
1
5
9
9
5
6
1
1
3
3
6
5
7
6
9
8
7
5
5
3
5
10
8
4
4
5
8
7
6
3
2
1
-2
-1
2
-2
-5
-2
-2
-1
2
-5
-6
-8
-9
-3
-1
1
-1
3
8
6
8
5
1
-1
-3
-6
-4
-6
-8
-13
-15
-5
-4
-3
-1
-1
-2
-5
-4
-4
-7
-8
-13
-14
-7
-7
-5
0
-2
-5
-5
-10
-16
-17
-16
-15
-17
-19
-15
-17
-13
-13
-12
-12
-9
-6
-8
-6
-7
-8
-12
-11
-10
-9
-7
-12
-12
-7
-4
-4
-5
-6
-11
-10
-11
-4
-5
-2
-6
-10
-7
-11
-3
3
4
3
5
8
8
5
3
3
5
7
8
4
12
11
16
12
7
16
17
13
15
13
13
16
13
15
18
18
12
7
5
11
12
15
15
16
22
14
16
12
7
12
7
6
15
21
19
24
19
22
26
21
17
16
15
15
12
9
9
8
9
6
7
10
9
5
0
0
1
2
3
3
2
-2
-5
-1
-5
-7
-8
-7
-10
-9
-11
-9
-11
-8
-9
-16
-20
-17
-13
-18
-16
-19
-22
-22
-20
-19
-19
-19
-21
-20
-18
-18
-20
-28
-28
-24
-22
-24
-18
-16
-13
-13
-16
-11
-11
-13
-14
-16
-12
-10
-7
-5
-1
3
7
12
6
8
4
3
8
6
9
9
11
6
4
6
9
4
1
4
7
11
6
7
8
10
7
9
11
12
12
12
9
6
7
3
1
-1
-3
-5
-4
0
5
-1
-5
0
1
-1
6
6
-3
-4
-4
-1
7
4
6
-2
-3
-9
-7
-2
-5
-4
-1
-3
-1
0
5
1
-5
-4
-1
0
3
-2
-4
-2
-4
-7
-7
-3
-9
-6
-4
-2
2
-1
2
1
5
9
10
9
6
10
14
12
7
7
13
16
15
18
16
15
20
20
24
30
26
20
14
11
16
17
15
14
17
20
20
22
20
15
8
4
2
-2
3
2
-2
-1
-6
-6
-6
-10
-8
-5
-4
-8
-12
-12
-12
-13
-19
-17
-15
-8
-7
-13
-15
-19
-23
-21
-18
-21
-23
-21
-23
-18
-17
-19
-16
-14
-14
-19
-17
-17
-20
-19
-18
-11
-9
-8
-3
0
2
0
0
0
4
6
1
0
1
0
5
5
2
3
6
2
3
1
9
6
6
3
6
7
6
8
6
4
2
3
0
5
2
5
-1
0
2
4
5
3
6
-3
0
-5
-4
-8
-10
-13
-14
-10
-10
-3
1
3
1
1
3
-2
-4
-6
-14
-8
-6
-2
4
3
4
3
2
-2
-3
0
-4
0
2
6
4
4
6
3
3
5
3
3
8
7
12
11
14
16
12
12
7
8
11
12
12
11
16
15
11
12
7
7
5
3
6
10
8
9
10
11
5
1
1
-4
0
1
-1
0
1
0
0
0
-5
-3
-6
-4
2
2
4
9
8
6
3
0
-2
-2
-2
2
6
0
2
5
8
4
6
5
4
9
6
1
-5
0
4
2
4
7
8
3
1
1
2
-2
-4
-5
-8
-3
-5
-9
-5
-4
-7
-2
-7
-9
-2
-3
-5
-6
-6
-6
-16
-16
-20
-22
-18
-23
-17
-11
-11
-8
-10
-11
-13
-11
-9
-11
-7
-8
-8
-8
-6
-6
-1
-3
-1
-4
-5
-3
-3
-5
-11
-9
-5
-7
-1
-1
-3
-8
-6
-3
-8
-9
-10
-12
-2
-5
-6
-1
-2
-2
0
-2
-2
-5
0
5
-1
-1
0
1
0
2
2
0
2
6
6
13
14
13
15
14
11
13
13
11
7
6
6
7
10
6
4
4
5
7
4
6
6
7
10
4
6
8
4
3
5
2
6
5
8
7
2
6
1
2
-2
0
0
2
7
6
11
8
8
5
8
11
10
11
10
4
2
6
3
5
7
6
5
5
6
5
-1
0
-4
0
3
2
5
-2
4
3
-3
1
0
-2
-1
0
-3
-1
0
0
-2
-6
5
-2
4
2
1
4
3
2
-3
-3
-6
-10
-8
-13
-8
-3
-6
-4
2
3
3
6
-4
-5
-7
-10
-14
-13
-5
-6
-5
-6
0
0
-5
-4
-7
-6
-3
0
0
3
2
-3
-5
0
-2
-1
-3
-5
-11
-12
-8
-14
-13
-15
-17
-18
-16
-11
-7
-9
-7
-2
-5
-6
-2
-10
-12
-13
-16
-19
-18
-13
-13
-12
-6
-9
-12
-12
-10
-7
-5
-8
-11
-3
-5
-4
-4
-4
-3
2
1
6
6
4
6
0
3
3
9
8
12
8
9
12
12
10
8
11
9
14
15
19
19
16
16
15
16
19
22
24
26
18
23
20
18
18
14
12
16
10
16
19
15
17
11
11
12
14
16
16
17
14
8
10
9
10
7
3
1
-1
-1
2
5
1
10
8
2
0
-6
-6
-8
-12
-9
-6
-5
-4
-5
-6
-1
-5
-4
-7
-9
-7
-7
-13
-15
-11
-11
-11
-13
-14
-15
-18
-19
-20
-24
-19
-19
-15
-14
-19
-14
-15
-16
-12
-12
-8
-10
-8
-5
-10
-8
-11
-14
-16
-12
-12
-13
-10
-12
-7
-5
-10
-4
0
2
1
1
3
-1
2
3
5
6
10
6
2
-2
0
1
-5
-5
-12
-9
-7
-11
-7
-7
-5
-6
0
-1
2
2
1
3
5
2
0
2
-1
-2
-4
-1
0
3
2
3
7
5
8
11
12
12
8
7
12
13
16
19
20
20
17
14
13
12
12
11
9
11
13
14
12
12
10
7
3
7
6
5
5
7
9
6
12
8
7
8
7
10
12
10
9
11
8
3
7
4
5
4
0
3
6
4
1
-2
-5
0
-2
2
3
8
5
-1
0
2
2
3
2
1
0
3
6
3
-2
-2
0
-7
-8
-13
-12
-8
-12
-8
-5
-9
-14
-15
-19
-17
-15
-11
-7
-6
-6
-10
-11
-6
-15
-19
-21
-26
-28
-22
-17
-20
-20
-15
-11
-8
-10
-10
-9
-11
-10
-7
-5
-4
-2
-2
0
1
-3
-8
-11
-12
-10
-10
-5
1
5
4
6
3
3
7
5
5
3
6
6
10
11
12
9
9
11
6
9
10
8
1
5
3
3
6
6
7
