-6
-4
-4
-4
-8
-6
-8
-6
-12
-11
-12
-14
-10
-16
-15
-14
-17
-19
-15
-14
-15
-18
-15
-12
-12
-12
-17
-13
-14
-13
-20
-22
-16
-16
-14
-14
-15
-16
-20
-19
-15
-12
-13
-10
-8
-8
-12
-18
-15
-17
-14
-15
-8
-5
-5
-5
-10
-9
-8
-8
-6
-8
-4
-7
-1
1
-1
-3
-4
-1
-3
2
0
-5
-1
-2
-3
-3
-5
-2
-1
-1
4
5
9
11
13
11
17
21
19
16
19
17
13
17
19
21
17
22
22
22
25
26
29
28
31
32
28
24
23
24
30
26
24
22
17
22
25
23
24
20
21
27
20
22
22
23
22
15
14
14
17
17
17
15
14
11
9
10
4
6
9
4
4
1
-5
-4
-2
-6
-4
-9
-10
-10
-15
-20
-19
-22
-25
-24
-25
-28
-27
-30
-28
-24
-24
-27
-29
-25
-25
-25
-28
-29
-28
-30
-36
-35
-26
-23
-22
-25
-29
-32
-28
-26
-24
-21
-21
-21
-18
-13
-19
-20
-15
-14
-16
-13
-14
-16
-14
-9
-12
-13
-15
-9
-6
-7
-4
0
-3
-1
0
0
1
-1
-2
0
0
-2
-2
-2
2
7
6
8
10
10
10
14
13
13
14
20
16
19
19
22
17
16
18
15
16
14
21
19
20
22
25
20
23
24
19
22
18
19
18
17
19
12
13
13
12
15
16
10
10
15
15
17
12
15
16
16
15
13
9
11
14
13
16
11
15
14
8
10
13
11
11
8
8
6
4
3
1
3
-2
-5
-3
-4
-2
-8
-10
-6
-5
-7
-12
-12
-10
-12
-11
-11
-14
-13
-18
-20
-17
-21
-25
-20
-22
-24
-23
-19
-14
-16
-19
-15
-13
-15
-14
-14
-15
-10
-9
-8
-6
-9
-11
-9
-10
-7
-4
-5
-8
-8
-8
-12
-10
-8
-5
-10
-7
-5
-4
-3
-6
-6
-5
-3
-2
-5
2
0
-1
0
3
8
10
8
4
2
5
9
9
9
6
1
2
-2
2
2
-4
-3
-4
-1
1
0
-3
-4
-1
-3
-5
3
2
0
0
-2
2
-1
0
-3
-4
3
7
7
5
2
4
4
7
7
5
7
5
5
10
9
6
12
11
9
8
8
13
4
8
6
4
8
8
7
4
2
-2
3
7
8
6
4
2
5
0
3
2
0
2
-3
-3
-4
-9
-7
-4
-4
-3
-5
-1
-3
-7
-3
-7
-8
-9
-9
-12
-11
-11
-9
-12
-10
-12
-7
-5
-6
-1
-4
-3
-6
-4
-3
-2
-3
1
3
9
8
7
12
9
8
7
10
12
17
22
18
21
19
19
14
18
21
21
22
23
24
22
22
18
17
14
15
18
21
20
20
16
15
13
10
9
7
11
8
5
3
1
4
2
0
-1
-4
-6
-8
-10
-10
-10
-13
-14
-15
-18
-19
-18
-19
-26
-31
-26
-24
-22
-22
-23
-29
-31
-29
-29
-29
-29
-31
-33
-30
-30
-32
-33
-32
-32
-32
-30
-29
-25
-29
-31
-26
-21
-25
-23
-23
-19
-26
-16
-10
-12
-13
-12
-9
-8
-6
-4
0
4
10
10
12
15
11
12
11
13
20
17
22
13
16
17
21
21
22
23
21
26
27
33
32
31
28
26
27
27
24
27
29
27
26
25
25
17
15
21
18
22
21
23
19
16
14
16
12
12
9
9
12
11
10
8
4
-1
4
2
2
-1
-1
-1
0
3
2
1
0
0
-3
-2
0
3
0
0
1
0
-6
-5
-1
-2
0
1
3
1
-3
-4
-5
-7
-7
-7
-11
-12
-14
-14
-17
-11
-14
-13
-11
-11
-9
-13
-12
-12
-10
-15
-15
-9
-11
-14
-15
-11
-14
-10
-7
-11
-14
-10
-9
-9
-7
-5
-7
-7
-7
-7
-1
-1
-1
1
2
3
0
3
-1
-1
-1
0
-4
-7
-10
-6
-1
-4
0
-2
-2
1
-3
-3
-1
-6
-1
-4
-3
-7
-5
-2
-2
-1
-1
4
8
6
3
4
5
3
-2
1
2
-1
2
1
6
4
-2
0
0
-2
-2
-2
-6
-9
-10
-6
-7
-5
-2
-1
-2
-3
0
0
-4
-2
-4
-3
-3
-2
0
-2
-2
-3
-3
0
-3
-1
0
-3
0
-1
2
4
3
5
6
9
11
8
10
13
13
12
13
9
10
13
11
14
14
16
16
10
12
11
9
14
17
14
7
11
12
11
9
5
8
11
12
10
5
11
7
4
5
8
13
17
16
11
7
10
7
7
7
7
4
0
-2
-3
-2
-6
-8
-3
-3
-1
-3
-2
-4
-3
-2
-7
-4
-4
-1
2
-2
-2
-6
-7
-9
-9
-5
-8
-7
-11
-8
-3
-4
-1
-4
-1
-3
-3
0
-5
-3
-10
-10
-10
-13
-14
-14
-15
-18
-15
-12
-12
-14
-13
-12
-8
-10
-11
-15
-15
-16
-17
-8
-9
-19
-17
-20
-18
-14
-11
-13
-16
-17
-16
-11
-8
-7
-5
-5
-5
-3
-3
-2
-5
-2
-7
-10
-9
-10
-8
-10
-8
-3
-5
-5
-3
-1
0
-3
1
-3
-1
-5
0
-1
-4
-3
-4
-1
3
5
5
2
6
6
6
11
8
15
17
15
13
15
14
14
17
16
20
18
18
21
13
16
17
16
17
17
16
19
19
22
22
24
26
24
27
27
26
25
23
22
24
22
20
22
23
23
21
22
25
22
21
21
20
24
18
15
15
14
13
11
10
6
10
9
5
6
5
-3
0
-2
-5
-5
-3
-4
-3
-3
-8
-7
-12
-11
-10
-15
-12
-16
-21
-17
-19
-26
-29
-27
-29
-32
-34
-28
-26
-27
-27
-29
-31
-33
-31
-27
-26
-27
-27
-26
-25
-31
-30
-29
-27
-22
-26
-25
-22
-22
-23
-27
-26
-22
-22
-22
-23
-20
-17
-17
-16
-17
-17
-20
-20
-19
-16
-18
-10
-7
-7
-15
-14
-15
-17
-12
-10
-3
-3
-10
-4
-4
-2
-1
3
4
4
4
7
12
11
17
21
22
21
25
24
27
27
25
28
29
34
39
38
37
39
35
38
39
35
39
35
35
30
30
30
27
26
22
26
23
24
25
23
17
13
14
14
14
14
10
9
11
10
6
7
6
4
8
11
13
8
11
13
7
11
9
9
6
8
11
10
10
9
11
5
2
5
2
9
14
7
8
7
2
1
5
0
1
1
-6
-7
-7
-7
-9
-10
-12
-12
-18
-19
-21
-22
-22
-25
-27
-28
-28
-28
-27
-26
-28
-29
-28
-28
-27
-30
-28
-30
-31
-27
-25
-29
-26
-30
-29
-29
-27
-23
-23
-16
-16
-22
-26
-19
-22
-21
-19
-18
-19
-18
-11
-9
-11
-6
-6
-8
-4
-4
2
6
9
2
4
3
5
7
5
7
5
2
1
9
12
7
9
11
9
12
12
10
14
16
20
18
16
14
13
14
14
13
10
11
13
13
15
15
16
15
11
10
6
9
12
14
13
7
5
8
5
0
1
0
3
3
3
1
-2
-5
-2
-6
-8
-6
-12
-12
-15
-15
-13
-14
-9
-8
-5
-3
-5
-3
-1
-1
-2
-3
2
-1
3
6
7
6
6
9
11
13
17
16
17
19
18
20
22
25
27
29
27
28
27
30
31
27
24
25
24
22
25
23
24
17
20
14
18
17
11
12
9
13
11
11
12
6
2
-3
-1
2
3
2
2
1
-7
-7
-6
-3
-4
-5
-6
-9
-7
-12
-10
-11
-16
-17
-20
-19
-16
-20
-20
-23
-26
-27
-27
-28
-29
-30
-25
-24
-30
-23
-19
-20
-24
-27
-30
-33
-35
-36
-31
-29
-32
-30
-31
-29
-31
-26
-24
-30
-28
-31
-30
-27
-27
-27
-26
-23
-25
-17
-13
-17
-17
-10
-13
-9
-5
-8
-8
-6
-6
-6
-1
-2
1
1
6
5
9
9
6
11
11
14
14
15
16
14
15
20
22
20
20
25
24
29
27
29
32
29
28
26
32
27
29
34
35
37
33
33
35
32
32
33
35
33
36
34
26
28
31
28
21
19
19
16
16
17
14
13
13
12
9
8
6
5
5
1
3
0
2
1
-4
-3
-5
-3
-1
-6
-3
-7
-11
-11
-12
-15
-11
-11
-12
-9
-13
-10
-10
-9
-7
-8
-9
-10
-12
-9
-12
-15
-8
-10
-8
-10
-6
-8
-7
-6
-6
-4
-5
-5
-12
-9
-8
-14
-18
-14
-15
-13
-15
-17
-18
-20
-9
-13
-13
-16
-21
-20
-24
-15
-14
-20
-21
-19
-20
-17
-11
-11
-16
-10
-8
-10
-4
-2
-3
3
0
1
1
3
1
-2
0
-3
-2
-4
-6
-5
-2
-2
0
1
-2
-2
-3
-2
-2
-3
-6
-4
0
-1
1
2
-2
-1
-2
-4
2
4
6
3
0
-1
6
3
7
5
3
12
10
9
10
14
8
8
9
10
5
9
8
10
16
9
13
14
11
17
13
11
11
15
11
6
7
6
11
7
6
8
9
7
6
8
7
9
7
11
10
7
8
7
5
8
11
13
10
7
9
5
7
6
8
8
8
9
6
8
5
10
9
9
8
7
2
1
2
1
-2
-2
-1
-1
1
-3
-4
1
0
-4
-8
-8
-6
-8
-13
-14
-15
-17
-18
-15
-19
-21
-18
-22
-23
-24
-21
-18
-17
-17
-13
-13
-20
-19
-15
-14
-13
-14
-9
-9
-8
-5
-4
-6
-2
-1
1
3
-2
2
3
6
4
5
5
6
11
10
11
6
7
4
5
5
6
10
9
5
4
9
7
8
7
5
9
5
7
9
10
4
3
2
7
6
5
6
7
12
11
9
7
3
3
2
-1
2
0
1
1
1
-1
-1
-7
-8
-8
-9
-8
-13
-13
-11
-14
-13
-14
-13
-16
-16
-16
-15
-11
-12
-11
-12
-18
-17
-19
-16
-18
-17
-16
-23
-22
-17
-19
-17
-14
-17
-18
-12
-10
-9
-7
-5
-2
3
3
6
7
9
11
9
11
13
11
13
12
10
15
20
17
18
22
22
28
28
27
28
26
25
28
27
26
25
30
30
27
32
30
27
24
26
23
28
28
22
24
23
20
23
20
22
18
12
18
14
8
6
8
7
10
6
9
8
6
8
4
2
-1
-1
-9
-9
-11
-8
-9
-12
-12
-11
-13
-16
-17
-19
-22
-22
-21
-20
-18
-21
-21
-20
-25
-29
-32
-31
-33
-31
-28
-33
-32
-33
-34
-34
-33
-28
-29
-29
-31
-34
-34
-32
-30
-32
-30
-29
-24
-26
-22
-17
-20
-17
-19
-18
-15
-12
-13
-8
-7
-7
-6
-9
-2
-4
-8
-8
-9
-7
-1
0
-2
6
4
6
7
10
7
9
11
8
10
9
9
13
18
16
17
15
17
17
16
19
18
16
22
25
24
27
26
30
28
29
30
30
29
32
30
29
31
29
35
34
34
32
29
26
30
26
22
18
19
23
26
24
25
23
20
17
17
18
16
16
12
12
12
10
6
8
4
1
0
1
-3
-4
-5
-5
-6
-8
-5
-2
-11
-12
-11
-14
-13
-13
-16
-22
-22
-21
-24
-27
-27
-30
-26
-27
-25
-24
-25
-22
-17
-19
-21
-18
-14
-13
-16
-14
-19
-18
-14
-16
-8
-9
-9
-14
-10
-6
-7
-6
-7
-4
-9
-10
-11
-10
-10
-6
-6
-11
-11
-6
-9
-3
-6
-8
-8
-15
-7
-4
-4
-6
-8
-6
-6
-7
-3
1
0
-2
-5
-5
-5
-2
1
-1
1
-2
-1
4
5
1
2
7
3
2
3
4
-1
1
5
2
5
6
5
-4
-2
-3
-5
-1
-2
-2
-1
-3
-1
-5
-3
1
2
1
4
7
4
8
14
13
12
13
11
9
8
6
3
4
5
6
5
5
6
3
2
1
3
3
1
-1
4
4
7
10
7
9
6
7
2
4
8
7
0
3
10
6
8
10
13
14
17
15
13
14
15
13
7
12
18
15
18
22
21
22
26
24
19
16
21
18
21
19
20
22
20
17
13
14
10
11
9
10
13
10
12
11
7
5
4
6
6
3
1
6
3
-1
-3
-6
-15
-15
-15
-15
-15
-22
-24
-23
-24
-26
-31
-29
-32
-34
-29
-31
-31
-31
-31
-33
-38
-43
-42
-36
-38
-38
-34
-35
-35
-36
-30
-32
-28
-26
-24
-28
-28
-24
-25
-19
-17
-14
-13
-13
-10
-9
-9
-7
-7
-8
0
1
4
3
6
6
4
8
3
9
8
11
12
12
15
17
15
9
11
9
5
10
14
12
12
8
9
11
15
12
16
15
13
14
15
15
18
17
11
15
14
18
21
17
17
14
13
13
12
13
14
13
10
12
15
12
15
15
14
13
14
17
17
15
13
13
12
10
5
7
1
3
5
3
6
7
9
12
10
5
5
4
3
4
2
3
4
1
2
3
4
6
3
2
1
2
3
3
5
9
6
6
6
5
1
4
4
-1
2
3
4
0
0
-4
-3
-1
-1
1
-2
-3
-3
-1
-2
1
-2
-4
-4
-6
-4
-7
-7
-4
-5
-5
-3
-7
-11
-10
-14
-12
-15
-18
-18
-18
-21
-24
-24
-30
-27
-27
-30
-31
-34
-33
-34
-38
-36
-32
-29
-28
-30
-37
-33
-33
-35
-32
-32
-30
-33
-33
-29
-26
-20
-15
-18
-23
-13
-11
-9
-6
-5
-3
3
5
11
18
21
20
18
20
19
26
28
27
31
23
25
30
29
35
34
38
40
38
39
43
40
42
44
47
40
40
48
43
43
45
40
39
35
30
31
24
22
20
21
27
29
19
18
19
14
18
23
23
14
13
5
6
1
-7
-9
-17
-17
-20
-20
-18
-20
-14
-17
-21
-21
-21
-19
-21
-22
-22
-30
-27
-25
-30
-31
-26
-26
-29
-36
-44
-45
-43
-35
-35
-36
-40
-45
-45
-42
-36
-36
-35
-31
-31
-30
-29
-30
-32
-32
-33
-37
-35
-31
-23
-19
-16
-9
-7
3
8
12
14
18
21
22
25
32
36
33
37
29
31
36
46
53
55
62
66
68
66
61
63
62
56
48
40
39
32
26
15
11
4
0
-1
0
-8
-13
-14
-21
-21
-19
-24
-25
-24
-26
-24
-22
-26
-40
-38
-33
-26
-14
-9
-1
-5
-1
2
-7
0
-2
2
11
10
11
15
14
13
18
28
33
30
22
12
10
2
-1
2
-2
-4
-8
-12
-25
-32
-34
-34
-33
-36
-26
-28
-31
-26
-31
-34
-31
-29
-31
-25
-29
-30
-29
-36
-32
-27
-29
-33
-36
-44
-48
-48
-45
-45
-49
-42
-43
-42
-43
-44
-48
-41
-38
-34
-31
-29
-28
-30
-29
-28
-24
-12
3
14
21
30
45
56
84
103
116
128
137
137
129
134
133
138
145
159
179
204
229
261
282
301
325
324
326
314
289
250
210
167
118
81
44
12
-23
-50
-76
-84
-88
-99
-104
-126
-150
-182
-216
-264
-321
-374
-435
-502
-552
-591
-611
-620
-612
-591
-557
-504
-446
-392
-342
-292
-249
-207
-170
-145
-133
-120
-118
-110
-82
-55
-7
47
101
174
255
346
438
536
655
765
877
966
1027
1059
1067
1051
1006
930
833
743
645
547
472
418
377
335
280
231
191
139
74
-27
-152
-300
-464
-632
-820
-992
-1158
-1323
-1456
-1532
-1564
-1567
-1527
-1461
-1364
-1247
-1109
-953
-809
-688
-562
-453
-346
-258
-174
-78
27
140
243
365
516
659
769
863
940
1000
1000
986
954
928
868
806
732
643
579
528
477
412
360
287
209
124
55
-41
-118
-198
-304
-376
-443
-453
-434
-384
-312
-187
-4
187
387
613
854
1048
1217
1302
1367
1415
1372
1284
1148
1025
898
748
623
545
525
563
568
554
555
540
500
439
295
77
-191
-529
-913
-1355
-1762
-2128
-2483
-2787
-3020
-3139
-3129
-3070
-2942
-2738
-2476
-2201
-1924
-1641
-1397
-1124
-833
-592
-432
-249
-74
71
182
299
422
532
652
710
808
979
1181
1371
1521
1652
1764
1842
1885
1881
1794
1668
1465
1133
839
533
198
-96
-409
-637
-730
-717
-615
-457
-199
153
642
1165
1634
2019
2288
2498
2617
2620
2534
2344
2070
1778
1471
1203
1062
977
927
942
992
1107
1274
1436
1497
1452
1260
927
490
-57
-740
-1508
-2348
-3168
-3945
-4594
-5042
-5414
-5657
-5735
-5622
-5296
-4876
-4488
-4144
-3806
-3525
-3246
-2945
-2635
-2454
-2388
-2333
-2258
-2005
-1597
-1251
-891
-503
91
848
1660
2425
3123
3838
4414
4787
5019
5192
5206
5117
4887
4553
4219
3839
3420
2980
2484
2141
1866
1595
1402
1212
1032
1005
966
965
1060
1305
1629
1822
1902
1920
1866
1819
1612
1303
1130
968
732
407
155
49
70
148
269
397
581
740
834
901
847
587
290
-182
-838
-1463
-2065
-2737
-3455
-4102
-4687
-5042
-5233
-5310
-5288
-5195
-4919
-4631
-4299
-3805
-3262
-2770
-2396
-2164
-1981
-1709
-1544
-1476
-1477
-1498
-1477
-1418
-1228
-981
-624
-74
477
952
1510
2116
2639
3003
3342
3581
3676
3652
3469
3078
2682
2341
1964
1640
1362
1241
1283
1422
1661
2086
2701
3312
3767
4088
4333
4499
4490
4212
3803
3341
2860
2344
1747
1249
967
722
640
576
485
653
785
912
937
759
539
131
-325
-932
-1735
-2502
-3212
-4017
-4729
-5206
-5559
-5754
-5809
-5749
-5496
-5069
-4707
-4399
-4072
-3780
-3600
-3383
-3181
-3077
-3025
-3108
-3198
-3169
-3070
-2806
-2587
-2386
-2067
-1622
-987
-318
363
1076
1683
2206
2642
2941
3268
3355
3278
3070
2857
2722
2588
2377
2104
1998
2040
2237
2544
2935
3408
3786
4283
4961
5501
5876
6079
6073
5947
5653
5308
4877
4299
3661
3014
2488
2149
1986
1812
1664
1460
1290
1180
1034
913
541
2
-682
-1491
-2340
-3194
-4053
-4891
-5695
-6402
-6909
-7216
-7319
-7279
-7179
-6882
-6416
-5848
-5247
-4706
-4239
-3904
-3574
-3273
-3111
-2968
-2930
-2834
-2687
-2546
-2276
-1820
-1200
-564
45
822
1641
2326
3056
3575
3830
3986
3958
3792
3491
3079
2674
2219
1695
1369
1105
914
1007
1103
1374
1779
2246
2726
3300
3993
4506
4708
4755
4750
4646
4398
4058
3662
3269
3055
2849
2726
2904
3267
3663
3975
4119
4193
4236
4103
3845
3196
2334
1359
256
-890
-2029
-3100
-4042
-4905
-5730
-6233
-6506
-6623
-6638
-6645
-6532
-6242
-5943
-5784
-5718
-5819
-5995
-6263
-6457
-6625
-6765
-6813
-6710
-6458
-6045
-5326
-4458
-3565
-2633
-1628
-610
431
1418
2191
2787
3173
3564
3826
3917
3898
3807
3784
3658
3591
3724
3824
3944
4078
4243
4496
4822
5257
5602
5999
6315
6465
6503
6328
6145
5879
5362
4799
4260
3647
3216
2750
2356
2183
2187
2230
2256
2297
2318
2346
2252
2076
1712
1114
358
-473
-1408
-2368
-3331
-4138
-4945
-5799
-6326
-6552
-6620
-6574
-6441
-6190
-5826
-5499
-5194
-5021
-5025
-5069
-5265
-5519
-5823
-6073
-6213
-6376
-6465
-6301
-5897
-5281
-4576
-3828
-2926
-1950
-942
-29
722
1453
2044
2465
2852
3127
3222
3344
3375
3222
3184
3237
3272
3336
3595
3949
4379
4983
5591
6295
6954
7340
7526
7589
7472
7214
6669
5940
5106
4232
3428
2573
1906
1427
1091
900
735
604
669
781
853
810
532
211
-247
-892
-1634
-2513
-3414
-4324
-5159
-5839
-6356
-6622
-6582
-6410
-6085
-5539
-4894
-4204
-3520
-2899
-2368
-2032
-1920
-2030
-2338
-2773
-3346
-3930
-4525
-5008
-5319
-5370
-5286
-4997
-4426
-3628
-2770
-2024
-1215
-415
304
919
1297
1439
1396
1251
1010
670
345
120
43
107
374
907
1702
2718
3735
4943
6171
7196
8031
8656
9042
9154
8887
8333
7641
6800
5951
5084
4345
3784
3374
3100
2953
2805
2754
2885
2887
2749
2346
1757
1010
15
-1125
-2361
-3670
-4962
-6153
-7216
-7909
-8391
-8566
-8478
-8164
-7585
-6744
-5911
-5156
-4378
-3772
-3293
-3022
-3006
-3153
-3368
-3831
-4227
-4620
-4862
-4856
-4685
-4288
-3823
-3125
-2215
-1271
-412
437
1269
1908
2384
2559
2568
2376
2073
1622
1048
517
89
-86
-53
112
527
1260
2205
3392
4591
5642
6549
7359
8010
8448
8453
8107
7600
6906
6155
5359
4691
4163
3815
3503
3314
3306
3417
3627
3743
3769
3555
3238
2673
1818
778
-436
-1760
-3130
-4530
-5749
-6776
-7565
-7998
-8290
-8283
-7943
-7451
-6765
-6089
-5441
-4821
-4397
-4095
-4089
-4194
-4467
-4876
-5277
-5701
-6009
-6058
-5851
-5376
-4777
-4043
-3033
-1999
-914
221
1176
2021
2705
3126
3344
3343
3258
2915
2335
1894
1423
1016
932
955
1203
1737
2401
3478
4631
5495
6273
6941
7449
7735
7642
7139
6427
5587
4710
3773
2912
2297
1861
1545
1359
1415
1725
2230
2662
2991
3161
3142
2868
2313
1553
546
-617
-1913
-3168
-4398
-5444
-6242
-6653
-6780
-6571
-6040
-5288
-4433
-3676
-2885
-2299
-1737
-1529
-1674
-1979
-2560
-3242
-3911
-4615
-5240
-5645
-5849
-5685
-5349
-4797
-3931
-3024
-2163
-1209
-308
418
972
1212
1345
1398
1275
1070
761
388
127
-58
-27
136
528
1160
1901
2800
3940
5062
5936
6646
7233
7627
7749
7592
7096
6430
5676
4903
4072
3444
2962
2609
2391
2199
2077
2131
2320
2367
2332
2113
1747
1261
567
-358
-1426
-2534
-3696
-4857
-5791
-6496
-7023
-7255
-7293
-7105
-6672
-5930
-5094
-4383
-3586
-2813
-2259
-2024
-1800
-1914
-2143
-2541
-3119
-3775
-4344
-4691
-4850
-4691
-4396
-3795
-2993
-1984
-970
183
1350
2297
2930
3365
3545
3383
3056
2449
1727
1123
526
-53
-274
-185
204
869
1850
3195
4476
5732
6848
7666
8248
8524
8284
7633
6760
5667
4429
3162
2052
1119
446
1
-299
-321
56
567
1175
1704
1908
1888
1638
982
48
-994
-2236
-3625
-5032
-6296
-7231
-7861
-8202
-8096
-7701
-6957
-5815
-4654
-3377
-2223
-1299
-603
-249
-138
-453
-1047
-1826
-2753
-3666
-4413
-4985
-5335
-5277
-4916
-4239
-3230
-2088
-894
331
1418
2307
2937
3242
3241
2980
2628
2106
1475
902
482
98
41
274
806
1710
3019
4412
5640
6784
7870
8746
9285
9455
9048
8283
7253
6130
4822
3559
2526
1674
1030
459
108
176
449
718
991
1050
952
669
164
-552
-1659
-2821
-4131
-5504
-6783
-7779
-8547
-8977
-9048
-8875
-8277
-7277
-6029
-4783
-3493
-2122
-892
-88
374
579
458
18
-655
-1508
-2445
-3311
-4038
-4477
-4656
-4347
-3527
-2551
-1509
-318
961
2074
2959
3533
3705
3560
3001
2295
1264
179
-759
-1579
-2160
-2382
-2109
-1385
-269
1120
2854
4592
6297
7704
8880
9733
10054
9842
9219
8310
7031
5531
4048
2779
1726
1063
588
339
459
866
1389
1856
2288
2390
2109
1561
808
-475
-1957
-3547
-5328
-6975
-8342
-9407
-10116
-10373
-10284
-9650
-8618
-7274
-5779
-4312
-2996
-1864
-921
-355
-58
-88
-518
-1279
-2137
-2856
-3434
-3931
-4088
-3745
-3170
-2306
-1081
312
1614
2848
3917
4631
5086
5274
4999
4347
3482
2497
1528
606
-162
-687
-888
-693
-16
1117
2615
4030
5343
6544
7613
8587
9149
9133
8662
7885
6891
5634
4468
3443
2482
1823
1339
915
855
1197
1514
1854
2050
2088
1807
1243
441
-713
-2031
-3463
-4980
-6600
-7895
-8875
-9554
-9912
-9898
-9393
-8520
-7532
-6465
-5203
-4030
-2991
-2270
-1760
-1445
-1483
-1830
-2271
-2860
-3437
-3747
-4071
-4140
-3864
-3286
-2362
-1169
-22
1087
2274
3427
4185
4581
4803
4693
4240
3582
2865
2109
1349
633
168
-5
202
859
1912
3220
4496
5784
6992
8015
8858
9369
9378
8889
8090
7089
5894
4689
3625
2737
1972
1282
858
744
850
1117
1375
1577
1557
1341
884
66
-987
-2252
-3671
-5224
-6706
-8099
-9301
-10098
-10539
-10613
-10261
-9561
-8552
-7452
-6204
-4685
-3341
-2324
-1588
-1113
-946
-991
-1436
-2151
-2893
-3516
-4024
-4382
-4306
-3719
-2718
-1616
-320
1105
2658
3998
5044
5810
6162
6142
5796
5010
3915
2919
1897
826
-46
-425
-394
46
905
2183
3636
5111
6637
7984
9040
9775
10105
9851
9119
8155
7044
5631
4203
3011
1972
1246
732
366
459
802
1248
1667
1867
1975
1750
1119
180
-932
-2308
-3963
-5690
-7345
-8785
-9882
-10587
-10898
-10812
-10367
-9425
-8142
-6777
-5349
-4017
-2953
-2208
-1615
-1339
-1432
-1755
-2285
-2901
-3531
-3945
-4140
-4056
-3602
-2822
-1754
-475
808
2137
3398
4436
5095
5339
5343
5179
4629
3834
2869
1879
1052
346
-49
-45
282
1169
2461
3714
4995
6242
7436
8394
9000
9286
9157
8566
7719
6674
5445
4346
3365
2549
1954
1428
1125
1152
1451
1728
1899
1952
1778
1354
752
-197
-1449
-2894
-4457
-6033
-7547
-8731
-9637
-10311
-10661
-10572
-10024
-9033
-7941
-6761
-5598
-4522
-3521
-2710
-2212
-2031
-2058
-2336
-2694
-3090
-3417
-3653
-3692
-3530
-3111
-2313
-1267
-58
1147
2330
3461
4550
5309
5642
5608
5397
4893
4044
3147
2246
1374
625
157
26
397
1222
2382
3537
4794
6110
7443
8635
9365
9593
9406
8868
8047
6936
5645
4542
3612
2721
1941
1418
1223
1296
1464
1812
2134
2229
2194
1903
1218
180
-932
-2354
-4125
-5901
-7490
-8871
-10021
-10847
-11285
-11263
-10830
-9980
-8944
-7527
-6006
-4640
-3423
-2465
-1748
-1259
-1098
-1361
-1870
-2462
-2953
-3460
-3823
-3747
-3251
-2523
-1447
-198
1205
2802
4285
5536
6444
6965
7084
6860
6206
5133
3909
2642
1220
-97
-973
-1332
-1198
-592
495
1852
3320
4898
6446
7842
8840
9356
9462
9062
8319
7295
6058
4763
3495
2444
1637
969
602
670
1047
1522
2056
2488
2712
2688
2380
1744
752
-617
-2240
-4017
-5857
-7519
-8952
-10046
-10877
-11251
-11086
-10481
-9546
-8310
-7042
-5851
-4622
-3619
-2848
-2350
-2146
-2328
-2670
-2947
-3395
-3912
-4134
-4101
-3908
-3351
-2409
-1340
19
1523
2908
4169
5272
5984
6328
6379
6064
5490
4614
3597
2443
1310
457
-104
-228
351
1406
2534
3691
4976
6332
7643
8632
9109
9175
8820
8214
7232
6186
5193
4190
3176
2228
1467
1117
1248
1485
1775
2054
2368
2438
2304
2003
1335
383
-816
-2338
-4095
-5788
-7232
-8511
-9637
-10482
-10829
-10682
-10125
-9218
-8176
-6999
-5757
-4520
-3534
-2814
-2330
-2204
-2396
-2869
-3368
-3736
-4097
-4412
-4340
-3969
-3273
-2290
-1144
267
1879
3558
4872
5903
6666
6968
6878
6299
5476
4398
3216
1960
779
-52
-421
-245
542
1600
2730
4084
5652
7168
8419
9242
9575
9405
8772
7917
6793
5547
4397
3266
2124
1123
511
382
536
895
1374
1846
2293
2514
2460
2073
1364
391
-975
-2717
-4569
-6358
-8073
-9381
-10415
-11111
-11303
-11016
-10284
-9291
-8111
-6810
-5446
-4304
-3431
-2715
-2337
-2283
-2480
-2842
-3170
-3464
-3839
-3980
-3866
-3428
-2540
-1361
-70
1384
2977
4360
5559
6550
7241
7514
7455
7062
6282
5261
4153
2886
1608
798
462
779
1436
2126
2948
3999
5269
6640
7717
8267
8322
8020
7410
6600
5674
4755
3785
2650
1514
607
211
122
240
480
732
1046
1245
1282
1064
633
-21
-1001
-2248
-3618
-5071
-6506
-7754
-8819
-9751
-10278
-10270
-10029
-9535
-8611
-7432
-6362
-5277
-4222
-3485
-2856
-2501
-2500
-2809
-3126
-3364
-3757
-3996
-3886
-3456
-2753
-1706
-578
719
2222
3777
5087
6181
7004
7484
7547
7138
6473
5623
4635
3360
2184
1171
575
663
1364
2170
2990
4155
5537
6942
8099
8856
9089
8873
8307
7411
6201
5006
3901
2704
1544
499
-71
-98
159
584
1076
1594
2011
2297
2302
1910
1283
447
-906
-2559
-4280
-6052
-7655
-8935
-9995
-10617
-10691
-10452
-9917
-9013
-7802
-6621
-5555
-4659
-3918
-3449
-3156
-3199
-3586
-3966
-4287
-4645
-5010
-5013
-4629
-4042
-3098
-1950
-642
977
2697
4205
5426
6422
7183
7528
7400
6933
6276
5524
4592
3459
2477
1882
1709
2187
2916
3561
4378
5367
6475
7510
8223
8553
8447
7898
7155
6128
5072
4170
3208
2072
997
269
-55
-28
141
363
492
702
762
662
434
-25
-754
-1818
-3066
-4377
-5650
-6893
-7952
-8964
-9654
-9854
-9616
-9211
-8668
-7886
-6980
-5990
-5121
-4400
-3874
-3558
-3429
-3475
-3651
-3822
-3882
-4007
-4035
-3811
-3291
-2481
-1542
-503
790
2213
3601
4756
5628
6434
6971
7113
6959
6575
6074
5349
4391
3446
2786
2576
2827
3311
3719
4339
5166
6175
7272
7893
8058
7968
7693
7031
6087
5161
4347
3487
2372
1292
432
34
-72
-71
76
252
423
486
456
302
-88
-635
-1544
-2693
-3892
-5093
-6319
-7460
-8381
-9069
-9408
-9199
-8664
-8159
-7427
-6429
-5484
-4687
-4034
-3532
-3219
-3296
-3633
-3936
-4283
-4552
-4766
-4973
-4792
-4281
-3557
-2479
-1309
-46
1493
2932
4098
5177
5984
6527
6721
6470
6025
5467
4884
4151
3310
2697
2487
2859
3595
4366
5131
6013
6930
7882
8555
8761
8569
8099
7371
6221
5166
4181
3203
2286
1241
367
-69
-166
-122
-48
-33
146
141
27
-125
-605
-1226
-2165
-3414
-4642
-5742
-6856
-7781
-8647
-9335
-9566
-9367
-8887
-8392
-7692
-6748
-5904
-5161
-4407
-3921
-3642
-3529
-3627
-3874
-4082
-4130
-4206
-4399
-4334
-3904
-3234
-2349
-1342
-311
828
2171
3381
4349
5203
5855
6150
6074
5825
5434
4999
4394
3741
3168
2976
3458
4156
4754
5435
6140
6951
7955
8590
8802
8669
8207
7516
6458
5567
4864
4047
3133
2135
1172
754
713
684
688
579
380
174
-82
-522
-1178
-1953
-2915
-4117
-5315
-6302
-7284
-8191
-8806
-9345
-9531
-9246
-8597
-7883
-7116
-6174
-5270
-4498
-3857
-3353
-3167
-3228
-3473
-3820
-4094
-4198
-4203
-4279
-4079
-3404
-2608
-1555
-458
640
1908
3209
4172
4844
5495
5914
5916
5642
5266
4518
3837
3230
2613
2159
2136
2668
3562
4465
5248
6166
7090
8043
8841
9088
8946
8322
7479
6445
5210
4167
3286
2408
1569
829
414
415
567
707
855
1033
999
707
311
-420
-1351
-2435
-3782
-5157
-6506
-7759
-8726
-9452
-10023
-10166
-9849
-9198
-8480
-7683
-6682
-5739
-5052
-4379
-3949
-3718
-3622
-3764
-3972
-4175
-4219
-4112
-4049
-3836
-3234
-2410
-1459
-363
666
1741
3050
4123
4985
5718
6210
6527
6501
6187
5678
5133
4565
3819
3264
3004
3328
3981
4592
5147
5728
6415
7257
7957
8138
7974
7371
6681
5741
4706
3885
3059
2371
1708
966
540
646
693
753
828
765
534
27
-414
-1129
-2002
-2892
-4023
-5253
-6300
-7258
-8040
-8526
-8782
-8746
-8426
-7909
-7385
-6815
-6223
-5551
-5050
-4760
-4561
-4426
-4432
-4519
-4601
-4618
-4453
-4099
-3758
-3358
-2682
-1838
-831
139
944
1768
2751
3597
4203
4725
5029
5220
5311
5170
4974
4704
4501
4216
3813
3733
4174
5036
5768
6263
6691
7204
7785
8080
7932
7526
6923
6239
5308
4335
3693
3134
2566
1987
1370
1008
1125
1166
1098
994
716
363
-234
-964
-1752
-2724
-3714
-4824
-6036
-6974
-7716
-8275
-8586
-8793
-8721
-8315
-7656
-7011
-6345
-5659
-5055
-4629
-4434
-4321
-4379
-4510
-4681
-4854
-4842
-4750
-4513
-4141
-3697
-2976
-2040
-944
96
924
1710
2607
3454
3990
4467
4780
4908
4882
4783
4679
4482
4188
3802
3610
3549
4019
4838
5621
6258
6793
7403
8021
8514
8550
8239
7516
6735
5792
4729
3875
3176
2520
1863
1214
679
644
774
754
603
355
46
-527
-1152
-1862
-2786
-3817
-4942
-6096
-7150
-7976
-8668
-9230
-9528
-9404
-8919
-8179
-7391
-6618
-5832
-5079
-4437
-4027
-3804
-3801
-3836
-3972
-4258
-4417
-4310
-4087
-3860
-3528
-2863
-1772
-606
456
1365
2193
3181
4086
4711
5117
5332
5414
5162
4822
4492
4147
3759
3326
2960
2779
3184
4126
5115
5895
6524
7170
7845
8547
8742
8419
7791
6950
5896
4738
3875
3248
2635
1965
1334
873
888
1137
1375
1489
1393
1099
646
2
-904
-1944
-3052
-4277
-5668
-6919
-7981
-8873
-9390
-9617
-9612
-9213
-8445
-7576
-6751
-5920
-5074
-4484
-4094
-3855
-3833
-3914
-4162
-4414
-4620
-4599
-4299
-3962
-3554
-2762
-1764
-699
532
1624
2583
3549
4459
5096
5497
5637
5579
5434
5142
4790
4396
4137
3793
3407
3228
3588
4432
5249
6001
6473
7052
7606
8164
8355
8059
7418
6513
5548
4408
3550
2853
2291
1673
1023
517
384
587
678
671
520
371
-83
-728
-1561
-2609
-3631
-4785
-6027
-7191
-8115
-8994
-9520
-9838
-9873
-9534
-8939
-8010
-7132
-6220
-5314
-4504
-4100
-3798
-3629
-3682
-3917
-4315
-4583
-4681
-4569
-4227
-3829
-3193
-2168
-1082
108
1290
2536
3681
4764
5457
5885
6098
6108
5978
5538
5076
4536
4030
3541
3157
2925
3116
3826
4867
5838
6695
7511
8306
9010
9307
9137
8458
7457
6429
5072
3776
2838
2057
1443
789
237
145
464
703
977
1136
1015
676
42
-723
-1777
-2914
-4178
-5625
-7090
-8261
-9241
-9905
-10234
-10303
-9958
-9243
-8291
-7373
-6387
-5476
-4627
-4016
-3739
-3646
-3639
-3754
-4031
-4328
-4414
-4252
-3991
-3605
-2915
-1985
-826
413
1564
2547
3602
4728
5447
6013
6393
6537
6476
6236
5936
5550
5201
4847
4359
4018
4035
4566
5375
6092
6577
7076
7596
8168
8483
8224
7732
6977
6024
4819
3816
3117
2522
1884
1174
497
111
143
187
135
-54
-404
-906
-1554
-2262
-3044
-3899
-4939
-6158
-7276
-8119
-8832
-9366
-9717
-9969
-9673
-8990
-8212
-7491
-6769
-5930
-5153
-4601
-4237
-4095
-4139
-4199
-4367
-4544
-4435
-4167
-3759
-3278
-2651
-1709
-655
467
1564
2414
3295
4269
4871
5226
5498
5569
5540
5216
4965
4722
4392
4130
3804
3604
3832
4649
5631
6452
7036
7546
8220
8840
9155
8895
8269
7403
6317
5024
3988
3323
2714
2073
1415
839
622
908
1112
1181
1040
816
310
-413
-1240
-2359
-3589
-4940
-6361
-7728
-8783
-9610
-10159
-10387
-10380
-10082
-9365
-8425
-7623
-6779
-5894
-5071
-4611
-4373
-4263
-4261
-4371
-4533
-4610
-4462
-4167
-3784
-3288
-2647
-1539
-373
765
1944
2915
3803
4720
5419
5740
6032
6129
6159
5934
5692
5474
5123
4845
4571
4395
4652
5607
6388
6947
7397
7898
8418
8753
8853
8452
7713
6753
5687
4475
3722
3284
2677
1984
1422
1047
952
1128
1229
1093
744
323
-394
-1215
-2023
-2988
-4162
-5508
-6866
-8018
-8795
-9496
-9971
-10193
-10174
-9644
-8786
-7953
-7187
-6339
-5516
-4889
-4519
-4235
-4176
-4299
-4569
-4898
-5130
-5066
-4748
-4342
-3801
-3032
-1908
-631
570
1814
2916
3890
4802
5398
5763
5911
5779
5497
4973
4409
4071
3669
3205
2909
2991
3632
4716
5713
6520
7407
8281
9005
9451
9446
8985
8148
7002
5706
4424
3480
2854
2044
1219
721
473
615
1029
1355
1487
1414
1104
537
-286
-1248
-2367
-3821
-5377
-6976
-8326
-9293
-10139
-10621
-10734
-10555
-9910
-9014
-8118
-7198
-6231
-5307
-4695
-4405
-4203
-4123
-4267
-4508
-4769
-4871
-4761
-4450
-4104
-3555
-2630
-1367
-27
1209
2425
3507
4463
5313
5938
6166
6368
6388
6094
5715
5370
5184
4846
4406
4229
4407
5064
6041
6806
7371
7950
8470
9083
9349
9118
8619
7826
6758
5589
4536
3819
3288
2486
1722
1080
837
942
1042
961
834
601
74
-609
-1493
-2451
-3608
-4952
-6422
-7810
-8781
-9544
-10331
-10867
-10945
-10569
-9785
-8855
-7966
-7112
-6173
-5295
-4681
-4283
-4058
-4082
-4294
-4653
-4916
-4878
-4550
-4115
-3732
-3099
-2087
-758
580
1896
3112
4111
5086
5855
6333
6552
6569
6222
5685
5088
4708
4411
3914
3464
3180
3594
4603
5755
6600
7336
8129
8852
9496
9658
9447
8804
7687
6305
4910
3843
3039
2317
1510
794
381
491
834
1040
1190
1192
975
407
-326
-1247
-2386
-3741
-5309
-6920
-8368
-9505
-10456
-11176
-11509
-11358
-10845
-10026
-9032
-8054
-7060
-6087
-5295
-4760
-4429
-4335
-4361
-4615
-4861
-4883
-4719
-4478
-4073
-3480
-2607
-1326
154
1556
2757
4003
5116
6047
6820
7320
7512
7459
7168
6659
6264
5920
5522
4891
4423
4381
4913
5812
6555
7123
7582
8140
8676
9043
8967
8585
7697
6596
5314
4099
3437
2867
2219
1441
757
518
644
793
901
810
582
215
-421
-1216
-2188
-3276
-4549
-5974
-7386
-8472
-9338
-10085
-10556
-10751
-10525
-9971
-9200
-8443
-7618
-6854
-6167
-5632
-5344
-5135
-4970
-5054
-5273
-5337
-5208
-4813
-4378
-3854
-3142
-2138
-772
592
1883
3056
4163
5138
5958
6626
7038
7274
7335
7049
6648
6351
6118
5782
5270
4941
5126
5881
6642
7252
7713
8240
8809
9168
9283
9049
8397
7409
6145
4789
3832
3109
2399
1539
691
168
97
243
347
407
376
219
-300
-998
-1791
-2685
-3824
-5232
-6695
-7991
-8971
-9914
-10726
-11255
-11364
-10985
-10167
-9253
-8349
-7362
-6359
-5551
-5061
-4575
-4293
-4378
-4727
-5166
-5518
-5549
-5294
-5102
-4604
-3836
-2649
-1172
325
1950
3481
4796
5905
6753
7286
7628
7670
7386
6756
6112
5728
5224
4648
4312
4172
4689
5763
6726
7564
8381
9012
9590
9999
9991
9608
8759
7608
6128
4716
3724
2937
2060
1153
396
45
194
493
679
885
929
698
93
-664
-1491
-2482
-3805
-5430
-7030
-8357
-9376
-10268
-10945
-11301
-11175
-10648
-9943
-9177
-8233
-7239
-6419
-5808
-5401
-5108
-4922
-4996
-5284
-5483
-5510
-5402
-5104
-4707
-4139
-3121
-1818
-428
991
2481
3859
5056
6107
6932
7472
7793
7922
7698
7311
6919
6635
6277
5840
5598
5630
6332
7176
7779
8356
8974
9422
9814
9892
9596
8985
7878
6608
5137
4016
3287
2467
1515
686
110
6
193
276
417
394
172
-390
-1134
-1941
-2862
-4019
-5403
-6924
-8317
-9226
-10062
-10830
-11356
-11433
-11074
-10225
-9270
-8439
-7524
-6587
-5819
-5356
-5045
-4908
-5006
-5425
-5836
-6134
-6165
-6000
-5738
-5204
-4308
-3069
-1575
-51
1452
3090
4461
5612
6489
7020
7378
7357
7149
6693
6143
5786
5437
4881
4658
4738
5260
6416
7497
8376
9164
9852
10368
10675
10609
10243
9356
8009
6498
4966
3871
3135
2321
1409
731
424
511
776
1037
1288
1301
996
247
-638
-1568
-2628
-4077
-5770
-7400
-8865
-9934
-10810
-11391
-11695
-11575
-11080
-10278
-9435
-8509
-7592
-6795
-6182
-5871
-5667
-5577
-5679
-6065
-6325
-6373
-6273
-6000
-5524
-4863
-3839
-2450
-1000
460
1934
3450
4717
5687
6521
7085
7378
7585
7444
7043
6847
6574
6197
5868
5817
6061
6826
7723
8461
9125
9744
10303
10544
10522
10179
9518
8501
7179
5641
4522
3739
3023
2191
1427
957
855
959
988
1049
990
680
-42
-884
-1759
-2842
-4154
-5582
-7125
-8480
-9374
-10154
-10808
-11211
-11085
-10627
-9942
-9091
-8313
-7461
-6604
-6008
-5803
-5697
-5752
-5980
-6417
-6823
-6898
-6779
-6502
-6075
-5448
-4463
-3040
-1453
42
1546
2981
4195
5165
5910
6361
6577
6585
6308
5915
5588
5375
5115
4907
4878
5094
5890
7037
7980
8814
9549
10121
10534
10704
10398
9800
8800
7423
5863
4415
3534
2786
2018
1349
867
707
924
1255
1438
1638
1633
1193
385
-602
-1734
-3017
-4424
-6103
-7779
-9043
-9999
-10864
-11322
-11426
-11113
-10504
-9642
-8793
-7879
-7023
-6339
-5865
-5801
-5836
-6023
-6404
-6819
-7102
-7152
-6997
-6811
-6271
-5330
-4160
-2613
-918
592
2068
3531
4720
5679
6468
6937
7028
6994
6772
6385
6115
5913
5559
5348
5433
5806
6781
7915
8738
9404
10122
10661
10913
10804
10451
9672
8456
6989
5427
4228
3359
2608
1833
1182
853
822
1002
1303
1542
1594
1448
895
56
-919
-2077
-3462
-5085
-6724
-8178
-9230
-10114
-10748
-11192
-11148
-10731
-9975
-8883
-7947
-6989
-6096
-5495
-5155
-5045
-5166
-5447
-6060
-6755
-7307
-7517
-7453
-7241
-6608
-5601
-4249
-2568
-826
936
2751
4183
5330
6234
6709
6946
6851
6447
5826
5099
4573
4067
3617
3660
3937
4688
6003
7189
8224
9279
10358
11126
11338
11111
10535
9381
7915
6163
4461
3191
2174
1203
338
-107
-96
259
780
1395
1929
2182
2131
1612
764
-315
-1654
-3446
-5336
-7125
-8732
-10012
-10890
-11417
-11600
-11258
-10518
-9515
-8459
-7327
-6278
-5453
-4994
-4813
-4872
-5164
-5686
-6379
-7020
-7447
-7707
-7709
-7276
-6522
-5371
-3755
-1982
-212
1589
3277
4648
5785
6709
7171
7334
7267
6810
6235
5805
5340
4852
4617
4668
5129
6160
7326
8356
9251
10154
10826
11207
11197
10786
9919
8655
7033
5357
3988
2930
1947
1033
401
27
121
518
775
1010
1279
1183
731
64
-890
-2081
-3481
-5125
-6820
-8261
-9319
-10238
-10897
-11114
-10992
-10455
-9520
-8604
-7758
-6825
-6018
-5480
-5173
-5123
-5318
-5718
-6252
-6756
-7109
-7203
-7117
-6845
-6245
-5224
-3915
-2287
-681
854
2360
3671
4840
5733
6450
6703
6729
6629
6310
5940
5654
5322
4916
4919
5239
6064
7127
8097
9007
9785
10527
11019
11175
10973
10317
9174
7748
6127
4817
3772
2759
1788
821
282
210
383
712
996
1055
1043
698
69
-691
-1716
-3019
-4649
-6357
-7803
-8958
-9926
-10629
-11237
-11292
-10897
-10109
-9018
-7953
-6912
-6094
-5381
-4931
-4726
-4838
-5205
-5925
-6692
-7299
-7647
-7724
-7696
-7200
-6423
-5342
-3755
-1962
-201
1642
3225
4521
5619
6321
6714
6703
6464
6096
5494
5001
4662
4139
4050
4376
5066
6310
7539
8703
9785
10687
11364
11727
11582
11100
10068
8546
6830
5168
3849
2753
1741
690
14
-197
-82
410
930
1348
1458
1294
807
65
-881
-2092
-3714
-5567
-7229
-8732
-9886
-10679
-11180
-11354
-10963
-10223
-9238
-8093
-6992
-6124
-5391
-4907
-4724
-4730
-5008
-5610
-6373
-6988
-7377
-7502
-7534
-7193
-6544
-5534
-4116
-2446
-722
919
2504
3743
4951
5926
6494
6681
6595
6333
5919
5584
5311
4975
4661
4805
5302
6287
7467
8498
9435
10307
11047
11512
11622
11403
10731
9435
7856
6283
4993
3982
3005
1898
1055
519
425
716
958
1208
1279
1078
601
-17
-862
-1961
-3417
-5088
-6797
-8353
-9429
-10329
-10993
-11335
-11329
-10809
-9891
-8915
-7915
-7059
-6403
-5921
-5685
-5580
-5763
-6212
-6822
-7479
-7894
-7967
-7911
-7682
-7031
-6105
-4885
-3294
-1552
161
1804
3139
4246
5257
6069
6497
6528
6345
6056
5640
5372
5168
4939
5071
5587
6517
7566
8634
9523
10429
11187
11617
11666
11447
10825
9674
8112
6439
5140
4064
3082
2013
979
394
277
307
639
936
1011
831
296
-438
-1212
-2208
-3562
-5129
-6821
-8308
-9529
-10417
-10939
-11349
-11296
-10792
-9845
-8657
-7458
-6345
-5491
-4964
-4674
-4551
-4662
-5112
-5969
-6826
-7589
-7909
-7857
-7659
-7033
-6086
-5008
-3489
-1718
146
1993
3449
4560
5494
6200
6603
6575
6247
5805
5312
4900
4632
4338
4443
4889
5702
6898
8121
9268
10397
11297
11824
12009
11755
11205
10077
8595
6814
5130
3868
2784
1712
724
87
-143
-32
340
912
1311
1430
1082
392
-384
-1361
-2662
-4296
-6135
-7937
-9368
-10449
-11020
-11247
-11219
-10741
-9998
-8871
-7576
-6406
-5415
-4740
-4484
-4417
-4634
-5064
-5726
-6637
-7363
-7944
-8192
-8077
-7755
-7029
-5888
-4561
-2876
-955
882
2548
3831
4852
5703
6259
6505
6383
6018
5588
5077
4611
4372
4347
4707
5466
6600
7798
8907
10014
11043
11805
12206
12055
11527
10671
9339
7683
6028
4690
3641
2531
1424
548
118
129
335
667
986
1130
799
159
-547
-1508
-2711
-4149
-5875
-7640
-9074
-10162
-10915
-11289
-11288
-10915
-10188
-9122
-7987
-6824
-5780
-5113
-4787
-4669
-4707
-5088
-5711
-6488
-7303
-7826
-8062
-8112
-7857
-7179
-6236
-4998
-3448
-1699
148
1822
3173
4164
5104
5811
6070
6090
5858
5363
4894
4527
4153
4096
4347
5139
6279
7399
8635
9829
10935
11772
12202
12204
11976
11234
10070
8529
6894
5566
4298
3132
1944
972
454
257
216
485
761
884
794
197
-555
-1327
-2317
-3675
-5306
-6956
-8403
-9673
-10567
-11030
-11142
-10892
-10373
-9515
-8379
-7080
-5911
-4963
-4396
-4200
-4094
-4299
-4783
-5436
-6105
-6650
-7077
-7347
-7270
-6685
-5802
-4796
-3589
-1976
-201
1466
2892
3969
4913
5686
6141
6287
6199
6006
5554
5045
4612
4408
4605
5269
6177
7069
8093
9185
10305
11240
11812
11837
11633
11039
9882
8494
7122
5868
4685
3500
2272
1284
619
315
155
213
519
570
292
-213
-942
-1696
-2678
-4050
-5622
-7179
-8577
-9837
-10796
-11277
-11379
-11171
-10565
-9758
-8788
-7525
-6407
-5594
-5011
-4728
-4674
-4851
-5290
-6019
-6741
-7251
-7666
-7948
-7900
-7380
-6587
-5515
-4257
-2673
-759
1038
2548
3711
4782
5682
6134
6283
6111
5815
5450
5016
4458
4226
4494
5107
6110
7096
8182
9272
10540
11549
12172
12365
12264
11717
10590
9117
7561
6256
5013
3769
2412
1333
573
254
82
117
322
453
331
-184
-773
-1416
-2345
-3701
-5312
-6887
-8282
-9549
-10585
-11132
-11272
-11056
-10554
-9719
-8578
-7160
-5916
-5016
-4403
-4095
-3823
-3827
-4243
-4956
-5674
-6212
-6657
-7049
-7131
-6791
-6137
-5272
-4162
-2746
-1011
771
2277
3467
4424
5372
5952
6107
6040
5784
5439
4928
4335
3973
4178
4689
5635
6575
7503
8642
9898
11017
11727
12102
12146
11740
10805
9531
8081
6849
5757
4455
3059
1930
1111
653
388
272
363
424
253
-310
-985
-1546
-2331
-3508
-5060
-6627
-8094
-9436
-10602
-11311
-11603
-11441
-11047
-10435
-9449
-8213
-7032
-6024
-5338
-4947
-4615
-4458
-4665
-5225
-5829
-6337
-6736
-7185
-7333
-7036
-6361
-5492
-4470
-3168
-1503
207
1704
2998
3997
4977
5740
6076
6113
5991
5760
5381
4856
4430
4499
4958
5825
6699
7588
8664
9863
10881
11676
12140
12220
11935
11081
9818
8407
7239
6144
4922
3491
2288
1393
895
585
368
401
501
314
-356
-919
-1493
-2317
-3437
-4891
-6518
-7945
-9188
-10408
-11233
-11491
-11333
-10988
-10341
-9372
-8134
-6753
-5653
-4971
-4577
-4317
-4241
-4534
-5137
-5819
-6431
-6922
-7301
-7552
-7297
-6607
-5766
-4717
-3462
-1853
-14
1541
2759
3771
4692
5339
5607
5630
5420
5072
4707
4208
3763
3870
4492
5503
6492
7502
8600
9781
11041
11979
12400
12493
12225
11344
9993
8538
7380
6330
5130
3851
2636
1835
1485
1222
1223
1309
1360
1187
513
-289
-1034
-1919
-3162
-4871
-6599
-8088
-9445
-10577
-11329
-11680
-11560
-11100
-10384
-9307
-7986
-6580
-5475
-4688
-4290
-4060
-3966
-4251
-4896
-5696
-6349
-6808
-7194
-7500
-7331
-6649
-5699
-4637
-3368
-1682
106
1722
2989
3998
4954
5700
5943
5844
5523
5126
4672
4110
3605
3570
4058
5001
6017
6890
8019
9336
10632
11579
12079
12249
12044
11257
10014
8540
7296
6235
5083
3703
2380
1509
1002
732
544
506
585
560
61
-695
-1383
-2160
-3287
-4900
-6581
-8132
-9363
-10510
-11405
-11891
-11901
-11510
-10889
-9976
-8791
-7422
-6180
-5317
-4839
-4499
-4183
-4154
-4629
-5270
-5816
-6158
-6509
-6849
-6842
-6267
-5494
-4610
-3468
-2042
-224
1434
2736
3852
4883
5753
6271
6355
6185
5989
5546
5091
4459
4205
4423
5068
5989
6808
7749
8873
10172
11140
11784
12103
12136
11712
10705
9337
8086
7065
5991
4654
3237
2128
1464
1070
743
627
759
812
394
-351
-978
-1630
-2534
-3874
-5637
-7251
-8542
-9766
-10885
-11564
-11676
-11384
-10851
-10080
-9018
-7636
-6391
-5445
-4878
-4511
-4113
-4115
-4520
-5141
-5862
-6342
-6636
-7102
-7269
-6889
-6216
-5201
-4137
-2783
-1039
676
1992
3071
4077
5053
5701
5872
5743
5409
5132
4683
4009
3617
3655
4228
5242
6170
7104
8250
9552
10717
11404
11871
12180
11925
11090
9734
8365
7276
6271
5067
3691
2513
1792
1376
1076
1023
1105
1214
913
120
-638
-1235
-2079
-3356
-5027
-6750
-8263
-9408
-10520
-11314
-11574
-11511
-11182
-10504
-9511
-8232
-6872
-5864
-5245
-4828
-4413
-4238
-4437
-4958
-5714
-6326
-6658
-7053
-7258
-6964
-6340
-5520
-4573
-3321
-1584
261
1736
2860
3833
4891
5579
5882
5836
5576
5193
4760
4198
3575
3524
3913
4774
5590
6492
7590
8933
10260
11133
11645
11982
11946
11292
10189
8757
7632
6657
5483
4095
2785
1949
1516
1156
956
1086
1236
1163
582
-75
-660
-1428
-2555
-4151
-5865
-7430
-8715
-9962
-10820
-11363
-11497
-11186
-10609
-9805
-8663
-7329
-6231
-5379
-4945
-4504
-4192
-4272
-4745
-5482
-6061
-6423
-6888
-7195
-7079
-6529
-5693
-4702
-3568
-1986
-173
1398
2668
3722
4764
5573
6019
6160
5936
5625
5354
4823
4152
3986
4228
5021
5979
6717
7697
8979
10277
11108
11659
11955
12026
11521
10503
9047
7790
6868
5799
4485
3177
2261
1749
1419
1140
1134
1264
1253
626
-202
-921
-1697
-2725
-4269
-6119
-7754
-9045
-10273
-11214
-11749
-11804
-11659
-11096
-10254
-9102
-7651
-6463
-5647
-5191
-4777
-4431
-4357
-4811
-5574
-6288
-6788
-7132
-7424
-7308
-6758
-5954
-4940
-3840
-2297
-405
1370
2663
3636
4616
5498
6033
6155
5895
5455
5024
4391
3681
3374
3471
4079
4990
5847
6835
8113
9525
10659
11306
11670
11849
11542
10717
9375
7970
6912
5773
4499
3206
2210
1665
1368
1136
1099
1378
1636
1413
679
1
-714
-1683
-2984
-4751
-6504
-7925
-9274
-10538
-11333
-11695
-11539
-10988
-10289
-9252
-7928
-6618
-5575
-4982
-4618
-4351
-4374
-4738
-5523
-6416
-6924
-7276
-7604
-7612
-7224
-6377
-5235
-4109
-2582
-678
1179
2692
3761
4706
5566
6113
6327
6151
5734
5345
4831
4094
3626
3560
3977
4992
5945
6981
8247
9636
10747
11505
11907
12047
11845
11052
9807
8179
6938
5848
4647
3426
2348
1700
1469
1369
1290
1571
1877
1853
1327
569
-195
-1121
-2347
-4048
-5931
-7596
-8988
-10333
-11147
-11562
-11600
-11190
-10583
-9716
-8494
-7120
-6049
-5298
-4964
-4771
-4763
-5006
-5606
-6416
-7060
-7496
-7900
-8127
-7869
-7163
-6069
-4901
-3642
-2049
-166
1457
2649
3712
4652
5313
5744
5766
5487
5258
4894
4318
3773
3640
3811
4593
5572
6404
7435
8803
10093
11025
11699
11980
11985
11539
10519
9052
7819
6764
5672
4429
3174
2233
1723
1534
1413
1492
1729
1860
1417
661
-55
-861
-1839
-3342
-5165
-6862
-8320
-9653
-10658
-11270
-11525
-11304
-10844
-10137
-9166
-7878
-6727
-5922
-5393
-5147
-4999
-5016
-5341
-6116
-6776
-7124
-7507
-7843
-7793
-7278
-6401
-5270
-4119
-2654
-868
918
2218
3279
4349
5174
5835
6054
5931
5642
5439
5014
4387
4055
4010
4429
5289
6137
6946
8180
9442
10502
11331
11754
11971
11799
11092
9825
8443
7356
6291
5054
3881
2890
2167
1821
1595
1455
1703
2029
1826
1230
475
-324
-1232
-2454
-4124
-5798
-7317
-8759
-9985
-10742
-11110
-11147
-10817
-10236
-9478
-8339
-7078
-6160
-5641
-5259
-5122
-5195
-5353
-5961
-6642
-7175
-7617
-7978
-8049
-7647
-6855
-5767
-4506
-3178
-1530
334
1837
3003
4111
4929
5592
5907
5830
5612
5401
5123
4544
4012
3893
4088
4898
5893
6689
7770
9015
10071
10899
11446
11685
11627
11052
9914
8438
7272
6232
5070
3972
2836
1989
1608
1416
1245
1352
1581
1548
1101
384
-325
-1227
-2311
-3796
-5625
-7302
-8662
-9902
-10761
-11214
-11363
-11028
-10500
-9791
-8851
-7598
-6520
-5789
-5484
-5347
-5323
-5416
-5872
-6563
-7105
-7541
-7880
-8071
-7757
-7070
-6020
-4780
-3520
-2008
-184
1474
2756
3891
4888
5639
6061
6171
5962
5660
5336
4851
4283
4003
4069
4627
5643
6516
7469
8721
9899
10858
11556
11791
11866
11562
10524
9110
7717
6614
5580
4423
3301
2390
1807
1619
1485
1522
1813
2035
1761
1139
395
-469
-1373
-2662
-4371
-6106
-7686
-9101
-10199
-10849
-11189
-11149
-10687
-9973
-9143
-7951
-6786
-5978
-5450
-5169
-5118
-5145
-5455
-6257
-7038
-7592
-7973
-8229
-8136
-7563
-6646
-5493
-4154
-2720
-979
871
2314
3487
4482
5303
5865
6090
5941
5627
5318
4898
4308
3856
3836
4132
4988
5983
6867
8041
9266
10325
11162
11675
11781
11612
10933
9626
8109
6861
5770
4645
3558
2579
1915
1560
1430
1402
1609
2005
1996
1550
872
78
-888
-2019
-3579
-5391
-7056
-8537
-9807
-10606
-11033
-11184
-10851
-10285
-9542
-8524
-7348
-6474
-5852
-5536
-5522
-5573
-5773
-6289
-7034
-7708
-8132
-8476
-8560
-8145
-7389
-6320
-4987
-3600
-1948
-39
1517
2846
4074
5000
5742
6138
6158
5925
5583
5212
4621
4149
4033
4192
4905
6033
6916
7816
8977
10109
11074
11633
11785
11635
11099
9973
8432
7090
6000
4962
3833
2731
1827
1420
1335
1338
1438
1687
1813
1463
841
61
-789
-1754
-3131
-4942
-6696
-8113
-9302
-10141
-10650
-10887
-10723
-10133
-9337
-8400
-7199
-6113
-5393
-5069
-5041
-5069
-5136
-5586
-6376
-7131
-7622
-7936
-8057
-7848
-7164
-6140
-4914
-3548
-2128
-391
1339
2672
3817
4704
5316
5793
5924
5740
5404
5061
4598
4054
3820
3999
4669
5696
6661
7541
8699
9877
10817
11439
11595
11452
10981
10103
8645
7257
6263
5415
4323
3204
2290
1836
1753
1732
1850
1976
2151
1780
1009
165
-757
-1680
-2919
-4633
-6455
-7911
-9007
-9945
-10491
-10718
-10621
-10134
-9427
-8610
-7515
-6473
-5721
-5438
-5444
-5486
-5603
-5846
-6423
-7178
-7665
-7840
-8006
-7850
-7234
-6285
-5135
-3833
-2436
-726
1135
2545
3639
4526
5235
5733
6032
5884
5561
5224
4825
4295
3914
4096
4652
5598
6498
7223
8244
9454
10481
11060
11192
11181
10758
9904
8561
7120
6058
5156
4055
2806
1791
1287
1132
1026
996
1140
1382
1251
649
-43
-777
-1666
-2819
-4416
-6281
-7785
-8854
-9848
-10490
-10786
-10726
-10237
-9532
-8717
-7668
-6513
-5643
-5201
-5174
-5198
-5255
-5600
-6211
-6942
-7487
-7699
-7926
-7953
-7458
-6606
-5421
-4018
-2545
-886
964
2559
3616
4598
5467
6013
6218
6133
5763
5334
5097
4632
4174
4197
4815
5772
6753
7542
8555
9744
10835
11521
11639
11621
11129
10273
8957
7420
6268
5409
4367
3112
2025
1429
1284
1232
1284
1331
1564
1554
918
167
-493
-1342
-2522
-4096
-5911
-7454
-8686
-9598
-10289
-10630
-10503
-10027
-9383
-8613
-7526
-6287
-5364
-4924
-4869
-4906
-4950
-5203
-5814
-6632
-7266
-7633
-7811
-7876
-7504
-6570
-5422
-4271
-2892
-1349
378
2097
3170
4068
4941
5644
5991
5889
5606
5273
4976
4467
3980
4008
4698
5751
6607
7350
8225
9374
10461
11160
11260
11198
10853
9984
8654
7300
6237
5404
4444
3011
1752
1241
1129
1026
990
957
1041
959
328
-571
-1271
-2036
-3172
-4774
-6489
-7990
-9076
-9920
-10602
-10931
-10775
-10332
-9646
-8816
-7738
-6565
-5588
-5153
-5153
-5040
-4909
-5192
-5796
-6552
-7144
-7404
-7574
-7666
-7297
-6295
-5087
-3943
-2659
-974
869
2568
3629
4418
5281
5966
6322
6243
5930
5580
5241
4616
4130
4207
4959
6045
6785
7463
8374
9623
10771
11393
11407
11309
11010
10176
8805
7454
6447
5531
4468
3027
1805
1313
1250
1079
942
922
1085
1043
478
-318
-954
-1586
-2706
-4397
-6201
-7557
-8629
-9525
-10266
-10615
-10402
-9968
-9461
-8710
-7608
-6441
-5414
-4915
-4897
-4794
-4651
-4960
-5714
-6510
-6997
-7200
-7511
-7660
-7375
-6500
-5319
-4239
-3050
-1352
471
2100
3252
4040
4969
5794
6128
6044
5839
5594
5310
4765
4232
4278
5095
6195
6883
7440
8352
9610
10765
11326
11388
11187
10902
10030
8576
7354
6537
5696
4551
3053
1744
1286
1152
981
747
678
796
616
-24
-887
-1518
-2058
-3201
-4990
-6645
-7933
-8958
-9810
-10558
-10846
-10541
-9993
-9400
-8714
-7545
-6269
-5436
-4997
-4957
-4885
-4744
-4995
-5669
-6459
-6936
-7051
-7394
-7597
-7192
-6279
-5095
-4104
-2980
-1280
552
2129
3207
3951
4776
5564
5915
5777
5437
5270
5004
4362
3990
4146
5035
6159
6876
7445
8346
9670
10748
11147
11212
11071
10720
9885
8427
7216
6441
5650
4445
2951
1797
1390
1263
1082
851
808
948
667
10
-831
-1456
-2022
-3156
-4939
-6619
-7785
-8630
-9431
-10266
-10414
-9984
-9457
-8806
-8072
-6988
-5679
-4818
-4573
-4530
-4402
-4273
-4582
-5419
-6219
-6666
-6800
-7034
-7294
-6900
-5954
-4840
-3827
-2791
-1158
803
2368
3331
4113
4959
5697
6092
5891
5519
5274
4934
4349
3900
4096
5140
6285
6913
7524
8320
9593
10744
11058
11028
10959
10539
9562
8006
6822
6174
5441
4160
2539
1329
990
945
749
519
377
529
301
-484
-1228
-1722
-2253
-3414
-5172
-6789
-7873
-8628
-9434
-10270
-10453
-10041
-9437
-8768
-7945
-6769
-5517
-4671
-4383
-4327
-4177
-4007
-4393
-5185
-5975
-6331
-6430
-6769
-7103
-6827
-5964
-5025
-4073
-3047
-1441
549
2026
2913
3697
4599
5431
5764
5558
5267
5049
4735
4175
3715
3936
4926
5885
6485
7030
7920
9276
10389
10782
10804
10777
10400
9598
8263
7171
6580
5878
4605
2932
1739
1317
1185
882
555
385
477
295
-486
-1264
-1722
-2258
-3412
-5113
-6672
-7709
-8526
-9413
-10312
-10517
-10054
-9464
-8865
-8105
-6914
-5596
-4726
-4482
-4431
-4202
-4002
-4362
-5199
-6070
-6453
-6506
-6826
-7198
-6821
-5884
-4891
-3866
-2774
-1139
830
2327
3118
3831
4784
5580
5861
5650
5244
5013
4797
4243
3837
4109
5176
6159
6835
7485
8433
9785
10826
11071
11009
10956
10512
9554
8118
6989
6350
5615
4318
2668
1515
1293
1149
861
678
521
684
404
-489
-1216
-1685
-2328
-3594
-5331
-6959
-7895
-8641
-9483
-10278
-10462
-9973
-9358
-8752
-7892
-6746
-5524
-4577
-4397
-4371
-4048
-3928
-4351
-5167
-5927
-6326
-6447
-6743
-7045
-6681
-5752
-4753
-3876
-2697
-1003
868
2384
3243
4003
4900
5675
5944
5764
5513
5297
5003
4476
4202
4499
5509
6427
6981
7552
8502
9704
10656
10882
10763
10656
10277
9282
7834
6811
6129
5353
4011
2338
1247
920
755
428
101
-14
-43
-421
-1253
-1987
-2420
-2965
-4179
-5827
-7256
-8237
-8806
-9478
-10231
-10376
-9983
-9460
-8832
-7976
-6864
-5585
-4799
-4594
-4498
-4172
-3865
-4234
-4996
-5656
-5967
-6127
-6342
-6589
-6210
-5430
-4618
-3792
-2692
-1068
691
2104
2954
3712
4634
5468
5788
5678
5451
5189
4832
4351
4068
4428
5475
6196
6647
7188
8076
9296
10216
10476
10482
10402
10035
9178
7977
7192
6599
5817
4445
2792
1786
1439
1130
784
418
153
60
-367
-1088
-1710
-2115
-2731
-3959
-5540
-6835
-7641
-8292
-8993
-9715
-9830
-9439
-8916
-8412
-7633
-6442
-5348
-4700
-4455
-4252
-3758
-3601
-4039
-4659
-5254
-5482
-5619
-5920
-6181
-5852
-5143
-4422
-3617
-2547
-940
735
1972
2838
3671
4610
5508
5843
5735
5590
5352
5030
4575
4283
4725
5704
6268
6677
7158
8049
9190
9960
10215
10227
10182
9797
8918
7766
7055
6475
5660
4289
2613
1661
1324
916
487
113
-85
-238
-774
-1489
-2028
-2444
-3178
-4412
-5886
-7049
-7822
-8438
-9206
-9947
-10038
-9498
-9014
-8462
-7651
-6695
-5588
-4931
-4748
-4545
-4153
-4165
-4745
-5533
-6074
-6216
-6319
-6517
-6649
-6288
-5521
-4693
-3842
-2528
-897
698
1807
2492
3330
4271
4955
5130
4963
4727
4523
4258
4080
4029
4650
5706
6382
6865
7564
8604
9750
10431
10537
10493
10304
9816
8781
7710
7091
6544
5613
4244
2807
2123
1909
1588
1291
1048
950
765
130
-661
-1363
-1860
-2684
-4168
-5657
-6841
-7672
-8278
-9025
-9599
-9543
-9111
-8595
-8002
-7119
-5965
-4981
-4490
-4398
-4281
-4000
-4080
-4703
-5409
-5879
-6110
-6341
-6666
-6774
-6193
-5332
-4586
-3685
-2422
-762
778
1809
2629
3504
4366
5042
5190
5122
5135
4925
4489
4157
4207
4964
6046
6667
7063
7748
8714
9750
10336
10388
10386
10105
9463
8376
7391
6868
6310
5309
3873
2482
1826
1591
1223
848
651
532
209
-416
-1130
-1620
-2117
-3099
-4607
-6075
-7061
-7820
-8497
-9249
-9755
-9564
-8978
-8445
-7812
-6778
-5704
-4785
-4351
-4245
-3903
-3611
-3909
-4746
-5589
-6061
-6323
-6539
-6833
-6844
-6298
-5545
-4868
-3865
-2403
-686
843
1734
2497
3352
4163
4685
4683
4500
4385
4160
3708
3416
3553
4387
5422
5960
6529
7480
8640
9731
10333
10370
10391
10183
9503
8423
7389
6770
6039
4948
3525
2282
1773
1571
1208
890
816
890
691
26
-637
-1081
-1599
-2630
-4077
-5535
-6631
-7478
-8273
-8986
-9397
-9205
-8758
-8277
-7647
-6607
-5437
-4517
-4004
-3802
-3545
-3267
-3502
-4197
-4935
-5389
-5709
-6165
-6637
-6671
-6113
-5468
-4827
-3980
-2595
-819
578
1522
2413
3312
4222
4793
4865
4867
4863
4564
4047
3784
3998
4861
5749
6145
6606
7353
8403
9325
9734
9945
10058
9797
9124
8103
7249
6818
6223
5144
3677
2516
1960
1635
1192
756
537
327
-112
-951
-1647
-1977
-2417
-3457
-4865
-6171
-7014
-7600
-8235
-8822
-9029
-8782
-8398
-7977
-7363
-6335
-5290
-4596
-4297
-4141
-3691
-3338
-3579
-4226
-4778
-5051
-5219
-5476
-5765
-5646
-5095
-4593
-4098
-3241
-1963
-397
832
1583
2419
3379
4249
4745
4747
4772
4853
4646
4201
3870
4014
4760
5430
5804
6219
6876
7891
8764
9053
9222
9339
9152
8612
7641
6832
6410
5891
4860
3469
2352
1871
1476
905
506
315
338
-63
-879
-1476
-1851
-2296
-3163
-4517
-5741
-6506
-7251
-7994
-8666
-8903
-8627
-8353
-8128
-7539
-6500
-5433
-4683
-4378
-4221
-3872
-3674
-3903
-4439
-5003
-5355
-5606
-6005
-6433
-6328
-5719
-5135
-4576
-3706
-2353
-766
516
1319
2158
3196
4054
4478
4637
4692
4762
4643
4207
3922
4280
5244
5989
6313
6711
7540
8538
9349
9685
9792
9894
9651
8916
7921
7193
6791
6279
5203
3775
2795
2434
2021
1498
1142
965
830
288
-595
-1259
-1667
-2183
-3308
-4723
-5884
-6718
-7368
-8065
-8689
-8846
-8499
-8082
-7773
-7107
-6082
-5041
-4403
-4236
-4077
-3709
-3525
-3916
-4499
-4993
-5264
-5441
-5783
-6011
-5861
-5339
-4831
-4371
-3501
-2237
-740
396
1098
1944
2987
3813
4163
4195
4274
4373
4249
3881
3636
3891
4612
5275
5621
6098
6927
7929
8652
8934
9128
9366
9307
8629
7668
6900
6473
5978
5048
3786
2758
2244
1782
1239
1000
1021
959
487
-346
-1032
-1371
-1756
-2728
-4125
-5332
-6162
-6897
-7633
-8262
-8503
-8317
-8089
-7894
-7259
-6165
-5084
-4431
-4214
-3994
-3619
-3388
-3740
-4436
-5064
-5563
-5944
-6310
-6607
-6452
-5937
-5533
-4978
-4005
-2523
-910
291
1127
1955
2908
3665
4089
4111
4162
4108
3825
3423
3267
3634
4523
5319
5675
6344
7244
8362
9284
9629
9802
9919
9572
8783
7786
7061
6536
5781
4627
3279
2332
1949
1642
1232
1001
956
979
582
-124
-673
-1086
-1681
-2832
-4258
-5536
-6375
-7217
-8025
-8620
-8786
-8502
-8179
-7731
-7003
-5905
-4866
-4172
-3884
-3652
-3260
-3145
-3553
-4164
-4750
-5169
-5531
-5989
-6316
-6128
-5654
-5151
-4557
-3667
-2096
-552
575
1448
2336
3349
4105
4473
4522
4633
4622
4401
3966
3700
4000
4720
5332
5735
6366
7180
8196
8920
9271
9554
9702
9561
8898
7878
7131
6607
5851
4806
3535
2562
2042
1536
1042
802
740
761
338
-442
-888
-1249
-1733
-2794
-4122
-5261
-6118
-6979
-7707
-8283
-8482
-8295
-8215
-7888
-7263
-6225
-5280
-4661
-4356
-4122
-3740
-3542
-3850
-4383
-4850
-5301
-5681
-6154
-6466
-6285
-5888
-5498
-4988
-4067
-2601
-1105
25
859
1739
2710
3459
3865
3973
4114
4146
3904
3510
3302
3578
4275
4923
5242
5805
6687
7657
8448
8887
9168
9315
9108
8551
7661
6999
6554
5842
4874
3654
2745
2267
1780
1301
1082
1041
951
545
-176
-707
-1039
-1551
-2553
-3824
-4914
-5802
-6592
-7348
-7863
-7989
-7807
-7642
-7342
-6749
-5798
-4851
-4252
-3933
-3667
-3320
-3239
-3609
-4170
-4674
-5108
-5423
-5894
-6136
-5897
-5519
-5068
-4507
-3579
-2249
-798
300
1172
2152
3062
3773
4144
4224
4324
4316
4068
3679
3512
3735
4303
4891
5267
5910
6692
7560
8276
8656
8898
9086
8987
8450
7581
6803
6361
5644
4683
3572
2640
2096
1650
1227
1007
1009
1024
538
-144
-511
-893
-1392
-2199
-3396
-4502
-5370
-6183
-6901
-7432
-7652
-7593
-7494
-7261
-6729
-5787
-4955
-4445
-4132
-3951
-3605
-3451
-3724
-4210
-4717
-5182
-5536
-5991
-6293
-6103
-5818
-5512
-4952
-4127
-2827
-1378
-317
504
1418
2419
3175
3642
3882
4114
4161
3955
3525
3286
3452
3785
4320
4728
5330
6069
6917
7699
8253
8698
9034
8888
8426
7746
6960
6396
5658
4654
3548
2707
1988
1375
925
736
688
676
498
-31
-387
-658
-1145
-1923
-2886
-3915
-4890
-5773
-6649
-7285
-7627
-7689
-7673
-7488
-7006
-6169
-5291
-4565
-4037
-3730
-3286
-3141
-3320
-3570
-4006
-4516
-4973
-5503
-5954
-5935
-5804
-5544
-5013
-4203
-2928
-1561
-341
687
1716
2721
3543
4049
4367
4612
4631
4443
4060
3667
3680
3818
4013
4561
5177
5855
6702
7487
8164
8755
9092
9218
8966
8343
7563
6734
5930
5039
4031
3085
2258
1453
928
667
555
634
470
100
-192
-512
-945
-1572
-2498
-3488
-4514
-5460
-6313
-7088
-7457
-7661
-7833
-7773
-7311
-6629
-5772
-5019
-4493
-4084
-3696
-3490
-3630
-3823
-4188
-4819
-5273
-5738
-6198
-6260
-6185
-6014
-5437
-4622
-3600
-2285
-1058
3
1024
2139
3121
3670
4138
4484
4540
4462
4264
3888
3733
3812
3804
4204
4861
5580
6278
7020
7704
8389
8967
9267
9177
8726
8207
7343
6496
5634
4653
3757
2846
1914
1290
1061
841
800
676
427
137
-141
-442
-1036
-1696
-2507
-3578
-4676
-5574
-6472
-7015
-7411
-7778
-7816
-7512
-6980
-6346
-5658
-5045
-4547
-4163
-3911
-3922
-4113
-4383
-4865
-5528
-5977
-6440
-6647
-6606
-6564
-6183
-5346
-4277
-3162
-1885
-713
411
1504
2478
3230
3828
4327
4468
4367
4211
3986
3719
3635
3507
3635
4267
4950
5688
6518
7286
8107
8897
9280
9436
9236
8795
8064
7040
6134
5243
4331
3450
2489
1650
1228
997
879
942
930
788
501
224
-270
-899
-1570
-2468
-3558
-4642
-5584
-6404
-7051
-7522
-7726
-7611
-7162
-6689
-6093
-5478
-4905
-4413
-4167
-4099
-4153
-4314
-4681
-5264
-5798
-6137
-6446
-6633
-6603
-6347
-5574
-4556
-3574
-2447
-1187
66
1172
2270
3136
3807
4355
4606
4601
4527
4410
4145
3888
3658
3579
3858
4526
5183
5899
6665
7396
8167
8725
9016
9079
8868
8273
7331
6342
5495
4668
3860
3017
2111
1408
1083
868
773
856
866
709
415
-5
-494
-1038
-1737
-2663
-3734
-4675
-5571
-6359
-6851
-7231
-7401
-7291
-7021
-6678
-6124
-5522
-5005
-4668
-4479
-4415
-4532
-4761
-5212
-5695
-6103
-6359
-6713
-6813
-6565
-6166
-5340
-4339
-3375
-2223
-967
103
1215
2265
3055
3668
4127
4331
4358
4311
4238
4038
3674
3470
3464
3815
4510
5183
5891
6657
7295
7944
8588
8868
8949
8670
7987
7083
6107
5273
4436
3524
2744
1997
1314
1084
860
804
915
888
706
384
-4
-469
-958
-1622
-2518
-3639
-4549
-5432
-6286
-6801
-7204
-7364
-7223
-7041
-6795
-6205
-5674
-5228
-4830
-4658
-4616
-4739
-4933
-5278
-5704
-5960
-6224
-6516
-6489
-6177
-5681
-4776
-3793
-2794
-1586
-404
760
1899
2870
3636
4239
4659
4785
4723
4705
4554
4180
3830
3613
3552
3891
4571
5207
5925
6710
7316
7962
8543
8828
8804
8484
7817
6855
5818
4963
4124
3286
2600
1885
1297
1013
862
942
1201
1262
1157
875
519
96
-479
-1177
-2134
-3217
-4204
-5248
-6118
-6615
-7013
-7189
-7118
-7032
-6751
-6247
-5637
-5168
-4933
-4818
-4864
-5032
-5304
-5692
-6153
-6581
-6901
-7014
-6762
-6357
-5732
-4915
-3953
-2898
-1749
-446
710
1756
2636
3279
3786
4190
4379
4350
4228
3988
3744
3491
3418
3530
3836
4520
5283
6039
6825
7524
8094
8576
8723
8647
8264
7551
6680
5602
4614
3789
3112
2509
1877
1325
1044
920
1036
1251
1288
1147
792
326
-210
-823
-1528
-2463
-3619
-4697
-5707
-6559
-7081
-7496
-7646
-7667
-7460
-7110
-6614
-6044
-5616
-5333
-5216
-5250
-5415
-5581
-5849
-6201
-6527
-6648
-6678
-6451
-5902
-5215
-4310
-3230
-2176
-1004
205
1411
2470
3273
3996
4420
4689
4858
4792
4573
4392
4123
3760
3615
3625
3843
4421
5104
5785
6586
7219
7780
8233
8449
8420
8014
7407
6651
5570
4626
3869
3103
2560
1995
1396
1188
1246
1321
1529
1647
1550
1292
985
566
-125
-801
-1694
-2797
-3861
-4820
-5747
-6349
-6715
-7089
-7210
-7074
-6833
-6574
-6101
-5724
-5508
-5361
-5329
-5397
-5600
-5777
-6098
-6384
-6367
-6352
-6199
-5703
-5102
-4285
-3200
-2122
-1051
152
1278
2235
3104
3759
4179
4507
4743
4644
4440
4368
4093
3728
3553
3540
3612
4048
4802
5344
5947
6566
6976
7442
7735
7687
7411
6869
6106
5072
4176
3468
2716
2155
1644
963
631
686
698
889
1082
1016
816
572
158
-391
-970
-1704
-2798
-3960
-4989
-5982
-6652
-7081
-7481
-7744
-7671
-7491
-7297
-6775
-6345
-6170
-5888
-5749
-5770
-5708
-5676
-5860
-6040
-6059
-6029
-5794
-5268
-4686
-3981
-3006
-1991
-985
209
1316
2256
3111
3838
4316
4680
4978
4965
4837
4705
4539
4265
4113
4082
4040
4292
4888
5493
6128
6775
7168
7538
7860
7902
7779
7438
6771
5937
5018
4173
3400
2897
2506
1941
1513
1423
1343
1419
1627
1655
1530
1149
677
122
-485
-1156
-2132
-3285
-4285
-5343
-6357
-6885
-7393
-7820
-7953
-7984
-7802
-7484
-7114
-6828
-6554
-6387
-6325
-6213
-6141
-6119
-6130
-6139
-6104
-5873
-5416
-4858
-4145
-3236
-2245
-1270
-277
718
1697
2466
3122
3734
4100
4465
4685
4728
4668
4583
4492
4430
4362
4259
4309
4463
4955
5469
5940
6429
6677
6951
7109
7047
6826
6500
5891
5172
4362
3635
3136
2754
2395
1995
1619
1503
1495
1535
1725
1627
1310
850
333
-215
-790
-1454
-2408
-3458
-4498
-5511
-6292
-6821
-7247
-7642
-7775
-7805
-7720
-7411
-6987
-6682
-6430
-6245
-6154
-5937
-5702
-5526
-5429
-5311
-5110
-4796
-4395
-3782
-3089
-2414
-1507
-661
178
1101
1818
2474
3088
3535
3894
4239
4433
4523
4459
4351
4221
4104
3988
3810
3736
3807
4132
4540
5041
5386
5577
5782
5958
6019
5920
5704
5229
4584
3900
3374
2996
2716
2426
2023
1657
1460
1372
1377
1469
1309
1084
748
217
-304
-828
-1526
-2385
-3357
-4397
-5316
-6126
-6779
-7316
-7838
-8083
-8197
-8109
-7754
-7375
-7035
-6583
-6243
-5976
-5565
-5190
-4900
-4644
-4447
-4116
-3706
-3230
-2655
-2124
-1455
-747
-39
789
1551
2228
2929
3428
3889
4346
4722
5034
5227
5263
5203
5120
4968
4834
4615
4321
4194
4108
4333
4681
4921
5150
5323
5492
5689
5804
5728
5534
5149
4644
4041
3535
3257
2922
2479
2040
1527
1177
1008
869
821
659
260
-152
-568
-1093
-1657
-2302
-3140
-4145
-5261
-6141
-6909
-7586
-8073
-8573
-8898
-8821
-8619
-8244
-7677
-7154
-6627
-6140
-5684
-5170
-4641
-4272
-3907
-3615
-3329
-2944
-2563
-2109
-1714
-1268
-661
-12
655
1427
2112
2735
3343
3814
4230
4686
4956
5021
5039
4870
4706
4474
4155
3783
3432
3248
3156
3352
3717
4077
4353
4583
4880
5187
5512
5542
5409
5108
4665
4121
3653
3252
2806
2388
1799
1223
876
711
577
430
181
-110
-487
-809
-1207
-1846
-2513
-3384
-4365
-5377
-6352
-7185
-7794
-8285
-8755
-8862
-8682
-8332
-7772
-7096
-6447
-5715
-5042
-4352
-3770
-3225
-2711
-2452
-2272
-2019
-1816
-1607
-1359
-1092
-671
-166
549
1271
1948
2666
3340
3907
4427
4878
5135
5315
5303
5106
4812
4415
4080
3714
3252
2807
2514
2416
2505
2862
3323
3717
4139
4544
4958
5358
5558
5584
5375
4929
4419
3727
3128
2635
2087
1528
982
498
191
87
-8
-24
-135
-323
-633
-1057
-1559
-2252
-3130
-4113
-5180
-6194
-6988
-7779
-8302
-8582
-8755
-8574
-8100
-7462
-6659
-5771
-4910
-4117
-3455
-2809
-2265
-1917
-1757
-1706
-1724
-1637
-1634
-1540
-1237
-952
-484
188
911
1741
2587
3227
3836
4336
4771
5058
5087
4983
4644
4200
3713
3218
2723
2415
1994
1650
1476
1547
1938
2524
3188
3645
4124
4597
5042
5361
5490
5275
4828
4173
3380
2615
2002
1454
875
393
-41
-347
-452
-481
-565
-593
-656
-913
-1334
-1803
-2374
-3146
-4010
-4920
-5882
-6723
-7347
-7943
-8363
-8351
-8124
-7658
-6968
-6103
-5200
-4353
-3526
-2853
-2211
-1644
-1337
-1244
-1354
-1501
-1568
-1519
-1415
-1277
-965
-492
92
882
1761
2547
3313
3903
4209
4477
4718
4680
4479
4085
3621
3224
2835
2518
2190
1968
1906
1885
2023
2347
2749
3274
3774
4267
4666
5020
5280
5260
5071
4755
4285
3787
3196
2519
1864
1333
869
494
306
89
-86
-183
-398
-583
-699
-971
-1406
-1897
-2554
-3233
-3949
-4644
-5291
-5906
-6382
-6726
-6891
-6749
-6348
-5889
-5320
-4745
-4111
-3401
-2739
-2279
-1887
-1574
-1521
-1484
-1456
-1427
-1381
-1254
-1109
-887
-483
68
684
1289
1886
2349
2816
3169
3278
3295
3203
2941
2668
2323
1963
1730
1599
1534
1493
1536
1744
2020
2251
2573
2773
2943
3128
3288
3379
3459
3452
3284
3101
2902
2681
2486
2230
1867
1463
1115
882
620
408
218
-43
-261
-566
-908
-1222
-1553
-1917
-2318
-2755
-3142
-3498
-3874
-4148
-4407
-4643
-4718
-4774
-4769
-4557
-4362
-4174
-3930
-3697
-3416
-3050
-2742
-2484
-2252
-2036
-1818
-1622
-1394
-1181
-948
-640
-305
41
423
758
1022
1276
1478
1604
1742
1845
1816
1694
1606
1536
1573
1624
1727
1887
2104
2327
2553
2863
3100
3285
3356
3347
3250
3120
2987
2839
2725
2664
2580
2489
2478
2496
2495
2564
2611
2508
2393
2189
1923
1631
1277
857
363
-111
-563
-1033
-1454
-1685
-1951
-2158
-2212
-2258
-2251
-2243
-2360
-2493
-2577
-2698
-2875
-3045
-3219
-3419
-3639
-3723
-3771
-3742
-3521
-3330
-3108
-2744
-2368
-1997
-1533
-1185
-937
-660
-456
-319
-274
-251
-308
-338
-334
-390
-419
-319
-207
-54
130
334
635
989
1315
1674
2034
2350
2604
2732
2847
2910
2812
2685
2445
2181
2026
1857
1704
1613
1574
1513
1675
1895
2079
2374
2533
2608
2743
2713
2597
2393
2013
1555
1038
572
211
-193
-561
-771
-960
-1054
-930
-814
-658
-533
-505
-593
-694
-920
-1235
-1571
-2002
-2530
-2903
-3182
-3456
-3635
-3692
-3589
-3342
-3013
-2657
-2233
-1936
-1685
-1516
-1338
-1269
-1239
-1329
-1473
-1677
-1868
-1913
-1985
-1952
-1852
-1717
-1454
-1072
-676
-278
88
448
812
1174
1542
1744
1830
1935
1945
1982
2053
2019
1986
1858
1670
1583
1494
1494
1607
1697
1811
1922
2076
2430
2721
2936
3120
3167
3155
3032
2851
2601
2255
1883
1521
1124
884
685
510
446
348
329
386
419
435
374
291
102
-175
-521
-883
-1245
-1638
-1999
-2355
-2569
-2735
-2820
-2804
-2801
-2726
-2613
-2555
-2495
-2395
-2333
-2346
-2350
-2345
-2389
-2408
-2470
-2522
-2505
-2478
-2306
-2133
-1954
-1654
-1392
-1151
-836
-573
-313
-13
271
578
827
1070
1303
1464
1580
1650
1694
1744
1764
1753
1769
1787
1771
1837
1897
1989
2136
2255
2458
2685
2950
3153
3240
3344
3402
3418
3353
3205
2949
2596
2215
1834
1502
1198
998
784
592
452
372
334
309
309
257
152
-67
-275
-615
-941
-1215
-1673
-2128
-2537
-2923
-3251
-3447
-3689
-3865
-3866
-3876
-3827
-3767
-3609
-3441
-3294
-3224
-3155
-3072
-2995
-2965
-3007
-2955
-2873
-2838
-2744
-2629
-2444
-2119
-1791
-1463
-1033
-613
-237
120
474
836
1175
1494
1708
1874
1995
2115
2246
2215
2232
2285
2386
2520
2645
2833
3023
3126
3322
3510
3717
3976
4103
4136
4127
4030
3851
3671
3404
3160
2801
2443
2113
1819
1606
1441
1340
1251
1219
1171
1145
1037
911
769
529
167
-217
-655
-1181
-1657
-2157
-2586
-3080
-3471
-3803
-4083
-4294
-4447
-4466
-4492
-4466
-4447
-4425
-4346
-4287
-4218
-4197
-4139
-4109
-4114
-4006
-3843
-3680
-3448
-3202
-2882
-2519
-2160
-1776
-1340
-869
-313
194
700
1203
1658
2159
2534
2889
3256
3523
3672
3796
3862
3889
3946
3964
3938
3973
4035
4071
4123
4129
4095
4084
4117
4143
4132
4069
3945
3779
3594
3319
2977
2631
2267
1899
1562
1269
1066
932
802
648
449
287
119
-24
-189
-411
-733
-1108
-1513
-1976
-2424
-2865
-3355
-3848
-4280
-4697
-5031
-5311
-5549
-5693
-5745
-5726
-5611
-5470
-5318
-5178
-5062
-4906
-4808
-4654
-4486
-4364
-4191
-4006
-3785
-3428
-3017
-2586
-2066
-1521
-921
-265
420
1150
1774
2337
2904
3354
3747
4030
4195
4342
4402
4359
4323
4328
4282
4237
4263
4233
4263
4256
4276
4304
4287
4248
4170
4057
3900
3706
3522
3323
3095
2923
2706
2534
2411
2242
2045
1821
1620
1465
1311
1154
947
718
428
82
-266
-633
-1030
-1431
-1839
-2281
-2660
-3108
-3554
-4020
-4515
-4896
-5239
-5569
-5850
-6063
-6270
-6381
-6443
-6483
-6392
-6282
-6103
-5868
-5615
-5264
-4864
-4457
-4034
-3534
-3018
-2400
-1836
-1230
-625
-56
509
1028
1590
2050
2533
2907
3274
3657
4015
4353
4628
4846
5009
5169
5230
5276
5266
5170
5087
5021
4874
4682
4463
4221
4016
3845
3728
3640
3584
3493
3362
3247
3139
3022
2933
2840
2729
2589
2437
2222
1992
1747
1364
942
542
26
-422
-855
-1402
-1894
-2399
-2780
-3195
-3511
-3812
-4114
-4391
-4637
-4897
-5138
-5366
-5652
-5987
-6329
-6681
-6933
-7088
-7203
-7158
-7035
-6811
-6474
-6038
-5490
-4813
-4106
-3367
-2627
-1908
-1231
-677
-131
267
577
812
1000
1198
1360
1567
1814
2100
2453
2903
3362
3875
4368
4782
5167
5418
5501
5454
5328
5077
4790
4429
4049
3744
3450
3231
3053
3011
3107
3189
3326
3500
3606
3676
3704
3660
3493
3297
2972
2536
2082
1567
1115
626
146
-315
-693
-993
-1272
-1498
-1678
-1910
-2105
-2299
-2544
-2795
-3084
-3414
-3752
-4073
-4427
-4706
-5011
-5244
-5406
-5483
-5441
-5349
-5174
-4933
-4654
-4361
-4032
-3662
-3315
-2927
-2567
-2265
-1925
-1628
-1311
-1027
-787
-463
-142
141
487
769
1023
1283
1517
1787
2058
2352
2615
2798
2946
3042
3158
3305
3410
3525
3565
3571
3598
3655
3710
3744
3784
3759
3703
3662
3604
3528
3479
3353
3237
3095
2956
2818
2665
2519
2304
2070
1759
1479
1181
842
477
69
-313
-755
-1113
-1493
-1868
-2243
-2600
-2844
-3078
-3226
-3350
-3405
-3482
-3576
-3635
-3684
-3755
-3831
-3850
-3905
-3971
-3978
-4008
-3974
-3848
-3758
-3574
-3359
-3127
-2826
-2485
-2156
-1791
-1478
-1157
-847
-589
-373
-237
-173
-99
-41
17
140
257
410
583
747
980
1265
1527
1857
2106
2330
2567
2792
2992
3157
3285
3400
3451
3410
3393
3368
3296
3203
3171
3087
3019
2963
2925
2851
2812
2771
2735
2663
2517
2313
2022
1711
1356
1007
637
213
-209
-599
-950
-1252
-1506
-1722
-1937
-2122
-2201
-2236
-2208
-2208
-2277
-2299
-2326
-2410
-2435
-2494
-2620
-2723
-2818
-2934
-2970
-2954
-2875
-2773
-2643
-2467
-2222
-1962
-1728
-1498
-1341
-1193
-1117
-1060
-995
-999
-976
-1017
-1053
-1036
-1034
-995
-856
-740
-573
-273
-14
248
521
793
1046
1272
1492
1669
1822
1903
1971
1997
2018
2096
2162
2286
2451
2607
2780
2972
3113
3224
3342
3400
3391
3292
3113
2940
2681
2442
2182
1938
1688
1425
1186
963
782
603
467
360
258
138
39
-89
-254
-405
-561
-707
-893
-1087
-1255
-1436
-1579
-1687
-1765
-1814
-1854
-1873
-1879
-1876
-1874
-1883
-1872
-1889
-1902
-1924
-1920
-1978
-2010
-2094
-2208
-2305
-2384
-2389
-2404
-2415
-2388
-2359
-2275
-2149
-1978
-1757
-1601
-1370
-1140
-998
-850
-664
-476
-313
-138
64
254
444
643
851
1079
1307
1457
1689
1939
2126
2250
2372
2413
2433
2462
2432
2412
2317
2216
2165
2086
2018
1949
1858
1761
1649
1605
1529
1422
1354
1294
1166
1041
937
803
705
565
430
349
301
246
220
222
136
73
21
-53
-144
-237
-339
-510
-641
-808
-948
-1065
-1213
-1381
-1524
-1658
-1829
-1929
-2087
-2222
-2318
-2423
-2463
-2513
-2517
-2557
-2573
-2576
-2570
-2483
-2383
-2257
-2102
-1913
-1694
-1466
-1180
-878
-582
-321
-69
182
421
648
856
1069
1216
1361
1442
1553
1634
1688
1806
1897
1950
2026
2117
2126
2166
2175
2141
2141
2101
2040
1936
1839
1715
1608
1510
1414
1339
1281
1262
1253
1241
1224
1249
1263
1237
1243
1177
1130
1056
951
848
661
495
361
178
15
-126
-284
-442
-667
-875
-1093
-1275
-1407
-1588
-1740
-1884
-2063
-2253
-2443
-2639
-2778
-2910
-3038
-3088
-3061
-3054
-3011
-2913
-2788
-2601
-2344
-2115
-1873
-1626
-1444
-1207
-932
-722
-529
-332
-188
-33
124
265
391
507
626
756
893
1077
1233
1361
1499
1613
1701
1810
1877
1883
1863
1773
1698
1585
1535
1502
1436
1379
1328
1376
1438
1465
1508
1574
1578
1533
1566
1569
1498
1458
1348
1235
1140
1047
924
775
575
402
211
58
-20
-177
-339
-543
-747
-948
-1111
-1272
-1436
-1624
-1795
-1946
-2104
-2201
-2252
-2319
-2382
-2430
-2436
-2442
-2402
-2274
-2172
-2077
-1958
-1788
-1663
-1543
-1379
-1270
-1164
-1058
-944
-806
-705
-581
-449
-310
-151
56
233
487
684
837
1032
1197
1342
1470
1586
1672
1734
1765
1799
1853
1881
1901
1989
2045
2121
2179
2278
2359
2401
2466
2458
2459
2437
2344
2208
2079
1964
1782
1572
1344
1139
964
764
584
390
267
152
9
-137
-289
-447
-622
-786
-987
-1175
-1386
-1610
-1748
-1875
-2019
-2097
-2113
-2100
-2093
-2056
-1998
-1967
-1962
-1907
-1866
-1852
-1852
-1855
-1892
-1915
-1904
-1942
-1929
-1897
-1839
-1797
-1740
-1601
-1469
-1316
-1156
-1019
-869
-695
-556
-418
-283
-157
-15
135
309
473
658
848
1061
1278
1473
1682
1896
2064
2256
2394
2514
2596
2658
2748
2778
2776
2708
2614
2500
2336
2205
2062
1865
1669
1499
1282
1082
867
648
425
229
14
-188
-341
-516
-705
-884
-1029
-1130
-1249
-1379
-1432
-1473
-1524
-1512
-1485
-1445
-1424
-1393
-1374
-1393
-1341
-1354
-1359
-1367
-1335
-1317
-1361
-1372
-1385
-1421
-1451
-1402
-1364
-1384
-1348
-1306
-1256
-1179
-1101
-1037
-982
-932
-816
-704
-587
-424
-294
-187
-36
125
302
526
760
1018
1257
1454
1686
1942
2138
2310
2426
2526
2597
2619
2644
2668
2630
2562
2485
2365
2233
2126
1976
1805
1676
1488
1322
1180
1035
911
760
574
393
213
40
-120
-275
-412
-577
-710
-828
-945
-1025
-1066
-1115
-1155
-1203
-1239
-1244
-1272
-1279
-1307
-1347
-1358
-1382
-1402
-1435
-1495
-1501
-1518
-1549
-1555
-1582
-1612
-1625
-1624
-1621
-1598
-1560
-1498
-1388
-1335
-1259
-1162
-1105
-970
-848
-724
-578
-445
-299
-144
5
193
394
596
808
988
1142
1301
1429
1573
1663
1715
1786
1786
1791
1809
1826
1821
1770
1722
1660
1602
1543
1459
1404
1298
1192
1061
972
879
763
647
500
412
292
203
135
37
-105
-222
-340
-422
-511
-615
-699
-791
-858
-909
-959
-1034
-1111
-1166
-1200
-1234
-1221
-1245
-1268
-1303
-1342
-1391
-1409
-1441
-1452
-1446
-1457
-1417
-1371
-1316
-1231
-1174
-1076
-1004
-918
-781
-654
-548
-411
-291
-198
-68
27
127
221
305
391
464
556
652
741
822
893
939
977
1022
1093
1160
1204
1269
1300
1328
1331
1349
1425
1443
1467
1481
1470
1449
1451
1448
1449
1446
1421
1363
1320
1223
1130
1058
929
797
697
582
451
306
133
-5
-141
-282
-429
-550
-688
-858
-988
-1127
-1180
-1216
-1300
-1345
-1385
-1420
-1393
-1368
-1308
-1275
-1268
-1230
-1204
-1170
-1091
-1028
-934
-838
-771
-625
-516
-420
-333
-261
-164
-101
-80
-39
11
-8
18
33
49
44
-14
-48
-82
-91
-93
-72
-44
11
13
45
130
230
343
450
540
626
713
784
819
849
878
888
850
846
844
839
816
807
768
717
667
609
598
509
425
353
261
141
19
-53
-202
-351
-497
-660
-801
-931
-1005
-1068
-1073
-1060
-1063
-1031
-998
-901
-796
-686
-561
-493
-405
-351
-288
-249
-193
-103
-47
-15
25
63
129
188
225
242
258
255
272
252
187
167
116
7
-80
-171
-269
-390
-442
-502
-545
-521
-518
-469
-400
-332
-239
-104
8
160
291
378
507
587
627
710
736
787
804
808
797
778
764
751
773
752
743
701
637
599
529
457
376
246
99
-41
-164
-260
-341
-433
-486
-506
-517
-473
-428
-376
-316
-274
-147
-31
52
138
191
250
276
303
361
380
387
446
497
524
555
570
577
585
564
503
398
306
178
59
-56
-184
-277
-411
-468
-548
-627
-647
-644
-632
-598
-549
-499
-462
-434
-363
-306
-250
-219
-164
-153
-136
-108
-115
-90
-44
-26
3
47
61
83
70
43
14
-63
-96
-180
-264
-324
-458
-571
-678
-720
-729
-805
-824
-791
-728
-671
-608
-497
-360
-266
-196
-97
-13
77
134
208
251
296
299
344
399
456
515
602
673
713
770
774
794
748
650
567
517
428
354
238
102
-6
-128
-203
-257
-338
-361
-329
-322
-289
-239
-174
-83
-38
-24
-4
14
29
40
80
96
84
75
77
72
26
49
78
62
82
88
73
51
27
-29
-107
-151
-216
-307
-402
-455
-518
-575
-620
-648
-646
-612
-590
-514
-421
-320
-182
-63
39
154
262
328
383
453
540
608
660
692
745
784
844
851
873
886
888
848
796
787
706
669
588
483
385
267
171
76
3
-45
-108
-180
-226
-243
-242
-211
-233
-200
-199
-196
-138
-83
-41
-29
-5
5
52
91
133
129
128
133
88
67
49
1
-70
-140
-190
-234
-289
-346
-405
-500
-600
-660
-721
-770
-799
-830
-818
-833
-812
-796
-790
-703
-632
-576
-495
-420
-369
-288
-225
-175
-80
3
95
166
237
318
360
430
476
466
485
491
449
409
371
288
195
144
90
61
1
-55
-127
-149
-161
-143
-127
-114
-98
-88
-68
-83
-99
-96
-59
-46
-11
6
35
70
120
162
194
252
325
328
339
353
314
329
308
272
213
88
-18
-80
-120
-217
-312
-350
-394
-435
-460
-449
-431
-405
-395
-369
-296
-234
-200
-180
-158
-141
-109
-36
27
93
163
231
309
396
498
566
639
669
690
736
774
791
764
741
695
662
581
486
412
352
322
275
224
196
149
85
86
80
50
75
78
80
28
-18
-28
-65
-72
-106
-152
-165
-189
-216
-229
-207
-203
-203
-176
-139
-119
-146
-174
-171
-172
-198
-223
-255
-298
-339
-382
-438
-479
-522
-523
-549
-549
-535
-481
-435
-435
-391
-367
-296
-242
-207
-196
-133
-115
-123
-72
-55
-33
-28
1
40
113
168
201
276
299
349
398
423
437
417
403
375
349
296
295
264
223
187
156
159
136
139
113
114
102
109
126
116
120
90
62
66
31
3
-27
-86
-138
-198
-223
-235
-266
-302
-318
-345
-385
-367
-361
-355
-320
-332
-323
-297
-313
-328
-368
-399
-396
-361
-349
-335
-372
-393
-381
-341
-298
-266
-226
-164
-114
-67
-13
5
39
72
47
20
41
40
-16
-13
1
8
27
57
108
160
221
280
346
429
448
472
498
534
566
549
599
604
579
614
659
652
644
681
692
697
679
648
626
636
641
639
589
527
479
401
327
233
164
84
-18
-110
-218
-312
-410
-449
-454
-474
-486
-472
-485
-498
-545
-530
-508
-517
-469
-457
-426
-401
-387
-395
-354
-313
-320
-282
-254
-220
-175
-151
-120
-91
-75
-45
-21
-24
-46
-39
-78
-137
-146
-134
-145
-159
-124
-110
-116
-71
-55
-39
38
82
94
127
154
182
197
223
274
271
296
312
319
355
362
361
341
349
345
358
370
344
312
278
207
169
181
155
102
41
-16
-100
-144
-188
-250
-304
-347
-367
-404
-408
-429
-455
-477
-502
-468
-428
-380
-338
-323
-314
-312
-286
-249
-203
-154
-150
-177
-176
-207
-205
-181
-172
-200
-237
-235
-236
-248
-277
-315
-309
-313
-310
-301
-316
-326
-305
-284
-245
-198
-159
-125
-130
-94
-35
21
100
138
192
274
347
380
465
558
588
635
670
702
704
688
726
700
663
675
684
692
673
677
636
565
534
498
506
470
459
413
386
344
289
237
201
144
77
54
-3
-21
-49
-73
-100
-117
-137
-124
-142
-120
-100
-80
-86
-82
-116
-161
-203
-244
-271
-281
-261
-290
-350
-412
-420
-384
-361
-375
-397
-417
-422
-408
-407
-408
-418
-428
-414
-396
-383
-361
-299
-290
-297
-276
-245
-171
-91
-67
-26
26
73
129
153
188
199
196
217
209
219
234
229
242
254
239
273
313
302
327
314
300
275
251
248
235
214
184
160
105
92
67
58
13
-6
-37
-90
-90
-85
-118
-140
-129
-114
-104
-133
-127
-138
-194
-207
-229
-223
-219
-226
-250
-290
-284
-332
-310
-273
-245
-227
-237
-230
-223
-221
-211
-205
-193
-206
-251
-261
-298
-311
-301
-281
-254
-230
-232
-175
-140
-134
-139
-124
-85
-58
-52
-13
6
4
30
75
107
143
176
201
238
264
314
398
454
482
513
550
586
614
627
636
647
643
604
597
579
533
469
457
415
349
298
274
240
202
209
167
142
50
6
-31
-68
-92
-153
-208
-264
-290
-303
-319
-335
-331
-333
-292
-252
-235
-190
-149
-163
-125
-69
-73
-52
-16
-33
-34
-1
-31
-7
8
3
9
-9
-5
-17
5
14
7
-1
-21
-41
-44
-56
-49
-68
-71
-91
-83
-60
-31
-37
-25
12
31
70
99
150
155
145
136
138
125
154
163
159
182
155
161
107
71
53
5
-18
-59
-124
-183
-224
-272
-298
-340
-342
-391
-408
-416
-444
-474
-485
-469
-489
-514
-496
-419
-434
-432
-398
-393
-332
-261
-204
-152
-134
-103
-81
-45
12
43
59
34
47
37
65
105
98
75
66
63
40
56
92
107
81
82
82
54
49
29
62
50
49
66
76
94
108
136
170
220
243
286
340
355
371
414
446
449
518
533
553
540
488
511
523
525
556
548
504
460
387
368
303
277
208
165
94
16
-64
-137
-159
-202
-239
-266
-275
-272
-259
-282
-285
-313
-319
-329
-318
-324
-312
-274
-279
-258
-237
-221
-177
-123
-93
-36
-21
6
50
74
82
81
54
42
14
-4
20
-36
-61
-98
-112
-122
-126
-140
-137
-108
-127
-144
-164
-150
-153
-151
-111
-101
-84
-92
-71
-35
-9
-10
30
71
94
134
159
213
248
265
305
334
304
279
233
190
151
124
128
105
70
35
22
-17
-40
-73
-89
-109
-140
-176
-207
-243
-254
-253
-262
-289
-277
-259
-270
-216
-205
-195
-171
-128
-132
-135
-121
-100
-74
-63
-26
-34
13
33
-20
-26
-8
1
-25
-27
-55
-76
-78
-75
-82
-83
-80
-87
-89
-107
-135
-156
-160
-134
-130
-128
-135
-154
-141
-126
-111
-73
-28
-6
23
68
113
135
192
200
215
218
220
240
238
244
253
265
256
246
213
185
156
176
163
150
153
131
122
109
98
83
81
79
80
68
67
81
86
66
86
100
131
178
189
182
161
167
158
181
173
165
161
140
138
121
107
106
80
65
84
63
42
50
57
23
-3
-11
-24
-32
-74
-81
-122
-129
-109
-116
-137
-142
-119
-129
-103
-88
-83
-72
-39
-18
-42
-31
-27
-28
-24
-13
-35
-50
-69
-73
-75
-101
-81
-78
-72
-66
-75
-62
-67
-57
-55
-73
-83
-93
-101
-152
-151
-171
-184
-180
-191
-149
-162
-122
-134
-112
-55
-43
14
45
82
85
64
32
73
88
90
109
74
46
18
7
12
-9
-38
-65
-59
-53
-71
-78
-95
-114
-117
-129
-134
-130
-146
-160
-185
-204
-193
-163
-180
-200
-180
-194
-159
-114
-91
-66
-60
-69
-74
-48
-46
-63
-105
-111
-115
-141
-129
-112
-136
-95
-63
-51
-58
-39
8
17
44
51
82
98
80
87
114
126
159
186
188
225
249
279
270
336
349
354
388
413
437
409
430
434
460
438
437
427
362
324
272
261
266
247
208
171
157
136
105
73
50
15
-41
-76
-86
-105
-121
-151
-194
-176
-194
-198
-229
-191
-169
-208
-202
-181
-155
-134
-131
-100
-63
-71
-74
-64
-78
-80
-55
-65
-64
-82
-103
-119
-114
-118
-109
-146
-157
-127
-109
-61
-71
-73
-91
-81
-77
-73
-45
-18
25
33
46
82
106
125
134
138
189
186
223
202
223
237
205
170
182
222
165
106
96
124
82
51
30
30
10
-12
-45
-73
-107
-124
-118
-124
-152
-197
-222
-250
-268
-335
-364
-343
-341
-331
-337
-340
-347
-341
-340
-361
-325
-295
-304
-274
-296
-297
-280
-317
-307
-272
-279
-287
-285
-302
-267
-257
-216
-201
-219
-172
-141
-123
-89
-61
-31
-3
14
44
105
119
143
199
189
208
255
323
354
377
420
420
468
487
514
549
568
576
558
556
534
508
502
500
508
488
478
469
419
393
370
385
356
300
277
241
189
131
118
65
18
-10
-73
-109
-120
-135
-176
-169
-141
-176
-202
-212
-198
-195
-200
-170
-180
-213
-214
-232
-259
-259
-259
-245
-245
-191
-189
-184
-174
-193
-179
-163
-101
-64
-65
-76
-51
-47
-9
-37
-66
-67
-80
-45
-47
-55
-23
-14
-34
-55
-93
-52
-10
36
94
95
58
89
102
86
79
105
116
125
155
150
130
138
148
177
202
193
207
208
175
125
51
36
51
9
-15
-95
-152
-174
-174
-224
-237
-271
-304
-306
-332
-324
-329
-352
-413
-464
-483
-498
-490
-455
-439
-431
-404
-390
-358
-340
-279
-219
-246
-168
-142
-95
-62
-51
-27
7
54
76
93
151
175
228
272
283
266
272
301
277
270
219
213
182
156
153
184
193
206
208
188
214
230
252
227
218
237
225
270
300
308
321
321
320
333
357
348
334
350
330
307
305
275
268
236
211
193
192
179
121
96
44
6
-55
-127
-182
-214
-243
-275
-307
-350
-357
-392
-433
-441
-412
-400
-382
-365
-356
-321
-302
-287
-269
-261
-240
-168
-104
-90
-60
-45
-50
-53
-22
12
1
0
38
55
50
81
81
65
40
52
39
1
39
51
50
66
86
118
130
143
124
139
202
210
250
265
281
268
275
306
322
350
382
378
369
366
358
366
359
357
312
228
169
154
71
-8
-63
-94
-170
-226
-260
-278
-333
-367
-395
-431
-451
-484
-463
-477
-481
-505
-538
-556
-525
-491
-485
-472
-484
-469
-472
-412
-362
-301
-262
-222
-194
-180
-148
-96
-44
-39
-52
-23
-24
-36
-41
0
15
23
62
42
61
63
97
102
119
133
141
168
184
182
159
182
224
210
256
305
316
334
341
403
407
421
488
472
429
435
431
455
428
406
364
300
264
232
207
175
161
125
84
41
-11
-55
-51
-53
-86
-112
-139
-177
-163
-127
-138
-169
-254
-264
-277
-273
-245
-247
-265
-277
-234
-227
-221
-200
-168
-153
-178
-154
-148
-139
-98
-91
-89
-99
-94
-94
-96
-87
-96
-109
-41
-2
30
49
37
24
-25
-6
70
74
118
160
192
199
234
309
320
363
383
414
439
469
481
463
423
381
381
373
347
281
280
236
205
170
137
145
132
110
59
27
-24
-83
-135
-144
-142
-179
-271
-292
-324
-340
-333
-352
-381
-403
-425
-448
-428
-447
-480
-488
-488
-454
-470
-456
-419
-424
-424
-373
-361
-336
-305
-277
-274
-295
-283
-265
-219
-207
-187
-164
-133
-138
-100
-94
-88
-59
-8
35
51
72
91
104
138
204
219
244
283
316
326
361
382
372
299
311
335
319
294
298
293
247
261
290
304
273
236
226
198
178
222
252
226
206
179
189
162
170
192
159
111
66
91
81
50
20
-24
-81
-106
-107
-117
-95
-122
-144
-124
-169
-168
-183
-187
-200
-236
-227
-227
-268
-270
-243
-268
-259
-240
-192
-181
-194
-204
-200
-161
-132
-115
-28
23
19
35
67
59
96
165
174
215
247
268
290
309
256
288
336
350
354
372
362
309
286
309
309
275
258
259
223
199
190
161
141
155
134
129
112
84
84
72
68
55
31
12
-49
-66
-126
-170
-226
-231
-208
-235
-230
-248
-250
-257
-273
-295
-305
-343
-381
-357
-334
-384
-419
-405
-377
-411
-421
-405
-398
-390
-356
-348
-391
-400
-369
-334
-285
-263
-241
-206
-194
-214
-206
-147
-112
-78
-63
-26
25
27
71
91
103
141
147
169
209
217
225
260
244
274
304
292
303
291
323
349
339
337
306
310
304
263
281
284
286
286
278
260
239
232
253
246
217
203
179
170
127
121
119
108
87
46
44
48
8
-1
-55
-106
-79
-69
-71
-88
-50
-69
-124
-147
-150
-126
-105
-111
-133
-144
-153
-143
-133
-146
-149
-206
-235
-224
-195
-193
-162
-161
-162
-166
-190
-190
-185
-177
-133
-121
-79
-38
-47
-58
-35
-24
-33
1
33
39
69
91
122
104
86
110
100
130
121
103
112
129
163
165
133
144
141
160
176
208
196
178
184
187
189
222
253
224
204
189
189
147
124
110
80
53
10
48
22
-2
25
32
-1
8
16
1
7
-17
-37
-46
-61
-68
-111
-151
-193
-228
-220
-224
-231
-239
-220
-224
-249
-245
-257
-253
-255
-265
-268
-293
-311
-301
-291
-304
-290
-280
-240
-275
-233
-185
-171
-134
-97
-63
-86
-63
-24
2
21
61
40
22
46
77
92
94
108
90
92
119
165
176
154
190
182
190
193
180
181
147
124
120
88
74
60
63
56
45
70
82
92
115
108
100
130
121
114
108
91
58
73
58
53
60
36
37
40
8
24
0
-34
-44
-68
-37
-40
-30
-23
-15
-37
-18
-40
-37
-23
-39
-14
-33
-54
-32
-23
-10
15
18
23
27
44
14
-12
13
57
50
49
53
52
51
38
70
80
124
100
68
91
118
123
94
92
100
90
78
88
70
53
53
66
59
40
71
100
78
73
82
112
144
113
98
108
81
96
87
70
66
44
53
28
19
13
-8
-44
-68
-93
-76
-102
-143
-143
-111
-154
-188
-194
-246
-269
-276
-253
-244
-243
-278
-298
-329
-323
-337
-328
-333
-321
-284
-294
-294
-292
-282
-263
-236
-239
-172
-173
-183
-147
-153
-136
-75
-61
-3
-21
-28
-19
2
54
44
54
75
101
92
82
94
118
121
144
155
179
200
201
225
193
183
198
198
239
241
255
272
299
288
241
294
318
310
281
295
298
290
286
256
233
196
175
189
184
132
154
120
76
51
7
-25
-45
-37
-71
-97
-139
-187
-210
-231
-250
-266
-259
-271
-281
-265
-304
-288
-273
-257
-227
-267
-242
-240
-235
-211
-186
-199
-203
-155
-111
-85
-73
-73
-39
-23
-10
24
48
60
76
94
150
196
187
219
252
235
250
270
313
348
333
336
317
318
331
340
320
320
282
274
283
270
235
240
269
281
227
220
195
144
104
68
69
44
42
-6
-73
-93
-125
-170
-186
-205
-208
-220
-251
-292
-313
-307
-315
-308
-347
-361
-367
-341
-336
-325
-328
-327
-321
-330
-315
-362
-324
-305
-339
-347
-314
-297
-303
-298
-280
-274
-264
-243
-250
-234
-207
-179
-128
-68
-33
-40
-22
6
28
77
82
121
106
90
113
125
175
188
217
227
246
261
255
279
292
290
316
333
317
323
331
322
321
299
293
312
291
275
242
215
225
189
175
166
149
115
78
88
98
67
28
13
-22
-43
-29
-47
-65
-107
-144
-170
-183
-171
-172
-204
-224
-256
-223
-201
-215
-206
-242
-212
-186
-207
-192
-185
-185
-165
-140
-91
-91
-75
-55
-36
2
15
45
59
84
59
54
62
88
98
110
124
134
159
188
193
179
212
220
248
253
273
285
278
280
268
284
243
247
234
237
216
236
249
226
184
177
177
140
147
148
120
121
106
57
47
37
47
-12
-53
-69
-75
-112
-154
-192
-220
-231
-275
-304
-296
-334
-360
-362
-397
-413
-447
-439
-447
-472
-499
-503
-463
-461
-456
-429
-397
-371
-332
-312
-273
-254
-233
-185
-147
-106
-96
-54
-22
15
75
100
122
114
131
148
162
173
199
244
274
303
291
252
285
298
302
279
285
298
285
286
255
236
258
231
207
215
230
236
192
182
183
187
159
149
147
116
99
93
70
59
35
14
-17
-72
-80
-90
-121
-162
-199
-233
-296
-279
-288
-278
-282
-293
-310
-351
-350
-347
-357
-374
-349
-342
-334
-319
-300
-278
-282
-240
-210
-175
-108
-90
-44
-43
-33
-4
21
61
84
90
120
142
156
196
197
222
253
286
272
284
298
300
323
315
340
338
311
322
334
329
336
373
361
391
371
371
378
358
344
311
307
305
294
296
285
272
261
237
215
193
160
119
87
69
17
-25
-31
-90
-132
-150
-168
-186
-184
-214
-251
-296
-305
-338
-383
-377
-378
-384
-373
-373
-397
-427
-434
-415
-412
-392
-398
-391
-400
-394
-368
-318
-266
-224
-188
-201
-173
-145
-92
-75
-59
-45
-41
-3
7
6
9
14
25
26
37
61
84
87
90
78
76
84
70
60
49
53
54
66
64
80
74
70
73
96
88
71
54
71
77
93
121
120
104
102
88
61
70
74
84
61
51
64
53
52
60
76
89
79
45
26
24
16
12
13
17
23
20
28
42
51
55
45
8
30
36
30
30
6
10
4
15
0
7
1
-10
6
16
2
-11
-18
-42
-40
-5
-5
-38
-24
8
5
12
31
25
45
77
70
80
87
80
94
74
62
62
46
71
91
64
23
29
26
18
34
80
68
60
63
54
33
21
46
61
70
23
20
9
-14
-4
-9
-18
-20
-20
-27
-19
10
19
2
-25
-8
-8
-21
-10
-25
-57
-43
-53
-78
-97
-103
-105
-118
-138
-159
-168
-186
-182
-204
-202
-205
-199
-184
-188
-174
-183
-177
-175
-161
-155
-120
-66
-63
-41
-16
14
8
28
37
33
60
56
70
113
101
119
100
96
110
129
150
135
128
155
163
121
117
93
109
103
83
72
78
59
6
-4
-15
-39
-33
-48
-51
-63
-65
-67
-62
-37
-13
-9
-7
-9
-37
-28
-28
-8
15
-7
-23
-10
-24
-35
-28
6
-11
-36
-51
-61
-84
-86
-59
-76
-64
-54
-65
-69
-66
-64
-76
-84
-80
-79
-75
-52
-42
-23
-13
0
10
25
39
36
42
60
80
106
110
122
115
104
109
101
121
105
98
116
123
115
121
108
102
133
135
111
87
74
53
63
42
28
53
31
29
31
35
38
24
20
34
70
79
80
108
98
82
71
97
94
72
85
103
88
74
65
61
19
35
27
15
22
22
6
-20
-18
-45
-61
-81
-102
-104
-124
-156
-158
-184
-184
-168
-185
-172
-148
-154
-161
-154
-162
-152
-156
-112
-99
-96
-106
-90
-58
-63
-30
-28
-56
-53
-34
-36
-5
-9
-1
-21
-56
-48
-29
-30
-28
-16
-33
-32
-24
-55
-64
-62
-73
-98
-88
-51
-44
-80
-74
-73
-87
-70
-62
-57
-45
-65
-36
-34
-42
-17
-19
-5
20
43
29
14
-10
-28
-14
-4
-12
6
8
18
35
42
34
43
55
60
39
23
38
42
51
61
59
58
45
31
45
45
60
57
115
122
133
153
138
143
157
178
183
159
163
164
162
178
157
171
183
178
174
169
170
179
149
127
124
115
132
127
100
90
87
73
61
35
24
18
-5
4
-7
4
0
-16
-9
19
-5
-26
-7
-20
-35
-22
-23
-40
-38
-49
-44
-73
-74
-76
-100
-85
-58
-75
-68
-76
-94
-106
-123
-88
-132
-165
-144
-150
-180
-201
-154
-154
-159
-155
-144
-182
-179
-136
-161
-170
-177
-158
-178
-121
-92
-87
-99
-116
-86
-103
-80
-45
-14
10
3
3
-16
-32
8
26
49
60
63
39
-4
-25
-16
-37
-5
30
5
30
11
31
22
31
38
17
47
26
32
12
-3
-1
7
30
20
33
8
25
19
25
24
43
55
56
82
68
84
60
52
61
67
80
50
54
42
28
15
20
49
45
44
43
33
39
35
2
-13
-17
-25
-38
-21
-35
-48
-24
-38
-43
-26
-39
-36
-56
-31
-19
-13
-7
0
-6
-24
-4
26
12
13
39
35
24
38
54
54
39
32
57
58
82
101
80
92
113
119
123
121
123
129
138
124
111
104
85
125
119
110
127
127
127
126
102
84
80
68
69
51
52
55
36
65
53
23
25
8
-7
-38
-26
-20
-59
-66
-57
-87
-103
-123
-135
-124
-113
-103
-114
-134
-106
-113
-127
-92
-91
-103
-92
-114
-125
-122
-137
-115
-122
-96
-106
-130
-108
-105
-110
-87
-107
-109
-87
-97
-94
-95
-82
-69
-86
-90
-66
-45
-38
-36
-20
-5
-20
-15
0
20
24
10
34
27
39
21
31
50
49
63
76
109
81
68
67
45
39
54
58
41
34
30
27
20
18
1
10
25
6
0
12
-1
-13
0
19
0
-29
-18
-18
-34
-45
-51
-41
-41
-46
-35
-30
-8
-12
-28
-34
-43
-24
-36
-47
-52
-30
-27
-49
-39
-52
-33
-38
-44
-23
-22
-6
12
-23
-10
12
34
15
15
32
11
23
20
11
28
32
50
42
55
96
110
92
101
99
94
116
141
159
135
137
150
150
113
136
166
155
155
130
142
136
122
116
95
107
99
72
47
44
44
43
47
27
5
-1
-5
-8
1
-11
-40
-30
-47
-55
-76
-86
-86
-81
-74
-88
-92
-90
-85
-76
-66
-85
-80
-68
-48
-58
-66
-58
-77
-50
-60
-63
-65
-75
-61
-70
-61
-57
-79
-73
-52
-46
-37
-35
-38
-28
-38
-30
-8
-27
-31
-5
1
-1
-10
-8
-12
-31
-20
-15
-26
-15
-6
11
22
14
16
1
4
3
-9
3
9
-5
-13
-14
-50
-47
-46
-36
-39
-61
-36
-16
-20
-33
-45
-47
-41
-29
-30
-32
-34
-27
-21
-35
-21
-35
-8
-23
-18
-2
-6
-35
-38
-30
-42
-32
-44
-37
-38
-33
-28
-26
-20
-4
0
-14
-22
-18
-7
-17
-18
-1
10
0
2
19
24
23
23
32
32
30
38
40
27
46
35
55
66
56
83
95
113
107
108
110
109
131
125
137
146
142
133
119
118
136
137
143
134
131
143
136
147
130
126
118
93
96
83
63
35
29
14
1
-4
-17
-35
-54
-53
-48
-57
-62
-66
-62
-59
-69
-65
-48
-45
-54
-64
-86
-85
-76
-77
-94
-95
-77
-59
-45
-21
-22
-30
-22
-33
-19
-10
-12
-23
-41
-56
-64
-66
-75
-71
-53
-76
-72
-66
-68
-75
-90
-82
-81
-80
-51
-47
-70
-66
-76
-65
-56
-60
-40
-26
-19
-26
-18
-19
-24
-31
-31
-7
-9
5
-6
-3
2
-13
-14
-8
-13
-15
-11
1
-5
-22
-6
-7
1
-4
-12
-16
-38
-28
-14
-17
-21
-4
-14
-26
-15
-3
16
16
3
13
6
11
-2
-7
-6
-8
2
18
29
44
37
47
36
46
65
67
72
66
71
67
73
80
77
74
78
73
57
66
58
45
73
55
47
69
77
74
70
70
60
55
54
62
52
43
46
53
31
17
37
24
15
30
40
30
35
41
37
36
40
19
-10
-7
-19
-40
-40
-41
-47
-35
-29
-24
-33
-25
-19
-31
-37
-42
-22
-32
-35
-34
-28
-26
-16
-12
-15
-14
-22
-13
-29
-21
-13
-19
-24
-21
-17
-34
-39
-32
-29
-39
-31
-44
-59
-56
-52
-56
-52
-59
-45
-37
-41
-38
-39
-34
-32
-23
-12
-15
-15
-4
-6
-1
-8
8
17
15
18
10
6
22
26
15
13
14
3
-1
8
11
13
4
-2
-7
-11
2
-11
-15
-5
-16
-18
-9
-15
-10
-25
-34
-28
-23
-26
-21
-12
-11
-22
-19
-21
-32
-27
-25
-26
-22
-26
-27
-29
-29
-28
-27
-30
-26
-28
-17
-21
-20
-12
-17
-1
-9
7
4
-5
10
13
8
13
27
25
27
43
51
50
65
67
57
49
48
59
61
62
57
67
53
47
47
44
36
34
30
30
38
39
29
29
36
38
21
23
42
14
9
27
25
27
26
12
6
23
17
15
14
1
14
0
2
6
11
9
6
29
35
30
20
19
17
16
16
14
15
2
5
-10
-19
-20
-15
-14
-21
-12
-18
-16
-32
-36
-20
-12
-6
-1
-9
-13
-5
-3
-6
-9
-13
-20
-29
-23
-19
-31
-17
-12
-19
-15
-18
-32
-23
-18
-25
-32
-32
-23
-19
-14
-27
-26
-11
-15
-11
-19
-28
-19
-29
-23
-18
-17
-28
-31
-21
-23
-9
-8
-19
-12
-12
-15
-16
-11
-15
-20
-11
-22
-23
-32
-37
-40
-50
-55
-57
-40
-26
-29
-31
-36
-51
-54
-40
-33
-33
-19
-18
-30
-33
-33
-17
-7
7
11
6
12
16
22
15
27
37
30
26
36
25
29
25
23
31
37
50
46
42
44
40
24
18
30
39
28
27
23
8
1
-2
-4
-9
-19
11
5
8
22
29
30
37
52
55
55
54
58
55
58
61
69
58
62
58
52
58
43
41
43
42
42
33
32
31
31
21
28
32
15
-1
7
3
-7
8
6
1
-11
-8
-3
-15
6
8
3
6
10
2
-1
0
-12
-7
-17
-11
-22
-30
-22
-26
-31
-32
-31
-42
-49
-50
-55
-64
-66
-56
-69
-72
-65
-56
-51
-41
-32
-34
-41
-41
-23
-21
-16
-5
-4
-16
-8
1
9
15
23
24
26
16
14
22
10
14
15
7
10
6
-9
-29
-29
-21
-25
-27
-29
-33
-41
-53
-48
-57
-63
-62
-65
-65
-61
-54
-73
-75
-67
-56
-37
-25
-25
-28
-42
-39
-17
-14
-9
2
3
16
21
20
19
26
36
37
48
39
52
38
26
27
29
34
28
27
21
30
32
32
25
28
25
29
21
25
32
28
26
23
15
10
13
17
22
23
34
35
28
25
39
34
42
44
40
29
36
38
28
31
39
53
49
48
58
52
44
47
50
52
60
57
56
56
52
49
37
32
23
30
18
18
23
9
8
9
9
12
11
4
-14
-14
-14
-27
-22
-35
-30
-35
-35
-41
-47
-54
-51
-51
-57
-57
-64
-66
-65
-54
-57
-53
-40
-39
-57
-52
-51
-54
-42
-36
-41
-39
-49
-44
-38
-31
-27
-18
-16
-21
-13
-7
-8
-12
-15
-12
-3
-1
1
-1
4
-7
-6
-6
-11
-7
-3
-1
-8
-3
-2
-10
-5
-6
-14
-14
-4
-14
-15
-8
-9
-6
-8
6
-2
-7
-5
-8
3
6
15
13
11
4
-4
-1
-14
-5
-3
-3
-10
-8
-18
-17
-14
-10
-1
-10
-6
-11
-14
-14
-8
-9
-4
-5
-4
3
-3
8
11
16
11
21
29
37
46
44
50
57
59
60
59
50
49
55
55
52
47
53
66
50
51
48
46
33
36
41
35
34
13
15
2
-1
3
1
8
1
-1
-6
-9
3
6
-11
-7
-6
-11
-4
1
-2
-5
-7
-5
-17
-11
-14
-14
-15
-13
-6
-10
-11
-7
-11
-5
-2
-1
-1
1
8
10
6
0
-6
-13
-15
-14
-14
-23
-24
-22
-33
-31
-28
-25
-27
-25
-27
-32
-28
-23
-28
-23
-14
-9
-6
-15
-17
-13
-21
-9
-1
-5
-1
2
2
8
15
12
15
14
9
7
7
9
16
18
9
2
2
-6
2
-6
-14
-4
-6
-1
-5
-12
-12
-20
-20
-16
-22
-16
-13
-11
-9
-15
-9
-13
-18
-13
-8
-3
-1
-6
-2
-4
-5
-9
-13
-8
-11
-17
-17
-18
-13
-18
-22
-18
-31
-27
-29
-25
-30
-33
-23
-33
-19
-14
-12
-12
-11
6
4
11
14
16
7
6
21
29
25
27
22
18
20
18
22
24
34
36
34
29
25
29
21
24
18
9
4
4
-1
0
8
7
11
8
16
16
10
28
33
31
33
35
37
34
39
37
42
38
39
38
44
45
46
50
53
55
46
32
31
32
24
20
21
14
17
3
-6
-10
-15
-8
-15
-18
-16
-24
-30
-35
-28
-24
-30
-27
-22
-25
-21
-15
-14
-13
-8
-7
-9
-10
-12
-5
-11
-6
-11
-14
-13
-22
-24
-26
-16
-9
-13
-15
-22
-24
-24
-23
-22
-23
-17
-25
-34
-43
-46
-35
-32
-37
-33
-29
-33
-32
-26
-36
-27
-25
-18
-11
-7
-2
-6
-3
-5
-10
-5
-16
-18
-20
-14
-15
-15
-15
-25
-16
-15
-22
-22
-19
-13
-12
-14
-12
-17
-10
-11
-12
-9
-11
-5
-7
-5
-1
-4
1
14
14
15
22
17
9
17
17
20
21
23
26
28
27
26
34
34
29
34
33
27
30
40
35
29
31
22
19
22
18
22
25
29
26
22
28
30
25
33
34
39
44
36
36
40
40
31
26
33
33
33
31
30
37
26
28
25
17
18
21
15
6
-1
-3
-7
-11
-15
-18
-15
-12
-20
-34
-29
-26
-18
-20
-21
-19
-21
-26
-28
-23
-17
-18
-23
-19
-29
-25
-9
-4
0
8
18
15
5
0
1
5
6
2
2
3
-7
-4
-6
-13
-12
-30
-34
-35
-35
-28
-34
-36
-33
-38
-41
-37
-35
-37
-31
-34
-38
-39
-35
-32
-39
-40
-34
-36
-31
-27
-28
-23
-17
-22
-15
-12
-14
-14
-19
-15
-18
-11
0
4
-2
3
2
7
11
8
10
8
6
6
5
6
10
9
-2
0
8
10
4
-2
5
7
10
16
20
13
15
15
13
20
21
27
26
20
18
21
14
22
22
24
27
23
28
23
30
28
28
29
30
28
26
24
28
33
26
32
24
25
35
38
41
43
34
35
30
23
25
19
17
20
13
16
11
8
10
9
12
12
9
9
7
-3
-6
-7
-13
-22
-23
-29
-22
-26
-31
-30
-34
-34
-33
-43
-39
-47
-52
-55
-55
-49
-45
-40
-38
-26
-25
-23
-25
-22
-12
-15
-7
-1
-8
-8
-2
0
-5
6
4
9
9
13
18
19
21
28
29
25
23
18
24
31
28
25
25
15
16
9
4
14
15
12
13
11
17
13
13
13
11
9
11
5
3
-3
-3
-11
-14
-4
-6
-6
-12
-9
-1
-2
-7
-6
-8
-15
-19
-24
-20
-22
-22
-26
-32
-39
-41
-36
-31
-24
-31
-28
-26
-26
-16
-19
-13
-15
-12
-13
-20
-19
-19
-19
-17
-15
-11
-18
-25
-22
-19
-14
-16
-2
1
4
5
7
3
4
8
10
6
-6
-6
-7
-13
-8
-10
-6
5
0
6
6
8
14
17
25
23
22
25
21
17
18
20
17
21
24
25
25
23
29
27
27
27
24
22
26
28
25
26
28
23
16
14
8
12
12
13
13
10
11
11
19
21
21
24
21
20
19
15
10
8
10
11
2
5
4
6
10
12
21
21
11
12
16
18
15
6
7
7
1
1
3
-6
-10
-15
-20
-20
-22
-17
-22
-20
-19
-23
-18
-20
-25
-25
-20
-22
-25
-23
-18
-14
-21
-6
4
4
9
10
13
17
12
9
10
4
-1
-6
-5
-10
-17
-21
-17
-18
-18
-16
-20
-24
-20
-22
-20
-19
-23
-31
-32
-38
-40
-39
-41
-39
-44
-41
-40
-35
-31
-35
-28
-24
-11
-6
-4
-5
-1
2
8
6
6
4
8
8
5
7
5
9
2
6
9
15
14
8
2
10
5
2
-4
-4
-9
-12
-15
-15
-12
-13
-5
-1
4
9
15
11
20
22
22
24
21
18
20
15
17
12
10
17
18
18
20
23
25
27
32
32
29
28
28
23
20
27
26
24
20
24
21
18
15
14
13
14
19
16
17
11
17
15
9
10
9
7
2
4
-3
-1
-6
-9
-7
-8
-10
-7
-5
-8
-10
-14
-10
-11
-7
-5
-10
-14
-21
-24
-22
-21
-13
-13
-9
-3
6
9
14
22
19
20
21
28
27
19
16
13
11
6
10
10
9
-1
2
2
-3
4
-5
-5
0
-2
-8
-9
-14
-16
-17
-22
-24
-34
-40
-38
-47
-39
-42
-41
-34
-33
-32
-28
-24
-23
-23
-28
-26
-23
-24
-17
-12
-11
-11
-14
-9
-2
5
0
2
6
-1
3
7
6
5
9
6
2
-7
-12
-12
-17
-20
-12
-19
-16
-17
-10
2
-2
1
1
-1
-2
0
2
7
2
8
-4
-10
-4
-3
-2
5
7
1
6
9
12
18
20
27
26
28
24
23
25
27
30
19
20
20
18
17
17
22
16
24
24
27
31
28
26
24
26
20
25
23
18
18
18
12
9
4
3
6
12
13
14
14
8
7
3
1
-1
2
-1
-1
-6
-6
-4
-5
-7
-5
0
-1
-4
0
-1
5
3
3
-2
-4
-11
-16
-14
-20
-18
-23
-26
-27
-26
-27
-19
-13
-15
-10
-10
-7
-3
-7
-2
1
2
3
0
0
-3
-10
-12
-10
-7
-7
-11
-7
-10
-10
-12
-14
-12
-5
-6
-9
-3
-4
-4
-1
1
-3
-7
-2
-2
-2
-2
-6
-6
-10
-10
-4
-3
-6
-5
-7
-12
-11
-10
-10
-11
-5
-3
6
9
14
16
15
14
17
19
16
10
10
9
4
4
-2
-2
-1
-6
-8
-8
-9
-8
-3
-3
-7
-2
-6
-8
-7
-8
-4
-11
-11
-14
-17
-18
-19
-15
-19
-17
-14
-16
-16
-14
-5
-5
-6
-4
-5
-6
-9
-10
-8
-7
-2
-1
0
1
7
7
10
10
11
13
15
14
6
10
11
9
10
10
8
8
-2
1
6
4
11
11
16
20
22
27
24
28
32
31
30
28
28
17
13
11
13
20
20
23
17
26
29
35
39
39
38
38
36
38
40
32
33
31
22
23
20
13
12
11
9
5
6
3
-1
-1
1
1
-3
-4
-1
-9
-16
-18
-25
-25
-25
-23
-22
-20
-19
-24
-26
-31
-31
-32
-31
-24
-31
-31
-31
-31
-40
-41
-42
-42
-39
-34
-36
-32
-33
-32
-28
-25
-19
-18
-23
-28
-28
-24
-28
-29
-27
-37
-33
-32
-34
-30
-25
-25
-27
-23
-12
-12
-8
-3
-2
0
3
6
9
4
-3
-2
-10
-7
-2
0
7
5
-1
2
4
2
9
18
16
19
19
12
13
12
10
6
8
6
7
11
15
20
22
21
20
21
25
27
28
32
28
20
19
19
17
15
13
15
12
17
21
23
30
35
38
38
41
35
34
28
24
23
17
15
13
5
-1
1
5
6
4
8
13
12
17
23
21
20
17
17
17
15
15
17
10
5
6
5
13
11
14
10
6
8
8
5
13
10
8
5
2
0
-7
-11
-18
-19
-15
-17
-17
-16
-16
-21
-24
-21
-23
-24
-24
-29
-34
-30
-38
-39
-35
-37
-35
-33
-32
-30
-21
-20
-17
-15
-11
-9
-10
-14
-15
-12
-16
-16
-17
-22
-24
-21
-19
-19
-14
-15
-18
-16
-15
-13
-3
-1
0
1
-9
-9
-8
-4
-1
-6
-10
-9
-8
-11
-13
-7
-4
2
1
7
9
7
5
6
0
4
4
1
5
-3
3
0
5
11
9
10
12
8
5
0
0
6
2
1
4
-1
-5
-7
-8
-8
-12
-8
-8
-6
2
8
9
19
22
18
29
27
30
25
22
19
14
10
8
11
12
10
14
18
12
17
16
19
24
25
24
21
19
12
5
-1
2
-1
-3
0
1
-1
-1
8
7
5
15
10
10
13
12
16
19
17
15
11
11
17
15
13
13
12
13
11
16
13
6
7
7
7
7
6
1
0
1
-6
-7
-6
-8
-11
-15
-16
-12
-11
-5
-6
-3
1
2
4
4
6
5
2
-5
-4
-8
-8
-4
-7
-9
-10
-7
-4
-13
-6
-8
-12
-11
-12
-7
-11
-13
-16
-19
-23
-29
-29
-32
-36
-34
-35
-31
-28
-28
-26
-20
-20
-23
-23
-22
-20
-20
-22
-24
-23
-21
-18
-16
-16
-10
-10
-5
-1
-1
-2
-1
3
-2
-1
0
1
-3
-1
3
2
-1
-4
-2
-6
-11
-14
-12
-3
5
9
16
16
6
7
14
9
11
12
13
10
8
5
2
6
13
17
17
23
23
20
17
12
16
23
22
18
22
17
15
16
16
15
17
12
11
12
11
12
7
13
8
10
12
7
3
3
6
4
5
11
7
7
6
7
10
11
14
12
14
10
15
13
13
13
11
6
1
5
3
2
0
2
-1
4
5
6
5
9
9
6
8
1
2
4
0
2
-4
-3
0
0
0
3
5
2
8
12
11
14
11
9
2
-1
2
0
-2
3
1
-2
-2
-6
-6
-6
-5
-6
-9
-8
-9
-13
-14
-15
-18
-22
-23
-24
-24
-30
-28
-27
-29
-28
-27
-23
-25
-18
-17
-19
-19
-15
-19
-19
-16
-23
-24
-27
-25
-27
-22
-23
-24
-21
-29
-29
-28
-24
-20
-15
-17
-15
-12
-9
-10
-10
-3
-11
-10
-8
-14
-11
-10
-7
-5
-2
-2
0
2
6
3
5
4
11
13
17
27
16
17
7
13
14
14
20
21
17
18
23
23
24
30
31
29
26
23
23
14
13
13
17
20
18
15
17
18
26
25
26
33
29
32
26
28
25
20
20
19
17
17
19
19
14
11
12
11
13
16
21
17
13
18
21
21
17
11
8
3
0
-5
-6
-5
-5
-3
-1
-5
-4
-1
-1
-3
-6
-6
-3
1
-4
-3
-3
-7
-10
-10
-12
-16
-11
-9
-10
-10
-1
-4
-11
-10
-9
-10
-12
-13
-13
-13
-12
-18
-24
-24
-23
-21
-24
-27
-24
-24
-26
-22
-21
-17
-22
-24
-23
-27
-28
-33
-30
-26
-29
-26
-25
-25
-20
-18
-22
-20
-19
-15
-11
-2
-1
-5
-6
-11
-7
-10
-12
-9
-8
-4
-7
-8
-4
-5
-8
-4
-5
4
11
6
10
12
7
9
8
11
10
5
3
4
8
10
3
9
10
11
13
14
11
9
14
12
10
9
10
8
15
11
5
4
6
9
10
14
16
24
18
16
19
15
15
12
16
14
15
17
14
18
20
19
18
19
23
23
28
25
22
24
26
30
21
17
11
5
4
-1
2
0
0
-6
-10
-4
-7
-1
-6
-1
1
0
6
3
4
7
6
3
0
4
2
-1
0
3
5
6
8
7
9
10
9
8
5
-1
1
3
-1
-2
-4
-4
-6
-10
-9
-10
-4
-5
-7
-3
-2
-3
-7
-11
-7
-12
-13
-15
-17
-22
-24
-27
-31
-33
-29
-24
-25
-20
-21
-18
-16
-19
-19
-20
-23
-21
-29
-24
-23
-25
-26
-30
-31
-28
-22
-19
-19
-16
-12
-9
-12
-10
-3
0
-2
-1
-1
1
1
4
4
1
1
0
-1
1
5
4
0
5
8
8
13
11
13
12
12
16
12
15
8
13
10
12
5
13
13
12
11
12
11
7
11
8
7
6
-1
-1
2
5
0
-2
3
0
2
0
4
4
2
5
6
3
4
6
0
2
-4
-2
2
4
4
1
3
-1
3
2
1
2
6
6
10
10
11
12
14
12
9
9
5
9
9
9
13
15
12
14
22
21
22
23
25
24
20
18
17
19
24
22
20
18
10
8
12
10
7
10
8
5
3
3
3
1
0
-1
-4
-8
-8
-9
-11
-14
-13
-12
-10
-2
-4
-4
-6
-8
-8
0
-6
-8
-6
-8
-4
-8
-9
-10
-3
-10
-17
-11
-11
-12
-17
-19
-17
-14
-15
-14
-15
-18
-18
-18
-19
-16
-10
-11
-14
-19
-15
-7
-12
-10
-7
-10
-6
-2
-9
-11
-13
-16
-17
-17
-20
-12
-11
-11
-4
0
3
-1
-4
-3
-3
-2
0
-6
-8
-11
-11
-6
-13
-8
-5
-6
-8
-6
-2
-2
2
-1
1
5
6
6
1
-4
-4
-4
-5
-6
-8
0
-6
-6
-8
-8
-5
-10
-9
-5
-3
-3
-4
-2
-3
-1
-1
-3
1
0
3
3
3
6
10
11
8
5
3
10
9
11
14
15
22
22
22
17
19
23
19
16
22
22
24
24
24
24
25
26
23
23
23
28
27
25
32
29
26
29
27
27
24
24
21
24
25
25
24
20
19
22
21
11
13
14
16
18
15
14
16
16
12
12
5
2
0
-4
-4
-9
-10
-11
-14
-19
-21
-27
-25
-25
-27
-26
-35
-35
-35
-37
-34
-40
-44
-40
-43
-39
-42
-40
-40
-35
-36
-40
-39
-46
-40
-48
-40
-32
-31
-25
-20
-19
-20
-13
-15
-12
-11
-8
-6
-6
-3
-1
2
2
3
0
4
4
2
0
-2
0
2
1
3
-2
4
6
5
6
8
12
11
10
5
8
9
10
11
8
9
7
4
9
5
8
14
9
10
15
17
16
9
9
10
12
14
15
15
17
19
12
8
8
9
15
16
17
18
13
11
6
7
8
9
12
8
9
9
11
9
6
10
8
3
4
3
5
6
5
11
12
11
7
6
4
-2
9
9
8
10
9
4
2
3
1
3
3
3
3
4
4
2
5
6
6
6
8
5
6
9
10
6
2
0
-1
0
-6
-6
-6
-4
-6
-7
-6
0
-2
-3
-3
0
-1
-4
-3
-15
-11
-11
-14
-13
-13
-11
-8
-13
-17
-19
-18
-16
-18
-17
-12
-15
-16
-14
-16
-18
-13
-9
-11
-6
-8
-5
-7
-9
-5
-7
-7
-8
-8
-8
-7
-4
-10
-12
-10
-7
-8
-9
-9
-7
-3
-7
-7
1
0
-3
3
1
-1
-2
-3
-3
-5
-7
-6
-7
-10
-8
-7
0
3
-1
1
4
8
7
14
15
13
13
12
13
13
12
11
9
11
5
6
4
2
4
3
6
1
-4
-1
2
-1
-1
-3
-4
-1
-5
-8
-10
-11
-8
-8
-11
-5
1
2
3
3
0
0
-1
8
5
10
13
6
9
7
12
12
14
12
16
19
16
20
24
23
23
21
19
19
13
9
8
10
8
13
12
13
13
9
7
6
8
6
6
9
7
6
7
8
8
0
0
-4
-6
-4
-7
-9
-7
-3
-1
-2
0
-3
-8
-10
-8
-3
-4
3
-2
-2
0
0
1
-1
0
0
0
-4
2
-1
-5
-3
-5
-3
-3
-6
-6
-6
-3
-2
-8
-4
-4
-7
-10
-15
-11
-19
-21
-21
-22
-16
-17
-18
-13
-14
-14
-12
-12
-9
-6
-6
-9
-6
-3
-6
-7
-5
-6
-11
1
-2
-4
1
2
2
-1
5
4
3
-3
-4
-6
-7
-5
-3
-4
-8
-7
-6
-7
-2
-3
-9
-9
-7
-7
-7
-3
-4
-13
-11
-9
-14
-8
-7
-5
2
-3
-6
-3
-2
1
4
6
5
7
6
3
7
5
7
7
11
10
6
11
17
15
12
16
13
17
14
13
14
12
11
11
11
6
7
5
6
4
5
6
5
8
7
7
8
14
13
12
11
12
9
1
8
4
7
4
4
6
1
5
8
8
6
13
14
10
14
13
10
7
8
6
4
7
2
3
1
5
8
9
13
15
16
13
14
11
10
9
11
8
7
13
13
12
11
8
6
2
2
1
0
0
2
0
-2
-1
-6
-9
-13
-14
-14
-16
-19
-17
-22
-23
-24
-23
-24
-18
-22
-24
-17
-22
-24
-26
-24
-24
-23
-23
-26
-24
-22
-22
-24
-26
-29
-32
-25
-29
-34
-32
-27
-26
-26
-24
-21
-22
-19
-18
-20
-18
-19
-22
-16
-17
-11
-9
-13
-7
-9
-7
-6
0
-3
6
11
10
15
13
17
13
14
14
19
17
19
16
14
19
18
12
12
15
17
23
21
19
23
22
19
22
21
22
19
15
16
19
19
19
21
19
23
27
24
26
25
25
26
26
25
19
17
17
15
15
17
11
17
16
8
17
15
13
11
9
10
8
7
4
2
5
3
3
5
-1
0
-3
-7
-8
-8
-5
-5
-8
-9
-4
-4
-2
-5
-10
-9
-8
-8
-13
-8
-10
-12
-11
-11
-11
-11
-11
-12
-10
-10
-11
-7
-8
-7
-6
-9
-12
-18
-14
-15
-19
-19
-17
-14
-12
-10
-7
-6
-2
3
1
-2
-3
-7
-11
-10
-11
-11
-12
-9
-4
-4
-4
-5
-8
-3
1
1
3
0
0
0
1
2
-3
0
-4
-9
-11
-11
-5
-7
-6
-8
-6
-2
-1
0
-11
-9
-8
-9
-6
-6
-3
-7
-9
-9
-11
-10
-9
-5
-8
-4
-2
0
7
8
7
7
7
8
9
7
5
3
2
4
3
2
2
1
4
4
7
1
2
3
6
6
7
10
13
7
5
2
-1
-2
-7
-1
-3
-4
-3
0
-2
-1
2
6
8
10
14
11
13
15
14
13
17
16
16
19
18
15
17
14
13
13
12
11
13
