SAMPLES:	18993
BITSPERSAMPLE:	16
CHANNELS:	1
SAMPLERATE:	16000
NORMALIZED:	FALSE
-88
-80
-91
-93
-78
-27
-18
-23
-24
-31
-22
-19
-17
-48
-31
-29
-22
-5
16
19
-7
14
46
48
32
49
40
22
26
23
13
-9
-12
-40
-23
-10
-16
-22
-43
-16
-39
-54
-77
-95
-114
-116
-93
-76
-85
-91
-110
-114
-89
-68
-61
-56
-51
-51
-15
11
27
47
51
50
45
51
37
25
-3
-15
-29
-39
-19
-22
-17
1
3
-36
-34
-47
-36
-47
-60
-58
-59
-64
-79
-105
-108
-90
-104
-121
-109
-61
-55
-49
-60
-45
16
72
77
95
113
121
130
114
126
125
128
119
95
92
113
136
153
154
168
177
155
140
102
94
102
111
128
92
52
58
8
-53
-53
-50
-47
-71
-66
-25
-21
-7
10
7
8
22
0
-5
-40
-20
9
23
21
28
44
65
76
69
73
44
37
47
36
16
-11
-47
-25
-2
-28
-50
-87
-77
-58
-46
-35
-19
-7
0
0
-22
-25
-35
-55
-59
-60
-78
-116
-104
-59
-17
30
56
68
94
125
149
148
141
139
90
48
19
0
-32
-49
-72
-96
-86
-71
-74
-65
-68
-65
-90
-121
-117
-116
-135
-175
-150
-153
-179
-164
-183
-177
-137
-103
-85
-59
-42
-20
-14
-26
20
-6
-14
-12
-22
11
20
37
48
96
88
63
14
-4
18
8
-12
-28
-12
8
4
1
-4
15
8
-24
-31
-16
-21
-57
-17
36
29
17
60
94
121
120
109
117
108
96
44
28
10
-4
-18
-19
-12
-9
19
39
55
74
72
62
33
-4
-28
-28
-2
-18
-33
-62
-86
-55
-43
-28
-31
-56
-48
-23
-15
-25
-1
20
51
60
78
86
85
139
105
89
81
36
26
24
60
121
104
76
81
65
24
-10
-15
17
-12
-25
-48
-38
2
25
68
31
25
11
8
29
43
20
15
38
39
68
90
93
103
108
108
94
66
80
67
30
7
15
12
14
22
15
-15
-29
-35
-68
-78
-99
-101
-94
-82
-90
-97
-75
-48
-13
-7
-15
-46
-73
-61
-74
-74
-76
-91
-76
-59
-38
-15
4
25
38
40
35
13
9
1
-38
-75
-107
-110
-95
-75
-60
-39
-53
-50
-80
-94
-86
-80
-45
-53
-62
-66
-91
-94
-111
-118
-103
-106
-65
-47
-71
-49
-37
-22
-22
-33
-36
-27
-9
-1
-6
23
16
-20
-35
-34
-55
-52
-64
-52
-12
-13
25
41
46
48
17
-8
-14
3
-10
-45
-26
0
56
86
110
95
94
93
100
89
78
80
59
70
84
112
162
194
183
185
200
192
184
172
159
164
134
91
86
63
60
23
1
11
0
-10
-24
-26
-23
-21
-55
-53
-38
-9
28
26
24
1
2
-34
-73
-67
-43
-43
-24
-8
-18
-19
-26
8
25
41
37
19
49
43
81
105
90
66
38
31
5
-25
-35
-48
-59
-65
-56
-29
0
25
63
59
25
-9
-31
-38
-32
5
5
-4
-16
-20
-38
-39
-38
-40
-23
-11
-52
-66
-44
-63
-53
-75
-79
-93
-105
-109
-141
-142
-128
-108
-101
-110
-139
-124
-130
-151
-150
-148
-143
-142
-132
-107
-89
-78
-44
4
38
21
9
16
21
-17
-50
-68
-52
-29
-38
-16
27
47
60
85
79
64
51
35
36
57
76
80
84
39
32
32
30
15
32
67
47
94
105
97
90
68
82
112
120
111
90
79
82
66
57
50
60
64
67
69
61
50
37
16
-42
-85
-109
-118
-125
-140
-138
-114
-114
-85
-53
-35
-20
11
-2
10
28
32
76
66
57
66
80
76
40
49
88
107
128
116
129
159
155
165
137
128
128
106
76
85
98
67
36
15
27
8
-8
-8
-32
-52
-58
-50
-71
-87
-54
-30
-2
14
22
-22
-34
-14
-5
-5
-31
-44
-31
-17
1
38
32
6
-14
-39
-59
-70
-67
-64
-86
-123
-143
-125
-140
-151
-177
-198
-190
-149
-94
-69
-87
-106
-101
-115
-131
-124
-106
-88
-59
-27
-40
-41
-27
-29
-31
-57
-48
-27
-3
17
45
83
84
88
73
50
12
-30
-28
-5
23
5
19
25
15
32
32
27
-2
-12
-53
-63
-36
-46
-5
53
73
74
76
73
54
41
33
44
45
52
80
112
88
50
37
15
-3
-16
-6
5
19
33
48
46
47
60
32
22
31
4
13
15
5
-10
-7
31
47
57
59
57
71
99
110
93
81
77
66
27
50
49
39
10
-4
-20
-35
-22
-13
-12
-31
-1
-27
-43
-21
-21
-24
-7
-18
-21
-14
5
30
68
66
41
54
33
-4
-29
12
19
-8
-7
25
33
18
2
14
2
-32
-73
-94
-71
-68
-68
-56
-44
-43
-12
-14
-40
-54
-63
-74
-113
-87
-59
-55
-41
-49
-56
-47
-14
8
26
56
47
10
18
27
34
27
46
52
80
57
14
26
20
-5
13
26
43
60
22
21
23
27
50
41
12
-40
-85
-109
-124
-100
-73
-71
-53
-24
-14
-4
-3
-19
-5
-25
-55
-36
-60
-49
-69
-75
-66
-69
-26
-34
-36
-36
-24
-21
-21
-13
-8
9
-11
-11
-39
-39
-19
-36
-40
-16
-15
23
60
60
68
68
34
23
11
9
21
22
0
-12
-21
-22
-20
-45
-34
-27
-33
-21
-63
-37
27
55
82
63
60
70
82
36
27
32
37
22
17
30
25
60
74
80
108
98
109
95
59
54
60
62
68
50
19
29
37
32
-4
-30
-29
-25
-27
10
24
64
59
32
19
2
23
39
59
43
18
11
41
50
55
50
40
2
-69
-61
-16
-31
-21
-30
-34
-61
-60
-40
-53
-53
-80
-101
-130
-114
-106
-72
-35
-44
-58
-59
-52
-57
-78
-100
-102
-66
-37
-25
-9
31
85
79
33
34
86
99
65
59
57
43
8
-10
-10
-5
-6
-7
-3
-35
-20
-18
-37
-24
-41
-52
-50
-30
-35
-21
-3
-13
7
41
58
69
81
92
74
73
22
5
38
42
45
59
111
148
146
115
100
68
44
30
30
49
7
-48
-91
-104
-98
-126
-159
-150
-134
-148
-170
-182
-153
-107
-77
-71
-70
-67
-90
-90
-92
-58
-18
2
9
2
26
38
24
32
50
36
62
46
82
97
104
110
87
64
43
39
35
20
-18
-52
-93
-89
-56
-31
-34
-36
-3
4
1
-15
-27
-33
-46
-60
-40
-46
-34
8
27
44
75
45
29
33
40
54
49
76
82
87
71
42
23
3
-24
-60
-56
-59
-56
-33
-3
-14
-29
-19
5
37
39
23
15
17
58
90
116
161
164
142
134
107
98
112
120
152
135
119
131
134
121
104
69
51
9
-43
-60
-30
-14
-35
-82
-146
-173
-168
-137
-90
-94
-126
-144
-179
-157
-112
-94
-111
-117
-87
-99
-70
-56
-27
-9
-8
-4
8
20
33
37
26
45
39
32
29
34
20
16
-2
-42
-53
-54
-72
-61
-43
-32
-55
-92
-92
-68
-55
-32
-7
-37
-50
-71
-64
-67
-25
7
26
17
-17
22
87
130
111
126
121
86
66
69
66
62
67
64
60
54
37
4
8
8
-2
2
-5
-11
-9
-2
-22
-56
-103
-89
-128
-156
-148
-129
-116
-93
-72
-66
-50
-59
-35
-31
-27
-46
-46
-4
18
33
54
78
100
141
139
110
84
128
130
70
9
-8
-11
10
19
31
68
61
68
50
60
96
104
79
50
52
48
49
69
57
60
49
28
43
56
93
103
126
119
83
62
50
39
65
101
99
98
90
88
89
65
75
44
-31
-84
-141
-192
-168
-167
-162
-151
-163
-118
-118
-114
-129
-159
-177
-205
-240
-270
-240
-174
-140
-131
-106
-91
-39
26
84
104
110
108
107
130
130
164
193
185
165
107
120
149
68
47
-5
-70
-76
-93
-51
-52
-61
-61
-119
-137
-141
-168
-171
-198
-283
-349
-293
-202
-185
-147
-85
10
69
110
158
157
253
247
209
213
172
167
173
157
146
133
145
118
91
140
142
125
69
22
-36
-115
-147
-171
-223
-234
-259
-269
-261
-267
-290
-309
-314
-324
-276
-173
-102
-64
-35
-42
-80
-106
-120
-114
-112
-125
-156
-191
-197
-180
-121
-82
-24
48
101
155
214
322
412
466
515
569
710
789
879
971
1003
1025
1075
1092
1113
1092
1093
1051
972
879
743
596
434
263
63
-91
-299
-534
-770
-998
-1127
-1281
-1451
-1604
-1689
-1735
-1825
-1810
-1808
-1715
-1657
-1619
-1509
-1468
-1368
-1246
-1178
-1049
-876
-731
-582
-369
-188
-30
176
359
533
681
864
955
1023
1132
1219
1220
1179
1193
1264
1334
1418
1500
1542
1604
1660
1727
1864
2022
2089
2063
2015
1964
1984
2040
1954
1777
1554
1403
1212
959
690
378
75
-229
-500
-819
-1178
-1529
-1845
-2084
-2326
-2627
-2916
-3051
-3197
-3233
-3235
-3078
-2929
-2923
-2821
-2614
-2371
-2172
-2000
-1898
-1841
-1677
-1453
-1238
-1068
-858
-619
-398
-51
276
463
612
752
811
981
1164
1218
1104
1024
1043
982
1078
1210
1215
1164
1191
1231
1213
1359
1393
1283
1211
1393
1655
1837
2007
2094
2113
2261
2491
2625
2692
2766
2738
2755
2760
2605
2477
2366
2203
1870
1547
1216
763
196
-161
-491
-969
-1323
-1650
-2031
-2426
-2558
-2600
-2726
-2998
-3222
-3309
-3454
-3579
-3825
-3935
-3969
-4140
-4260
-4349
-4254
-4142
-4103
-3870
-3584
-3215
-2737
-2317
-1873
-1315
-906
-589
-242
94
375
586
762
1030
1202
1340
1573
1867
2160
2394
2627
2946
3092
3118
3232
3418
3578
3574
3677
3731
3539
3518
3745
3829
3985
3957
4168
4489
4422
4402
4299
4122
3823
3400
2952
2647
2078
1443
985
308
-295
-679
-1217
-1820
-2359
-2693
-3051
-3439
-3748
-3900
-4301
-4746
-4893
-5097
-5126
-5153
-5275
-5234
-5001
-4932
-4725
-4474
-4372
-4357
-4041
-3380
-3052
-2831
-2353
-1991
-1522
-1098
-621
-262
-118
162
426
571
663
640
520
619
784
951
1364
1742
1909
2201
2729
3223
3289
3352
3481
3282
3135
3412
3642
3733
3875
4226
4623
5023
5509
6003
6069
5859
5714
5617
5564
5176
4527
3946
3279
2391
1726
1045
54
-920
-1731
-2416
-3230
-4056
-4541
-5068
-5804
-6175
-6277
-6504
-6657
-6809
-6905
-6979
-6921
-6789
-6696
-6691
-6358
-5868
-5541
-5111
-4732
-4098
-3327
-2621
-1902
-1159
-454
95
598
1187
1725
2035
2271
2530
2714
2857
3244
3589
3689
3889
4204
4465
4482
4396
4323
4209
4115
3974
3821
3648
3659
3581
3429
3452
3437
3515
3692
3844
3987
4113
4348
4543
4651
4730
4676
4250
3683
3299
2771
2135
1607
998
288
-203
-658
-1137
-1889
-2519
-2928
-3371
-3695
-3978
-4473
-5091
-5429
-5618
-5880
-6115
-6297
-6468
-6657
-6614
-6364
-6355
-6342
-6254
-5923
-5514
-5103
-4598
-4085
-3721
-3296
-2715
-2016
-1515
-1339
-1040
-523
61
440
771
1136
1477
1657
2226
3072
3486
3740
4341
4958
5280
5576
5902
5940
5596
5503
5668
5510
5195
5066
4918
4950
5183
5708
6090
6271
6499
6677
6845
6834
6469
5789
5061
4345
3619
2684
1650
475
-339
-941
-1539
-2543
-3162
-3720
-4639
-5315
-5634
-6032
-6950
-7637
-8052
-8463
-8964
-9079
-9048
-9053
-9014
-8567
-7870
-7278
-6785
-6320
-5478
-4803
-4254
-3556
-2805
-2223
-1692
-1041
-309
291
675
1300
2071
2662
3164
3733
4296
4500
4724
5237
5506
5512
5407
5403
5306
5280
5169
5162
5094
4940
4772
4639
4479
4180
3867
3534
3556
3462
3296
3233
3590
3864
4095
4534
4864
5254
5295
5073
4999
4630
3889
3517
3148
2504
1600
649
206
-276
-1081
-1526
-1773
-2599
-3472
-3884
-4084
-4836
-6032
-6725
-7022
-7709
-8276
-8426
-8370
-8453
-8569
-8151
-7357
-6869
-6750
-6348
-5622
-5085
-5121
-4864
-4044
-3647
-3759
-3311
-2274
-1757
-1625
-881
429
1381
1827
2638
3786
4373
4498
4778
5545
5902
5603
5725
6330
6553
6104
6126
6628
6561
6026
5953
6132
5883
5403
5277
5392
5046
4656
5076
5318
5228
5142
5116
5264
5085
4519
4150
3580
2942
2632
1880
1105
384
-212
-702
-1312
-1987
-2480
-3096
-3974
-4657
-5216
-5767
-6575
-7476
-8019
-8298
-8821
-8971
-8880
-8853
-8837
-8413
-7757
-7127
-6675
-6107
-5543
-4997
-4466
-4294
-4248
-3676
-3032
-3225
-2848
-1896
-1417
-1143
-101
1365
2306
2775
3753
4862
5526
5701
5912
6389
6500
6085
5725
6198
6220
5496
5142
5832
6096
5352
5148
5543
5310
4610
4605
4827
4522
3780
3749
4445
4606
4387
4312
4550
4695
4405
4052
4100
3775
2742
2410
2362
1864
864
89
-45
-544
-1316
-1617
-2143
-3069
-3875
-4406
-4778
-5378
-6425
-7205
-7527
-7963
-8314
-8529
-8419
-8230
-8269
-7900
-7039
-6495
-6472
-6313
-5750
-5332
-5528
-5396
-4596
-4228
-4318
-3697
-2447
-1610
-1312
-513
1108
2251
2685
3418
4584
5325
5195
5300
6193
6497
5940
6001
6795
7002
6446
6473
7222
7125
6466
6410
6627
6144
5210
4764
4590
4069
3587
3797
4061
3707
3442
3785
3984
3753
3485
3308
2708
1977
1744
1364
654
-126
-596
-945
-1520
-2080
-2383
-2755
-3505
-4044
-4128
-4416
-5095
-5971
-6516
-6721
-7311
-7905
-7861
-7784
-8015
-7964
-7384
-6730
-6404
-6225
-5837
-5374
-5045
-4763
-4851
-4756
-4168
-4011
-4044
-3335
-2395
-2056
-1631
-313
1156
1597
1980
3209
4485
4817
4928
5486
5996
5670
5077
5583
6448
6367
5580
5850
6612
6387
5745
5854
6260
5643
4886
5043
5574
5647
5187
5178
5801
6191
6041
5827
5920
5690
4540
4140
4400
4042
2874
1690
1437
1143
128
-978
-1619
-2147
-3185
-4438
-4989
-5149
-6258
-7811
-8085
-7901
-8557
-9491
-9545
-9103
-9298
-9398
-8565
-7774
-7809
-7834
-7400
-6549
-5959
-6069
-6049
-5417
-4572
-4426
-4139
-2827
-1769
-1593
-871
1008
2430
2688
3210
4708
5903
6212
6346
6972
7421
7081
6692
7235
7896
7390
6629
6732
7469
7082
6207
6272
6465
5844
5188
5370
6133
6136
5485
5495
6177
6442
5704
5025
5053
4649
3302
3059
3297
2806
1387
339
651
600
-509
-1381
-1518
-2041
-3378
-4460
-4633
-5049
-6887
-8303
-8332
-8456
-9222
-9955
-9862
-9442
-9494
-9072
-8158
-7406
-7196
-6958
-6507
-5764
-5594
-5998
-6068
-5318
-4944
-5272
-4830
-3538
-2768
-2673
-1454
694
1802
2036
2890
4542
5598
5795
6266
7211
7477
6957
6828
7577
7647
6833
6514
7091
7135
6550
6213
6285
6145
5795
5797
6216
6665
6581
6500
6755
7329
7277
6651
6036
5825
4934
4009
3807
3441
2731
1578
843
831
462
-327
-1190
-1722
-2435
-3685
-4869
-5309
-6227
-8007
-9003
-9211
-9747
-10618
-11092
-10693
-10382
-10063
-9361
-8501
-7838
-7448
-7138
-6619
-5843
-5633
-6014
-5978
-5013
-4571
-4882
-4140
-2618
-2035
-1611
166
2349
3151
3271
4692
6669
7305
7200
7757
8630
8501
7594
7642
8440
7856
6490
6295
6918
6636
5701
5623
6240
5945
5446
5943
7131
7184
6741
6822
7678
7750
6813
6157
5978
5355
4410
3960
3705
3237
2194
1439
1403
1138
269
-520
-1400
-2173
-3248
-4507
-5475
-6383
-7950
-9200
-9692
-10112
-10680
-11245
-11189
-10777
-10485
-9910
-9113
-8600
-8287
-7850
-7446
-6827
-6469
-6628
-6848
-6180
-5522
-5299
-4937
-3832
-2836
-2330
-978
1187
2494
3083
4290
6104
7155
7197
7561
8453
8588
8033
7918
8412
8225
7153
6693
7080
7039
6368
6224
6659
6654
6593
7056
7970
8222
8076
8134
8625
8665
7995
7286
6793
6146
4975
4478
3926
3091
2018
1263
1034
523
-210
-698
-1484
-2298
-3219
-4094
-5332
-6539
-8000
-9270
-10185
-10905
-11482
-12073
-12202
-11869
-11380
-10569
-9780
-9135
-8574
-7877
-7371
-6868
-6497
-6310
-6554
-6303
-5638
-5402
-5193
-4335
-3230
-2484
-1368
390
2083
3228
4362
5924
7321
7910
8133
8870
9540
9122
8693
8936
8921
7841
7334
7845
7692
6621
6390
6878
7007
6892
7841
8933
8863
8750
9293
9765
9536
8726
8007
7451
6350
5562
4963
4075
3095
1889
1321
1132
305
-717
-1265
-2074
-3203
-4204
-4958
-5991
-7627
-8971
-9703
-10636
-11690
-12216
-12502
-12655
-12199
-11435
-10746
-10055
-9362
-8651
-8124
-7478
-6578
-6680
-6904
-6083
-5544
-5858
-5509
-4666
-3866
-3643
-2902
-840
421
1034
2441
4222
5771
6527
6866
7984
9100
8873
8505
9240
9551
8478
7476
8102
8395
7058
6387
7140
7406
7053
7548
8844
9471
9198
9388
10465
10652
9949
9130
8568
7745
6731
5728
4758
3746
2471
1451
876
371
-341
-1368
-2390
-3069
-3845
-4734
-5984
-7380
-8807
-9956
-11027
-11844
-12355
-12716
-13025
-12856
-12120
-11229
-10677
-9933
-9182
-8458
-7805
-6959
-6507
-6309
-6017
-5536
-5292
-5387
-4914
-4262
-3917
-3220
-1723
-145
744
1604
3547
5213
5772
6607
7920
8716
8745
8914
9460
9462
8551
7843
7873
7782
7045
6495
6630
6876
7116
7755
8927
9493
9971
10223
11046
11427
10917
10024
9292
8206
7237
6387
5331
4072
2697
1829
1328
507
-271
-926
-2124
-3247
-4064
-4785
-5960
-7561
-9039
-9973
-11029
-12007
-12665
-13077
-13419
-13392
-13003
-11853
-11008
-10417
-9754
-8692
-7745
-6906
-6632
-6105
-5739
-5417
-5103
-4843
-4235
-3774
-3627
-2948
-1232
72
934
1944
3571
5173
5847
6616
7958
8718
8707
8652
9226
9597
8947
8050
8050
8126
7385
6653
6760
7041
7253
7624
8778
9632
10232
10682
11441
11736
11359
10590
9627
8687
8120
7019
5538
4318
3251
2168
965
130
-407
-1375
-2710
-3581
-4202
-5082
-6594
-8158
-9315
-10260
-11508
-12432
-12905
-13230
-13865
-13751
-13034
-12151
-11724
-11065
-10077
-9120
-8425
-7595
-6946
-6384
-5792
-5476
-5158
-4374
-3590
-3187
-2732
-1610
-173
528
1197
2461
3990
4941
5618
6662
7834
8165
8372
8879
9385
9125
8476
8182
8127
7693
6864
6480
6535
6667
7084
8001
8828
9377
10261
11011
11706
11870
11659
10953
10059
9245
8649
7406
5984
4573
3250
2197
1275
296
-440
-1429
-2643
-3696
-4347
-5365
-6918
-8468
-9335
-10196
-11517
-12452
-12794
-13392
-14082
-13926
-13229
-12577
-12265
-11597
-10700
-9730
-8922
-7999
-7423
-6466
-5763
-5407
-4933
-4027
-3342
-2930
-2457
-1051
183
686
1602
3093
4494
5319
5867
6974
8279
8432
8415
9054
9700
9296
8534
8521
8869
7872
6948
6912
7126
7107
7396
8169
9146
9714
10508
11524
12018
12115
11836
11090
10361
10005
9000
7454
5743
4725
3597
2159
955
357
-737
-2195
-3346
-3768
-4402
-6017
-7666
-8614
-9365
-10843
-12109
-12582
-12886
-13782
-14128
-13394
-12648
-12559
-12274
-11486
-10486
-9686
-9106
-8413
-7226
-6448
-6074
-5797
-4786
-3733
-3481
-3245
-1740
-293
65
506
2155
3907
4411
4765
6313
7816
7939
8133
9032
9782
9344
8707
8764
8925
8177
7192
6748
6644
6639
7108
7753
8314
9059
10198
11111
11560
11986
12105
11215
10179
10051
9626
8108
6167
4911
4021
2575
1047
320
-474
-2060
-3640
-4271
-4388
-5733
-7793
-8859
-9275
-10381
-12052
-12722
-12596
-13329
-14113
-13629
-12602
-12317
-12327
-11944
-10789
-9826
-9404
-9225
-8055
-6677
-6375
-6334
-5194
-3591
-3308
-3674
-2147
-14
270
98
1670
3917
4467
4398
5757
7783
8104
7567
8294
9865
9726
8375
8221
9132
8623
7167
6546
7211
7348
7057
7587
8721
9427
10021
10768
11769
12564
12226
11611
11033
11116
10443
8905
7285
6174
4964
3300
1900
1060
-29
-1738
-3446
-4104
-4445
-5915
-7997
-9022
-9418
-10835
-12348
-12792
-12687
-13519
-14393
-13968
-12869
-12672
-12874
-12420
-11216
-10349
-9986
-9483
-8165
-7138
-6834
-6619
-5206
-3616
-3281
-3198
-1670
233
711
929
2505
4505
4970
4873
6188
8153
8384
7950
8682
10132
10088
9051
8832
9548
8991
7447
6866
7377
7337
7104
7434
8465
9316
9784
10461
11501
12152
12060
11487
11018
11314
10532
8779
7280
6280
5014
3215
1551
937
-168
-2187
-3780
-4355
-4976
-6504
-8499
-9270
-9550
-10818
-12315
-12736
-12499
-13142
-14344
-14097
-12862
-12802
-13469
-12932
-11393
-10691
-10866
-10160
-8044
-7172
-7271
-6648
-4710
-3295
-3415
-3246
-1259
288
237
455
2461
4312
4120
4078
6187
8161
7882
7699
9200
10552
9916
8957
9570
10087
8966
7621
7463
7781
7812
7651
7952
9071
9890
10473
10971
11828
12625
12211
11111
11323
11661
10578
8773
7317
6659
5245
2908
1567
932
-681
-3038
-4637
-4952
-5579
-7720
-9512
-9924
-10369
-11780
-13129
-13047
-12798
-13890
-14823
-13963
-12972
-13290
-13828
-13120
-11685
-11140
-11248
-9941
-7955
-7052
-6922
-6042
-3846
-2389
-2691
-2167
120
1621
1459
1659
3893
5516
4907
4854
7153
8818
8487
8247
9758
10865
9956
8961
9486
9998
9020
7481
7404
8776
8948
7818
8132
9890
10829
10393
10571
12266
12589
10980
10548
11742
11507
9357
7228
7023
6471
4031
2015
1501
543
-1976
-4230
-4564
-4722
-6975
-9455
-9914
-10061
-11387
-12884
-13052
-12661
-13537
-14753
-14393
-13278
-13400
-14208
-14169
-12787
-11881
-12132
-11435
-9591
-8158
-8064
-7538
-5002
-2815
-2986
-2726
-476
1431
1353
1399
3500
5186
4522
4407
6473
8054
7936
7584
8636
9729
9520
8966
9066
9587
9275
8034
7605
9219
9996
9072
8758
10347
11952
11316
11005
12427
12713
11347
10891
11455
11547
9738
7599
7156
6855
4887
2878
1674
732
-1452
-3997
-4626
-4897
-7240
-9770
-10428
-10497
-11654
-13220
-13257
-12865
-13933
-14786
-14128
-13489
-13805
-14596
-14481
-13578
-13019
-12808
-11984
-10509
-9081
-8698
-7802
-5154
-3065
-2741
-2140
144
2167
2320
2634
4689
5970
5565
5707
7349
8785
8534
8106
8946
9747
9488
8770
8875
9140
8874
7636
8129
9885
10244
9743
9943
11639
12525
11849
11617
12569
12148
11214
10814
11100
10981
9008
7240
7267
6350
4687
3004
1841
566
-1589
-3283
-3956
-5255
-7372
-9009
-10239
-10791
-11751
-12805
-13204
-13323
-13978
-14411
-14272
-13656
-13962
-14680
-14719
-13845
-13340
-13228
-12649
-11200
-10244
-9980
-8484
-6097
-4560
-4051
-2589
-354
1376
1874
3122
5128
6242
6186
6727
8313
9325
8656
8378
9587
9928
9140
8624
8820
8846
8011
7830
9380
10027
10052
10445
11358
12540
12756
12531
12757
12439
11884
11446
10752
10527
9569
7882
6744
5964
5042
3857
2288
1031
-465
-1959
-3148
-4547
-6327
-7715
-9121
-10492
-11276
-11685
-12492
-13466
-13778
-13712
-13797
-14057
-13968
-14305
-14813
-14538
-13803
-13824
-13575
-12536
-11615
-11283
-10145
-7991
-6471
-6045
-4636
-2344
-675
298
1608
3594
4933
5479
6384
8247
9576
9334
8947
10175
10898
9878
9007
9384
9295
7932
7524
9080
9934
9501
9873
11569
12694
12684
13028
13622
13076
12321
12165
11778
11058
9540
8160
7279
6181
5003
3744
2488
1385
-364
-1896
-2558
-3689
-5792
-7402
-8122
-8951
-10329
-10947
-10965
-11911
-12909
-13002
-12849
-13206
-13720
-14115
-14530
-14546
-14021
-13877
-13914
-13062
-12051
-11967
-11390
-9364
-7542
-7111
-6184
-3978
-2061
-1339
-285
1730
3383
4011
4812
6615
8264
8557
8273
9096
10230
10013
9197
9197
9587
8669
7729
8817
10109
9912
9649
10940
12389
12546
12367
13465
13362
12630
12724
12570
12155
10940
9336
8581
7247
5871
4813
3184
1675
24
-1759
-2654
-3511
-5488
-7044
-8097
-8760
-9693
-10316
-10347
-10842
-11901
-12261
-12067
-12361
-12972
-13555
-14340
-14624
-14190
-14177
-14230
-13708
-12634
-12178
-11754
-10004
-7880
-7502
-6995
-5183
-3030
-2128
-1643
181
2279
3000
3523
5313
7394
8047
7506
8521
10044
10030
9106
9153
9918
9431
8273
9109
10622
10581
10032
10794
12551
12879
12288
13010
13342
12534
12174
12179
12415
11424
9679
8895
7961
6511
5200
3595
2069
276
-1876
-3128
-4053
-5711
-7461
-8604
-9253
-9663
-10450
-10796
-10996
-11506
-12054
-12119
-12125
-12357
-13092
-14125
-14173
-13631
-13618
-14014
-13630
-12593
-12201
-12010
-10334
-8250
-7500
-7179
-5533
-3345
-2099
-1553
-151
1656
2632
3168
4404
6419
7264
6983
7744
9245
9647
9108
9099
9727
9377
8484
9272
10391
10269
10253
11237
12096
12520
12562
13255
13195
12476
12740
12737
12248
11303
10180
9354
8206
6779
5817
4539
2744
731
-905
-2133
-3334
-5443
-6971
-7944
-9092
-10156
-10496
-10571
-11162
-11850
-12084
-11847
-12092
-12542
-12896
-13735
-14135
-13785
-13898
-14050
-13637
-12694
-12600
-12427
-10763
-8771
-8558
-8030
-6080
-4246
-3261
-2245
-452
1229
1805
2656
4503
6284
7116
7152
8009
9399
9784
9232
9503
9974
9582
8654
9072
10567
10636
9895
10667
12300
12709
12219
12610
13401
12743
11769
12042
12415
11564
9672
8333
7970
6794
5055
3647
2687
1282
-1208
-2863
-3062
-4010
-6687
-8307
-8666
-9062
-10329
-11058
-10826
-11024
-12030
-12391
-12088
-11793
-12328
-13496
-13620
-12656
-12449
-13200
-13189
-11981
-11318
-12182
-11424
-8867
-7761
-8363
-7322
-4655
-3000
-3108
-2073
489
1806
1802
2936
5309
6810
6540
6753
8656
9844
9271
8845
9525
9846
9032
8633
10046
10705
10200
10350
11854
12957
12809
12776
13308
13015
12743
12483
12320
11897
10598
9371
8266
7197
6183
4648
2791
1371
-266
-1842
-3157
-4556
-6195
-7631
-8908
-9655
-10229
-10548
-11152
-11795
-11958
-11811
-11973
-12324
-12398
-12982
-13620
-13395
-13026
-13124
-13295
-12749
-11988
-11789
-11061
-9332
-8099
-7772
-6777
-5039
-3741
-3083
-1937
-215
1064
1987
3260
5027
6317
6697
7186
8338
9283
9282
9157
9659
9798
9066
8955
10316
10877
10346
10342
11827
12590
12344
12553
13357
12723
11980
12142
12219
11832
10119
8701
7947
6817
5354
4098
2643
1383
-872
-2506
-2995
-3893
-6342
-7895
-8762
-9256
-10511
-11170
-10887
-11445
-12281
-12335
-11774
-11728
-12007
-12687
-13028
-13075
-12499
-12596
-12782
-12253
-11286
-11481
-10996
-9225
-7580
-7757
-7324
-5290
-3493
-3026
-2338
-373
1130
1603
2187
4261
6135
6610
6268
7605
9181
9472
8776
9123
9733
9375
8231
9453
11049
10861
10203
11087
12750
13021
12390
12901
13263
12277
12024
11659
11884
10830
8975
7859
7227
5920
4560
2727
1577
-111
-2176
-3276
-3996
-5772
-7489
-8803
-9481
-10078
-10963
-10997
-11673
-12149
-12266
-11932
-12093
-12030
-12402
-12942
-13191
-12436
-12070
-12345
-12188
-11190
-10971
-11029
-9791
-7976
-7458
-7417
-5985
-4066
-2739
-2354
-861
832
1946
2515
3929
5932
7104
6793
7544
9029
9730
9156
8969
9632
9698
8517
8931
10593
10708
10340
10878
12444
13186
12883
13131
13563
12893
12507
12115
11952
11283
9419
7778
6816
5617
4137
2385
1086
-492
-2714
-3994
-4464
-5863
-7807
-8977
-9672
-10263
-11163
-11341
-11644
-12159
-12526
-12494
-12395
-12270
-12355
-12949
-13130
-12426
-11756
-12050
-11847
-10721
-10026
-10320
-9534
-7566
-6542
-6795
-5902
-3909
-2332
-2085
-1058
1075
2424
2559
3344
5460
7023
6618
6620
8248
9332
8729
8102
8928
9323
8309
7986
9752
10482
10025
10077
11513
12665
12390
12628
13293
12991
12684
12364
12129
11875
10375
8802
7669
6662
5471
3672
1930
712
-1373
-3236
-4114
-5301
-6973
-8460
-9517
-10101
-10736
-11227
-11599
-12244
-12413
-12279
-12330
-12535
-12481
-12958
-13390
-13224
-12489
-12343
-12594
-11775
-10769
-10791
-10365
-8527
-7189
-7092
-6419
-4433
-2785
-2174
-1255
613
1969
2808
3830
5590
7175
7442
7569
8617
9623
9440
8897
9170
9462
8805
8410
9755
10376
10089
10386
11517
12559
12549
12710
13414
12676
12308
12587
12324
11722
10412
9065
8016
6523
5156
3969
2130
536
-1483
-3208
-4167
-5471
-7527
-8736
-9686
-10315
-11264
-11630
-11589
-12200
-12906
-12719
-12188
-12337
-12531
-12828
-12994
-12844
-12411
-12373
-12192
-11602
-10821
-10876
-10343
-8499
-7077
-7138
-6077
-4076
-2435
-1840
-870
1191
2600
3014
3916
5746
7223
7538
7349
8561
9647
9422
8772
9165
9479
8798
8134
9452
10399
9737
9588
11053
12158
11946
11835
12533
12211
11511
11590
11659
11271
9896
8670
7595
6444
5211
4101
2349
812
-1013
-2647
-3877
-5115
-6765
-8251
-9518
-10338
-11005
-11555
-11839
-12403
-12715
-12542
-12288
-12388
-12274
-12450
-12944
-13095
-12330
-11976
-12260
-11985
-11005
-10750
-10619
-9257
-7513
-7033
-6643
-4872
-2986
-1802
-973
693
2403
3513
4425
6024
7634
8394
8373
8865
10024
10430
9843
9569
9950
9796
9264
9632
10682
10606
10311
11173
12256
12411
12427
12789
12370
11941
11756
11512
10985
9789
8643
7522
5978
4922
3907
2233
334
-1511
-2862
-3920
-5554
-7386
-8407
-9675
-10833
-11533
-11538
-11743
-12604
-13086
-12593
-12364
-12718
-12803
-12545
-12952
-13296
-13081
-12384
-12040
-12044
-11568
-11042
-10272
-9089
-7759
-7001
-5866
-4577
-3146
-1860
-310
1226
2372
3347
4829
6230
7584
8451
8946
9542
10122
10537
10566
10521
10351
10018
9872
10798
11300
11064
11141
12029
12459
12218
12450
12897
11852
11221
11264
10968
10253
8851
8015
7044
5375
4066
3149
1570
-109
-2143
-3564
-4475
-6092
-8031
-9019
-10047
-11125
-12060
-12057
-11950
-12740
-13340
-12924
-12212
-12507
-12837
-12886
-12816
-12967
-13026
-12772
-12199
-11966
-11756
-11596
-10719
-9200
-8136
-7623
-6375
-4572
-3309
-2281
-615
1441
2320
3033
4531
6422
7519
8114
8834
9899
10423
10759
10996
11170
11220
10905
10965
11705
12322
12209
12268
13048
13539
13316
13171
13265
12518
11872
11579
11112
10218
8849
7906
6739
5340
4296
3215
1561
-250
-2003
-3450
-4750
-6361
-8196
-9386
-10567
-11691
-12420
-12387
-12511
-13104
-13474
-13003
-12610
-13003
-12974
-12746
-13122
-13380
-12928
-12295
-12178
-12223
-11716
-11262
-10675
-9568
-8254
-7609
-6753
-5167
-3640
-2413
-1145
567
2001
2987
4167
5864
7342
8067
8660
9439
10376
10614
10620
11141
11356
11008
11206
12091
12650
12492
12491
13458
13775
13406
13729
13848
12809
12265
12139
11715
10569
9034
8103
6765
4898
3663
2803
1041
-954
-2777
-3991
-5127
-6900
-8445
-9338
-10536
-11670
-12343
-12468
-12565
-13319
-13851
-13463
-13040
-13234
-13357
-13429
-13222
-13159
-13149
-12650
-11958
-11757
-11474
-11106
-10058
-8638
-7771
-7182
-5918
-4401
-3175
-2244
-896
926
1730
2361
3897
5736
6962
7506
8302
9619
10088
10214
10535
10998
10985
10726
11079
12140
12506
12312
12781
13760
13982
13763
13959
14045
12966
12318
12347
11910
10903
9307
8269
7125
5384
4002
3051
1338
-823
-2813
-4091
-5255
-7048
-8806
-9606
-10765
-12039
-12567
-12603
-12727
-13397
-13992
-13708
-13228
-13411
-13546
-13669
-13630
-13496
-13436
-13054
-12265
-11947
-11732
-11424
-10284
-8812
-8149
-7630
-6159
-4629
-3569
-2403
-681
990
1784
2736
4387
6003
7034
7770
8405
9457
10012
10181
10649
11075
11124
10868
11389
12619
13036
12692
13330
14399
14396
14209
14489
14568
13474
12711
12801
12339
10923
9518
8535
7255
5374
4057
3126
1595
-603
-2511
-3815
-4825
-6630
-8659
-9541
-10504
-11889
-12986
-13098
-13114
-13772
-14495
-14063
-13485
-13657
-13815
-13690
-13551
-13350
-13283
-13035
-12371
-11767
-11652
-11528
-10443
-8875
-8140
-7950
-6321
-4469
-3574
-2777
-1020
861
1499
2032
3750
5639
6427
6932
7838
9164
9775
9732
10279
10914
11016
10564
10999
12502
12866
12385
12912
14148
14239
13901
14287
14884
13812
12992
13178
13057
11994
10358
9351
8542
6729
5052
3956
2514
449
-1712
-3180
-4122
-5991
-8235
-9280
-10352
-11689
-12837
-13005
-12997
-13604
-14487
-14271
-13800
-13925
-14216
-14463
-14454
-14230
-14038
-13872
-13342
-12757
-12418
-12287
-11357
-9618
-8668
-8699
-7457
-5568
-4234
-3605
-2188
-112
896
1404
2879
4928
6225
6679
7196
8620
9483
9585
9876
10513
10866
10437
10606
12081
12790
12566
12997
14234
14893
14663
14787
15298
14514
13861
13824
13442
12624
11179
10035
9081
7426
6030
4924
3300
1371
-588
-2194
-3284
-5078
-7155
-8468
-9707
-10908
-11907
-12324
-12693
-13374
-14090
-14075
-13823
-13917
-14056
-14257
-14369
-14172
-13932
-13740
-13252
-12590
-12069
-11969
-11253
-9600
-8668
-8618
-7474
-5767
-4541
-3795
-2463
-445
575
1223
2727
4476
5614
6168
6686
7960
8773
9010
9547
10191
10497
10400
10597
11874
12490
12336
12794
13816
14329
14238
14600
15099
14435
13682
13837
13674
12870
11656
10651
9764
8274
6751
5691
4193
2207
56
-1645
-2649
-4215
-6511
-7937
-8947
-10292
-11630
-12207
-12377
-13001
-14032
-14258
-13767
-13808
-14144
-14646
-14720
-14452
-14387
-14406
-13956
-13110
-12784
-12870
-12212
-10373
-9376
-9418
-8408
-6477
-5236
-4650
-3364
-1190
-22
471
1726
3806
5176
5583
6052
7539
8606
8570
8739
9626
10212
9845
9954
11502
12503
12161
12534
13706
14481
14398
14590
15117
14625
13928
14088
13885
13271
12116
11026
10164
8842
7451
6336
4635
2909
1076
-797
-1967
-3394
-5465
-6893
-8037
-9349
-10547
-11333
-11730
-12373
-13320
-13696
-13574
-13746
-13928
-14337
-14695
-14395
-14126
-14126
-13754
-13076
-12683
-12902
-12540
-10798
-9766
-9764
-8777
-6934
-5585
-4972
-3637
-1419
-268
115
1410
3255
4458
5000
5692
7002
7972
8112
8579
9363
9775
9527
9695
10997
11820
11628
12002
13319
14084
14073
14479
15349
14808
13949
14137
14194
13512
12204
11159
10569
9118
7547
6733
5487
3814
1864
139
-926
-2365
-4631
-6142
-7308
-8569
-9890
-10677
-11015
-11653
-12725
-13217
-13083
-13212
-13616
-14135
-14360
-14123
-13987
-14266
-14088
-13379
-12946
-13214
-12906
-11271
-10086
-10179
-9420
-7606
-6233
-5728
-4691
-2515
-1075
-738
376
2391
3850
4335
4920
6325
7337
7446
7690
8487
9026
8855
8960
10311
11347
11406
11818
12977
13974
14081
14324
15021
14723
14187
14322
14154
13736
12733
11622
10924
9749
8476
7467
6035
4420
2588
756
-466
-1883
-3871
-5361
-6564
-7947
-9143
-9977
-10447
-11291
-12236
-12659
-12750
-13095
-13431
-13765
-14221
-14230
-14053
-14077
-14165
-13654
-13094
-13220
-13045
-11694
-10555
-10375
-9707
-7892
-6412
-5770
-4725
-2759
-1374
-885
81
1940
3551
3956
4336
5786
7061
7122
7169
8097
8888
8573
8595
10142
11343
11074
11250
12593
13695
13579
13742
14704
14720
13962
13960
14095
13871
12868
11573
10914
10015
8671
7609
6378
4989
3188
1327
286
-879
-2849
-4539
-5700
-6815
-8012
-9137
-9739
-10249
-11178
-11907
-12057
-11949
-12156
-12819
-13379
-13181
-12957
-13350
-13361
-12934
-12438
-12791
-12906
-11642
-10460
-10448
-10085
-8574
-6944
-6274
-5532
-3680
-1994
-1420
-551
1207
2936
3671
3876
4917
6196
6625
6703
7334
8039
8190
8205
9282
10525
10869
10997
12024
13124
13611
13843
14339
14333
14060
14084
13909
13623
12709
11700
10730
9564
8364
7560
6229
4601
2856
1208
-20
-1550
-3518
-4917
-6116
-7718
-8861
-9418
-9746
-10653
-11513
-11714
-11735
-12272
-12504
-12616
-12998
-13225
-13283
-13296
-13213
-12897
-12537
-12662
-12429
-11173
-10215
-9988
-9427
-7930
-6659
-6043
-4940
-3012
-1859
-1319
-136
1597
3059
3602
4310
5466
6397
6667
7061
7700
8119
7894
8171
9475
10259
10323
10897
12064
12870
13007
13493
14287
13793
13381
13803
13782
13208
12292
11442
10892
9575
8321
7611
6327
4516
2766
1186
-24
-1646
-3713
-5004
-6104
-7638
-8839
-9358
-9756
-10401
-11349
-11539
-11403
-11716
-12022
-12225
-12548
-12491
-12596
-12864
-12618
-12227
-12021
-12289
-11924
-10644
-9887
-9874
-8999
-7474
-6275
-5697
-4536
-2553
-1343
-917
241
1990
3225
3589
4184
5579
6442
6346
6615
7462
7860
7395
7854
9273
10053
10081
10661
12116
12850
12785
13354
14150
13596
13183
13490
13510
12982
11882
11109
10632
9406
8134
7328
6111
4410
2581
1127
29
-1685
-3688
-4840
-5877
-7407
-8648
-9166
-9438
-10114
-10963
-11225
-11244
-11610
-11968
-12281
-12611
-12525
-12665
-12964
-12787
-12264
-12058
-12366
-12019
-10800
-10166
-10140
-9137
-7485
-6341
-5728
-4487
-2485
-1351
-940
342
2054
3214
3573
4097
5294
6099
6068
6518
7354
7884
7579
8033
9406
10157
9979
10476
11831
12403
12562
13030
13707
13126
12848
13009
12922
12325
11424
10604
9874
8526
7371
6440
5193
3510
1952
623
-599
-2131
-3919
-4996
-6215
-7529
-8695
-9032
-9634
-10259
-10810
-10905
-10822
-10993
-11228
-11514
-11894
-11879
-12004
-12417
-12168
-11763
-11738
-11928
-11289
-10154
-9514
-9569
-8421
-6874
-5973
-5461
-3960
-2189
-1365
-946
465
2165
3078
3463
4260
5556
6059
6153
6798
7553
7536
7328
8115
9488
9856
10035
11017
12284
12495
12596
13334
13909
13152
12887
13146
12935
12049
10947
10367
9688
8269
7054
6559
5434
3533
1835
685
-398
-2204
-4188
-5085
-6115
-7602
-8776
-9141
-9456
-10156
-10922
-10944
-10607
-10946
-11314
-11573
-11685
-11474
-11722
-12130
-11572
-11104
-11337
-11625
-10862
-9491
-9198
-9388
-7995
-6386
-5803
-5377
-3882
-1908
-1227
-958
737
2728
3430
3623
4446
5892
6199
5855
6413
7418
7451
7064
7902
9434
9991
9803
10789
12223
12452
12212
12972
13447
12720
12435
12585
12427
11474
10307
9783
9114
7641
6449
5582
4361
2640
1122
-154
-1387
-3206
-4747
-5789
-6776
-8051
-8947
-9279
-9738
-10231
-10945
-11113
-10968
-11238
-11649
-11896
-11975
-11637
-11890
-12043
-11405
-10898
-11238
-11298
-10449
-9276
-9127
-9015
-7486
-6108
-5555
-4970
-3332
-1681
-1179
-683
1151
2829
3229
3674
4951
6098
6289
6335
7340
8105
7868
8007
9242
10363
10441
10585
11829
12805
12518
12608
13524
13370
12659
12638
12893
12560
11284
10261
9988
8978
7414
6307
5473
4031
2094
584
-412
-1707
-3832
-5395
-6234
-7228
-8673
-9434
-9633
-10074
-10768
-11201
-11062
-10989
-11256
-11460
-11599
-11476
-11184
-11538
-11898
-11410
-10880
-11271
-11274
-10115
-9005
-9221
-8946
-7186
-5786
-5541
-4879
-3004
-1453
-1322
-745
1305
2884
3011
3367
4886
6202
6162
6068
7220
8116
7758
7916
9384
10540
10445
10646
12132
13122
12850
13007
13884
13691
13106
12890
13035
12673
11382
10418
9866
8818
7461
6216
5094
3605
1839
350
-903
-2415
-4151
-5565
-6849
-7866
-8841
-9557
-10187
-10543
-10718
-11026
-11161
-11050
-11065
-11467
-11986
-11778
-11435
-11809
-11924
-11350
-10991
-11174
-10876
-9698
-8807
-8909
-8291
-6680
-5656
-5259
-4357
-2776
-1750
-1474
-522
1398
2535
2685
3481
4830
5491
5459
5969
7031
7341
7126
8166
9552
10060
10152
10972
12350
12818
12632
13254
13805
13241
13022
13033
12955
12191
10969
10400
9867
8593
7411
6398
5310
3663
1970
671
-621
-2469
-4146
-5316
-6550
-7655
-8577
-9107
-9742
-10187
-10444
-10625
-10755
-10856
-11066
-11508
-11735
-11398
-11382
-11838
-11757
-11130
-11011
-11176
-10461
-9249
-8834
-8861
-7953
-6478
-5785
-5383
-4064
-2493
-1798
-1444
-115
1662
2437
2538
3495
4872
5339
5217
5894
7060
7201
7151
8324
9651
9948
10078
11163
12484
12650
12645
13394
13596
13161
12974
12951
12793
11851
10790
10331
9542
8284
7108
5967
4567
2899
1440
243
-1239
-2890
-4154
-5417
-6746
-7671
-8287
-9036
-9840
-10161
-10379
-10769
-10962
-10923
-11055
-11515
-11639
-11190
-11117
-11478
-11110
-10598
-10694
-10638
-9768
-8881
-8725
-8466
-7106
-5779
-5343
-4622
-3116
-1856
-1535
-993
592
2118
2275
2503
3776
5023
5070
5162
6344
7248
6916
7191
8763
9740
9719
10021
11478
12434
12109
12259
13145
13076
12639
12495
12584
12335
11065
10053
9619
8646
7459
6450
5280
3933
2347
1026
-200
-1722
-3424
-4730
-6060
-7262
-8081
-8733
-9488
-10010
-10150
-10343
-10745
-10859
-10707
-10971
-11511
-11464
-11045
-11286
-11646
-11245
-10646
-10805
-10549
-9565
-8613
-8438
-8010
-6543
-5277
-4984
-4405
-2929
-1722
-1379
-837
793
2231
2352
2692
4092
5228
5251
5343
6565
7382
7003
7471
9009
9930
9936
10462
11923
12775
12505
12779
13413
13173
12927
12682
12595
12194
10978
10074
9580
8538
7447
6356
5102
3701
2302
982
-386
-2144
-3662
-5007
-6635
-7723
-8188
-8804
-9826
-10223
-10117
-10359
-10893
-10977
-10834
-11247
-11866
-11657
-11340
-11441
-11466
-10994
-10563
-10452
-9943
-9067
-8481
-8192
-7519
-6301
-5244
-4697
-3771
-2459
-1622
-1188
-143
1468
2554
2849
3545
4811
5432
5363
5901
6825
7063
6928
8053
9403
9906
10014
10944
12218
12548
12329
12953
13346
12949
12666
12636
12731
11972
10560
9831
9274
7968
6742
5709
4443
2800
1225
22
-1165
-2892
-4353
-5533
-6753
-7704
-8257
-8966
-9659
-9856
-10069
-10474
-10760
-10801
-10937
-11508
-11704
-11254
-11228
-11438
-11204
-10594
-10559
-10532
-9733
-8693
-8427
-8287
-7183
-5833
-5173
-4822
-3474
-1950
-1532
-1302
126
1666
2057
2198
3399
4687
4797
4720
5776
6869
6705
6823
8342
9681
9792
10010
11221
12329
12301
12180
13007
13186
12696
12492
12540
12494
11510
10161
9625
8870
7418
6227
5291
4001
2518
1069
-48
-1394
-3125
-4395
-5582
-6837
-7797
-8388
-9239
-9898
-10111
-10251
-10538
-10837
-10818
-10875
-11381
-11354
-10898
-10977
-11125
-10710
-10269
-10296
-10122
-9172
-8227
-8068
-7648
-6410
-5264
-4805
-4239
-2874
-1660
-1406
-779
727
1984
2381
2748
3885
4909
4963
5114
6201
6958
6864
7298
8712
9713
9817
10226
11610
12547
12449
12628
13248
13150
12699
12486
12504
12230
11007
9959
9392
8408
7061
5995
4836
3444
1876
543
-582
-2186
-3745
-4821
-6072
-7258
-8006
-8596
-9441
-10073
-10155
-10319
-10540
-10610
-10556
-10894
-11334
-11200
-10841
-11177
-11102
-10427
-10147
-10129
-9496
-8330
-7750
-7701
-7047
-5722
-4940
-4712
-3991
-2424
-1487
-1503
-655
1196
2132
2073
2573
4175
4872
4543
4952
6310
6763
6449
7255
8791
9546
9466
10191
11609
12225
12012
12362
12981
12892
12553
12321
12278
11770
10617
9642
9069
8045
6895
5733
4525
3172
1748
329
-905
-2384
-3875
-5143
-6556
-7554
-8193
-8924
-9830
-10205
-10369
-10617
-10947
-11031
-10978
-11273
-11672
-11413
-11096
-11248
-11159
-10655
-10222
-10006
-9494
-8532
-7818
-7525
-6767
-5597
-4671
-4233
-3417
-2027
-1121
-842
119
1585
2441
2667
3297
4494
5056
5018
5572
6652
7003
7080
7992
9231
9821
9957
10777
11970
12303
12330
12700
12773
12533
12358
12196
12003
11290
10220
9614
8873
7687
6660
5620
4311
2747
1473
444
-965
-2795
-3956
-5006
-6434
-7558
-8092
-8706
-9603
-10126
-10246
-10293
-10626
-10860
-11020
-11329
-11530
-11332
-11326
-11330
-10960
-10615
-10493
-10073
-9213
-8455
-8222
-7742
-6598
-5537
-4955
-4394
-3158
-1982
-1631
-1183
290
1696
2140
2581
3764
4828
4977
5096
6033
6878
6884
7251
8527
9560
9835
10145
11339
12293
12301
12365
12910
12873
12635
12379
12364
12131
11201
10126
9420
8479
7214
6120
5064
3792
2264
1001
-54
-1522
-3269
-4423
-5659
-6901
-7787
-8327
-9162
-9841
-10081
-10237
-10452
-10648
-10723
-10957
-11353
-11273
-11070
-11276
-11305
-10979
-10745
-10645
-10004
-9015
-8351
-8150
-7327
-6082
-5261
-4827
-4012
-2875
-2013
-1670
-854
629
1656
1993
2680
3922
4681
4752
5089
5979
6470
6466
7285
8519
9179
9512
10173
11475
12187
12298
12697
13055
12628
12383
12245
12128
11587
10486
9689
9156
8002
7024
6193
5088
3720
2343
1258
105
-1617
-3181
-4244
-5600
-6724
-7456
-7999
-8917
-9489
-9593
-9747
-10103
-10332
-10470
-10846
-11158
-10753
-10607
-10917
-10764
-10269
-10240
-10363
-9600
-8639
-8315
-8291
-7282
-5979
-5277
-4934
-3955
-2603
-1827
-1625
-592
1144
1962
2083
2897
4298
4849
4663
5214
6400
6594
6388
7438
8838
9340
9390
10232
11598
12067
12010
12607
13037
12771
12544
12339
12220
11518
10145
9357
8814
7725
6485
5477
4320
2893
1525
386
-628
-2245
-3691
-4828
-5974
-6918
-7586
-8326
-9150
-9675
-10059
-10298
-10467
-10652
-10810
-11257
-11435
-11001
-10934
-11149
-10838
-10422
-10347
-10261
-9637
-8621
-8292
-8177
-7218
-6025
-5398
-4876
-3808
-2454
-1754
-1393
-118
1445
1982
2218
3202
4517
4836
4793
5581
6580
6659
6859
8097
9304
9714
9845
11011
12190
12462
12426
12989
13109
12663
12467
12434
12296
11440
10153
9491
8756
7417
6169
5180
3999
2505
1177
142
-901
-2684
-4081
-5162
-6234
-7255
-7961
-8609
-9294
-9746
-9966
-10170
-10289
-10345
-10559
-10985
-10946
-10484
-10653
-10815
-10396
-9908
-10161
-10064
-9270
-8323
-8277
-8087
-6841
-5696
-5294
-4714
-3515
-2348
-1960
-1485
-105
1260
1666
1975
3086
4240
4572
4592
5525
6490
6493
6678
8041
9227
9471
9675
11022
12210
12369
12489
13219
13316
12845
12669
12628
12302
11222
10059
9412
8678
7455
6396
5434
4330
2842
1424
336
-748
-2491
-3933
-5112
-6155
-7107
-8015
-8801
-9407
-9791
-10141
-10226
-10310
-10326
-10644
-11018
-10802
-10412
-10702
-10830
-10468
-10143
-10193
-9926
-9036
-8241
-8354
-8047
-6740
-5719
-5333
-4802
-3452
-2369
-2087
-1326
191
1135
1396
1904
3032
3931
4196
4575
5562
6219
6332
6913
8275
9257
9409
9857
11183
12085
12185
12481
13074
12854
12469
12512
12509
12027
10932
10006
9498
8578
7350
6389
5372
3970
2427
1180
248
-1128
-2937
-4222
-5398
-6414
-7275
-8042
-8832
-9456
-9881
-10229
-10324
-10308
-10393
-10844
-11160
-10812
-10561
-10836
-10797
-10239
-10013
-10182
-9703
-8702
-8105
-8240
-7707
-6213
-5357
-5100
-4246
-2797
-1936
-1804
-930
697
1641
1797
2351
3568
4359
4336
4631
5632
6113
5945
6612
8143
8954
8888
9529
11005
11773
11763
12118
12709
12354
11922
11926
11932
11500
10309
9316
8761
7900
6820
5850
4983
3811
2396
1180
253
-944
-2650
-4031
-5180
-6036
-6945
-7784
-8495
-9067
-9454
-9762
-9869
-9960
-10157
-10452
-10644
-10315
-10006
-10190
-10276
-9867
-9556
-9767
-9380
-8450
-7892
-7969
-7366
-5999
-5055
-4665
-3878
-2460
-1729
-1549
-647
759
1624
1862
2507
3725
4456
4443
4884
5889
6281
6159
6993
8474
9080
9002
9713
11083
11615
11614
12058
12567
12163
11830
11895
11841
11098
9898
9153
8584
7614
6529
5575
4571
3274
1870
804
-149
-1640
-3320
-4654
-5829
-6729
-7620
-8247
-8926
-9587
-9894
-10084
-10190
-10198
-10390
-10813
-10975
-10629
-10386
-10571
-10521
-9973
-9829
-9880
-9173
-8220
-7831
-7748
-6861
-5540
-4890
-4510
-3485
-2153
-1584
-1231
-143
1287
2079
2147
2898
4153
4721
4619
5047
6025
6306
6166
7035
8564
9076
8930
9695
11021
11538
11370
11819
12333
11795
11296
11390
11459
10722
9584
8859
8419
7543
6488
5685
4764
3391
1987
894
-68
-1375
-3025
-4312
-5316
-6184
-7165
-7920
-8667
-9208
-9611
-9862
-9925
-9973
-10213
-10583
-10733
-10437
-10259
-10584
-10618
-10085
-9842
-9872
-9205
-8235
-7845
-7979
-7206
-5830
-5016
-4676
-3618
-2226
-1557
-1105
99
1498
2127
2249
3010
4120
4706
4748
5226
6169
6480
6358
7082
8523
9029
8939
9736
11139
11590
11405
11792
12159
11528
11068
11190
11260
10534
9424
8758
8364
7510
6400
5584
4682
3345
1940
937
157
-1209
-2998
-4160
-4969
-5899
-7009
-7658
-8188
-8800
-9396
-9700
-9692
-9824
-10223
-10652
-10841
-10532
-10348
-10610
-10662
-10068
-9875
-10129
-9539
-8558
-8224
-8421
-7537
-6007
-5296
-5048
-3971
-2463
-1766
-1406
-361
1118
1946
2031
2807
4227
4969
4826
5267
6427
6809
6503
7179
8775
9235
8899
9697
10990
11230
10944
11327
11887
11370
10945
11150
11034
10162
9101
8358
7781
6952
5921
5082
4241
3026
1768
729
-119
-1341
-3062
-4178
-5001
-5912
-6830
-7439
-8075
-8619
-9011
-9233
-9179
-9271
-9452
-9811
-10094
-9771
-9585
-9905
-10030
-9558
-9516
-9716
-9124
-8268
-7945
-7941
-6993
-5632
-5022
-4778
-3682
-2415
-1904
-1302
-187
1065
1811
2107
2941
4050
4615
4684
5158
6062
6291
6303
7219
8602
8872
8741
9729
10975
11141
10979
11505
11796
11001
10641
10988
10865
9856
8815
8217
7731
6889
5748
5112
4319
2919
1458
373
-318
-1506
-3359
-4388
-4897
-5785
-6934
-7483
-7896
-8396
-9108
-9445
-9077
-9075
-9547
-9873
-9748
-9449
-9582
-10038
-9759
-9289
-9446
-9632
-8928
-7920
-7696
-7907
-6869
-5396
-4913
-4702
-3447
-2010
-1585
-1306
-17
1552
2037
2117
3201
4460
4788
4878
5580
6393
6396
6430
7391
8556
8730
8879
9779
10796
10917
10872
11278
11464
10828
10519
10804
10536
9595
8661
8116
7525
6446
5360
4717
3760
2241
962
-80
-953
-2210
-3953
-4806
-5479
-6515
-7492
-7937
-8357
-8809
-9291
-9448
-9123
-9297
-9677
-9922
-10022
-9705
-9744
-10191
-9949
-9356
-9401
-9414
-8635
-7795
-7544
-7533
-6372
-5042
-4674
-4238
-2922
-1748
-1262
-752
367
1632
2139
2425
3339
4392
4736
4858
5465
6225
6400
6585
7579
8727
8816
8885
9830
10856
10859
10709
11186
11435
10693
10399
10742
10430
9352
8404
8011
7413
6396
5466
4878
3904
2476
1297
318
-548
-1850
-3574
-4436
-5017
-6034
-7178
-7670
-7985
-8434
-9047
-9268
-8915
-9033
-9533
-9792
-9655
-9355
-9580
-10115
-9744
-9196
-9471
-9650
-8913
-7999
-7841
-7858
-6547
-5130
-4763
-4507
-3106
-1789
-1478
-1062
286
1799
2128
2250
3388
4647
4892
5051
5956
6770
6752
6783
7878
8882
8907
9127
10134
11042
11090
11092
11523
11615
10861
10576
10731
10184
9123
8293
7757
7114
5998
5124
4545
3418
2052
968
31
-938
-2329
-3885
-4786
-5533
-6639
-7521
-7867
-8191
-8587
-9074
-9104
-8952
-9208
-9583
-9764
-9682
-9450
-9704
-10054
-9659
-9253
-9449
-9358
-8508
-7728
-7602
-7352
-5968
-4753
-4533
-4110
-2742
-1736
-1468
-971
320
1523
1775
2234
3464
4516
4575
4814
5748
6398
6303
6577
7739
8537
8546
8944
10011
10650
10602
10704
11103
10802
10108
10015
10151
9576
8647
8015
7568
6925
5810
4988
4392
3312
1969
941
-35
-1106
-2624
-4083
-4839
-5585
-6597
-7350
-7713
-7961
-8328
-8794
-8737
-8613
-9000
-9529
-9641
-9492
-9493
-9816
-9807
-9330
-9106
-9284
-8844
-7980
-7602
-7536
-6844
-5595
-4805
-4470
-3586
-2305
-1574
-1189
-274
1044
1885
2392
3117
4118
4809
5161
5634
6254
6701
6842
7190
8148
8768
8901
9346
10251
10638
10589
10757
11106
10783
10117
10174
10186
9396
8320
7789
7356
6482
5354
4703
4065
2772
1338
427
-453
-1451
-2925
-4190
-4785
-5520
-6647
-7442
-7701
-7889
-8418
-9032
-8848
-8706
-9227
-9711
-9573
-9314
-9540
-10055
-9830
-9285
-9361
-9432
-8691
-7778
-7491
-7454
-6558
-5237
-4735
-4544
-3591
-2231
-1627
-1282
-229
1312
2028
2289
3250
4375
4766
4999
5778
6584
6764
6816
7522
8464
8883
8993
9476
10176
10419
10292
10461
10694
10384
9754
9774
9567
8717
7866
7236
6682
5777
4748
3992
3271
2142
890
-90
-936
-1908
-3324
-4502
-4972
-5711
-6731
-7315
-7387
-7686
-8330
-8658
-8381
-8458
-9110
-9481
-9451
-9381
-9545
-9660
-9278
-8919
-9001
-9072
-8465
-7647
-7387
-7279
-6497
-5351
-4837
-4480
-3401
-2180
-1683
-1210
-53
1249
2009
2491
3362
4365
4853
5328
6030
6633
6946
7202
7763
8499
9013
9190
9572
10225
10544
10524
10686
10893
10541
10031
10004
9739
8964
8074
7300
6619
5699
4674
3902
3072
1894
744
-100
-932
-1873
-3305
-4533
-5108
-5824
-6822
-7462
-7430
-7625
-8302
-8572
-8239
-8327
-9025
-9292
-9065
-9140
-9415
-9419
-9013
-8729
-8734
-8597
-7997
-7283
-6985
-6739
-5915
-4947
-4636
-4321
-3339
-2281
-1873
-1345
-118
1074
1751
2495
3487
4324
4895
5569
6119
6419
6697
7044
7384
7979
8610
8884
9179
9753
10147
10227
10370
10594
10309
9804
9677
9408
8653
7789
7101
6326
5348
4468
3774
2857
1717
600
-416
-1413
-2266
-3664
-4793
-5284
-5969
-6791
-7188
-7149
-7522
-8261
-8539
-8370
-8657
-9384
-9673
-9446
-9326
-9607
-9700
-9057
-8618
-8641
-8496
-7694
-6951
-6761
-6624
-5748
-4694
-4395
-4174
-3110
-1981
-1551
-1077
254
1606
2188
2699
3825
4816
5189
5450
6221
6849
6986
7152
7633
8304
8657
8746
9092
9714
10004
9982
10067
10252
9945
9392
9243
9045
8322
7373
6651
5901
5007
4074
3229
2518
1677
482
-647
-1457
-2214
-3508
-4732
-5138
-5665
-6623
-7234
-7095
-7332
-8100
-8471
-8221
-8385
-9165
-9469
-9019
-8968
-9354
-9357
-8927
-8559
-8530
-8277
-7428
-6652
-6431
-6214
-5383
-4508
-4332
-4112
-3026
-1932
-1542
-909
551
1730
2255
3076
4288
5053
5437
6136
6757
7012
7173
7498
7795
8190
8704
8970
9193
9553
9954
10145
10271
10290
10159
9704
9344
8980
8331
7492
6697
5791
4941
4073
3114
2191
1179
78
-1043
-1927
-2630
-3587
-4657
-5196
-5660
-6421
-7016
-7090
-7480
-8236
-8688
-8630
-8986
-9673
-9893
-9549
-9615
-9956
-9608
-9002
-8727
-8470
-7976
-7242
-6671
-6445
-6176
-5468
-4824
-4585
-4238
-3286
-2292
-1839
-1108
358
1505
2156
3049
4287
5126
5504
6098
6731
6957
7019
7297
7558
7786
8151
8537
8766
9222
9611
9811
9919
9958
9967
9666
9234
8894
8326
7621
6742
5837
4977
4155
3179
2382
1526
450
-688
-1503
-2352
-3415
-4394
-4973
-5364
-6143
-6731
-6784
-7173
-7988
-8444
-8648
-9032
-9621
-9944
-9706
-9725
-9917
-9547
-9122
-8737
-8400
-7812
-7096
-6562
-6304
-5946
-5293
-4772
-4490
-3990
-3000
-2096
-1517
-659
677
1763
2459
3484
4601
5261
5728
6310
6860
7034
7086
7258
7409
7524
7779
8207
8595
8815
9023
9332
9564
9682
9567
9335
9015
8592
8132
7540
6807
5902
5037
4186
3407
2506
1650
793
-136
-1067
-1722
-2421
-3203
-3920
-4537
-5227
-5840
-6297
-6901
-7616
-8220
-8657
-9093
-9437
-9524
-9607
-9888
-9976
-9628
-9232
-9033
-8593
-8042
-7647
-7307
-6899
-6427
-5874
-5433
-4927
-4298
-3499
-2740
-2008
-994
165
1251
2297
3440
4456
5188
5915
6649
7128
7291
7478
7640
7532
7562
7852
7982
8127
8347
8563
8781
9136
9417
9490
9260
8956
8536
7943
7449
6802
5806
4905
4051
3200
2369
1482
672
-260
-1152
-1923
-2450
-3080
-3655
-4340
-4963
-5457
-6018
-6632
-7250
-7932
-8480
-9129
-9567
-9688
-9801
-10122
-10068
-9719
-9421
-9080
-8663
-8074
-7601
-7255
-6820
-6167
-5631
-5438
-5256
-4690
-3960
-3231
-2465
-1375
-126
975
2035
3356
4596
5435
6013
6815
7426
7595
7725
7897
7921
7820
7717
7745
7863
8036
8108
8251
8607
9002
9109
9034
8939
8791
8317
7645
7190
6508
5475
4348
3497
2764
1892
914
217
-465
-1312
-2196
-2646
-3097
-3729
-4355
-4838
-5391
-6013
-6743
-7401
-8038
-8686
-9273
-9772
-10022
-10220
-10509
-10413
-9915
-9522
-9117
-8578
-7952
-7421
-7060
-6647
-6110
-5698
-5301
-4862
-4286
-3538
-2723
-1936
-761
546
1610
2630
3962
5239
6069
6780
7643
8257
8445
8480
8582
8428
8166
7903
7774
7789
7797
7904
8110
8400
8654
8824
8910
8850
8611
8174
7550
6820
6125
5180
4148
3084
2067
1233
377
-429
-994
-1450
-2043
-2593
-2975
-3341
-3903
-4688
-5287
-5891
-6626
-7355
-8124
-8800
-9501
-10160
-10524
-10642
-10599
-10625
-10395
-9957
-9439
-8951
-8441
-7810
-7294
-6772
-6296
-5840
-5312
-4871
-4423
-3764
-2830
-1857
-905
262
1599
2886
4002
5267
6461
7311
7902
8446
8740
8792
8688
8449
8092
7812
7497
7179
7148
7225
7353
7480
7764
8157
8233
8147
8206
8106
7535
6890
6127
5269
4307
3203
2243
1404
586
-150
-746
-1248
-1708
-2056
-2360
-2644
-3098
-3704
-4308
-5039
-5812
-6560
-7335
-8145
-8880
-9609
-10124
-10421
-10488
-10592
-10488
-10143
-9658
-9212
-8785
-8191
-7544
-7025
-6501
-5836
-5211
-4775
-4383
-3807
-3072
-2183
-1165
-87
1091
2408
3738
4978
6180
7229
7959
8387
8838
9117
8976
8669
8501
8212
7722
7355
7197
6980
6707
6768
6997
7250
7438
7522
7582
7504
7271
6824
6180
5466
4514
3461
2652
1795
748
-37
-690
-1278
-1714
-1999
-2219
-2450
-2737
-3071
-3478
-4068
-4623
-5436
-6362
-7066
-7904
-8801
-9377
-9852
-10380
-10647
-10545
-10292
-10003
-9662
-8996
-8206
-7669
-6930
-6111
-5459
-4972
-4532
-3977
-3487
-3048
-2499
-1706
-828
110
1273
2491
3795
5104
6212
7247
8131
8613
8851
8942
8954
8676
8133
7572
7144
6689
6215
6096
6068
6101
6329
6692
6954
7101
7237
7231
7032
6617
6097
5320
4251
3236
2297
1277
384
-371
-1109
-1680
-2074
-2346
-2532
-2785
-3187
-3462
-3661
-4108
-4938
-5827
-6528
-7396
-8399
-9080
-9636
-10303
-10940
-11081
-10888
-10680
-10241
-9502
-8709
-7921
-6959
-5883
-4992
-4353
-3805
-3184
-2696
-2264
-1773
-1342
-848
-149
827
1910
3070
4153
5228
6339
7279
8061
8584
8871
8880
8639
8224
7820
7247
6554
6075
5779
5482
5309
5398
5523
5677
5808
6010
6157
6139
5922
5607
5249
4775
4042
3165
2395
1571
621
-14
-462
-980
-1566
-1923
-2125
-2301
-2381
-2397
-2581
-2892
-3460
-3907
-4552
-5438
-6266
-7115
-7968
-8766
-9405
-9813
-9936
-9982
-9879
-9447
-8826
-8012
-7180
-6389
-5426
-4541
-3887
-3371
-2920
-2536
-2196
-1951
-1457
-888
-439
176
1108
2164
3089
3913
4877
5921
6575
7009
7523
7880
7822
7456
7164
6879
6385
5834
5541
5364
5197
5183
5335
5626
5825
5908
6005
6065
5941
5555
5132
4636
4034
3246
2453
1636
922
136
-657
-1181
-1539
-1810
-1984
-2141
-2368
-2591
-2901
-3252
-3624
-4191
-4833
-5471
-6263
-6989
-7641
-8142
-8674
-9019
-9091
-8994
-8803
-8328
-7581
-6907
-6206
-5328
-4507
-3867
-3317
-2804
-2333
-1990
-1629
-1222
-938
-668
-253
181
783
1405
2045
2775
3417
4069
4708
5243
5690
6011
6067
6005
5946
5764
5570
5398
5125
4959
4822
4684
4636
4715
4808
4967
5164
5167
5141
5060
4807
4505
4070
3534
2832
2053
1344
684
1
-460
-892
-1379
-1684
-1815
-1978
-2121
-2303
-2464
-2763
-3249
-3776
-4344
-4948
-5578
-6160
-6611
-6832
-6968
-7026
-6879
-6450
-5971
-5411
-4729
-4070
-3533
-3041
-2542
-2061
-1686
-1491
-1374
-1194
-987
-937
-761
-469
-221
11
315
748
1182
1604
2009
2469
2967
3345
3568
3863
4009
4045
4002
3954
3918
3750
3642
3669
3720
3824
3928
4105
4288
4425
4626
4730
4734
4506
4275
3948
3546
3082
2498
1826
1107
437
-197
-670
-1061
-1420
-1694
-1852
-2069
-2371
-2671
-2930
-3237
-3539
-3884
-4213
-4493
-4873
-5125
-5254
-5340
-5274
-5117
-4813
-4433
-3939
-3401
-2823
-2335
-1836
-1378
-949
-566
-374
-230
-149
-127
-102
-161
-295
-311
-309
-322
-208
74
353
678
1059
1406
1750
1936
2137
2198
2207
2241
2190
2112
2010
1925
1932
1927
1978
2178
2427
2629
2846
3126
3291
3350
3339
3268
3079
2836
2414
2040
1704
1226
704
165
-247
-659
-1067
-1367
-1502
-1683
-1827
-1855
-1923
-2037
-2220
-2378
-2551
-2785
-2974
-3121
-3203
-3159
-3049
-2981
-2773
-2553
-2203
-1814
-1448
-999
-587
-199
116
471
715
861
771
610
607
477
263
136
57
92
64
198
510
747
970
1242
1462
1518
1582
1634
1542
1414
1206
1017
838
624
554
612
727
784
904
1068
1242
1407
1480
1576
1608
1512
1337
1144
948
700
387
99
-109
-352
-690
-895
-941
-1058
-1264
-1367
-1305
-1310
-1318
-1372
-1406
-1351
-1472
-1551
-1556
-1651
-1680
-1608
-1554
-1332
-1184
-1067
-897
-669
-366
-102
111
400
618
669
804
931
952
795
720
726
664
512
476
552
485
486
578
747
884
954
990
1031
1073
1070
890
712
612
489
332
195
78
-129
-260
-238
-222
-284
-331
-390
-395
-384
-386
-373
-442
-444
-530
-604
-727
-820
-982
-1178
-1267
-1394
-1450
-1444
-1397
-1344
-1298
-1020
-728
-574
-345
-132
-1
23
65
42
-44
-42
-62
-77
-30
106
204
350
583
842
948
992
1138
1257
1179
1211
1264
1188
1143
1107
1007
813
709
701
741
726
769
881
947
997
1049
1158
1180
1189
1225
1182
1108
929
651
382
190
-97
-356
-505
-629
-732
-808
-854
-882
-903
-914
-850
-836
-972
-1098
-1242
-1385
-1621
-1775
-1811
-1877
-1859
-1852
-1780
-1555
-1362
-1258
-1112
-939
-769
-628
-423
-301
-278
-168
-104
-129
-90
6
149
226
350
481
620
784
930
1017
980
1065
1209
1271
1270
1313
1244
1238
1208
1185
1279
1248
1198
1137
1066
1033
1028
1036
1051
1018
949
921
881
802
719
588
454
257
113
-8
-175
-426
-647
-686
-811
-967
-988
-986
-1029
-1057
-1008
-1000
-1038
-1132
-1287
-1339
-1299
-1260
-1281
-1283
-1178
-1123
-1135
-1043
-980
-941
-861
-753
-604
-550
-477
-402
-339
-249
-243
-266
-264
-209
-123
-67
34
93
60
38
101
183
280
490
760
990
1085
1157
1258
1291
1264
1144
1088
1015
873
801
783
794
752
813
894
954
983
931
998
964
828
627
388
164
-114
-347
-530
-742
-929
-1054
-1147
-1181
-1166
-951
-764
-573
-471
-342
-184
-122
-109
-166
-181
-235
-329
-458
-437
-329
-306
-274
-95
30
157
213
194
231
218
160
139
202
149
114
72
16
30
-109
-105
-105
-180
-185
-18
246
371
445
523
784
938
953
1006
1029
950
901
796
646
597
496
416
357
348
306
353
396
328
104
-47
-181
-390
-681
-820
-902
-1087
-1262
-1384
-1393
-1489
-1557
-1506
-1487
-1455
-1369
-1267
-1053
-859
-662
-485
-215
-12
63
163
315
397
410
433
444
418
415
434
596
741
704
671
680
644
617
546
480
409
323
208
122
46
-41
-111
-91
-7
53
42
62
214
228
235
341
454
419
350
326
319
229
229
320
314
321
297
225
204
184
54
-15
8
-88
-232
-464
-576
-716
-895
-1012
-1095
-1170
-1286
-1342
-1418
-1500
-1493
-1375
-1263
-1208
-1117
-922
-743
-501
-288
-126
49
247
384
451
509
559
584
621
681
783
868
983
1070
1167
1316
1360
1430
1478
1515
1416
1273
1101
954
836
749
633
523
483
475
498
485
560
668
708
620
576
527
438
279
223
178
24
-112
-246
-370
-457
-508
-509
-472
-580
-650
-686
-733
-742
-821
-856
-867
-1048
-1286
-1383
-1480
-1599
-1664
-1633
-1529
-1402
-1314
-1237
-1161
-965
-818
-722
-602
-451
-267
-163
-98
5
60
122
142
190
258
282
372
484
652
781
875
1051
1223
1285
1325
1373
1502
1514
1362
1330
1279
1166
1056
970
955
915
917
977
1071
1116
1096
1064
945
806
724
589
454
297
101
-113
-371
-559
-726
-874
-1037
-1065
-1170
-1254
-1219
-1217
-1215
-1239
-1258
-1271
-1313
-1330
-1385
-1493
-1460
-1395
-1434
-1500
-1447
-1410
-1302
-1122
-997
-794
-571
-427
-277
-129
-1
71
65
32
8
-36
-76
-59
-37
-35
81
247
364
513
622
784
938
1122
1213
1274
1410
1481
1456
1416
1430
1430
1385
1302
1313
1313
1376
1407
1448
1403
1363
1392
1353
1313
1265
1115
881
669
434
270
9
-312
-581
-840
-1006
-1104
-1246
-1347
-1394
-1442
-1501
-1509
-1419
-1390
-1480
-1519
-1528
-1574
-1606
-1546
-1509
-1455
-1414
-1246
-1065
-909
-731
-645
-534
-407
-328
-230
-128
-34
20
7
35
74
23
-13
103
148
233
281
370
494
571
645
655
816
948
974
1041
1136
1221
1199
1225
1258
1183
1168
1149
1132
1134
1130
1187
1143
1145
1160
1191
1159
1142
1204
1182
990
762
429
76
-202
-498
-648
-773
-838
-890
-1010
-1031
-977
-925
-956
-889
-835
-826
-823
-895
-890
-900
-975
-1036
-1091
-1084
-1129
-1132
-900
-645
-557
-546
-465
-369
-356
-383
-353
-349
-315
-415
-485
-463
-389
-322
-165
78
168
171
241
369
422
421
488
591
628
622
631
640
655
618
602
601
558
547
550
497
441
449
476
463
371
445
463
417
322
226
69
-65
-144
-316
-448
-536
-520
-533
-513
-470
-476
-403
-263
-179
-163
-103
-41
-60
-86
-142
-198
-227
-250
-193
-159
-86
-58
-24
-95
-115
-130
-161
-167
-211
-204
-235
-208
-149
-138
-133
-20
81
233
260
287
374
421
454
540
640
734
804
832
924
949
937
937
867
769
652
499
411
317
215
175
123
46
-14
-18
-83
-241
-431
-642
-829
-955
-1030
-1048
-1083
-1149
-1161
-1232
-1167
-1096
-1072
-908
-660
-499
-349
-170
-37
52
36
101
220
376
494
538
587
643
688
582
480
565
530
403
282
327
388
350
340
347
328
253
209
190
164
79
39
63
12
21
23
142
374
388
438
544
554
520
404
376
387
413
390
346
316
265
129
16
-105
-220
-371
-507
-608
-673
-807
-918
-988
-1110
-1241
-1401
-1531
-1585
-1619
-1628
-1594
-1529
-1350
-1206
-1046
-884
-718
-590
-435
-279
-143
-23
119
309
403
446
543
659
703
700
793
898
908
957
991
1085
1059
922
817
723
565
468
491
571
604
609
658
697
669
605
611
675
765
794
823
894
921
841
745
693
594
533
409
343
218
113
-12
-55
-31
7
18
-73
-122
-240
-384
-589
-871
-1100
-1372
-1612
-1706
-1778
-1767
-1774
-1658
-1509
-1389
-1243
-1147
-1002
-891
-838
-692
-617
-488
-315
-135
-49
3
111
185
217
184
276
362
434
563
688
848
951
983
1005
1067
1124
1080
1048
1031
981
929
909
806
720
706
725
812
955
1011
1072
1158
1097
1125
1114
1001
845
703
487
206
66
-36
-151
-231
-221
-173
-151
-322
-467
-590
-819
-1003
-1083
-1167
-1264
-1311
-1414
-1508
-1635
-1684
-1726
-1745
-1660
-1537
-1397
-1280
-1153
-1037
-887
-709
-576
-478
-397
-327
-274
-197
-143
-122
-146
-71
-16
-38
7
161
306
338
425
540
580
537
574
655
673
660
654
719
754
754
792
812
850
889
948
1045
1121
1145
1193
1247
1179
1102
1054
977
864
788
669
528
377
195
87
-44
-185
-317
-388
-546
-650
-748
-786
-819
-932
-1032
-1136
-1261
-1407
-1471
-1484
-1457
-1469
-1391
-1191
-962
-674
-513
-437
-335
-252
-225
-257
-239
-119
-37
40
95
205
241
213
314
408
455
454
485
490
497
509
608
666
655
677
703
774
828
908
935
945
968
964
836
763
698
717
764
770
856
819
817
778
723
722
692
581
387
244
138
22
-113
-167
-248
-366
-545
-713
-745
-870
-987
-1119
-1169
-1205
-1248
-1256
-1165
-1102
-1093
-1008
-940
-858
-767
-777
-732
-650
-616
-620
-574
-468
-447
-326
-156
-10
115
159
114
103
136
100
69
113
158
208
268
299
376
557
704
838
961
940
950
953
923
893
836
804
773
811
786
789
821
819
796
797
755
608
476
372
293
108
-2
-62
-121
-285
-450
-564
-679
-780
-983
-1107
-1213
-1283
-1314
-1321
-1276
-1244
-1171
-1127
-1090
-929
-803
-758
-757
-823
-870
-837
-799
-794
-732
-669
-642
-561
-502
-456
-374
-300
-278
-221
-73
40
72
62
135
124
100
144
199
234
316
477
634
859
967
1108
1219
1322
1433
1451
1505
1538
1534
1528
1565
1511
1513
1468
1411
1330
1259
1215
1108
1057
882
789
678
523
359
126
1
-156
-399
-561
-739
-905
-1067
-1122
-1143
-1103
-1057
-977
-865
-779
-702
-726
-676
-611
-552
-545
-477
-462
-461
-483
-543
-550
-572
-605
-575
-518
-478
-434
-404
-379
-389
-462
-544
-550
-556
-627
-634
-568
-497
-419
-289
-250
-165
-49
35
131
275
377
520
701
740
798
869
998
1083
1150
1206
1234
1292
1290
1348
1410
1330
1198
1131
1049
908
723
594
515
386
234
86
-6
-155
-419
-654
-858
-1038
-1104
-1162
-1110
-1032
-972
-866
-746
-664
-690
-705
-687
-700
-791
-793
-827
-682
-525
-451
-362
-370
-326
-372
-410
-461
-467
-484
-481
-521
-525
-512
-469
-383
-337
-285
-280
-270
-215
-168
-99
-48
-2
55
181
333
381
487
600
655
689
792
827
879
972
1051
1149
1234
1248
1188
1152
1087
1027
944
839
726
610
476
372
261
150
56
-59
-130
-203
-351
-481
-474
-410
-375
-316
-382
-475
-526
-489
-401
-412
-421
-353
-306
-238
-186
-122
-50
-51
-110
-123
-148
-160
-196
-280
-258
-239
-200
-211
-204
-148
-83
-67
-105
-148
-210
-284
-332
-349
-321
-227
-113
-24
50
72
98
73
65
68
144
192
251
386
464
614
666
700
671
633
599
572
571
548
497
436
372
250
139
63
48
64
11
-52
-139
-185
-251
-291
-269
-232
-138
-127
-144
-169
-193
-225
-251
-275
-285
-378
-488
-563
-627
-621
-591
-541
-487
-441
-482
-474
-381
-349
-380
-451
-369
-291
-224
-174
-201
-122
-62
-97
-131
-180
-135
-116
-75
-19
-79
-130
-29
110
159
286
346
367
419
486
519
491
472
483
498
467
449
458
461
441
428
417
470
445
404
390
288
194
85
7
-4
-7
62
157
181
210
118
49
-17
-78
-83
-137
-166
-228
-228
-302
-382
-354
-350
-330
-299
-350
-462
-489
-526
-513
-522
-517
-502
-456
-416
-420
-395
-288
-196
-134
-84
-83
-115
-163
-207
-230
-219
-212
-170
-175
-91
57
214
224
224
283
300
357
356
426
490
555
580
670
680
611
590
607
567
504
532
609
678
679
633
665
638
557
564
639
709
737
740
690
557
478
408
235
117
-49
-177
-243
-309
-409
-449
-470
-525
-498
-497
-515
-606
-601
-606
-562
-501
-506
-472
-576
-626
-653
-667
-648
-624
-516
-451
-425
-470
-493
-445
-491
-534
-585
-600
-529
-462
-406
-333
-281
-297
-268
-206
-225
-224
-216
-223
-159
-84
-23
-26
-29
36
92
191
271
349
398
458
449
524
603
723
834
899
939
893
891
858
829
736
630
518
467
520
492
348
249
101
-35
-157
-254
-303
-336
-374
-362
-400
-421
-378
-369
-423
-440
-465
-394
-417
-453
-414
-417
-329
-319
-239
-145
-160
-204
-163
-99
-63
-57
-119
-128
-151
-146
-170
-156
-110
-209
-210
-187
-191
-205
-304
-321
-352
-394
-344
-243
-136
10
115
86
77
58
48
142
229
326
417
576
660
802
948
1022
1048
1029
1091
1101
1088
961
834
678
542
477
339
132
27
-6
-23
59
46
-86
-184
-298
-419
-473
-498
-449
-391
-355
-331
-368
-401
-357
-387
-420
-351
-320
-286
-186
-141
-43
57
118
208
334
328
288
192
33
-163
-348
-427
-487
-496
-469
-385
-331
-310
-304
-312
-317
-310
-285
-216
-201
-134
-109
-96
-118
-21
194
219
280
316
400
513
596
640
755
795
854
824
693
586
439
263
118
-31
-170
-235
-226
-291
-328
-356
-419
-513
-476
-491
-532
-453
-374
-275
-269
-364
-456
-509
-601
-602
-613
-667
-608
-501
-407
-257
-160
-31
59
80
84
68
71
54
152
139
42
-56
-143
-182
-181
-155
-177
-177
-163
-86
-57
-79
12
65
103
134
195
303
392
374
388
422
403
446
570
656
738
757
801
943
911
844
726
583
473
370
190
56
-26
-67
-109
-161
-193
-284
-302
-312
-275
-345
-427
-444
-452
-415
-409
-429
-422
-446
-486
-516
-496
-437
-378
-335
-317
-195
-118
-50
-14
83
141
145
174
145
105
36
-19
-2
13
-44
-39
1
84
96
176
260
261
301
361
326
368
418
405
418
397
505
633
721
837
905
939
928
936
932
895
837
815
695
544
431
303
214
123
8
-93
-179
-235
-277
-396
-468
-523
-625
-701
-796
-843
-844
-879
-948
-983
-1044
-1135
-1209
-1159
-1121
-1146
-1137
-1160
-1088
-989
-880
-705
-550
-476
-427
-426
-399
-489
-516
-536
-558
-578
-572
-547
-480
-383
-277
-87
12
128
137
240
337
385
474
558
656
714
811
848
924
1027
1099
1141
1191
1274
1378
1457
1459
1477
1403
1309
1286
1235
1185
1117
1009
839
726
615
567
475
392
286
194
128
-23
-150
-277
-421
-507
-587
-650
-708
-834
-890
-945
-1064
-1184
-1255
-1303
-1301
-1252
-1189
-1129
-1072
-957
-929
-931
-861
-859
-857
-761
-737
-745
-754
-770
-702
-689
-697
-560
-419
-261
-183
-103
-24
66
144
210
315
498
638
685
686
716
794
882
1003
1106
1073
1076
1205
1254
1266
1323
1350
1344
1328
1257
1132
1117
1168
1150
1045
954
895
797
684
630
645
531
427
377
329
189
108
22
-50
-103
-281
-400
-585
-746
-905
-1032
-1079
-1187
-1207
-1235
-1208
-1150
-1117
-1127
-1208
-1253
-1271
-1326
-1440
-1418
-1398
-1295
-1222
-1243
-1132
-1005
-887
-798
-704
-661
-583
-429
-304
-217
-178
-40
143
299
444
573
656
699
735
720
698
705
685
647
726
815
782
824
880
908
893
893
882
823
740
660
579
477
423
420
441
521
507
565
606
627
633
590
599
470
412
270
116
9
-70
-21
-56
-122
-209
-401
-517
-581
-653
-698
-734
-747
-839
-946
-1035
-1079
-1099
-1151
-1159
-1160
-1189
-1252
-1235
-1177
-1170
-1089
-980
-794
-600
-404
-175
3
160
300
441
564
616
582
656
663
622
702
728
761
805
838
953
947
946
889
827
856
853
821
790
825
819
674
623
600
546
562
577
571
569
559
516
552
478
425
373
322
369
304
259
184
157
55
-137
-244
-359
-487
-520
-515
-590
-613
-750
-863
-1007
-1059
-1149
-1178
-1135
-1187
-1232
-1229
-1219
-1292
-1294
-1212
-1085
-997
-865
-674
-427
-220
15
112
162
158
108
101
212
382
495
578
631
715
690
646
628
651
646
673
718
650
641
690
700
680
588
459
392
373
259
271
280
234
211
153
182
210
312
357
356
280
124
-24
-192
-294
-248
-275
-327
-415
-506
-511
-572
-580
-585
-651
-768
-809
-816
-840
-911
-952
-931
-914
-923
-888
-856
-806
-796
-759
-633
-561
-425
-341
-208
-102
28
208
284
415
480
526
595
592
556
596
608
613
616
616
643
628
690
749
762
755
759
713
709
682
566
474
441
423
484
568
593
628
600
545
473
407
414
441
458
437
348
299
213
148
152
62
27
-31
-136
-235
-330
-473
-574
-736
-880
-989
-1091
-1062
-1081
-1058
-990
-891
-847
-893
-917
-848
-885
-866
-788
-710
-612
-507
-304
-141
1
120
238
325
399
443
439
474
410
349
372
439
526
577
667
703
770
708
708
753
657
654
533
541
546
517
576
571
541
515
420
339
360
403
417
469
562
615
574
536
510
490
493
353
196
37
-86
-145
-187
-212
-326
-382
-490
-641
-792
-955
-1012
-1070
-1097
-1121
-1121
-1190
-1335
-1387
-1404
-1415
-1380
-1377
-1396
-1361
-1363
-1320
-1173
-909
-682
-496
-433
-373
-157
-8
20
35
125
198
219
274
392
471
576
678
664
664
687
669
655
707
704
674
689
698
714
704
729
733
639
621
569
507
514
509
484
506
543
568
586
555
515
527
525
546
497
474
453
372
353
271
230
160
44
-86
-206
-261
-331
-419
-476
-585
-614
-671
-683
-789
-896
-943
-975
-996
-1032
-971
-898
-798
-707
-575
-525
-525
-555
-480
-426
-327
-159
-55
73
129
242
293
320
341
378
506
564
618
686
646
575
570
622
711
806
812
794
803
758
739
607
486
420
342
236
230
231
251
373
406
380
369
417
402
402
263
158
55
-78
-170
-230
-255
-232
-241
-245
-198
-143
-140
-192
-195
-229
-277
-337
-395
-450
-471
-512
-607
-627
-715
-730
-766
-680
-616
-597
-585
-545
-564
-606
-566
-614
-555
-519
-462
-433
-402
-394
-377
-384
-372
-312
-204
-16
111
289
373
396
450
466
433
468
412
342
365
295
231
190
277
401
462
459
480
470
446
380
321
312
286
273
220
222
244
193
116
71
54
-21
-126
-195
-245
-261
-248
-277
-274
-262
-211
-167
-139
-146
-196
-222
-253
-282
-308
-363
-364
-388
-387
-350
-306
-295
-316
-338
-356
-378
-304
-203
-81
14
61
6
23
98
147
248
246
267
348
407
391
336
332
310
311
337
449
561
663
753
739
659
600
535
493
450
398
432
381
341
364
443
436
418
363
308
269
180
158
165
159
130
163
110
68
17
-5
-67
-186
-211
-289
-258
-271
-362
-386
-372
-345
-329
-344
-388
-363
-354
-412
-466
-544
-656
-633
-633
-578
-556
-561
-549
-549
-508
-425
-294
-251
-201
-220
-287
-258
-169
-142
-84
-80
-132
-90
11
61
98
104
196
197
164
178
182
177
179
184
210
232
241
304
347
386
400
348
285
244
203
224
248
243
277
258
217
165
137
117
127
94
133
182
208
130
65
42
-61
-91
-51
-48
-76
-73
-171
-304
-341
-406
-511
-584
-678
-678
-702
-700
-636
-637
-524
-537
-487
-472
-498
-482
-453
-454
-442
-424
-361
-239
-123
4
92
167
159
217
225
244
303
308
354
365
360
437
466
468
475
495
538
527
512
478
475
445
467
502
469
491
474
452
389
402
406
382
353
317
321
277
331
335
354
419
421
427
472
421
378
402
368
347
306
257
299
328
201
109
-7
-112
-177
-266
-337
-455
-496
-564
-592
-650
-703
-679
-614
-562
-607
-617
-607
-651
-657
-590
-512
-424
-382
-378
-317
-252
-176
-79
-65
-86
-89
-53
-25
73
129
158
197
207
171
110
102
114
88
42
23
29
-12
-59
-101
-153
-132
-104
-74
-85
-108
-121
-114
-141
-118
-172
-141
-127
-88
-28
99
165
245
388
359
356
260
192
109
72
74
78
111
104
183
197
193
159
27
-93
-238
-349
-390
-407
-386
-366
-354
-294
-298
-286
-173
-78
-90
-53
-140
-177
-232
-232
-222
-211
-142
-54
46
70
178
263
353
364
358
208
43
-107
-209
-199
-149
20
20
22
61
64
55
-39
-67
-159
-207
-184
-184
-156
-63
-10
11
106
200
237
147
147
207
163
137
110
40
29
91
192
298
460
537
554
528
478
440
401
343
317
306
271
298
291
328
345
367
341
294
222
174
135
121
128
109
54
11
15
86
146
107
60
-20
-50
-77
-106
-124
-69
-39
-49
-31
-55
6
64
84
38
-43
-109
-176
-245
-291
-320
-293
-289
-335
-286
-246
-280
-250
-211
-173
-178
-176
-310
-403
-429
-444
-397
-321
-268
-249
-240
-214
-151
-128
-128
-146
-85
-109
-103
-107
-145
-132
-46
-5
57
89
73
56
54
14
-86
-60
-38
56
161
278
348
340
353
278
172
111
49
42
110
103
129
184
201
213
198
185
143
76
67
-31
-46
-28
-89
-93
-118
-115
-89
-45
-49
-140
-197
-219
-288
-311
-309
-366
-375
-360
-283
-309
-312
-305
-267
-325
-397
-400
-459
-474
-481
-437
-418
-320
-178
-134
-37
43
8
15
30
48
11
9
42
40
89
126
133
154
171
203
241
250
284
373
383
377
382
412
440
481
487
497
531
593
589
578
524
440
410
333
246
218
204
199
210
161
143
156
187
209
210
176
114
-19
-65
-80
-36
42
-7
-33
-10
-64
-78
-54
-60
-53
-40
41
-21
-115
-84
-73
-42
-17
15
-5
-24
6
58
6
57
89
74
138
166
95
38
7
-23
-6
11
45
3
13
21
-53
-33
-133
-195
-169
-239
-194
-171
-97
-50
-73
-68
-43
-50
-96
-162
-215
-332
-370
-369
-344
-254
-192
-122
-57
-30
-52
-100
-193
-228
-224
-168
-170
-189
-148
-156
-171
-208
-215
-242
-231
-258
-295
-292
-305
-287
-253
-274
-243
-170
-171
-148
-139
-177
-168
-173
-146
-147
-146
-99
-8
79
111
148
235
249
276
317
304
234
304
331
272
229
167
192
179
180
152
151
223
253
196
157
142
131
50
-37
-70
-123
-145
-151
-170
-278
-275
-303
-244
-202
-217
-174
-157
-137
-125
-30
26
137
146
192
160
144
138
39
51
108
156
170
232
211
230
360
312
213
93
48
90
74
108
100
121
106
70
45
94
116
122
130
104
116
125
149
179
250
327
446
448
513
559
530
523
574
604
580
615
602
590
555
492
511
470
411
292
180
19
-101
-179
-293
-346
-404
-401
-420
-458
-420
-321
-365
-370
-401
-435
-473
-545
-551
-608
-630
-561
-522
-525
-430
-384
-350
-313
-309
-246
-239
-245
-297
-453
-507
-448
-489
-407
-360
-311
-278
-319
-330
-379
-406
-373
-362
-328
-276
-192
-164
-169
-144
-123
-67
-43
13
7
-15
27
108
195
215
257
318
408
457
537
520
462
418
420
417
392
414
423
465
402
344
296
183
173
112
71
3
-70
-28
-80
-142
-160
-255
-349
-378
-433
-392
-366
-336
-381
-400
-404
-354
-259
-262
-247
-169
-174
-149
-129
-60
-13
63
134
115
114
69
118
109
165
143
162
175
173
209
217
261
254
319
323
369
383
434
476
420
443
476
458
491
563
520
507
555
551
501
399
340
288
276
328
387
402
416
413
329
250
170
135
53
25
18
27
-9
-9
51
22
-3
-161
-307
-441
-468
-384
-346
-323
-229
-245
-242
-193
-167
-149
-131
-144
-182
-136
-178
-216
-281
-377
-477
-420
-368
-301
-264
-210
-160
-172
-245
-310
-378
-407
-396
-330
-279
-250
-182
-161
-127
-92
-120
-235
-276
-274
-288
-264
-165
-38
84
146
217
265
250
259
279
311
306
288
203
91
59
-37
-67
-45
-55
-48
-107
-164
-150
-63
-94
-146
-196
-167
-162
-181
-156
-171
-193
-182
-181
-221
-174
-212
-263
-298
-338
-377
-403
-353
-328
-311
-263
-170
-89
-14
53
46
-2
-103
-106
-79
-79
-74
8
28
48
109
195
289
271
278
247
196
169
118
86
87
113
186
269
285
335
460
553
572
591
574
564
530
493
458
404
426
423
413
362
304
295
307
283
231
182
132
63
24
-14
7
-80
-97
-35
-39
-3
8
55
38
8
14
-3
-86
-151
-123
-125
-63
18
91
184
170
189
221
135
86
-4
-152
-164
-149
-76
50
84
71
34
-15
-68
-69
-36
-18
-47
-94
-91
-45
-18
28
42
8
28
-33
-91
-81
-39
-21
35
51
61
150
182
273
261
205
222
244
203
127
3
-68
-45
-57
-137
-101
-138
-146
-119
-145
-154
-211
-214
-318
-392
-461
-572
-606
-627
-620
-556
-534
-590
-584
-599
-616
-586
-570
-568
-586
-570
-551
-520
-494
-413
-341
-292
-217
-86
-63
-65
-53
-53
-51
-23
38
20
98
119
195
269
222
247
232
216
192
188
151
175
119
102
160
95
26
40
10
-13
-34
-109
-116
-94
-88
-34
52
112
171
266
283
325
399
386
341
256
180
171
142
186
237
295
335
378
379
286
250
149
98
63
44
97
76
55
-8
85
120
90
144
195
241
197
229
180
183
219
280
350
376
449
424
438
444
388
294
217
168
142
165
179
187
240
255
265
224
177
92
29
-12
-84
-130
-190
-189
-197
-175
-241
-307
-279
-227
-202
-171
-219
-202
-262
-339
-234
-232
-243
-223
-157
-84
10
26
49
77
105
64
3
21
10
-33
-84
-106
-178
-143
-107
-22
8
-6
-16
-66
-83
-59
-59
-146
-176
-161
-173
-102
-116
-110
-123
-167
-203
-254
-194
-119
-44
-64
-126
-102
-111
-99
-103
-94
-68
-61
-72
-81
-83
-23
9
-5
-85
-240
-304
-311
-257
-202
-235
-246
-313
-402
-333
-282
-197
-158
-156
-126
-84
-98
-190
-206
-223
-216
-195
-247
-264
-240
-264
-262
-248
-169
-109
-18
6
-46
4
-33
-24
24
64
81
143
210
270
342
335
323
336
328
263
295
388
494
544
613
728
736
762
722
677
574
447
362
374
422
415
428
423
386
393
376
308
249
161
103
8
-21
-65
-63
39
83
92
54
100
94
29
5
-71
-138
-279
-374
-368
-338
-279
-219
-149
-118
-122
-107
-168
-211
-238
-321
-356
-401
-433
-433
-457
-436
-398
-419
-401
-346
-213
-147
-84
-62
-86
-61
-86
-102
-37
-11
22
140
180
241
272
282
295
277
265
285
357
380
363
425
435
430
399
348
355
336
221
124
78
32
-30
-84
-97
-128
-107
-136
-132
-86
-23
1
-42
-123
-216
-234
-302
-340
-414
-466
-519
-550
-483
-375
-323
-333
-378
-359
-326
-297
-214
-182
-211
-263
-364
-408
-413
-376
-365
-358
-292
-230
-241
-245
-264
-219
-213
-277
-281
-242
-241
-177
-78
5
51
93
179
238
248
224
215
198
243
268
381
514
608
636
633
634
577
498
344
251
245
283
321
346
346
341
330
337
259
202
230
201
134
73
26
-25
-44
-19
-45
-28
-16
-58
-77
-68
-62
-96
-118
-139
-119
-145
-144
-31
88
88
83
86
80
88
90
97
85
78
118
131
153
212
217
246
274
161
82
50
47
67
96
88
40
-33
26
66
190
251
212
162
161
184
94
53
-12
-70
-120
-78
-24
50
184
253
232
189
150
118
66
40
-9
-33
-9
33
81
64
30
-45
-140
-181
-207
-284
-307
-482
-589
-545
-515
-519
-527
-604
-659
-640
-651
-603
-585
-572
-637
-677
-665
-531
-492
-392
-305
-240
-186
-144
-149
-160
-139
-179
-153
-132
-37
21
118
192
299
320
330
271
220
195
130
96
64
121
160
183
193
184
274
297
302
319
258
245
122
12
17
72
126
176
245
224
276
279
314
307
246
240
140
111
26
-74
-164
-193
-173
-173
-59
12
41
24
21
-31
-93
-132
-254
-336
-337
-336
-348
-388
-389
-312
-290
-293
-251
-256
-246
-160
-140
-115
-146
-168
-80
39
199
341
406
378
330
347
391
387
363
345
363
394
374
526
528
502
486
454
436
481
531
523
547
430
351
316
342
284
272
240
283
318
268
308
247
270
255
205
191
197
160
124
162
168
212
230
162
0
-136
-206
-259
-312
-319
-312
-284
-298
-339
-370
-479
-500
-555
-562
-520
-495
-423
-366
-382
-370
-354
-367
-384
-457
-490
-526
-520
-436
-430
-435
-370
-385
-309
-252
-230
-144
-106
-91
-48
13
69
206
253
201
195
203
209
215
256
269
224
136
115
123
152
175
282
294
254
254
199
151
151
148
71
35
-36
-58
-14
12
-31
-68
-119
-178
-189
-215
-208
-184
-202
-315
-365
-395
-428
-403
-419
-405
-391
-391
-375
-330
-310
-357
-445
-484
-481
-411
-299
-164
-70
-27
2
63
95
88
16
-44
-39
-103
-131
-108
-141
-139
-75
-40
25
78
164
172
166
151
142
115
79
125
128
202
288
382
439
462
522
509
519
484
458
495
521
558
629
664
705
704
600
575
586
579
561
544
478
403
337
292
292
253
231
165
111
118
78
112
170
191
109
-10
-82
-106
-114
-115
-124
-88
-67
-86
-32
79
82
176
133
1
7
-45
-75
-87
-128
-98
-67
-144
-203
-252
-259
-265
-262
-330
-391
-461
-533
-610
-605
-522
-496
-396
-357
-308
-230
-182
-206
-233
-240
-302
-292
-252
-260
-236
-176
-107
-35
71
120
155
183
137
94
18
-68
-95
-114
-175
-206
-202
-237
-219
-281
-240
-224
-203
-171
-145
-75
-80
-55
-98
-124
-163
-185
-205
-215
-159
-88
-83
-82
-70
-28
-12
-55
17
47
112
174
186
188
205
252
239
247
203
176
205
224
245
249
197
136
107
7
-7
12
-23
-53
-97
-77
-98
-93
-88
-12
-4
-35
-57
-158
-103
-118
-120
-123
-79
6
6
86
133
173
138
114
88
0
20
88
104
147
212
227
215
139
117
210
236
284
291
225
216
202
195
218
224
250
266
286
270
245
260
278
301
286
228
193
136
128
165
234
286
314
320
331
298
262
264
252
143
46
-87
-141
-68
-94
-17
26
-31
-137
-186
-181
-203
-242
-273
-365
-400
-475
-505
-458
-374
-300
-266
-206
-175
-178
-207
-222
-251
-256
-367
-443
-449
-368
-277
-205
-101
10
14
-80
-133
-134
-159
-225
-218
-263
-230
-161
-102
-61
-33
16
13
45
-20
-35
-51
-74
-97
-92
9
6
16
12
-10
-28
-9
38
-23
-104
-79
-94
-107
-62
15
74
104
152
149
214
265
225
164
148
129
38
38
6
20
85
128
136
204
215
178
124
87
50
-49
-109
-191
-168
-157
-117
-71
45
142
208
162
142
80
27
-22
-76
-62
-39
-24
-60
-69
-32
43
97
97
86
105
113
75
56
15
-5
67
124
102
49
54
66
106
134
151
176
198
190
194
141
118
88
49
41
71
23
-43
-41
-71
-59
-103
-131
-138
-91
8
96
131
146
158
171
134
72
63
103
46
-14
0
-48
-9
32
48
83
100
100
42
92
120
116
57
40
14
43
38
52
38
4
4
-52
-69
-147
-114
-56
0
-70
-103
-82
-59
-6
-21
-99
-144
-182
-222
-177
-114
-54
55
134
127
109
120
125
118
29
-67
-135
-186
-165
-90
-52
-35
22
-13
-10
-4
-81
-93
-145
-237
-318
-352
-332
-397
-366
-310
-304
-295
-242
-177
-174
-192
-245
-278
-328
-322
-323
-318
-248
-229
-207
-187
-147
-142
-77
-10
23
71
101
144
127
175
198
166
89
69
126
190
228
232
216
191
220
240
240
207
214
280
244
226
258
353
377
370
295
185
168
49
26
-6
26
52
44
110
139
96
57
100
49
-29
-86
-112
-112
-143
-119
-63
-72
-72
-94
-57
-43
-62
-83
-157
-194
-229
-238
-230
-216
-214
-194
-171
-106
-80
-28
-14
-16
63
107
140
166
163
187
179
169
197
199
264
275
237
222
192
157
145
169
131
214
263
277
250
189
141
134
139
210
249
212
214
180
143
117
68
81
77
23
36
-51
-3
21
29
78
145
211
216
179
195
222
180
132
105
72
74
83
74
97
72
66
42
28
3
-35
-100
-142
-131
-201
-269
-362
-405
-426
-482
-431
-456
-491
-524
-535
-538
-607
-654
-725
-803
-776
-730
-710
-663
-652
-567
-438
-423
-384
-401
-420
-379
-393
-355
-337
-276
-210
-110
-35
45
118
203
214
250
276
283
323
310
331
281
286
318
308
462
471
499
548
461
432
315
242
176
133
111
110
118
158
175
259
266
226
204
125
94
58
70
22
16
21
54
84
6
-17
-29
6
-11
-56
-31
-26
20
36
-16
-108
-86
-15
109
156
164
191
187
255
272
245
217
232
159
107
189
273
364
396
372
308
286
259
198
95
-25
-108
-119
-70
-63
-27
7
65
76
106
100
27
-41
-133
-170
-239
-317
-304
-306
-283
-266
-272
-225
-152
-119
-71
-55
-137
-131
-132
-108
-52
-28
-26
-77
-92
-55
49
107
67
7
-60
-88
-78
-97
-89
-60
-37
-14
68
87
114
120
52
84
40
-1
16
-66
-127
-198
-261
-197
-152
-105
-64
-27
-43
-94
-77
-97
-98
-108
-89
-25
-27
-7
80
141
170
208
125
25
41
80
87
60
107
113
160
194
167
128
98
126
163
208
169
114
102
94
25
30
-18
-85
-164
-135
-116
-177
-215
-345
-410
-450
-428
-451
-387
-355
-336
-309
-322
-314
-342
-331
-313
-283
-245
-219
-152
-115
-76
-57
-68
-68
-60
-97
-140
-139
-137
-66
38
126
152
162
185
188
219
309
284
305
327
337
319
287
307
346
332
337
378
436
436
351
295
210
149
166
241
260
340
387
375
360
274
223
143
49
53
11
29
73
101
128
74
11
21
62
81
56
-1
-105
-94
-153
-148
-175
-281
-329
-371
-338
-259
-259
-239
-165
-222
-271
-268
-318
-271
-253
-208
-130
-34
19
30
-65
-40
9
35
75
11
7
17
56
76
95
48
68
24
-6
-5
30
95
37
75
135
126
85
-24
-3
72
105
181
133
142
179
226
171
109
42
-56
-49
-49
-78
-26
7
82
136
94
40
69
127
56
3
-2
47
-1
21
58
92
117
85
118
43
-5
-101
-221
-265
-323
-375
-468
-487
-517
-522
-449
-403
-324
-390
-396
-379
-431
-342
-325
-356
-412
-446
-429
-431
-301
-255
-207
-187
-216
-165
-104
-17
20
64
34
-48
-26
8
69
151
169
216
263
215
205
278
317
345
368
354
392
382
314
233
253
240
238
263
269
337
351
407
440
460
505
517
518
467
352
297
217
178
215
274
258
189
188
163
196
235
271
215
207
163
71
-5
-58
-60
-139
-121
-148
-99
-94
-33
13
-36
-29
-146
-210
-332
-428
-403
-286
-184
-121
-4
19
19
-58
-115
-153
-233
-216
-230
-212
-127
-62
-54
-41
-16
2
-40
-39
-10
-17
-26
-6
20
-23
-55
11
18
49
46
3
-2
12
-10
-63
-61
-101
-124
-90
-125
-144
-143
-76
-44
-55
-56
-38
-22
-91
-105
-143
-190
-201
-190
-78
-39
37
30
36
35
21
9
-18
-53
-56
-104
-184
-262
-313
-316
-326
-263
-302
-265
-159
-99
-82
-43
-71
-138
-138
-177
-241
-216
-198
-169
-93
-68
-72
-125
-61
-90
-162
-233
-317
-276
-208
-168
-86
19
142
227
304
374
329
263
189
112
112
95
100
98
149
208
269
310
371
393
406
392
348
307
221
125
72
79
89
113
175
237
314
425
410
396
344
273
238
123
27
52
112
156
205
205
195
182
141
171
112
84
103
110
128
167
130
105
188
137
169
145
184
184
109
82
35
38
10
73
87
109
124
78
75
16
-62
-88
-163
-307
-371
-344
-258
-152
-134
-153
-168
-169
-163
-217
-253
-307
-312
-333
-360
-318
-318
-335
-324
-312
-325
-373
-365
-392
-401
-402
-359
-339
-295
-256
-239
-194
-146
-115
-103
-86
-73
-48
-59
-69
-40
-14
30
117
168
285
323
316
292
312
335
253
262
216
135
114
159
228
290
286
293
285
219
170
106
16
15
8
24
69
20
-4
-71
-124
-138
-157
-194
-204
-277
-269
-187
-123
-120
-148
-162
-176
-154
-163
-179
-189
-215
-352
-347
-348
-320
-302
-243
-154
-126
-90
-32
23
-10
-26
-40
-9
-51
-90
-102
-104
-108
-100
-16
34
126
133
115
107
75
35
56
111
146
137
180
184
178
177
131
157
201
230
227
221
280
318
318
264
275
308
303
351
351
345
328
353
342
352
289
274
228
194
225
201
224
233
239
213
255
272
182
119
91
35
6
16
15
-7
-56
-100
-124
-142
-140
-138
-157
-147
-206
-218
-274
-294
-265
-329
-342
-371
-357
-308
-302
-281
-289
-348
-387
-400
-418
-352
-338
-287
-205
-121
-50
-25
-51
-25
1
-23
12
-15
6
-3
3
46
83
120
132
124
203
257
320
391
380
373
282
229
218
206
233
214
109
75
66
33
-9
-109
-118
-97
-85
-60
-51
-61
-115
-115
-170
-209
-219
-273
-279
-262
-222
-172
-98
-40
21
-24
-16
1
-47
-37
-38
-44
-23
-51
-70
-63
-57
-34
-16
27
-20
-45
8
12
3
8
-17
-2
-40
-72
-85
-53
-85
-150
-166
-192
-191
-178
-150
-133
-93
-90
-25
22
20
30
41
64
-12
5
11
-34
-24
-13
38
14
24
60
93
111
118
111
145
196
193
210
232
238
187
162
175
183
179
150
137
175
136
101
82
42
36
32
42
33
57
132
130
183
159
102
77
28
1
18
-7
-4
1
-59
-53
-35
-17
-15
10
16
13
12
-7
-38
-101
-131
-159
-119
-127
-102
-81
-74
-40
-66
-7
69
129
150
154
122
67
1
-20
-28
-27
26
105
143
168
239
254
229
188
110
40
48
23
11
36
61
137
152
124
97
48
-22
-81
-149
-217
-288
-347
-341
-387
-379
-321
-278
-279
-323
-355
-362
-360
-413
-403
-361
-353
-329
-245
-143
-90
-65
-49
-41
-46
-86
-93
-44
-15
13
45
21
27
86
168
188
203
211
139
122
93
33
26
54
98
140
160
180
177
148
130
170
142
133
146
143
157
134
161
137
139
114
142
182
172
110
73
7
-47
-51
-46
-51
-52
-3
-19
34
29
29
-2
-56
-100
-102
-100
-94
-83
-114
-61
-34
-12
-10
-38
-93
-133
-158
-194
-223
-196
-167
-159
-121
-89
-66
-32
-33
-51
-99
-79
-55
-98
-81
-30
15
106
154
166
220
208
221
229
162
138
140
135
211
260
306
318
318
288
306
264
255
195
154
157
143
168
139
143
131
131
172
194
182
149
110
44
-19
-69
-86
-74
-67
-58
-19
-1
27
98
123
65
38
-31
-111
-177
-214
-209
-218
-211
-193
-139
-88
-99
-115
-194
-221
-239
-275
-269
-291
-275
-300
-336
-351
-361
-352
-314
-281
-281
-247
-232
-219
-156
-173
-133
-90
-76
-45
-12
-7
8
15
13
-13
-31
-46
-50
-99
-124
-83
-62
-62
-27
26
69
98
127
131
92
86
81
-1
-38
-30
17
55
105
116
95
75
89
66
28
63
120
100
89
84
59
85
42
48
81
91
78
69
125
160
185
194
172
194
181
177
127
94
60
48
63
43
18
-10
-36
-52
-72
-95
-112
-108
-97
-87
-78
-68
-44
-44
-9
-10
10
34
5
-36
-54
-48
-65
-27
6
20
60
126
119
139
147
133
145
128
139
157
161
129
120
110
73
52
54
66
95
94
99
97
117
90
74
80
64
101
103
121
142
146
107
86
74
69
107
146
166
150
130
152
85
53
58
38
65
79
82
101
81
55
59
47
48
-9
-100
-152
-173
-232
-271
-285
-264
-236
-257
-240
-254
-307
-327
-392
-392
-399
-400
-386
-350
-295
-255
-273
-294
-280
-325
-326
-308
-289
-300
-290
-252
-172
-152
-91
-14
3
0
-3
7
-27
-51
-101
-109
-72
-1
66
100
129
109
84
102
99
76
73
20
5
20
28
58
66
89
88
73
94
85
108
153
125
128
149
171
177
164
146
105
85
116
133
178
240
238
225
190
154
110
95
91
39
32
58
86
125
151
162
169
128
61
8
6
12
6
32
3
21
68
93
121
144
151
106
97
59
9
-29
-56
-29
-16
-18
9
51
39
33
14
0
25
9
-42
-80
-109
-91
-90
-65
-87
-80
-102
-82
-40
-49
-38
-50
-23
-46
-55
-90
-55
-46
-44
27
68
73
72
58
47
35
2
17
15
9
18
15
63
76
83
65
27
4
-7
-5
-11
-24
-79
-83
-82
-73
-61
-49
-48
1
-46
-65
-79
-72
-69
-89
-75
-84
-74
-58
-39
-46
-45
-47
-44
-25
-46
-65
-62
-46
-34
-79
-63
-50
-34
-40
-7
7
34
13
-55
-114
-147
-158
-165
-127
-105
-52
-40
-27
-48
-77
-106
-176
-244
-270
-245
-214
-157
-143
-62
-32
-9
9
-9
11
3
39
71
64
110
176
226
268
288
316
268
245
217
199
206
233
251
302
328
321
311
298
249
183
160
119
70
37
16
10
-5
-12
-33
-36
-5
1
-29
-38
-82
-88
-90
-136
-174
-177
-161
-136
-117
-123
-121
-115
-141
-139
-119
-100
-132
-117
-114
-95
-89
-82
-82
-88
-59
-78
-85
-96
-70
-39
5
32
48
49
-19
-35
14
39
9
-3
16
28
35
53
69
99
101
79
93
113
155
169
170
147
162
158
136
132
102
100
82
72
67
53
47
34
7
12
11
33
61
79
90
79
52
10
6
23
41
30
12
3
-21
-25
-18
-50
-73
-102
-117
-83
-62
-66
-50
-28
-47
-74
-67
-44
-59
-78
-84
-86
-52
-56
-53
-52
-55
-82
-124
-131
-138
-132
-102
-117
-115
-104
-140
-160
-198
-196
-211
-214
-204
-197
-175
-141
-88
-84
-70
-37
-17
-3
0
1
-9
-19
-30
9
45
31
55
54
58
78
84
79
64
69
76
96
83
87
95
73
56
45
16
34
46
60
64
75
112
111
89
90
97
101
88
69
82
103
90
95
128
131
132
142
124
91
79
61
50
44
44
67
85
96
113
119
121
102
119
109
104
102
103
77
31
2
-11
-34
-37
-30
-59
-52
-48
-30
-72
-106
-107
-99
-125
-132
-138
-187
-163
-133
-101
-68
-71
-88
-136
-165
-160
-143
-123
-89
-84
-78
-28
38
67
82
69
65
16
1
24
14
24
39
45
66
77
66
56
55
73
31
-14
-19
-26
-17
12
10
25
27
26
45
46
47
19
14
-8
7
15
-26
-59
-61
-57
-41
-20
39
66
49
55
15
-48
-96
-143
-121
-126
-112
-57
-25
-30
-63
-48
-24
-3
0
-5
-31
-22
-22
-54
-53
-24
-24
-51
-26
-7
-35
-45
-31
-16
-15
-10
-33
-11
-11
1
15
23
39
42
31
18
24
28
10
-23
-48
-107
-115
-97
-74
-74
-55
-37
-10
8
4
9
28
36
18
-12
-18
5
16
34
45
70
94
94
102
100
85
80
48
35
56
52
83
100
110
102
102
92
80
63
50
26
29
49
33
23
34
55
58
54
53
81
74
62
46
45
27
-23
-53
-62
-37
-20
-18
2
8
7
12
14
17
0
-25
-43
-53
-32
-8
-4
2
46
47
34
23
16
20
-1
-23
-37
-59
-85
-68
-32
-10
-35
-50
-67
-100
-128
-135
-130
-113
-98
-100
-122
-89
-64
-62
-67
-90
-96
-89
-75
-13
33
78
107
93
73
38
39
30
38
44
78
78
76
90
102
112
96
89
86
99
91
86
101
94
82
87
81
60
66
48
32
-18
-54
-48
-67
-54
-40
-21
-21
-42
-26
-34
-67
-78
-79
-86
-66
-37
-37
-33
-69
-109
-123
-118
-112
-104
-115
-89
-59
-71
-54
-70
-91
-109
-133
-123
-127
-120
-108
-64
-60
-64
-35
-24
-19
-32
-44
-47
-37
-2
-9
2
7
-2
-19
-46
-20
-2
28
28
34
47
65
76
87
89
79
81
71
76
105
138
155
152
129
114
100
103
88
80
95
94
101
112
118
90
83
47
29
32
20
21
22
-4
-22
-37
-42
-15
-6
-8
9
-4
16
20
16
32
47
51
16
15
-7
3
-1
-15
-34
-12
1
16
16
42
27
2
2
-50
-50
-69
-76
-74
-85
-70
-59
8
21
0
13
12
5
-15
-15
-9
10
-13
2
15
8
13
6
22
9
-23
-47
-46
-21
-7
4
20
35
31
57
42
20
15
-8
-32
-39
-23
-30
-50
-42
-15
-1
29
48
45
36
14
23
32
57
70
46
42
-2
-2
15
18
12
11
16
-14
-15
-16
-41
-38
-23
-16
-13
-11
-64
-52
-64
-66
-67
-102
-95
-131
-148
-136
-129
-132
-95
-89
-101
-90
-101
-119
-129
-140
-115
-100
-75
-73
-81
-50
-63
-68
-69
-64
-52
-65
-43
-24
20
92
102
135
152
148
154
125
126
105
112
100
99
103
75
74
63
76
69
83
79
54
53
36
38
30
-1
18
32
41
29
8
12
-10
-6
28
71
102
120
99
70
58
51
43
53
45
55
62
27
25
23
14
-9
-13
-21
-1
34
33
64
68
65
52
33
13
7
22
-1
-7
5
16
31
12
0
10
15
8
4
7
0
3
-9
-20
-33
-18
0
-4
-13
-40
-21
-17
-39
-40
-40
-54
-92
-130
-174
-178
-172
-171
-151
-136
-117
-110
-104
-117
-112
-97
-81
-72
-66
-58
-55
-60
-68
-41
-25
-2
10
3
2
-17
-29
-31
-30
-21
11
26
56
82
94
110
97
99
90
52
41
12
-2
30
42
39
46
42
57
77
63
75
66
41
55
51
30
18
16
-17
-32
-39
-15
22
29
26
14
5
19
3
-12
9
19
10
26
48
45
37
15
-2
-18
3
3
-8
-4
-41
-72
-82
-89
-89
-69
-73
-82
-100
-89
-81
-75
-82
-87
-78
-99
-96
-92
-81
-84
-37
-20
-6
-6
-5
14
9
45
61
89
117
104
112
115
134
132
127
138
145
183
170
200
168
168
178
161
161
121
110
91
76
78
82
82
70
43
10
4
3
-7
-1
-5
-11
-2
8
35
52
59
41
12
-13
-13
-7
-29
-32
-60
-87
-98
-98
-91
-89
-96
-120
-131
-125
-109
-122
-104
-106
-114
-132
-136
-145
-150
-145
-160
-167
-189
-157
-149
-124
-101
-97
-83
-91
-70
-72
-69
-90
-80
-61
-58
-26
-9
-19
9
50
82
75
63
67
43
42
51
67
71
75
57
74
79
80
78
78
74
48
44
27
19
10
7
2
13
13
24
28
36
19
7
11
1
-7
9
46
73
80
84
115
110
107
99
90
67
42
9
-17
-22
-25
11
31
60
75
89
80
50
36
-1
-53
-85
-132
-143
-135
-123
-95
-55
-55
-62
-71
-60
-82
-97
-76
-60
-48
-58
-59
-61
-59
-28
-19
-12
23
38
68
88
84
70
74
93
97
115
120
125
101
83
58
53
53
40
45
40
62
56
79
76
70
67
54
53
32
22
28
24
22
3
10
32
21
16
0
16
5
-2
5
15
2
-11
-27
-17
-17
-34
-30
-36
-54
-54
-35
-38
-61
-68
-69
-85
-78
-84
-85
-83
-74
-51
-66
-77
-92
-109
-120
-111
-91
-63
-59
-55
-23
-6
19
10
-15
-17
-29
-41
-63
-42
-14
0
24
39
71
94
85
73
61
62
48
36
5
-18
-21
-5
4
0
8
3
0
8
10
19
-10
-34
-47
-35
-13
11
7
0
-6
-9
-10
-24
-46
-71
-74
-60
-57
-41
-30
-12
14
13
3
-1
-2
1
-4
-21
-36
-37
-41
-51
-33
-18
-1
13
21
15
18
49
62
70
68
57
46
50
34
39
39
50
54
67
63
58
46
33
20
9
-2
-12
-6
-9
20
10
0
26
61
54
44
45
34
27
11
-13
-49
-78
-91
-73
-28
-3
30
39
60
57
33
30
-8
-17
-11
-21
-21
12
35
57
82
73
40
31
24
22
26
19
36
49
42
46
46
56
65
67
51
55
50
33
14
-9
-17
-8
-16
1
24
22
20
-3
-2
1
5
2
-15
-49
-54
-44
-43
-14
2
-8
-5
-2
-9
-10
-34
-36
-31
-52
-59
-69
-62
-40
-25
-9
-1
-3
2
0
-20
-17
-51
-62
-85
-98
-75
-73
-79
-78
-79
-90
-97
-117
-120
-131
-151
-144
-127
-100
-84
-80
-55
-36
-47
-51
-53
-53
-56
-61
-29
-9
28
29
33
47
30
59
67
72
74
71
75
85
93
95
108
116
133
137
143
139
112
106
96
84
80
80
80
61
48
24
0
13
13
13
13
17
15
27
33
8
19
29
22
19
19
-8
-36
-52
-68
-67
-85
-89
-83
-68
-41
-27
-39
-45
-51
-50
-66
-112
-111
-104
-105
-95
-77
-67
-46
-22
-9
-1
23
41
20
18
4
-15
-20
-18
-17
6
50
106
148
159
156
104
66
57
42
52
44
45
58
63
57
84
105
92
95
81
67
54
36
24
11
-13
-15
-9
11
17
24
21
32
26
7
-7
-16
-38
-79
-66
-53
-51
-19
-3
15
38
47
52
33
13
3
-20
-36
-31
-19
-1
29
21
24
41
39
12
-18
-34
-64
-84
-91
-82
-90
-85
-70
-75
-67
-42
-66
-82
-97
-110
-128
-137
-139
-141
-131
-121
-127
-131
-107
-108
-109
-86
-87
-74
-61
-73
-69
-71
-51
-38
-11
10
22
27
34
33
31
23
18
10
33
33
26
57
66
80
75
67
90
94
97
107
93
78
68
85
115
148
177
176
159
162
151
139
122
105
96
89
71
60
74
102
93
87
86
68
53
23
10
-16
-37
-30
-26
-45
-49
-63
-67
-61
-59
-70
-59
-43
-29
-14
-24
-37
-60
-62
-47
-43
-39
-67
-67
-80
-93
-90
-68
-61
-48
-6
15
38
34
42
50
48
54
63
40
19
-3
-16
-18
-34
-42
-48
-37
-30
-9
-11
-21
-25
-47
-55
-56
-56
-67
-76
-59
-49
-57
-37
-24
-20
0
13
31
47
34
46
26
19
35
55
55
68
66
50
51
26
23
17
17
25
21
41
40
41
49
49
61
45
40
20
1
-24
-40
-42
-36
-41
-42
-28
-20
-41
-42
-62
-71
-75
-90
-82
-99
-88
-86
-86
-71
-60
-49
-47
-30
-23
-20
-15
-21
-20
-40
-55
-72
-76
-67
-55
-23
-17
-11
-9
-10
-8
-8
-14
-16
-24
-15
4
-15
-14
-9
9
20
40
42
42
57
57
60
79
101
113
102
83
97
107
103
118
110
90
78
57
25
19
16
15
10
8
14
14
23
31
39
46
40
22
20
14
5
-18
-36
-50
-32
-5
-1
6
18
44
49
35
20
-3
0
-10
-22
-22
-11
14
21
34
39
41
45
42
22
7
-3
-19
-8
-3
4
3
1
-19
-47
-71
-84
-72
-71
-36
-31
-36
-20
-33
-35
-51
-68
-58
-50
-38
-5
19
45
71
76
88
78
61
47
38
1
-27
-15
17
42
56
82
80
63
67
69
46
26
14
1
-3
-5
-5
-14
-5
0
-6
-16
-45
-59
-73
-59
-62
-65
-73
-85
-75
-70
-67
-61
-50
-42
-62
-64
-66
-65
-66
-72
-87
-93
-90
-95
-72
-61
-34
-29
-22
-14
-33
-47
-62
-73
-79
-67
-53
-43
-40
-42
-45
-42
-26
-14
-13
-5
2
-12
-22
-6
17
44
44
39
34
54
69
90
92
66
64
57
59
60
49
42
22
39
30
60
78
84
78
74
81
80
80
55
59
34
39
33
43
45
34
36
14
-4
-3
12
18
38
45
47
49
47
29
41
47
42
62
48
44
27
-2
-3
-17
-28
-14
3
16
37
52
48
42
26
-6
-11
-46
-60
-63
-100
-113
-124
-104
-88
-59
-36
-32
-45
-49
-43
-22
-15
-36
-33
-39
-51
-53
-45
-35
-39
-24
8
16
25
59
74
83
78
67
52
39
31
19
21
22
38
35
29
31
33
28
29
14
48
64
77
81
69
55
52
54
24
6
0
3
4
5
8
8
11
8
-22
-30
-40
-44
-39
-47
-37
-23
-7
0
-10
-31
-43
-44
-49
-40
-42
-71
-67
-62
-62
-81
-82
-84
-113
-120
-118
-98
-96
-96
-105
-110
-123
-109
-116
-107
-85
-65
-54
-65
-67
-81
-63
-75
-83
-69
-69
-48
-9
14
26
34
30
19
27
41
33
8
25
17
32
55
59
79
79
79
77
82
87
88
79
63
74
72
84
95
99
93
87
84
64
76
59
69
63
71
86
86
96
105
100
105
100
89
90
90
108
98
76
67
72
58
35
18
18
12
16
0
-20
-20
-25
-32
-45
-40
-63
-68
-75
-79
-86
-83
-75
-61
-60
-66
-53
-53
-45
-47
-32
-52
-46
-49
-57
-26
-29
-20
-13
2
13
25
20
11
-14
-38
-32
-44
-30
-35
-27
-45
-33
-1
16
30
40
28
22
2
-18
-27
-32
-38
-51
-24
-34
-28
-10
-9
-6
-8
-14
-24
-16
-19
-16
-25
-17
8
41
46
43
49
46
38
42
50
27
-14
-31
-48
-65
-56
-14
19
20
3
13
19
17
16
9
11
-12
-18
-30
-35
-14
-1
8
18
3
0
-3
-12
-27
-31
-44
-60
-57
-56
-39
-6
9
10
-1
3
-14
-24
-29
-41
-63
-93
-86
-76
-77
-73
-56
-50
-33
-17
3
13
7
1
-8
-28
-34
-25
-15
-11
1
12
31
61
81
102
97
97
90
82
87
94
110
118
128
134
135
130
135
139
123
121
107
114
115
94
69
52
22
-3
-25
-17
-1
7
3
-13
-25
